Video ID: 	BnF_Rph5zXY
H: 	1080
W: 	1920
FPS: 	29.97002997002997

FRAME INDEX X0 Y0 W H [Landmarks (5 Points)]

00003695 00000000 573.03 203.30 528.71 785.91 739.41 546.31 969.34 487.05 912.53 673.82 829.10 804.41 1029.28 752.95
00003696 00000001 575.50 200.30 525.72 774.93 744.86 538.92 970.00 479.03 917.76 660.75 827.38 791.98 1028.04 740.78
00003697 00000002 582.22 189.11 518.68 775.71 751.19 529.77 969.17 467.64 922.76 642.39 830.66 781.55 1029.34 729.04
00003698 00000003 585.84 175.95 517.69 770.50 751.63 520.98 968.30 458.81 921.44 633.57 831.11 771.28 1029.03 719.27
00003699 00000004 591.95 168.66 515.82 773.91 754.73 515.02 969.15 456.78 919.57 624.32 829.35 764.49 1026.70 716.22
00003700 00000005 583.18 162.55 523.23 796.62 749.87 516.67 975.49 456.02 915.67 617.98 830.96 770.48 1023.06 717.80
00003701 00000006 578.35 165.92 527.63 797.67 743.60 516.78 970.76 455.51 909.61 622.01 827.31 773.65 1022.27 720.12
00003702 00000007 575.89 169.90 530.30 781.01 742.45 517.88 964.43 456.00 913.14 627.42 824.14 770.82 1027.19 718.81
00003703 00000008 571.09 164.73 533.96 790.80 737.56 512.91 971.07 448.26 909.01 621.71 820.34 768.61 1022.15 712.59
00003704 00000009 572.59 159.52 533.13 788.78 735.95 506.32 967.46 443.90 904.07 615.85 821.92 763.33 1019.86 709.03
00003705 00000010 573.16 155.20 532.99 782.74 733.63 502.38 965.25 441.39 899.50 609.74 819.10 759.02 1013.62 706.27
00003706 00000011 573.97 150.41 535.37 789.70 731.19 497.93 962.32 438.09 894.19 610.05 817.43 759.07 1010.94 707.36
00003707 00000012 575.08 147.27 536.67 796.02 730.76 497.00 963.17 438.75 892.95 613.84 818.30 763.05 1010.17 712.80
00003708 00000013 581.94 147.37 533.27 800.02 737.18 495.57 967.89 442.09 894.62 614.34 821.80 766.30 1007.72 720.40
00003709 00000014 588.49 142.46 534.45 807.73 742.15 493.32 975.85 441.63 900.08 614.46 826.10 767.64 1013.71 723.40
00003710 00000015 599.47 140.31 530.38 799.49 751.13 484.38 984.24 435.88 906.17 609.78 831.54 758.58 1018.48 717.75
00003711 00000016 608.94 130.19 530.77 802.40 761.54 471.87 994.84 428.15 916.80 599.67 838.27 747.78 1026.27 711.41
00003712 00000017 615.91 119.71 528.23 809.21 769.93 464.47 999.48 422.70 923.65 586.86 842.23 738.92 1029.96 704.31
00003713 00000018 620.13 112.66 527.02 808.58 774.03 457.14 1001.97 418.65 926.29 579.01 842.86 729.77 1031.49 697.92
00003714 00000019 622.26 110.36 528.82 804.08 776.93 451.67 1007.88 417.05 928.36 575.44 844.50 724.77 1035.19 696.09
00003715 00000020 627.27 110.15 530.75 795.04 780.05 450.06 1014.02 416.03 930.92 577.65 845.24 718.63 1040.50 690.40
00003716 00000021 627.07 99.53 536.26 800.75 788.05 449.49 1025.40 412.52 936.67 573.20 845.97 718.21 1041.43 685.93
00003717 00000022 637.28 98.68 530.93 801.45 797.30 445.05 1036.09 413.12 946.34 573.47 850.25 716.17 1046.77 688.06
00003718 00000023 644.68 93.62 527.96 812.27 805.99 440.55 1047.36 413.21 955.70 570.93 854.07 717.89 1050.88 694.04
00003719 00000024 650.72 96.62 527.27 813.62 812.40 433.95 1053.31 410.97 961.22 563.04 860.44 720.63 1051.41 700.86
00003720 00000025 655.99 92.06 528.46 819.13 816.70 429.39 1057.42 407.96 965.82 558.54 865.70 720.54 1054.37 702.00
00003721 00000026 659.98 85.91 528.23 821.74 820.35 423.43 1060.74 402.79 969.50 556.34 869.59 716.37 1058.13 698.69
00003722 00000027 667.91 85.11 524.24 817.08 833.51 417.00 1068.10 402.39 980.46 557.04 875.04 702.94 1068.21 690.85
00003723 00000028 670.56 82.37 528.23 819.22 838.63 412.28 1072.90 399.81 984.72 552.99 876.22 697.48 1074.78 686.82
00003724 00000029 673.34 83.65 527.38 816.98 841.44 410.85 1076.19 400.28 986.84 550.97 876.40 693.48 1078.01 684.01
00003725 00000030 671.27 84.68 530.96 819.94 841.65 411.94 1077.22 402.41 987.22 552.61 872.84 693.32 1079.43 684.65
00003726 00000031 667.20 85.93 534.10 827.04 839.83 414.46 1075.39 404.77 985.35 552.95 869.12 695.01 1080.59 686.22
00003727 00000032 662.78 88.34 536.30 826.80 834.93 416.35 1072.53 404.54 984.76 553.80 867.43 696.35 1081.69 685.75
00003728 00000033 659.50 88.40 535.87 826.77 830.86 416.85 1068.54 405.14 980.14 553.32 861.87 694.95 1077.87 684.47
00003729 00000034 655.67 85.32 535.03 826.41 824.72 416.01 1063.18 403.00 973.79 551.29 857.05 693.59 1073.98 681.94
00003730 00000035 648.19 74.11 538.54 825.46 811.73 416.43 1058.08 397.58 962.76 547.04 848.28 694.88 1060.43 677.92
00003731 00000036 644.09 69.98 540.42 829.25 806.32 418.74 1051.76 397.95 954.89 546.69 842.52 693.03 1057.42 674.12
00003732 00000037 642.98 71.77 539.14 828.02 802.29 420.39 1047.96 398.93 949.52 549.04 839.15 694.44 1054.93 674.86
00003733 00000038 644.76 84.12 535.90 812.90 802.84 420.90 1045.10 401.57 947.08 553.52 836.60 692.95 1055.15 676.47
00003734 00000039 646.93 87.00 530.53 813.90 805.28 422.99 1042.09 405.05 945.16 553.63 837.86 693.83 1051.99 678.52
00003735 00000040 650.95 88.88 523.15 809.48 810.80 425.93 1044.38 411.64 948.32 553.74 835.92 690.88 1051.16 678.58
00003736 00000041 647.98 77.39 526.66 815.43 808.90 426.66 1051.04 414.41 951.36 548.24 834.70 689.84 1047.38 677.69
00003737 00000042 648.86 77.47 525.89 806.11 809.15 419.13 1052.88 407.73 952.66 544.19 836.39 683.89 1048.10 672.53
00003738 00000043 647.13 78.89 527.91 802.05 807.37 417.35 1050.85 403.92 951.62 540.92 831.82 679.05 1048.11 666.07
00003739 00000044 649.13 73.07 527.96 810.99 808.53 410.59 1051.54 398.53 950.37 536.83 830.10 675.86 1046.76 664.35
00003740 00000045 648.89 72.05 528.67 818.84 807.13 407.08 1049.41 394.93 949.24 535.59 830.35 678.22 1047.82 666.50
00003741 00000046 648.95 72.19 529.89 825.34 808.21 406.81 1051.06 395.60 951.50 538.46 828.42 678.32 1052.53 667.28
00003742 00000047 651.12 85.20 532.02 818.51 815.93 409.04 1054.67 400.98 959.46 543.01 834.41 678.79 1061.53 671.59
00003743 00000048 655.92 88.09 529.22 807.18 821.04 412.93 1059.69 403.71 966.96 549.79 844.33 682.23 1065.52 673.97
00003744 00000049 659.63 91.44 526.52 797.71 825.02 417.51 1065.22 408.64 969.94 557.44 849.21 686.84 1062.35 679.24
00003745 00000050 662.14 98.61 527.76 793.67 828.53 419.84 1068.37 411.49 973.59 562.36 857.07 692.70 1065.10 685.54
00003746 00000051 665.22 100.62 525.26 789.90 831.55 419.98 1068.55 412.27 975.05 564.03 862.06 695.23 1063.09 688.60
00003747 00000052 667.76 102.31 524.38 786.55 834.49 419.03 1069.87 410.74 977.37 562.91 869.01 698.04 1061.72 691.18
00003748 00000053 671.19 102.70 524.79 790.66 837.48 418.90 1070.91 409.65 979.78 562.20 875.98 701.54 1062.70 693.99
00003749 00000054 675.93 101.48 522.21 806.45 842.83 419.57 1072.91 409.92 983.79 562.15 880.85 707.29 1065.25 699.34
00003750 00000055 679.81 102.90 521.58 812.68 847.54 420.45 1074.56 412.90 985.97 562.55 883.80 710.67 1064.29 704.42
00003751 00000056 682.73 106.98 522.04 811.65 850.51 421.74 1076.74 415.90 987.89 563.40 887.09 715.78 1064.14 711.03
00003752 00000057 684.28 107.07 521.20 821.65 853.51 422.71 1079.08 418.14 990.30 565.21 887.16 717.87 1070.43 713.97
00003753 00000058 685.37 108.32 522.23 822.74 855.11 422.28 1082.17 420.15 991.27 566.17 883.45 716.68 1072.44 714.74
00003754 00000059 683.10 107.57 523.42 822.32 854.90 420.34 1082.79 422.09 990.06 565.81 874.87 709.59 1071.08 710.73
00003755 00000060 681.01 108.11 522.16 817.69 852.19 419.51 1080.95 421.77 987.60 566.42 868.95 705.24 1070.73 706.70
00003756 00000061 677.62 106.46 521.36 817.05 848.12 418.72 1076.42 419.26 984.24 564.71 864.81 701.48 1069.61 701.31
00003757 00000062 675.01 106.17 521.07 814.09 844.67 418.53 1073.15 416.90 981.74 562.66 862.26 698.53 1067.65 696.73
00003758 00000063 672.10 107.29 522.53 808.77 840.93 419.55 1070.52 415.97 979.01 563.43 860.24 697.39 1066.56 693.93
00003759 00000064 671.20 107.81 521.92 806.51 838.92 421.49 1069.83 417.81 977.89 564.87 857.95 696.83 1066.01 693.32
00003760 00000065 672.10 108.43 519.52 803.19 838.58 423.05 1069.09 418.45 977.64 566.64 858.48 697.45 1065.85 693.34
00003761 00000066 673.13 110.57 519.05 800.25 839.46 424.50 1070.62 420.38 979.22 568.29 859.49 697.98 1066.51 694.26
00003762 00000067 672.82 114.88 518.55 796.75 840.90 427.15 1072.60 423.71 981.43 571.48 859.58 700.28 1066.54 697.21
00003763 00000068 672.08 117.65 516.89 794.47 839.30 430.96 1071.47 425.20 981.08 573.28 859.79 702.72 1067.23 697.87
00003764 00000069 666.57 117.75 518.67 800.47 837.57 435.12 1070.94 427.35 981.93 576.59 857.81 707.80 1066.91 701.21
00003765 00000070 663.63 118.54 518.92 803.32 832.62 441.69 1067.58 431.51 977.32 585.69 855.13 713.98 1063.64 705.44
00003766 00000071 659.59 120.39 519.04 802.80 824.91 446.33 1061.55 433.69 969.79 591.10 851.30 718.53 1059.15 707.87
00003767 00000072 654.14 123.22 522.29 801.79 819.92 449.16 1057.31 436.71 963.98 595.87 846.15 720.56 1055.27 709.87
00003768 00000073 651.62 126.81 523.63 798.07 816.38 451.20 1054.74 439.17 960.50 598.29 841.69 721.87 1052.09 711.31
00003769 00000074 649.39 131.25 523.90 792.69 814.43 452.33 1052.29 441.05 957.68 600.83 839.34 722.21 1048.16 712.17
00003770 00000075 647.44 132.26 523.52 790.16 811.34 453.33 1048.92 442.40 953.73 602.44 836.47 722.90 1044.59 713.14
00003771 00000076 644.67 132.95 522.30 788.15 808.93 453.77 1046.64 443.15 951.28 603.48 833.17 723.00 1041.41 713.28
00003772 00000077 640.90 133.57 517.43 781.78 805.30 448.06 1041.13 438.22 945.15 596.23 828.25 716.83 1032.34 709.26
00003773 00000078 640.04 125.02 514.81 790.51 806.37 445.12 1038.62 437.84 944.04 588.56 826.16 713.75 1027.49 708.51
00003774 00000079 636.44 118.53 515.95 795.58 803.43 437.67 1035.79 439.42 938.38 575.31 816.47 702.46 1021.00 704.14
00003775 DELETE   636.22 103.32 514.56 802.48 799.69 421.06 1030.45 433.71 926.11 556.13 803.70 686.68 1010.34 696.91
00003776 DELETE   631.35 98.54 521.63 801.27 792.01 406.78 1028.50 423.01 916.38 541.80 793.57 674.02 1006.14 687.04
00003777 DELETE   632.34 78.88 519.11 801.61 783.10 392.08 1018.21 407.19 898.95 523.54 780.66 659.26 991.25 671.98
00003778 00000083 632.62 76.30 514.39 798.62 782.50 384.66 1013.57 401.58 895.46 512.14 773.69 648.07 984.34 661.94
00003779 00000084 628.58 78.87 517.45 797.81 778.51 381.79 1010.83 400.91 890.87 508.94 764.65 645.28 978.02 660.87
00003780 00000085 627.56 86.92 517.07 789.63 776.28 386.26 1008.52 408.14 884.50 515.49 759.87 648.07 972.72 665.87
00003781 00000086 631.12 93.14 507.54 785.01 772.59 392.34 1005.43 420.67 876.18 532.50 754.56 654.32 966.42 677.59
00003782 00000087 631.07 100.17 506.60 782.74 769.64 401.92 999.25 433.00 869.20 548.62 754.08 664.70 958.26 690.33
00003783 DELETE   622.54 116.31 513.78 783.57 771.55 416.65 1006.05 449.18 871.67 562.50 750.34 674.08 955.58 701.48
00003784 00000089 620.38 131.64 517.50 792.86 767.63 429.44 1001.99 465.35 869.60 588.33 743.27 693.16 959.97 722.22
00003785 00000090 618.41 142.49 521.21 796.47 765.02 437.45 996.17 475.02 864.16 599.77 741.26 704.47 957.37 735.05
00003786 00000091 618.54 145.11 522.60 799.99 767.80 438.91 998.07 476.75 867.44 600.50 741.88 706.85 958.72 737.73
00003787 00000092 619.26 139.85 525.74 795.92 771.51 435.74 1002.77 474.00 874.08 594.93 745.18 699.90 963.97 730.74
00003788 00000093 621.08 134.64 524.37 785.34 774.05 430.29 1006.36 467.72 877.42 585.58 747.18 690.98 965.17 721.09
00003789 00000094 621.17 131.40 523.17 786.68 775.88 427.60 1005.40 467.79 877.12 579.86 744.87 685.74 960.17 718.02
00003790 00000095 620.34 128.41 528.47 778.00 776.79 427.80 1005.77 471.51 865.60 579.95 748.93 683.51 943.83 720.81
00003791 00000096 623.68 138.80 521.00 782.76 766.22 433.54 994.07 480.12 850.42 593.01 735.20 699.54 932.98 738.18
00003792 00000097 611.53 155.96 531.05 764.19 757.11 442.72 997.42 489.80 842.38 608.12 728.75 710.59 923.79 751.97
00003793 00000098 617.08 158.56 524.66 781.59 752.40 459.15 990.32 506.45 830.03 622.13 722.84 725.40 912.34 767.30
00003794 00000099 616.50 159.92 525.02 790.81 747.32 470.71 986.17 521.19 822.72 636.60 715.30 732.43 911.50 776.86
00003795 00000100 610.56 178.11 530.24 785.59 741.58 481.60 979.25 536.11 814.10 649.94 709.20 740.68 909.84 788.08
00003796 00000101 604.10 198.40 532.48 769.45 736.73 485.60 972.17 541.31 809.16 658.21 705.82 744.41 906.23 792.63
00003797 00000102 599.50 202.83 532.62 764.62 731.32 484.99 964.56 540.90 801.65 657.67 700.61 743.98 898.64 792.23
00003798 00000103 597.28 202.84 530.28 758.02 723.44 481.00 954.26 535.42 788.93 651.19 695.94 739.59 892.34 786.25
00003799 00000104 595.25 203.98 520.16 739.75 712.99 478.62 937.24 531.85 775.46 643.74 686.30 732.35 880.57 777.50
00003800 00000105 586.93 197.95 519.17 743.49 699.24 473.97 928.94 524.64 761.08 636.66 672.90 727.77 873.18 771.23
00003801 00000106 580.34 195.33 519.15 750.49 689.72 472.72 922.59 524.36 752.28 640.10 660.47 726.45 869.74 770.56
00003802 DELETE   570.22 202.36 520.75 745.02 684.60 481.73 913.87 538.39 739.09 653.50 653.14 727.99 860.51 775.89
00003803 DELETE   566.78 210.04 516.38 739.66 677.35 490.54 902.68 541.62 732.58 658.12 651.95 737.63 849.51 781.27
00003804 DELETE   560.71 211.51 515.72 741.46 666.62 494.86 892.57 541.39 722.41 659.58 647.76 745.85 840.00 785.77
00003805 00000110 554.48 213.86 510.40 740.49 659.14 496.13 882.74 541.23 715.02 657.57 640.18 745.24 833.68 783.71
00003806 00000111 549.77 216.79 509.10 743.01 654.96 494.23 875.11 540.83 705.35 656.49 633.82 740.04 831.94 779.29
00003807 00000112 544.75 218.93 510.43 739.11 652.21 492.85 867.82 541.99 697.19 652.24 628.14 732.11 829.26 772.92
00003808 00000113 538.89 221.64 513.58 734.24 645.66 490.40 861.61 541.82 688.20 649.30 620.55 727.67 824.63 770.08
00003809 00000114 542.62 218.42 506.51 732.74 638.45 488.52 852.84 541.21 680.94 649.20 617.88 728.79 814.53 773.04
00003810 00000115 536.17 221.63 509.58 728.58 632.15 490.42 844.48 549.15 667.45 648.61 608.90 723.95 808.07 772.22
00003811 00000116 530.96 223.47 509.69 727.67 628.48 489.36 839.97 549.66 661.39 648.70 605.15 723.14 802.96 772.30
00003812 00000117 530.21 222.74 509.29 727.05 627.57 488.53 837.91 549.61 658.98 646.65 602.86 720.56 801.22 770.14
00003813 00000118 531.53 222.55 508.88 725.76 626.68 487.73 837.91 548.26 657.99 646.94 603.21 720.02 803.24 769.12
00003814 00000119 534.20 223.84 507.58 723.73 628.68 486.81 840.25 547.59 661.34 648.06 605.97 719.94 807.34 769.39
00003815 00000120 536.85 222.71 506.02 723.55 630.12 487.78 842.54 547.33 664.05 649.19 606.88 720.94 808.78 769.63
00003816 00000121 538.11 225.97 503.91 720.36 632.09 488.89 843.95 548.62 666.57 649.81 608.34 720.32 810.70 769.11
00003817 00000122 539.11 227.10 501.59 720.95 632.30 492.31 843.17 552.44 666.65 653.22 608.18 719.82 813.27 768.78
00003818 00000123 539.32 234.24 500.35 712.18 633.47 494.52 843.25 557.86 667.35 659.60 608.92 718.81 814.90 769.98
00003819 00000124 539.79 236.82 496.79 709.41 633.70 496.92 842.45 561.20 665.87 663.10 608.63 718.48 816.66 770.02
00003820 00000125 538.04 242.05 499.44 705.23 632.49 495.94 842.42 562.63 664.51 666.17 605.78 716.82 817.83 770.04
00003821 00000126 538.89 245.51 500.23 703.72 633.62 499.42 842.23 564.66 666.48 669.40 606.91 717.90 820.39 769.75
00003822 00000127 542.68 247.71 497.21 701.74 635.75 502.56 843.06 565.15 669.22 669.71 609.70 718.20 825.35 767.67
00003823 00000128 544.47 248.54 496.30 698.86 637.62 503.98 845.64 566.22 672.90 670.15 610.71 717.94 827.93 767.30
00003824 00000129 545.65 249.44 499.43 695.31 638.42 503.56 847.37 563.24 676.42 670.44 613.55 718.16 830.60 765.45
00003825 00000130 548.11 245.84 499.36 695.77 639.81 502.90 849.09 560.70 679.39 668.80 617.89 718.40 833.29 764.30
00003826 00000131 551.31 246.82 501.33 693.25 643.61 501.36 853.95 560.30 684.84 669.31 621.66 716.74 837.10 763.49
00003827 00000132 553.34 247.45 499.55 692.84 644.03 501.01 855.71 559.16 686.21 669.16 623.10 717.86 837.84 764.24
00003828 00000133 553.44 247.02 498.37 695.26 644.05 501.48 856.37 559.65 686.48 669.83 622.89 718.07 839.22 764.42
00003829 00000134 553.20 246.58 498.27 695.85 644.35 503.56 855.08 561.34 686.09 670.56 622.07 718.06 839.25 764.01
00003830 00000135 552.97 246.57 495.56 696.33 644.54 504.49 854.15 560.92 686.67 670.89 622.16 719.89 837.37 764.85
00003831 00000136 551.45 247.56 494.13 697.76 642.39 504.79 852.83 559.46 684.96 670.64 618.94 721.20 838.46 764.37
00003832 00000137 551.66 245.32 491.53 709.47 643.04 505.05 853.91 558.49 685.74 667.85 618.14 724.13 837.25 766.54
00003833 00000138 541.62 234.38 503.27 731.89 647.17 498.76 859.00 551.61 687.95 659.25 617.24 730.73 830.78 774.18
00003834 00000139 550.22 228.39 497.70 734.09 650.25 497.02 863.84 548.44 699.50 657.68 621.90 723.18 837.38 765.22
00003835 00000140 555.28 224.43 498.50 725.03 657.57 494.04 869.70 546.49 708.35 651.68 626.34 718.29 839.18 762.08
00003836 00000141 554.94 229.66 504.90 716.08 663.88 487.54 878.17 546.75 714.55 650.93 628.97 714.58 842.08 763.92
00003837 00000142 560.30 229.48 508.59 712.64 674.91 486.51 887.12 557.14 719.64 654.47 634.89 710.89 842.64 769.96
00003838 00000143 565.23 237.29 511.54 707.18 682.70 486.31 896.49 567.61 723.42 661.36 637.96 711.75 846.00 779.48
00003839 00000144 564.80 242.85 518.60 709.66 688.35 489.33 903.17 578.01 726.75 668.04 638.79 715.01 847.04 788.65
00003840 00000145 567.21 244.83 512.29 704.53 689.86 493.85 907.96 575.62 730.24 669.53 638.46 717.56 848.54 785.90
00003841 00000146 571.34 243.51 510.81 707.16 693.56 494.82 913.23 574.10 737.33 671.29 644.24 720.12 855.26 786.35
00003842 00000147 576.88 238.64 508.64 715.32 697.75 495.07 918.75 570.38 747.29 671.55 651.58 724.37 861.46 787.57
00003843 00000148 581.88 237.63 507.65 722.01 703.10 495.06 923.63 564.33 756.49 668.37 659.88 727.55 866.13 785.83
00003844 00000149 587.40 235.51 504.41 722.88 710.52 491.82 929.45 560.35 765.21 666.34 666.76 723.00 872.83 780.58
00003845 00000150 592.14 230.20 504.56 727.96 719.00 490.86 938.99 555.71 784.24 663.05 674.78 724.72 889.38 778.63
00003846 00000151 593.75 226.88 504.99 721.90 720.12 493.46 942.72 551.13 792.05 661.18 681.96 722.95 899.42 770.46
00003847 00000152 596.16 226.13 505.99 715.48 722.02 495.17 947.26 549.66 797.88 661.65 688.70 724.54 907.00 769.04
00003848 00000153 598.10 232.69 506.17 710.12 727.31 496.12 952.92 554.01 804.58 669.02 692.92 723.79 913.80 770.94
00003849 00000154 601.41 237.02 506.48 713.32 731.01 498.15 957.81 558.33 807.67 675.63 696.53 730.22 913.28 779.67
00003850 00000155 605.94 237.78 505.40 718.41 735.04 503.54 959.11 566.00 809.00 683.00 700.77 738.73 909.56 790.14
00003851 00000156 615.50 242.47 501.14 715.82 740.10 509.37 961.59 568.76 812.61 686.38 711.35 748.94 901.59 799.96
00003852 00000157 618.07 239.29 501.35 710.93 736.79 508.00 963.16 563.11 812.26 684.93 712.08 751.19 900.96 799.03
00003853 00000158 623.10 223.08 492.61 717.09 736.29 503.41 957.06 551.52 807.63 667.55 714.50 743.47 892.47 785.97
00003854 00000159 617.57 206.33 496.89 726.02 734.16 487.47 956.65 531.44 806.98 649.66 711.27 731.30 894.92 770.05
00003855 00000160 619.07 187.55 496.66 735.62 735.77 471.42 955.09 512.35 805.01 629.08 707.86 714.64 897.98 750.84
00003856 00000161 616.25 177.42 500.27 736.94 734.57 459.19 957.69 499.49 806.96 614.91 706.45 697.57 913.19 732.67
00003857 00000162 612.30 176.74 502.21 731.17 734.34 453.76 956.76 493.46 807.65 608.70 704.89 689.27 916.67 723.54
00003858 00000163 611.61 176.30 500.66 731.51 734.52 453.35 956.76 492.67 809.68 609.12 704.35 685.38 922.45 719.04
00003859 00000164 612.15 177.46 501.38 730.41 735.06 456.66 956.75 495.16 811.83 614.57 705.81 687.77 925.40 720.83
00003860 00000165 612.85 181.99 501.63 724.57 736.67 463.90 956.51 501.35 813.93 621.62 710.55 692.70 926.50 724.76
00003861 00000166 617.16 188.12 499.03 726.94 736.04 472.14 959.63 510.10 814.33 631.05 709.66 704.56 923.85 737.33
00003862 00000167 618.30 198.42 501.63 722.29 736.90 478.22 964.26 514.70 819.67 642.45 716.96 717.96 925.53 749.61
00003863 00000168 620.79 205.60 502.32 721.16 741.22 479.70 971.59 519.13 826.21 646.48 720.11 721.20 931.41 755.14
00003864 00000169 624.28 204.33 501.47 723.12 746.08 483.22 978.34 520.97 833.94 647.72 725.76 724.03 938.58 756.51
00003865 00000170 625.74 204.37 503.44 727.51 750.92 484.90 982.68 521.83 840.00 648.74 729.41 724.42 942.91 756.19
00003866 00000171 627.47 206.44 503.69 731.58 753.52 485.40 983.73 520.77 842.71 647.94 732.21 724.21 946.28 754.65
00003867 00000172 628.49 203.15 504.93 740.74 754.45 485.89 984.62 519.76 843.92 646.70 729.14 720.05 954.60 748.60
00003868 00000173 630.32 202.40 506.26 745.10 758.76 486.91 988.05 518.77 849.09 645.56 731.66 717.95 964.12 744.21
00003869 00000174 636.46 201.30 502.89 751.77 763.92 488.42 991.06 517.19 853.72 644.39 737.12 719.16 975.48 742.25
00003870 00000175 639.72 199.96 507.26 760.69 770.67 489.22 997.28 518.49 861.15 645.25 742.70 719.76 982.98 743.00
00003871 00000176 644.20 209.34 508.06 759.96 778.85 486.34 1006.00 519.91 864.41 646.68 751.08 718.05 992.44 744.22
00003872 00000177 651.99 208.73 503.21 755.82 785.76 490.62 1012.09 520.05 875.28 647.83 762.75 718.96 1002.86 741.01
00003873 00000178 662.92 195.96 503.64 759.67 796.84 493.29 1027.21 519.54 896.52 651.22 772.56 718.70 1014.39 738.67
CROP_BBOX: 288 0 1576 1080
