Video ID: 	dxNoSAeGGWY
H: 	2160
W: 	3840
FPS: 	29.97002997002997

FRAME INDEX X0 Y0 W H [Landmarks (5 Points)]

00002620 00000000 1332.78 485.96 535.79 743.00 1442.51 759.25 1684.37 716.89 1552.79 845.01 1501.52 1028.32 1699.04 995.08
00002621 00000001 1329.32 483.55 539.24 749.89 1440.88 763.23 1681.65 720.21 1551.21 851.85 1502.79 1031.57 1693.34 998.27
00002622 00000002 1326.77 481.22 541.88 759.07 1439.58 765.76 1680.87 721.44 1550.47 858.48 1504.99 1039.57 1689.98 1005.96
00002623 00000003 1327.39 471.92 549.09 768.13 1439.21 770.18 1684.41 728.82 1549.67 870.11 1514.90 1049.57 1692.31 1017.71
00002624 00000004 1327.07 468.38 546.95 786.15 1440.52 778.28 1687.92 736.68 1552.09 884.45 1514.83 1065.22 1693.85 1033.02
00002625 00000005 1329.11 468.25 539.38 794.63 1441.40 792.44 1689.96 748.84 1554.76 906.91 1512.64 1082.61 1698.48 1048.88
00002626 00000006 1325.67 478.51 538.65 787.82 1440.10 806.04 1689.67 757.52 1559.09 927.28 1507.93 1098.83 1708.32 1060.63
00002627 00000007 1315.57 489.96 549.11 785.09 1434.54 818.78 1684.38 765.48 1559.44 939.26 1509.81 1107.79 1709.47 1066.91
00002628 DELETE   1311.77 496.19 547.94 790.91 1432.60 836.52 1678.30 778.41 1556.95 950.10 1511.33 1116.55 1708.20 1072.17
00002629 00000009 1307.23 499.74 549.74 791.77 1431.47 850.16 1674.08 792.58 1556.59 957.20 1512.71 1121.36 1708.51 1077.11
00002630 00000010 1306.70 504.93 548.63 795.52 1431.96 857.73 1667.17 795.86 1557.03 966.70 1515.18 1126.52 1708.82 1079.17
00002631 00000011 1306.14 502.95 552.45 823.39 1432.93 860.73 1672.71 796.45 1562.99 974.80 1517.29 1131.40 1723.49 1078.92
00002632 00000012 1304.12 503.81 556.37 832.91 1434.71 861.42 1675.27 793.04 1572.06 983.46 1521.94 1135.92 1731.78 1079.09
00002633 00000013 1300.30 509.24 561.82 835.54 1434.73 860.89 1679.19 793.24 1580.33 991.24 1527.62 1145.19 1736.04 1088.87
00002634 00000014 1299.56 516.53 563.07 830.79 1437.74 866.14 1682.89 798.79 1586.39 993.65 1534.82 1153.63 1738.21 1098.30
00002635 00000015 1299.36 524.25 563.12 823.43 1442.40 870.42 1686.88 803.67 1593.92 997.12 1544.58 1164.53 1740.97 1110.57
00002636 00000016 1304.25 525.79 561.60 822.82 1448.63 872.82 1693.85 807.72 1600.72 1002.32 1550.40 1169.48 1745.17 1116.85
00002637 00000017 1306.20 532.37 555.40 816.77 1456.13 879.42 1693.55 813.26 1608.76 1005.27 1557.14 1171.48 1746.56 1118.27
00002638 00000018 1308.20 536.30 555.79 821.69 1459.71 882.97 1696.98 818.70 1614.98 1007.06 1558.54 1176.15 1748.94 1124.46
00002639 00000019 1311.81 543.96 555.41 825.51 1464.03 886.98 1700.29 821.80 1620.45 1013.65 1557.65 1180.38 1757.35 1127.69
00002640 00000020 1316.90 545.39 549.40 823.17 1468.86 892.12 1705.17 824.69 1628.98 1022.30 1556.03 1183.07 1764.77 1128.21
00002641 00000021 1320.96 552.00 549.19 808.36 1477.23 896.58 1712.19 828.50 1642.95 1031.95 1555.76 1172.94 1773.33 1116.00
00002642 00000022 1322.71 554.69 549.85 806.11 1483.93 901.81 1721.03 832.10 1656.21 1042.73 1560.04 1171.56 1783.41 1113.29
00002643 00000023 1327.54 554.98 546.14 805.96 1489.20 904.30 1729.15 835.77 1666.27 1048.15 1562.39 1173.17 1789.49 1116.23
00002644 00000024 1328.44 553.27 550.35 815.76 1496.27 904.44 1737.33 839.70 1677.37 1048.17 1567.73 1174.23 1793.03 1120.35
00002645 00000025 1334.94 556.70 546.65 805.78 1502.73 904.64 1743.01 842.26 1683.69 1049.03 1573.31 1174.32 1796.09 1122.50
00002646 00000026 1338.10 556.35 546.98 805.94 1506.09 905.00 1748.30 844.42 1685.63 1052.63 1576.31 1176.24 1798.44 1125.57
00002647 00000027 1341.54 555.45 546.34 800.58 1511.03 906.44 1755.71 846.63 1690.72 1056.35 1579.54 1178.10 1801.23 1128.42
00002648 00000028 1345.19 556.08 547.10 796.50 1515.83 905.71 1760.04 846.73 1695.55 1057.16 1583.82 1177.89 1803.90 1128.93
00002649 00000029 1346.78 549.76 552.28 804.10 1518.74 903.51 1764.11 845.29 1699.59 1055.10 1586.13 1176.89 1808.22 1128.67
00002650 00000030 1348.52 549.43 552.16 808.84 1519.45 902.36 1764.80 844.32 1700.23 1052.46 1587.52 1174.68 1810.35 1126.61
00002651 00000031 1350.87 549.10 549.75 799.15 1519.80 902.43 1765.92 842.23 1701.18 1053.15 1586.96 1174.45 1811.48 1125.17
00002652 00000032 1350.85 549.53 550.00 806.25 1519.28 901.58 1765.49 843.67 1698.80 1053.77 1585.09 1172.28 1810.20 1124.38
00002653 00000033 1350.72 548.83 542.13 806.96 1514.49 904.96 1760.74 848.91 1691.12 1057.53 1573.74 1172.66 1801.37 1126.59
00002654 00000034 1334.08 552.77 558.68 814.53 1501.40 917.28 1752.47 862.01 1673.96 1063.82 1555.66 1174.50 1790.20 1128.20
00002655 DELETE   1325.96 558.88 550.97 785.31 1480.26 930.77 1730.76 871.84 1638.81 1065.91 1525.60 1179.68 1762.43 1132.18
00002656 DELETE   1315.87 559.15 556.40 797.04 1451.29 930.26 1708.59 880.55 1595.11 1076.54 1495.74 1182.74 1740.44 1142.52
00002657 00000037 1306.68 563.64 560.67 807.94 1430.96 927.06 1684.97 883.79 1558.06 1078.44 1477.59 1186.34 1721.06 1149.68
00002658 00000038 1297.26 571.07 566.39 804.34 1416.84 921.17 1669.72 886.81 1533.82 1086.46 1467.02 1187.40 1701.82 1156.48
00002659 00000039 1295.37 572.41 567.97 804.57 1413.41 917.39 1664.92 886.85 1525.89 1088.78 1460.73 1187.69 1695.17 1159.63
00002660 00000040 1300.35 572.24 565.66 800.83 1417.05 917.63 1668.56 883.79 1531.18 1093.59 1468.55 1191.20 1701.40 1160.03
00002661 00000041 1306.80 570.47 566.53 803.82 1429.21 922.10 1679.45 880.31 1551.16 1089.34 1481.54 1188.81 1720.93 1151.48
00002662 00000042 1325.52 572.82 556.35 793.79 1445.86 928.84 1695.38 881.14 1579.73 1084.53 1497.51 1187.29 1738.29 1145.84
00002663 DELETE   1337.24 570.69 557.46 783.77 1465.89 934.56 1714.28 881.23 1604.52 1072.05 1517.23 1180.76 1755.28 1136.04
00002664 DELETE   1349.99 564.58 551.01 782.86 1481.74 929.48 1730.97 873.58 1626.32 1066.28 1532.66 1174.54 1772.72 1127.91
00002665 00000045 1359.35 562.29 547.58 784.70 1491.53 922.21 1738.62 869.96 1636.34 1059.39 1543.56 1164.40 1779.24 1120.29
00002666 00000046 1362.70 558.21 546.31 782.95 1492.38 919.52 1737.03 868.93 1631.50 1053.30 1544.79 1159.99 1777.49 1117.09
00002667 00000047 1364.19 561.54 545.95 777.86 1489.49 913.83 1735.05 865.92 1623.96 1046.61 1539.11 1154.66 1774.15 1113.46
00002668 00000048 1366.22 555.51 543.84 789.97 1494.32 911.21 1740.02 862.99 1634.31 1040.90 1544.99 1151.71 1779.25 1112.94
00002669 00000049 1370.07 557.58 544.72 785.87 1498.74 909.19 1743.35 859.61 1638.85 1036.66 1551.35 1149.46 1784.24 1109.46
00002670 00000050 1368.66 558.18 547.14 785.45 1498.99 908.19 1739.04 856.56 1634.64 1032.52 1556.24 1152.08 1778.83 1111.03
00002671 00000051 1369.22 562.26 541.16 773.96 1491.06 904.15 1731.96 854.45 1615.59 1029.72 1554.20 1160.83 1765.91 1119.89
00002672 00000052 1366.33 560.40 543.80 783.78 1488.61 901.08 1728.16 852.91 1609.17 1024.07 1558.17 1168.32 1757.64 1129.98
00002673 00000053 1364.56 560.26 546.18 777.65 1489.06 898.27 1727.39 850.68 1610.96 1019.18 1564.98 1168.66 1751.84 1130.82
00002674 00000054 1368.33 559.87 543.04 782.50 1490.45 899.31 1729.05 849.78 1611.15 1012.86 1567.13 1166.70 1754.51 1127.73
00002675 00000055 1368.57 566.26 541.87 770.59 1488.05 898.63 1726.85 850.93 1605.52 1009.27 1557.88 1160.31 1754.01 1122.58
00002676 00000056 1367.10 567.71 540.15 764.09 1483.22 897.45 1722.97 849.79 1599.98 1006.90 1551.11 1158.58 1749.64 1120.92
00002677 00000057 1366.34 565.50 540.73 769.61 1483.87 894.55 1724.28 847.03 1600.30 1000.42 1553.63 1154.77 1749.56 1117.19
00002678 00000058 1370.38 564.35 538.06 781.70 1487.90 892.45 1726.65 844.11 1603.66 998.34 1554.19 1157.29 1757.47 1118.96
00002679 00000059 1371.63 563.26 539.34 789.70 1490.46 890.82 1730.31 843.57 1607.97 999.07 1549.58 1154.75 1767.07 1116.31
00002680 00000060 1371.49 561.89 538.41 787.26 1487.83 886.87 1729.59 841.76 1606.61 1001.29 1541.93 1152.63 1765.85 1115.53
00002681 00000061 1371.19 561.03 539.68 788.94 1488.12 887.76 1730.57 842.14 1607.44 1001.12 1539.12 1149.50 1769.79 1111.63
00002682 00000062 1374.46 562.62 538.92 789.17 1494.08 887.93 1739.27 841.47 1619.55 998.32 1540.98 1146.23 1781.29 1107.39
00002683 00000063 1374.77 554.56 539.59 808.74 1502.18 896.47 1745.83 851.21 1636.90 999.45 1540.31 1143.74 1786.08 1108.02
00002684 00000064 1373.97 553.45 541.23 812.99 1499.99 899.86 1743.40 853.36 1633.30 1004.16 1540.21 1144.85 1785.35 1107.79
00002685 00000065 1371.21 554.10 542.37 813.42 1496.98 899.76 1736.51 854.78 1626.34 1010.18 1538.99 1145.20 1778.04 1109.72
00002686 00000066 1368.18 555.48 544.46 812.90 1494.92 900.90 1734.58 853.91 1625.84 1011.97 1540.03 1146.74 1777.36 1109.52
00002687 00000067 1366.86 557.19 549.57 814.71 1492.35 896.08 1734.78 846.70 1621.60 1012.98 1543.80 1150.92 1780.22 1109.38
00002688 00000068 1364.82 556.64 548.97 819.45 1492.92 899.88 1732.93 849.73 1626.23 1016.24 1543.68 1153.18 1779.92 1112.60
00002689 00000069 1359.29 560.00 553.88 815.67 1486.74 896.40 1730.81 846.53 1615.04 1017.73 1541.23 1156.62 1777.99 1113.73
00002690 00000070 1353.05 554.71 554.44 818.08 1481.53 894.07 1723.68 845.82 1607.05 1019.50 1533.37 1160.05 1769.86 1118.20
00002691 00000071 1349.31 555.40 554.25 818.77 1476.00 897.10 1716.47 845.99 1605.60 1025.88 1527.86 1161.76 1766.43 1119.64
00002692 00000072 1343.29 555.33 556.08 816.54 1469.38 894.03 1711.00 841.30 1599.79 1025.25 1523.91 1162.28 1761.20 1118.33
00002693 00000073 1338.39 549.64 559.52 810.80 1463.57 884.90 1707.83 832.19 1593.64 1013.52 1520.76 1164.02 1754.29 1119.95
00002694 00000074 1338.76 549.18 554.27 804.95 1460.59 880.86 1702.96 825.62 1589.48 1005.40 1519.46 1160.78 1751.05 1115.51
00002695 00000075 1337.01 546.34 549.15 801.62 1454.90 876.66 1699.24 820.42 1581.88 995.72 1513.55 1158.86 1747.31 1114.03
00002696 00000076 1333.44 543.27 548.05 798.16 1451.61 870.29 1693.28 813.44 1576.13 986.68 1514.46 1152.44 1742.35 1107.15
00002697 00000077 1332.63 538.01 545.63 796.59 1449.62 863.23 1692.10 807.96 1572.64 974.47 1514.07 1145.63 1738.39 1101.82
00002698 00000078 1330.21 536.42 547.32 786.66 1447.35 855.73 1690.04 802.62 1570.37 959.29 1519.91 1134.93 1729.41 1093.05
00002699 00000079 1323.60 540.84 554.12 757.99 1444.48 844.56 1694.10 793.77 1576.77 939.37 1520.14 1115.93 1727.96 1073.66
00002700 00000080 1321.75 532.48 537.19 740.14 1443.92 834.19 1683.38 781.21 1570.82 925.85 1518.90 1107.14 1717.52 1065.99
00002701 00000081 1324.18 525.88 530.18 731.17 1435.62 825.21 1680.10 767.95 1563.56 909.29 1515.48 1091.62 1711.54 1047.22
00002702 00000082 1321.30 529.41 532.97 714.59 1429.08 813.94 1671.83 758.26 1554.40 891.69 1514.67 1077.03 1697.08 1033.94
00002703 00000083 1310.43 527.27 543.00 708.39 1418.59 806.27 1661.50 751.32 1542.02 875.10 1509.10 1054.63 1683.85 1011.91
00002704 00000084 1302.19 516.25 541.10 710.58 1415.74 803.93 1645.59 747.37 1536.63 867.97 1496.49 1045.14 1677.32 999.70
00002705 00000085 1299.69 509.71 541.26 707.03 1409.50 796.27 1640.61 741.88 1527.31 863.53 1487.39 1035.35 1667.89 991.97
00002706 00000086 1300.02 506.39 540.98 707.25 1410.18 791.65 1641.76 737.43 1527.85 858.84 1487.10 1030.39 1670.64 987.00
00002707 00000087 1304.03 507.12 541.74 703.10 1416.14 788.66 1647.43 733.87 1535.61 853.49 1495.98 1027.45 1678.06 983.70
00002708 00000088 1308.05 505.55 540.96 706.34 1422.51 788.78 1653.20 733.58 1543.29 856.85 1502.40 1030.92 1686.97 986.93
00002709 00000089 1305.86 505.46 542.98 716.42 1422.73 791.73 1654.10 736.83 1545.42 860.78 1504.59 1038.12 1687.31 994.45
00002710 00000090 1301.57 504.33 548.75 741.47 1420.69 793.99 1656.37 738.60 1545.89 863.44 1505.51 1050.71 1687.71 1007.07
00002711 00000091 1301.45 506.97 556.06 746.07 1418.63 790.54 1664.32 737.21 1544.92 870.60 1511.42 1057.26 1684.35 1014.91
00002712 00000092 1302.34 504.35 556.72 750.07 1422.29 791.80 1665.94 739.58 1550.47 874.85 1515.71 1063.28 1686.57 1021.82
00002713 00000093 1304.46 503.55 555.34 745.76 1423.23 788.74 1667.75 737.00 1550.53 875.13 1515.32 1056.94 1687.89 1015.81
00002714 00000094 1302.05 503.26 556.58 742.97 1418.94 784.27 1664.41 731.79 1546.33 872.22 1512.11 1050.84 1684.67 1008.74
00002715 00000095 1301.81 498.01 553.35 749.74 1422.56 784.54 1661.16 731.64 1545.84 868.32 1505.69 1051.31 1689.42 1009.83
00002716 00000096 1301.99 497.04 563.26 750.29 1416.17 778.99 1666.03 726.06 1543.03 869.61 1509.26 1048.34 1684.22 1006.15
00002717 00000097 1303.28 489.51 569.95 764.36 1418.59 780.86 1670.06 727.59 1543.64 874.62 1511.10 1057.44 1688.09 1015.21
00002718 00000098 1304.40 488.56 570.65 775.14 1420.44 784.48 1672.82 730.73 1548.17 883.95 1512.98 1071.92 1695.49 1028.93
00002719 00000099 1307.95 484.82 569.03 785.63 1423.17 789.69 1675.79 734.68 1549.99 892.94 1515.42 1081.95 1701.92 1038.26
00002720 00000100 1312.79 479.09 566.60 795.77 1428.62 789.62 1681.90 734.24 1557.32 900.35 1514.81 1088.59 1712.82 1044.39
00002721 00000101 1319.50 474.03 565.10 802.84 1435.93 789.78 1688.20 732.93 1566.47 901.55 1522.94 1090.91 1723.93 1045.57
00002722 00000102 1321.12 467.20 568.62 809.32 1439.86 788.42 1691.70 730.97 1572.27 901.86 1528.31 1090.97 1729.39 1044.92
00002723 00000103 1324.40 462.51 569.72 812.18 1442.41 789.47 1693.69 730.71 1574.30 905.20 1531.22 1089.91 1731.53 1042.99
00002724 00000104 1322.57 459.91 570.44 815.24 1442.91 789.84 1694.30 732.34 1575.32 911.72 1531.15 1091.77 1731.53 1045.59
00002725 00000105 1317.72 456.19 576.11 823.67 1440.70 792.35 1693.06 734.39 1574.78 916.62 1532.00 1096.65 1729.36 1050.18
00002726 00000106 1312.50 452.29 583.33 834.01 1443.78 792.53 1694.87 736.65 1578.81 918.38 1535.82 1098.18 1728.83 1053.24
00002727 00000107 1313.01 449.96 584.16 842.15 1445.64 794.17 1698.01 737.61 1582.82 922.88 1537.14 1100.10 1732.83 1054.29
00002728 00000108 1311.67 445.79 586.89 854.28 1447.92 793.37 1701.78 736.84 1587.81 925.51 1542.02 1105.00 1735.78 1058.83
00002729 00000109 1308.39 441.85 589.12 857.19 1447.61 793.10 1701.08 737.21 1588.18 926.25 1542.66 1105.81 1734.14 1060.20
00002730 00000110 1302.47 446.53 595.34 854.05 1444.39 789.39 1698.17 731.93 1587.31 930.35 1540.38 1107.66 1727.88 1064.53
00002731 00000111 1299.10 445.21 597.42 858.54 1444.54 789.87 1699.13 732.35 1590.45 933.43 1541.25 1109.68 1728.82 1066.45
00002732 00000112 1299.60 445.70 595.59 862.51 1445.10 792.92 1698.62 733.35 1591.83 934.29 1543.74 1113.02 1732.35 1068.33
00002733 00000113 1298.85 445.02 600.28 882.27 1445.45 795.45 1700.69 735.31 1595.70 936.69 1537.47 1117.54 1742.10 1071.94
00002734 00000114 1298.60 461.69 615.38 872.37 1443.03 793.86 1709.46 735.52 1603.25 940.00 1535.72 1112.71 1757.27 1063.27
00002735 00000115 1299.11 461.16 615.04 878.71 1444.61 796.94 1711.25 739.02 1606.02 944.30 1534.19 1114.53 1763.07 1065.45
00002736 00000116 1301.61 463.50 612.91 874.38 1447.12 801.16 1714.88 744.31 1610.51 952.65 1535.23 1116.23 1765.34 1068.53
00002737 00000117 1302.36 464.58 610.86 872.00 1450.68 805.44 1717.75 748.13 1617.62 962.71 1534.78 1120.87 1769.52 1072.68
00002738 00000118 1305.06 475.42 605.27 857.66 1450.88 821.48 1715.77 757.74 1618.48 971.54 1534.94 1128.20 1773.70 1074.27
00002739 00000119 1305.19 478.00 601.31 860.45 1452.84 847.11 1716.29 781.79 1616.30 979.33 1531.56 1134.78 1769.79 1079.64
00002740 00000120 1303.94 478.50 602.70 858.76 1449.79 847.75 1713.36 781.72 1612.43 983.40 1531.02 1133.91 1765.75 1077.97
00002741 00000121 1302.63 464.03 595.56 880.00 1449.55 845.82 1706.18 780.64 1605.06 992.46 1530.59 1136.96 1762.21 1085.98
00002742 00000122 1294.90 466.82 604.14 879.41 1443.32 839.34 1705.30 772.68 1601.44 992.18 1530.31 1139.81 1762.27 1087.08
00002743 00000123 1289.88 462.98 607.13 885.41 1441.26 836.85 1701.20 770.21 1597.21 992.13 1530.63 1139.40 1759.66 1086.46
00002744 00000124 1284.58 468.17 607.60 884.40 1438.07 831.99 1694.85 768.01 1593.31 990.69 1529.06 1138.30 1753.73 1087.06
00002745 00000125 1282.68 466.98 601.74 893.53 1434.39 834.62 1686.30 769.90 1588.53 991.09 1525.39 1139.36 1748.53 1088.10
00002746 00000126 1277.25 471.25 600.52 893.82 1428.42 844.09 1678.08 773.13 1587.09 990.29 1518.99 1147.54 1750.30 1088.61
00002747 00000127 1274.66 478.10 593.31 882.31 1418.81 848.84 1670.58 775.31 1580.01 1000.13 1510.47 1153.07 1744.84 1092.30
00002748 00000128 1264.77 481.40 603.48 875.34 1413.80 852.10 1669.32 778.76 1574.65 1000.01 1508.11 1150.18 1740.25 1087.49
00002749 00000129 1262.72 490.83 597.95 857.87 1410.19 857.53 1660.72 785.83 1567.08 1005.25 1500.54 1153.01 1731.02 1091.73
00002750 00000130 1256.81 489.69 595.94 862.66 1405.03 862.31 1652.36 790.39 1561.23 1013.24 1497.19 1154.88 1721.88 1093.35
00002751 00000131 1249.70 489.66 598.71 862.85 1398.19 864.37 1645.75 793.23 1555.31 1019.39 1492.17 1155.69 1713.79 1094.78
00002752 00000132 1245.22 491.74 600.19 854.99 1392.26 865.12 1641.98 794.84 1549.00 1022.25 1489.10 1153.75 1711.39 1093.45
00002753 00000133 1241.47 492.84 598.29 850.67 1388.98 863.90 1640.20 795.28 1543.93 1021.96 1482.71 1159.64 1703.13 1101.16
00002754 00000134 1236.41 496.57 599.98 855.16 1385.26 863.36 1634.61 795.60 1538.06 1019.61 1478.57 1164.07 1695.86 1106.63
00002755 00000135 1231.06 502.46 595.63 838.97 1379.64 866.01 1624.84 798.93 1531.53 1019.67 1472.67 1163.66 1683.36 1107.74
00002756 00000136 1220.73 500.43 597.54 835.73 1371.58 868.00 1616.40 801.71 1521.90 1021.57 1463.11 1164.41 1671.50 1109.57
00002757 00000137 1212.28 497.89 598.42 834.82 1362.23 869.71 1607.95 803.74 1512.68 1024.41 1451.81 1167.66 1665.47 1113.07
00002758 00000138 1213.33 490.54 585.61 856.89 1349.83 865.13 1605.98 800.78 1505.01 1037.46 1442.85 1157.88 1667.33 1106.41
00002759 00000139 1207.73 491.34 587.67 860.73 1345.58 865.48 1601.18 798.89 1501.68 1038.20 1438.66 1156.95 1667.12 1103.59
00002760 00000140 1202.04 489.09 585.09 860.48 1345.67 863.38 1592.49 798.32 1497.66 1027.01 1430.64 1154.19 1657.46 1098.92
00002761 00000141 1198.52 477.32 584.27 867.42 1342.50 855.72 1586.90 790.31 1492.57 1020.36 1426.52 1146.10 1653.68 1089.72
00002762 00000142 1195.38 471.95 587.61 868.67 1338.00 852.29 1581.03 784.25 1486.55 1012.77 1422.76 1138.40 1652.16 1078.69
00002763 00000143 1193.69 474.59 586.06 865.90 1336.13 861.03 1577.65 787.18 1484.17 1000.83 1421.26 1136.19 1651.40 1071.83
00002764 00000144 1195.96 477.15 584.04 860.03 1337.00 869.71 1575.07 797.72 1478.82 994.90 1420.35 1134.28 1644.96 1072.35
00002765 00000145 1192.65 481.19 586.52 848.94 1332.69 868.32 1569.39 795.66 1471.87 991.59 1419.31 1128.96 1640.15 1067.15
00002766 00000146 1187.66 475.97 589.10 852.98 1326.52 864.63 1563.33 786.90 1466.04 991.20 1417.33 1124.78 1640.11 1058.26
00002767 00000147 1181.68 468.48 598.23 865.89 1321.52 857.88 1560.22 778.41 1459.84 988.32 1417.97 1124.14 1639.85 1055.89
00002768 00000148 1179.40 472.65 606.08 861.97 1316.66 853.54 1552.90 770.43 1452.71 983.15 1423.97 1127.72 1639.28 1057.53
00002769 00000149 1181.10 470.02 608.34 875.72 1317.00 848.19 1553.41 763.26 1452.95 979.34 1428.31 1132.26 1644.00 1059.92
00002770 00000150 1189.95 470.85 612.56 865.79 1324.04 838.47 1562.01 757.35 1457.65 973.89 1434.48 1130.29 1650.67 1060.99
00002771 00000151 1204.20 452.78 611.10 880.75 1338.23 831.91 1579.97 753.25 1469.05 961.50 1443.71 1124.12 1662.89 1056.64
CROP_BBOX: 972 20 2418 1610
