Video ID: 	aGGBGcjdjXA
H: 	1080
W: 	1920
FPS: 	23.976023976023978

FRAME INDEX X0 Y0 W H [Landmarks (5 Points)]

00096787 00000000 1022.72 105.72 494.15 642.32 1090.55 357.68 1297.71 340.57 1151.07 459.33 1126.39 600.10 1283.15 585.84
00096788 00000001 1037.24 115.42 490.17 635.15 1100.22 356.04 1311.10 340.91 1161.74 458.80 1134.85 601.65 1293.26 588.67
00096789 00000002 1036.44 117.46 485.40 627.50 1108.22 355.68 1324.13 339.92 1179.43 456.96 1141.48 598.92 1308.57 584.78
00096790 00000003 1039.67 117.81 484.54 618.64 1113.31 354.35 1330.60 340.44 1187.73 455.17 1146.99 595.93 1308.35 583.81
00096791 00000004 1041.09 109.94 487.36 620.55 1114.83 348.96 1336.53 341.31 1191.39 456.06 1146.14 592.34 1309.28 585.50
00096792 00000005 1046.51 106.75 484.99 623.74 1119.93 345.19 1342.60 342.65 1197.65 458.25 1147.01 590.62 1313.23 587.92
00096793 00000006 1047.47 103.54 487.67 627.29 1125.28 348.79 1347.26 343.19 1205.89 458.75 1155.37 593.40 1321.23 588.05
00096794 00000007 1048.96 107.95 488.29 629.16 1127.57 348.97 1348.42 343.15 1206.45 460.32 1157.27 595.08 1322.88 589.67
00096795 00000008 1049.20 104.45 491.72 641.48 1131.66 349.81 1349.57 344.86 1206.72 461.31 1160.66 594.28 1328.83 589.67
00096796 00000009 1050.65 102.19 490.53 647.33 1133.55 351.20 1351.24 346.78 1206.93 463.09 1161.12 596.08 1330.57 591.88
00096797 00000010 1052.97 101.96 485.86 650.38 1135.43 355.25 1352.92 350.39 1209.09 464.46 1161.98 597.09 1332.38 592.75
00096798 00000011 1053.19 105.27 486.92 650.39 1133.81 357.50 1351.75 351.17 1206.16 467.20 1162.49 601.01 1332.91 595.49
00096799 00000012 1050.89 111.83 487.64 646.57 1131.13 359.52 1350.10 351.55 1204.80 469.58 1162.05 605.80 1330.06 598.83
00096800 00000013 1049.05 110.41 488.74 644.29 1129.73 357.91 1345.03 354.47 1200.39 471.43 1159.17 603.60 1320.96 600.21
00096801 00000014 1047.33 109.04 490.84 641.56 1125.93 357.05 1343.79 355.19 1197.86 473.21 1155.80 603.71 1320.19 601.64
00096802 00000015 1046.10 108.93 490.11 646.60 1124.82 357.59 1343.96 354.53 1198.26 473.40 1154.16 606.35 1318.58 603.43
00096803 00000016 1045.20 109.27 487.97 659.37 1126.37 358.89 1343.23 355.32 1196.30 471.97 1153.39 611.36 1314.12 608.32
00096804 00000017 1045.84 114.29 483.45 651.99 1125.59 359.70 1343.69 355.43 1199.62 471.80 1154.39 615.22 1309.86 611.81
00096805 00000018 1046.59 117.70 480.29 647.70 1124.88 358.40 1342.25 355.48 1198.34 471.09 1152.67 615.69 1304.87 613.38
00096806 00000019 1044.89 112.51 484.42 646.44 1122.70 359.77 1341.76 357.91 1196.97 472.96 1150.29 612.88 1306.85 610.98
00096807 00000020 1044.20 113.00 487.85 639.32 1122.43 359.00 1343.28 357.32 1198.59 473.35 1151.36 606.69 1314.60 604.73
00096808 00000021 1043.72 110.31 489.86 638.42 1121.78 356.97 1344.16 353.79 1198.83 472.24 1151.47 605.90 1317.72 602.57
00096809 00000022 1045.85 112.11 486.46 641.39 1122.07 358.19 1344.48 349.96 1199.89 468.80 1155.05 609.38 1320.06 601.90
00096810 00000023 1046.95 117.01 481.16 638.85 1120.28 356.77 1343.23 348.26 1196.99 465.38 1153.79 610.73 1316.96 603.04
00096811 00000024 1045.16 114.23 482.29 638.52 1115.40 356.46 1337.90 351.82 1189.32 463.86 1144.54 609.69 1301.65 605.10
00096812 00000025 1044.34 118.34 477.12 633.77 1111.65 361.11 1326.78 354.10 1178.51 466.15 1140.31 613.00 1289.03 606.67
00096813 00000026 1040.12 115.91 472.78 641.55 1109.43 365.49 1319.46 356.19 1171.29 469.81 1135.77 616.36 1280.38 608.70
00096814 00000027 1035.63 141.73 475.86 620.77 1101.22 374.75 1312.44 359.91 1163.68 481.78 1132.53 629.50 1280.94 616.32
00096815 00000028 1030.71 140.81 481.33 633.68 1094.54 384.12 1299.86 366.31 1160.17 491.75 1132.71 630.87 1286.50 616.48
00096816 00000029 1016.63 145.05 494.10 635.63 1084.16 391.35 1290.27 373.36 1151.82 502.68 1122.96 635.61 1284.00 620.91
00096817 00000030 1005.02 148.91 499.28 635.98 1078.91 398.76 1283.46 381.44 1147.26 509.95 1116.10 638.15 1273.26 624.32
00096818 00000031 995.19 147.76 505.13 644.41 1073.55 403.57 1281.04 387.21 1143.85 518.04 1111.77 643.58 1271.97 630.52
00096819 00000032 988.86 150.20 505.14 651.05 1069.38 406.10 1275.74 392.46 1138.42 523.80 1106.66 646.83 1268.02 635.94
00096820 00000033 984.88 160.28 505.40 644.24 1066.76 409.50 1274.14 394.54 1136.97 524.12 1106.64 650.41 1264.51 638.31
00096821 00000034 985.58 160.01 506.02 650.26 1066.19 409.06 1272.86 393.10 1133.24 520.35 1105.66 653.41 1260.83 640.68
00096822 00000035 987.92 156.15 503.74 644.42 1066.62 404.04 1273.19 388.35 1133.38 515.71 1104.76 645.64 1261.94 633.01
00096823 00000036 990.30 148.41 505.42 639.92 1066.79 398.22 1274.91 379.32 1136.87 510.65 1108.27 639.63 1269.04 624.27
00096824 00000037 994.78 154.79 507.73 628.03 1068.65 396.65 1278.89 374.94 1138.78 507.84 1113.27 635.66 1278.53 617.69
00096825 00000038 997.40 157.25 504.44 623.11 1070.25 392.30 1280.94 367.67 1142.56 503.35 1117.58 634.23 1281.62 613.86
00096826 00000039 1000.86 152.73 502.77 626.73 1073.11 390.66 1282.42 363.75 1145.10 498.98 1122.61 633.86 1289.28 611.31
00096827 00000040 1000.89 146.71 501.94 632.95 1074.29 387.92 1282.86 360.71 1147.51 495.39 1124.23 632.03 1291.04 609.11
00096828 00000041 999.24 142.42 499.71 631.75 1073.25 386.03 1281.63 357.39 1149.93 492.48 1124.90 630.80 1290.40 606.70
00096829 00000042 1003.42 144.04 498.09 620.81 1067.71 385.84 1282.43 357.47 1139.22 487.44 1121.58 629.20 1283.18 604.43
00096830 00000043 1003.66 139.97 494.55 621.23 1068.03 386.70 1281.59 356.37 1140.32 483.92 1120.79 625.97 1283.78 599.73
00096831 00000044 1003.83 138.20 492.67 625.03 1070.40 384.39 1280.75 352.88 1142.74 480.78 1124.33 624.48 1284.60 597.34
00096832 00000045 1004.33 136.51 495.25 632.21 1071.60 383.06 1280.40 350.24 1143.37 480.35 1126.14 625.48 1287.25 596.95
00096833 00000046 1004.14 133.92 495.18 636.94 1072.51 381.86 1281.06 348.45 1144.69 478.46 1126.55 624.84 1289.27 595.63
00096834 00000047 1003.43 132.80 496.19 639.51 1071.71 383.34 1281.31 347.89 1145.54 478.25 1127.88 625.49 1293.67 594.36
00096835 00000048 1004.82 138.88 496.92 631.72 1071.69 385.91 1282.36 348.41 1145.72 478.09 1127.20 625.44 1295.83 592.49
00096836 00000049 1003.63 137.60 498.78 632.37 1070.67 388.35 1282.66 351.05 1145.33 481.10 1127.05 625.33 1297.88 592.51
00096837 00000050 1002.64 137.25 499.95 631.94 1070.52 391.04 1285.66 353.98 1147.99 482.84 1126.13 625.47 1300.25 592.91
00096838 00000051 1000.33 133.86 500.89 637.17 1077.12 390.33 1287.01 359.82 1156.72 488.16 1128.71 624.20 1301.79 598.15
00096839 00000052 999.86 137.48 505.95 638.73 1078.51 389.05 1288.69 359.14 1158.25 488.90 1131.25 626.07 1303.08 600.61
00096840 00000053 1001.73 133.42 505.52 645.15 1080.84 389.37 1289.66 359.54 1160.01 489.38 1133.68 628.39 1305.31 602.93
00096841 00000054 1001.74 138.52 505.99 639.89 1081.14 388.48 1290.93 358.82 1160.71 488.36 1134.72 628.11 1305.31 602.67
00096842 00000055 1000.37 134.64 506.09 641.51 1080.46 388.56 1289.42 358.63 1160.63 488.50 1134.83 629.62 1299.53 604.22
00096843 00000056 1004.64 135.23 499.09 635.56 1072.76 390.91 1289.13 357.56 1153.82 490.41 1131.75 635.64 1291.50 607.11
00096844 00000057 1003.57 133.02 498.98 626.78 1070.56 390.90 1287.52 358.09 1153.85 492.41 1129.30 630.48 1290.20 602.53
00096845 00000058 1001.71 131.02 499.96 638.51 1071.37 391.29 1287.06 357.72 1154.04 492.00 1129.92 631.97 1292.18 603.33
00096846 00000059 1001.40 133.19 498.73 640.82 1073.26 389.65 1286.62 355.21 1155.13 490.60 1133.04 635.07 1290.78 605.78
00096847 00000060 998.47 129.87 502.91 646.08 1078.64 387.93 1284.20 354.40 1159.43 486.73 1134.99 629.76 1293.37 601.50
00096848 00000061 999.30 131.33 501.30 643.38 1079.12 388.32 1283.56 354.37 1158.95 484.27 1135.75 629.44 1293.86 600.76
00096849 00000062 1003.90 140.99 497.72 628.85 1074.68 389.89 1286.15 349.57 1153.15 480.65 1135.82 633.58 1293.84 599.01
00096850 00000063 1002.83 134.74 500.18 634.83 1075.48 388.94 1283.15 347.62 1152.03 478.81 1136.50 631.32 1293.55 595.87
00096851 00000064 1003.03 131.78 499.28 632.08 1075.33 385.66 1283.50 345.76 1152.39 476.18 1136.94 627.04 1294.05 592.68
00096852 00000065 1001.49 132.20 500.52 630.80 1075.13 385.14 1283.70 345.28 1152.99 474.57 1135.96 625.07 1294.47 590.65
00096853 00000066 1001.61 135.00 501.44 629.25 1074.05 386.12 1284.84 344.04 1153.64 474.77 1136.10 626.86 1297.12 590.51
00096854 00000067 996.97 125.50 503.21 654.54 1081.14 385.29 1287.39 347.28 1163.20 475.24 1138.36 626.10 1306.37 593.60
00096855 00000068 995.74 125.73 506.41 659.00 1081.99 385.99 1287.27 347.63 1164.12 477.65 1140.80 628.99 1307.23 596.08
00096856 00000069 993.38 124.84 508.54 664.64 1082.02 389.93 1288.24 349.93 1167.36 481.00 1142.14 630.65 1313.29 596.04
00096857 00000070 989.82 134.95 513.59 656.93 1077.59 394.11 1289.47 352.55 1167.41 482.64 1138.42 633.47 1314.71 597.66
00096858 00000071 987.85 136.06 515.82 657.01 1074.70 394.38 1288.69 353.55 1165.18 485.65 1136.07 634.77 1312.36 599.73
00096859 00000072 985.54 135.79 514.67 656.07 1072.56 395.44 1286.54 356.48 1162.40 490.30 1132.60 634.39 1308.37 601.06
00096860 00000073 983.99 140.41 516.01 650.40 1070.51 396.30 1286.37 359.93 1159.77 493.82 1129.41 634.98 1304.46 604.02
00096861 00000074 984.83 138.86 514.81 647.05 1070.41 394.90 1285.99 361.10 1158.35 494.21 1128.45 635.16 1298.49 606.66
00096862 00000075 989.34 147.99 508.19 624.79 1066.39 398.02 1288.60 357.92 1155.89 492.82 1130.19 639.98 1297.22 605.77
00096863 00000076 989.84 141.70 505.83 632.89 1067.41 398.22 1287.77 356.09 1157.85 490.21 1131.38 641.21 1294.97 605.51
00096864 00000077 992.00 142.40 502.40 629.81 1070.61 394.95 1289.84 354.03 1161.15 486.11 1134.66 639.80 1293.98 605.00
00096865 00000078 995.45 145.41 500.94 629.54 1074.26 393.70 1290.30 353.30 1162.38 485.26 1138.25 640.25 1292.99 605.88
00096866 00000079 997.74 138.39 500.56 636.11 1076.31 391.01 1290.25 352.41 1163.94 485.17 1142.19 640.03 1292.32 607.28
00096867 00000080 998.81 128.17 500.95 651.25 1081.59 386.76 1288.73 351.77 1168.28 482.25 1143.82 634.79 1290.32 605.25
00096868 00000081 1000.82 130.07 499.03 646.78 1084.46 385.97 1289.19 352.22 1168.89 481.26 1146.59 632.22 1288.35 603.70
00096869 00000082 1003.56 136.89 498.30 629.14 1080.06 385.52 1291.62 351.98 1165.20 483.72 1144.28 634.62 1285.21 606.45
00096870 00000083 1003.20 137.12 499.49 631.74 1078.94 385.20 1291.61 352.60 1163.93 484.11 1140.54 634.87 1284.41 607.42
00096871 00000084 1003.23 138.34 500.00 632.36 1077.79 385.61 1289.84 352.82 1161.24 485.28 1140.16 635.27 1284.42 607.51
00096872 00000085 1001.46 136.36 497.19 637.78 1076.18 385.43 1287.34 349.98 1159.52 483.05 1140.86 635.55 1287.23 605.48
00096873 00000086 999.52 127.48 501.76 648.09 1073.83 385.58 1282.59 348.46 1153.40 479.59 1136.30 632.59 1288.63 600.85
00096874 00000087 1000.34 122.68 502.50 650.39 1075.46 384.49 1281.94 347.25 1155.23 473.78 1130.93 623.80 1291.85 592.53
00096875 00000088 1002.84 120.42 502.05 633.11 1072.97 373.71 1284.41 341.28 1147.03 469.30 1127.16 615.59 1283.60 588.04
00096876 00000089 1004.46 119.32 502.77 636.87 1076.46 372.89 1283.71 340.39 1148.34 462.40 1125.09 611.30 1281.68 584.88
00096877 00000090 1008.02 118.63 501.99 631.70 1076.92 369.10 1285.02 335.76 1145.60 461.37 1128.02 609.31 1281.00 581.44
00096878 00000091 1011.55 123.19 498.01 633.77 1079.02 373.59 1287.98 333.29 1144.70 454.66 1123.63 613.05 1286.84 578.18
00096879 00000092 1011.07 121.25 501.47 629.40 1078.63 370.27 1286.49 335.71 1147.60 462.29 1130.48 608.53 1287.70 579.25
00096880 00000093 1008.60 123.03 499.93 630.68 1079.08 372.19 1286.95 336.95 1150.91 463.55 1132.76 610.76 1287.61 580.93
00096881 00000094 1003.92 128.14 501.69 632.02 1074.78 382.07 1281.69 343.28 1151.55 471.69 1134.56 618.70 1289.05 585.40
00096882 00000095 1002.67 133.79 505.06 628.84 1072.72 392.23 1280.90 349.59 1152.03 481.67 1139.40 628.23 1294.11 591.49
00096883 00000096 997.45 135.95 508.75 635.99 1070.57 397.35 1285.90 357.31 1152.84 492.07 1136.06 636.11 1296.42 601.69
00096884 00000097 991.37 137.44 512.70 640.66 1068.95 398.44 1282.41 361.77 1153.36 498.92 1129.34 634.53 1295.89 603.98
00096885 00000098 988.90 143.86 512.11 632.46 1066.66 398.59 1279.70 362.15 1151.65 500.88 1128.70 635.59 1294.07 605.22
00096886 00000099 985.87 143.64 515.24 634.94 1064.26 398.19 1277.02 361.41 1148.88 499.83 1127.04 635.26 1291.65 604.52
00096887 00000100 983.89 143.13 515.93 635.42 1062.29 398.72 1275.05 361.88 1146.70 500.54 1125.48 635.39 1291.04 604.50
00096888 00000101 983.16 144.83 517.39 636.70 1061.34 398.84 1273.61 361.12 1145.16 499.30 1124.59 636.19 1289.84 604.55
00096889 00000102 983.64 139.22 513.93 640.88 1061.96 396.51 1274.17 357.62 1146.96 495.18 1125.57 639.00 1282.30 606.68
00096890 00000103 988.40 135.53 507.05 637.27 1061.42 394.49 1275.63 356.65 1141.68 490.50 1127.05 642.08 1274.94 609.86
00096891 00000104 989.98 134.00 508.22 633.57 1061.66 391.90 1274.99 355.03 1142.52 490.39 1128.95 639.71 1273.29 608.31
00096892 00000105 990.00 131.58 509.95 637.70 1060.81 390.21 1275.37 352.16 1142.39 489.58 1129.41 637.80 1277.50 605.24
00096893 00000106 987.34 127.09 512.23 658.51 1069.53 392.38 1274.48 351.98 1150.42 488.27 1134.40 636.26 1285.27 602.75
00096894 00000107 983.78 129.48 518.48 673.35 1067.86 396.54 1274.84 354.84 1150.04 496.02 1131.89 642.21 1297.62 607.13
00096895 00000108 983.48 143.99 519.97 664.92 1062.89 402.18 1270.99 360.71 1143.32 504.99 1126.54 646.22 1296.78 610.96
00096896 00000109 975.51 142.88 525.68 654.01 1057.62 404.34 1268.09 364.22 1142.13 507.55 1122.06 644.11 1290.86 610.34
00096897 00000110 974.71 139.71 522.04 646.87 1055.01 405.32 1265.11 363.55 1140.23 506.28 1120.67 643.27 1286.33 608.10
00096898 00000111 976.50 137.36 520.13 648.64 1055.14 404.19 1266.28 362.71 1139.70 502.82 1118.50 641.97 1285.87 607.19
00096899 00000112 977.79 132.87 517.87 655.75 1056.91 402.38 1265.92 360.77 1139.66 498.82 1119.58 640.89 1286.04 606.00
00096900 00000113 978.10 132.57 519.38 660.31 1060.07 398.95 1269.33 358.29 1143.76 495.19 1121.83 640.47 1286.62 606.44
00096901 00000114 979.81 131.92 519.05 661.69 1061.50 398.63 1270.28 357.52 1145.08 494.89 1124.44 639.81 1289.15 605.35
00096902 00000115 981.06 131.52 515.72 658.92 1061.96 397.03 1271.68 357.71 1144.73 494.34 1125.17 639.84 1282.64 607.13
00096903 00000116 980.81 130.14 512.81 659.23 1061.58 393.79 1270.35 355.30 1142.82 490.89 1124.66 638.22 1273.38 606.43
00096904 00000117 979.56 129.08 511.98 657.87 1058.63 393.52 1268.86 355.81 1140.80 493.06 1119.76 635.94 1271.76 604.87
00096905 00000118 980.30 131.58 510.86 648.38 1056.10 395.23 1267.18 356.27 1139.01 493.71 1118.03 636.14 1272.38 603.91
00096906 00000119 979.07 137.57 509.23 644.37 1052.49 395.68 1270.86 355.39 1135.56 494.41 1118.04 640.46 1278.76 606.35
00096907 00000120 978.99 136.07 508.92 644.54 1052.74 395.86 1271.12 356.45 1136.42 495.04 1118.68 640.55 1279.05 607.02
00096908 00000121 980.38 135.43 509.65 640.60 1053.60 397.11 1271.52 356.94 1137.07 495.51 1120.77 641.54 1279.76 607.34
00096909 00000122 980.89 132.43 508.89 643.36 1053.01 394.66 1271.81 355.22 1136.49 494.95 1120.24 640.85 1278.70 607.34
00096910 00000123 981.39 131.70 506.77 642.57 1055.55 392.92 1270.05 355.11 1137.51 491.39 1121.85 637.50 1277.94 605.32
00096911 00000124 983.21 131.07 503.32 644.91 1059.01 389.90 1265.76 351.04 1136.84 481.79 1126.07 635.62 1269.78 603.01
00096912 00000125 981.73 128.48 508.01 653.92 1064.02 388.50 1265.31 345.29 1142.42 474.93 1128.07 633.07 1265.92 597.35
00096913 00000126 981.28 127.86 505.84 655.75 1063.52 381.93 1265.66 339.57 1141.59 470.99 1127.51 631.43 1263.53 596.38
00096914 00000127 984.45 128.31 501.57 630.54 1059.05 375.57 1265.51 339.62 1134.20 468.38 1122.73 623.71 1259.99 594.06
00096915 00000128 987.52 117.46 499.36 624.47 1055.86 371.79 1267.35 332.97 1133.36 462.73 1114.72 609.01 1270.53 576.56
00096916 00000129 986.84 109.37 498.52 624.06 1059.91 364.10 1267.82 329.27 1134.98 452.71 1110.01 591.17 1271.84 562.43
00096917 00000130 986.17 104.68 501.48 625.36 1060.15 360.59 1271.88 321.06 1135.88 438.35 1105.85 586.82 1272.99 554.53
00096918 00000131 991.24 102.02 501.95 619.58 1061.91 351.90 1276.30 310.71 1138.85 431.48 1107.39 579.12 1280.33 545.38
00096919 00000132 996.84 100.24 497.17 610.85 1062.51 346.78 1280.15 303.31 1141.93 421.38 1110.62 578.26 1280.64 542.57
00096920 00000133 997.76 97.27 498.25 607.54 1063.74 340.27 1277.43 299.22 1138.90 416.16 1112.71 572.17 1276.07 538.33
00096921 00000134 997.87 95.14 500.18 607.41 1064.06 337.74 1278.00 297.18 1138.84 414.95 1114.33 570.24 1274.88 536.85
00096922 00000135 997.69 98.72 498.65 604.94 1062.95 338.90 1277.36 298.22 1138.14 415.71 1112.66 571.28 1274.12 537.74
00096923 00000136 993.74 101.46 500.09 605.65 1059.64 345.61 1277.88 302.34 1137.60 418.25 1110.38 578.54 1271.54 542.92
00096924 00000137 985.97 99.20 506.12 612.62 1057.39 350.83 1272.39 311.79 1133.50 428.27 1105.11 582.34 1264.85 550.19
00096925 00000138 980.95 98.35 506.83 637.05 1054.87 360.27 1265.98 316.64 1127.13 433.01 1106.24 594.34 1259.03 558.84
00096926 00000139 978.21 104.81 503.92 639.74 1052.81 364.51 1263.37 323.14 1125.53 441.40 1106.70 604.18 1255.00 570.61
00096927 00000140 981.57 117.71 498.46 634.73 1048.53 373.15 1259.40 328.06 1122.03 453.43 1110.90 621.26 1255.83 584.26
00096928 00000141 974.92 132.38 500.89 628.42 1041.40 380.05 1255.28 335.10 1119.26 466.75 1109.48 632.88 1253.76 595.97
00096929 00000142 968.70 133.68 506.22 644.28 1037.15 393.74 1250.57 344.11 1114.34 475.66 1107.17 642.67 1258.45 601.34
00096930 00000143 961.53 116.91 509.19 671.86 1034.22 400.09 1246.70 351.30 1110.53 481.42 1102.55 645.72 1264.54 604.25
00096931 00000144 962.20 123.74 507.14 665.00 1030.55 404.69 1247.40 354.70 1108.62 488.45 1099.28 647.72 1268.60 604.84
00096932 00000145 957.27 129.54 519.68 662.53 1033.17 404.57 1247.00 355.32 1115.15 493.17 1095.73 645.54 1269.14 604.55
00096933 00000146 956.13 132.76 521.48 660.88 1032.69 405.20 1246.13 356.16 1114.89 495.12 1096.94 645.27 1269.95 604.33
00096934 00000147 956.89 133.30 522.11 657.36 1032.22 406.14 1246.34 357.34 1115.26 495.10 1096.31 644.05 1269.99 603.32
00096935 00000148 960.28 133.99 517.73 654.82 1033.98 406.47 1247.94 358.73 1115.95 494.35 1095.93 642.76 1270.13 602.96
00096936 00000149 963.30 133.74 508.92 651.71 1032.68 404.21 1249.76 355.18 1112.00 489.61 1100.82 644.76 1271.49 602.60
00096937 00000150 964.24 131.40 508.89 652.28 1033.66 404.71 1250.29 355.82 1112.29 487.90 1101.44 644.54 1271.03 602.53
00096938 00000151 963.68 127.85 509.53 653.07 1034.49 402.95 1249.27 355.95 1113.40 488.74 1102.95 644.55 1266.19 604.51
00096939 00000152 964.68 125.96 507.00 653.74 1035.69 399.79 1248.95 355.30 1113.93 487.15 1102.80 644.57 1258.06 607.33
00096940 00000153 965.06 128.72 506.58 652.84 1037.67 397.52 1247.97 354.78 1113.93 484.68 1103.82 644.06 1252.07 608.85
00096941 00000154 966.36 126.09 506.03 648.66 1036.05 399.32 1250.02 354.80 1113.79 486.11 1102.45 641.37 1258.38 604.29
00096942 00000155 965.17 119.61 506.61 655.15 1035.84 399.33 1249.53 353.62 1114.82 485.20 1101.69 636.88 1264.08 598.42
00096943 00000156 965.27 121.91 507.50 649.71 1035.45 400.05 1249.87 352.16 1114.80 484.28 1102.15 634.40 1269.67 593.55
00096944 00000157 964.85 121.46 509.06 650.89 1036.21 399.84 1250.95 352.13 1116.48 483.50 1103.17 633.80 1271.70 593.08
00096945 00000158 967.04 133.70 505.13 642.72 1038.41 399.33 1251.59 350.52 1117.43 480.60 1104.36 633.61 1272.77 591.96
00096946 00000159 968.85 125.86 503.94 647.48 1039.90 399.61 1252.86 350.96 1119.52 480.99 1105.96 633.52 1272.27 592.16
00096947 00000160 970.20 129.22 504.91 641.41 1040.23 399.25 1253.24 349.91 1119.60 480.93 1106.75 632.05 1273.21 590.14
00096948 00000161 970.79 129.21 505.51 641.27 1040.70 397.81 1253.64 348.78 1120.09 480.90 1106.89 631.05 1272.66 589.47
00096949 00000162 971.01 126.58 506.95 642.99 1042.03 397.17 1255.45 349.97 1122.51 481.83 1107.91 630.12 1273.03 590.20
00096950 00000163 972.60 128.53 506.96 638.97 1042.68 396.78 1256.65 349.74 1123.50 482.48 1109.12 629.97 1273.57 590.17
00096951 00000164 974.04 128.56 507.25 635.79 1043.52 396.93 1258.19 349.18 1125.10 482.51 1110.99 631.67 1272.88 591.42
00096952 00000165 974.13 129.90 507.62 631.37 1043.59 397.05 1258.68 349.58 1125.75 484.59 1111.72 633.09 1272.37 593.13
00096953 00000166 974.10 129.82 508.02 627.55 1043.10 396.22 1259.48 350.34 1126.25 485.69 1110.72 631.90 1272.04 593.22
00096954 00000167 974.23 129.88 508.18 624.31 1043.49 395.68 1259.22 350.17 1126.69 485.66 1111.00 630.97 1271.67 592.60
00096955 00000168 974.52 127.53 506.42 629.65 1043.38 396.65 1260.09 350.61 1127.15 485.83 1110.99 632.78 1273.24 593.96
00096956 00000169 974.47 129.13 506.33 629.41 1043.40 397.17 1261.12 349.69 1128.05 484.75 1114.54 639.53 1271.79 599.61
00096957 00000170 972.54 132.07 506.94 638.25 1043.43 398.65 1261.82 351.37 1127.02 485.45 1113.53 643.08 1274.56 603.05
00096958 00000171 972.07 131.33 507.03 640.74 1043.67 398.88 1262.97 351.91 1127.27 485.26 1113.12 645.42 1274.65 605.63
00096959 00000172 972.39 132.01 508.38 643.19 1042.95 399.64 1263.78 350.87 1127.39 484.12 1112.16 644.75 1277.94 603.31
00096960 00000173 974.14 128.97 505.51 643.04 1044.51 397.78 1264.15 349.55 1128.77 482.14 1114.37 642.64 1277.32 601.81
00096961 00000174 975.67 132.70 506.45 634.53 1045.21 395.67 1264.40 348.01 1128.68 480.07 1116.36 639.49 1277.38 599.06
00096962 00000175 976.02 134.35 507.28 630.99 1045.08 394.84 1264.13 345.26 1129.20 478.61 1116.79 637.94 1277.26 595.96
00096963 00000176 977.28 137.03 505.82 627.31 1046.04 394.01 1263.70 343.09 1129.70 476.57 1117.96 634.76 1278.72 591.64
00096964 00000177 978.04 138.95 507.06 622.33 1046.47 393.66 1263.85 341.87 1129.28 475.54 1118.63 633.01 1279.59 589.14
00096965 00000178 978.03 132.78 505.94 629.05 1046.38 391.62 1261.99 340.05 1128.95 475.28 1116.47 628.42 1282.38 584.42
00096966 00000179 979.59 138.06 504.99 624.28 1046.61 389.95 1261.76 337.79 1127.54 473.38 1116.28 625.54 1286.12 580.65
00096967 00000180 979.67 136.21 504.27 627.23 1043.76 389.21 1262.33 335.27 1126.20 472.41 1112.73 623.96 1289.49 577.36
00096968 00000181 978.07 135.83 502.74 625.76 1041.85 383.28 1258.94 331.61 1122.77 470.70 1108.95 619.61 1285.65 574.82
00096969 00000182 980.09 125.58 496.86 628.94 1041.45 378.19 1258.19 328.26 1119.02 462.47 1100.75 614.12 1279.53 571.20
00096970 00000183 975.70 114.34 501.12 633.18 1041.39 370.70 1258.97 321.50 1115.36 447.67 1095.16 603.94 1275.60 562.38
00096971 00000184 975.12 110.11 498.45 618.92 1040.66 365.15 1257.08 317.23 1116.27 438.15 1090.25 593.85 1267.25 554.13
00096972 00000185 975.35 107.40 499.61 611.31 1041.11 354.31 1254.67 314.26 1114.48 433.82 1087.77 581.65 1261.28 548.26
00096973 00000186 977.67 112.09 497.75 597.13 1040.05 347.26 1258.62 305.69 1116.44 423.75 1087.02 577.17 1264.11 542.49
00096974 00000187 977.70 98.44 499.96 616.73 1039.79 343.13 1253.39 298.61 1109.77 414.65 1088.74 575.87 1264.65 538.54
00096975 00000188 979.93 103.15 499.85 619.87 1041.49 334.52 1252.45 288.55 1109.26 409.36 1093.31 572.68 1269.66 533.90
00096976 00000189 981.61 106.66 499.47 628.79 1041.78 337.12 1253.03 288.31 1106.37 407.67 1095.34 578.26 1272.29 536.95
00096977 00000190 980.44 106.64 499.14 631.32 1040.16 338.81 1252.32 289.07 1104.82 407.50 1095.15 580.04 1273.16 537.85
00096978 00000191 979.12 108.44 498.22 632.34 1039.03 343.26 1250.03 290.69 1103.14 409.45 1095.40 585.32 1271.00 540.87
00096979 00000192 977.31 116.35 496.32 627.87 1038.79 345.79 1250.29 295.34 1102.77 413.21 1094.56 590.39 1264.52 547.86
00096980 00000193 973.11 115.22 500.74 630.58 1038.17 348.91 1247.81 300.61 1101.79 417.49 1094.09 594.21 1250.31 553.99
00096981 00000194 972.20 114.58 498.48 617.90 1037.26 349.88 1247.42 307.26 1099.59 415.40 1087.37 587.95 1233.25 552.93
CROP_BBOX: 748 0 1749 953
