Video ID: 	AUKdoTHJ0mQ
H: 	1080
W: 	1920
FPS: 	29.97002997002997

FRAME INDEX X0 Y0 W H [Landmarks (5 Points)]

00012836 00000000 382.05 108.68 517.86 782.91 467.44 412.74 672.28 395.27 522.88 542.76 502.92 692.53 670.06 678.27
00012837 00000001 382.39 104.67 503.00 791.28 456.55 412.68 655.76 396.07 507.17 535.70 493.56 692.71 658.71 678.79
00012838 00000002 359.76 111.04 515.84 786.14 437.69 414.53 638.68 394.94 490.21 538.52 479.87 692.39 650.30 675.68
00012839 00000003 341.22 112.08 523.56 779.41 422.37 415.97 626.34 391.83 481.87 538.53 469.14 693.63 639.04 673.90
00012840 00000004 328.92 115.44 524.05 777.20 409.85 415.76 611.37 392.49 465.83 540.89 456.54 692.25 628.12 672.79
00012841 00000005 316.93 120.43 529.41 777.02 399.86 421.09 600.59 393.44 455.19 542.76 448.33 697.18 620.24 673.74
00012842 00000006 309.73 120.14 529.83 779.19 389.99 424.92 588.61 394.14 444.07 546.38 443.86 701.49 610.69 675.52
00012843 00000007 304.42 117.93 525.76 774.92 386.99 427.99 580.14 400.30 438.95 547.37 440.15 697.69 599.93 674.08
00012844 00000008 298.13 120.37 527.34 777.40 380.02 435.49 571.58 403.95 431.67 551.79 437.10 704.87 594.61 677.68
00012845 00000009 302.05 121.70 520.61 780.01 378.87 432.73 559.72 402.04 418.18 548.13 427.76 700.66 582.44 673.95
00012846 00000010 300.07 124.87 520.97 772.52 377.01 435.25 558.00 405.54 417.44 552.23 427.15 700.66 580.45 674.71
00012847 00000011 301.28 127.59 520.49 766.59 378.11 435.57 559.34 407.30 419.48 554.53 428.50 699.43 580.39 674.61
00012848 00000012 299.28 131.31 523.32 755.41 376.26 441.70 570.79 412.76 429.14 560.94 433.81 707.04 588.89 682.25
00012849 00000013 302.09 133.39 525.01 749.45 379.50 439.99 575.62 413.61 432.24 563.20 436.33 705.30 590.99 682.75
00012850 00000014 305.46 135.79 526.59 743.15 381.71 437.49 581.04 413.15 435.92 564.00 438.18 703.80 593.80 683.25
00012851 00000015 309.02 138.34 529.62 740.47 383.83 437.33 584.54 414.09 438.91 565.98 440.67 705.00 596.32 685.51
00012852 00000016 312.05 139.74 528.74 737.31 387.21 437.63 588.19 416.57 443.57 568.31 443.65 705.57 598.41 687.96
00012853 00000017 312.61 140.26 529.02 742.39 388.96 436.54 590.35 411.30 446.82 571.69 442.66 705.24 603.44 685.03
00012854 00000018 315.30 145.26 528.82 735.13 392.06 445.49 592.31 423.61 449.14 573.76 448.18 707.69 604.53 689.17
00012855 00000019 311.16 144.06 533.36 744.14 392.02 439.72 594.05 418.61 451.39 575.47 444.44 705.80 608.06 688.73
00012856 00000020 308.50 145.38 534.20 742.70 391.47 439.64 593.43 419.20 452.41 577.35 445.36 706.29 607.11 689.67
00012857 00000021 308.35 151.84 532.61 730.80 390.35 446.20 594.12 427.62 451.30 578.35 446.90 707.46 604.78 691.70
00012858 00000022 305.83 152.37 529.25 729.20 387.61 448.68 588.99 427.25 448.89 579.56 447.52 710.03 603.44 691.84
00012859 00000023 304.35 153.45 526.88 726.86 385.36 449.89 585.29 427.50 446.97 578.40 445.65 711.08 598.72 692.24
00012860 00000024 302.94 149.49 524.18 729.42 382.56 450.18 580.95 426.71 443.82 576.13 442.85 711.74 594.46 691.88
00012861 00000025 299.43 146.41 525.26 733.41 379.52 450.43 578.91 425.19 441.98 574.82 440.39 712.96 592.88 691.54
00012862 00000026 301.67 150.28 519.74 733.84 382.52 445.93 577.78 419.60 442.48 569.62 439.08 710.02 592.09 687.11
00012863 00000027 299.86 153.54 520.12 731.09 380.30 446.82 575.29 419.40 440.36 569.93 437.32 709.93 590.41 686.12
00012864 00000028 296.85 148.99 520.24 734.04 378.87 446.94 573.71 419.37 439.98 569.41 435.70 709.06 589.11 685.23
00012865 00000029 295.98 150.95 520.56 732.92 378.37 446.79 572.92 418.99 440.24 569.45 435.79 708.94 589.26 684.86
00012866 00000030 295.50 151.44 521.26 733.02 377.92 446.84 572.87 419.11 439.88 570.14 435.32 709.06 589.42 685.00
00012867 00000031 296.04 152.38 521.80 731.36 377.77 447.45 572.96 419.28 439.46 570.05 435.20 708.97 589.69 684.54
00012868 00000032 296.99 152.64 520.91 730.59 378.37 447.42 573.12 419.37 439.97 569.87 435.43 708.48 589.83 684.10
00012869 00000033 299.55 150.93 519.64 731.94 379.21 448.73 574.67 420.28 439.36 569.47 435.47 709.64 590.38 685.02
00012870 00000034 301.51 153.01 518.61 729.75 380.98 449.02 575.65 420.75 440.32 569.69 437.10 709.50 592.00 684.87
00012871 00000035 302.99 153.95 518.73 728.09 382.73 448.29 576.83 420.83 442.03 569.32 438.93 709.37 592.31 685.41
00012872 00000036 298.74 151.23 524.92 727.14 376.70 452.09 576.83 425.22 440.08 575.17 438.01 713.14 592.68 690.33
00012873 00000037 299.56 150.37 526.05 727.38 378.37 451.44 579.14 425.48 441.62 574.95 439.36 712.55 593.55 690.57
00012874 00000038 301.51 148.30 524.43 729.24 379.33 450.33 580.26 424.93 442.27 575.22 439.64 712.61 593.74 691.11
00012875 00000039 301.78 147.14 523.44 730.66 380.37 449.30 581.21 424.52 443.79 575.88 440.82 713.22 594.17 692.24
00012876 00000040 302.14 146.20 524.43 734.59 381.07 449.73 581.77 424.68 443.96 576.00 441.15 713.97 594.74 692.78
00012877 00000041 299.94 154.00 530.20 725.85 381.07 448.66 583.03 424.85 442.57 576.98 440.95 711.39 596.85 691.46
00012878 00000042 304.17 154.69 524.26 733.04 388.50 440.00 584.75 419.48 448.40 570.83 441.93 710.04 595.82 691.91
00012879 00000043 303.58 153.61 524.32 734.45 387.48 441.63 584.37 419.93 448.00 571.40 442.03 710.73 597.03 691.55
00012880 00000044 305.64 159.12 522.28 728.67 387.48 445.08 583.88 421.28 447.61 571.81 442.56 711.54 597.50 690.57
00012881 00000045 306.02 159.53 519.95 728.28 385.99 447.49 582.91 422.02 446.75 573.10 442.05 712.61 598.33 690.18
00012882 00000046 302.65 156.62 523.52 725.73 380.39 451.44 580.41 427.53 441.69 580.21 440.45 713.73 597.12 693.37
00012883 00000047 307.47 156.20 516.31 730.00 387.68 446.53 583.38 422.10 449.39 574.49 443.33 710.54 598.52 688.92
00012884 00000048 308.05 155.74 515.92 729.59 387.91 444.94 584.49 421.79 450.07 574.34 443.00 709.21 598.33 688.72
00012885 00000049 308.10 154.37 515.83 729.57 388.48 444.30 585.27 421.87 450.39 573.51 442.57 708.34 597.64 688.52
00012886 00000050 307.18 154.20 516.50 728.47 387.99 443.79 585.02 421.26 450.79 573.84 443.06 707.99 597.55 688.12
00012887 00000051 306.78 153.20 517.67 728.32 388.15 443.18 585.56 421.06 451.02 573.66 443.18 707.55 596.81 688.12
00012888 00000052 302.08 150.35 523.14 726.18 381.90 448.61 584.34 426.15 446.68 579.47 442.23 711.25 596.54 692.20
00012889 00000053 302.33 149.39 524.63 724.58 382.34 448.41 585.98 426.32 448.59 579.88 443.59 710.23 597.79 691.54
00012890 00000054 303.05 149.96 525.14 717.05 381.77 447.83 587.88 426.03 449.98 580.28 443.98 708.68 598.45 690.26
00012891 00000055 303.86 147.04 522.36 716.01 382.34 447.75 589.01 426.02 451.78 579.91 443.71 706.72 599.07 688.39
00012892 00000056 303.70 147.03 523.16 717.36 383.49 448.06 589.64 426.91 453.10 580.71 442.56 703.37 601.81 685.44
00012893 00000057 303.19 149.48 523.18 717.06 383.98 449.85 589.64 427.66 454.08 580.91 443.54 701.60 604.84 682.58
00012894 00000058 301.50 151.06 524.03 715.92 383.83 450.07 589.35 428.04 454.49 581.07 443.05 699.90 605.39 680.99
00012895 00000059 300.79 153.30 525.03 715.43 383.19 450.52 588.29 427.34 453.75 581.42 442.60 699.52 606.87 679.49
00012896 00000060 299.62 149.46 525.98 722.24 382.87 451.25 587.63 427.14 453.16 580.54 441.88 699.04 607.89 678.05
00012897 00000061 299.79 151.94 526.14 720.55 381.76 451.54 586.98 427.06 451.78 580.75 440.99 699.26 608.32 677.94
00012898 00000062 298.25 152.94 527.13 718.49 381.75 450.74 587.41 426.95 452.39 579.81 440.34 697.65 607.79 676.98
00012899 00000063 298.51 150.82 526.01 719.92 381.72 450.77 586.83 426.58 452.35 579.49 440.23 697.32 607.72 676.23
00012900 00000064 298.40 150.31 525.46 718.56 381.09 450.42 586.31 426.11 451.93 578.98 439.85 696.84 607.06 675.66
00012901 00000065 298.39 151.85 525.58 715.91 380.98 450.19 586.53 425.66 452.18 577.73 439.97 696.26 607.59 674.91
00012902 00000066 298.55 150.68 525.42 717.57 381.30 450.32 586.17 425.49 452.03 577.40 440.12 695.84 607.99 674.14
00012903 00000067 299.07 150.44 524.53 717.50 381.39 450.02 586.36 425.50 451.90 577.54 439.92 696.02 607.62 674.61
00012904 00000068 298.98 152.28 525.80 715.90 380.84 449.45 586.88 425.58 451.71 578.86 439.70 696.29 608.68 675.42
00012905 00000069 299.14 150.74 526.12 717.53 381.59 450.07 587.10 426.12 452.27 578.82 440.34 696.72 608.23 675.87
00012906 00000070 300.73 153.12 524.44 715.63 382.48 450.68 587.62 427.45 452.32 579.67 440.28 696.93 608.48 676.63
00012907 00000071 301.84 151.94 523.90 716.44 383.64 452.56 588.06 429.78 452.67 581.31 441.06 697.40 608.93 677.43
00012908 00000072 294.03 156.65 537.13 712.17 379.55 447.37 590.13 426.29 452.53 582.51 439.06 696.54 609.79 678.01
00012909 00000073 295.43 158.74 535.52 710.34 380.17 449.62 588.18 429.75 450.59 583.90 439.62 696.82 608.58 679.16
00012910 00000074 295.33 158.51 535.14 710.75 379.91 450.27 589.37 428.97 451.93 583.93 439.67 697.46 609.77 678.62
00012911 00000075 297.49 158.76 531.94 710.38 379.40 452.69 589.30 429.14 451.76 585.77 440.15 699.15 611.23 678.50
00012912 00000076 302.17 156.18 526.03 710.99 382.81 453.38 585.38 432.17 448.59 585.51 441.07 697.65 608.57 678.84
00012913 00000077 301.61 156.30 525.63 710.88 382.41 452.85 584.60 431.90 448.51 584.87 441.02 697.10 607.66 678.56
00012914 00000078 300.90 153.43 525.00 715.09 382.31 452.29 584.32 430.71 448.97 583.52 440.75 697.56 607.48 678.46
00012915 00000079 299.72 152.89 525.38 716.37 380.83 452.51 583.66 430.02 448.16 583.59 440.14 698.27 607.56 678.39
00012916 00000080 299.49 154.91 525.30 714.95 379.29 452.71 583.21 429.35 447.65 583.39 439.33 699.15 607.25 678.64
00012917 00000081 298.98 156.87 525.74 712.33 378.28 452.76 582.63 428.15 447.20 583.28 439.30 700.06 606.85 678.59
00012918 00000082 298.76 155.49 525.42 713.86 377.63 452.88 582.21 427.98 446.46 583.04 438.97 700.97 606.17 679.25
00012919 00000083 297.84 153.75 526.24 714.86 377.67 453.12 581.49 428.07 446.27 582.54 439.02 701.02 605.33 679.19
00012920 00000084 297.69 154.68 526.60 714.49 376.95 453.02 582.29 427.54 446.43 582.41 438.31 701.40 605.42 679.27
00012921 00000085 299.00 154.60 524.83 714.39 377.23 451.95 581.71 426.86 445.53 581.94 438.34 700.69 605.19 678.79
00012922 00000086 298.44 153.29 525.43 716.47 377.28 451.98 581.75 426.77 445.59 582.23 438.11 700.84 605.47 678.85
00012923 00000087 298.56 153.82 525.85 714.86 377.77 451.59 581.89 426.98 445.93 582.37 438.91 700.31 605.45 678.87
00012924 00000088 299.49 154.74 525.66 713.92 378.17 451.53 583.39 427.35 446.96 582.91 439.12 700.20 606.65 679.07
00012925 00000089 300.76 155.99 525.15 712.03 379.30 450.93 585.05 427.80 448.16 583.77 440.05 699.80 607.61 679.54
00012926 00000090 301.83 158.46 524.30 707.86 380.52 450.42 586.58 428.65 449.88 585.17 440.82 698.68 607.63 679.61
00012927 00000091 301.79 158.91 524.24 707.82 381.04 450.59 587.98 429.64 451.30 586.21 440.76 699.06 608.43 680.71
00012928 00000092 302.48 158.43 523.06 707.94 381.35 450.81 587.97 429.51 452.11 586.34 441.11 699.78 608.35 681.09
00012929 00000093 302.84 159.86 522.93 706.59 381.33 450.94 588.41 429.94 452.24 587.45 441.04 699.83 608.45 681.44
00012930 00000094 302.72 160.79 523.14 705.67 381.06 450.83 588.58 429.76 452.24 587.58 441.04 700.22 608.46 681.82
00012931 00000095 302.27 161.02 524.18 704.98 382.56 451.78 587.91 432.28 451.66 587.61 440.92 698.46 608.64 681.20
00012932 00000096 295.80 160.45 534.21 707.65 380.50 447.31 589.60 430.33 451.41 586.73 438.98 697.57 608.30 682.38
00012933 00000097 294.86 158.45 534.74 710.56 379.55 447.72 588.92 429.70 450.81 587.13 439.24 698.50 608.44 682.43
00012934 00000098 295.89 160.72 533.72 708.02 380.30 448.00 590.30 430.06 452.00 586.83 439.40 698.38 608.76 682.48
00012935 00000099 299.13 162.33 530.21 705.84 378.98 452.17 590.40 429.80 451.65 588.16 439.95 700.81 610.81 681.21
00012936 00000100 302.69 161.71 524.18 705.51 381.89 452.63 589.96 432.69 452.05 588.09 439.96 700.31 609.11 682.76
00012937 00000101 304.71 158.65 523.08 710.68 384.88 451.70 591.17 433.87 453.70 586.58 440.97 701.96 604.21 686.58
00012938 00000102 307.39 159.55 527.47 731.53 393.01 447.90 593.49 427.87 457.40 580.08 446.25 709.07 603.68 691.06
00012939 00000103 302.78 155.20 530.25 740.61 389.58 444.84 595.34 420.41 457.92 583.33 443.22 713.21 603.91 693.98
00012940 00000104 301.05 157.40 530.55 741.07 393.22 442.30 598.47 418.13 462.79 580.47 447.17 715.42 599.04 696.67
00012941 00000105 302.57 152.11 532.16 747.49 394.64 442.15 601.31 417.48 464.88 579.49 449.08 715.92 601.08 696.88
00012942 00000106 303.53 149.38 532.16 747.31 396.50 440.90 603.69 415.58 468.18 576.77 453.23 714.97 601.96 695.37
00012943 00000107 305.36 141.38 531.72 752.41 399.61 438.29 605.63 413.10 471.44 570.96 455.76 712.06 601.97 692.44
00012944 00000108 308.84 132.36 529.79 761.94 401.82 434.87 607.77 411.25 471.20 569.54 456.29 711.08 601.72 692.88
00012945 00000109 311.67 128.67 526.99 765.16 404.23 429.72 610.02 406.41 473.65 565.49 457.99 711.28 599.24 693.39
00012946 00000110 312.11 121.34 528.22 771.32 407.24 426.50 613.71 403.77 477.21 559.88 460.28 708.05 598.29 690.67
00012947 00000111 321.91 105.93 511.63 760.15 412.66 425.03 610.15 407.21 478.93 551.42 461.86 705.82 596.05 691.54
00012948 00000112 322.60 101.22 512.86 764.80 416.93 423.05 615.03 406.98 485.17 548.47 463.52 701.09 600.63 688.21
00012949 00000113 326.62 111.37 511.74 744.22 420.55 422.37 621.50 404.68 492.56 549.48 470.76 698.17 608.29 683.34
00012950 00000114 328.80 107.28 514.91 751.13 428.33 425.82 627.83 400.56 504.45 544.09 475.15 694.74 616.81 675.18
CROP_BBOX: 79 0 1265 1080
