Video ID: 	oZ3RMVSR5N8
H: 	1080
W: 	1920
FPS: 	25.0

FRAME INDEX X0 Y0 W H [Landmarks (5 Points)]

00011171 00000000 493.18 211.09 369.67 485.13 583.43 419.49 732.77 411.00 653.70 506.60 607.40 567.48 743.10 560.77
00011172 00000001 493.68 211.47 369.53 483.63 583.03 419.09 733.15 410.20 653.45 505.38 607.21 566.94 743.43 559.83
00011173 00000002 494.39 212.57 368.57 482.86 583.52 419.06 733.17 410.08 653.96 505.84 607.76 567.22 743.67 560.04
00011174 00000003 494.67 213.37 368.01 483.69 583.79 419.70 733.61 411.84 653.96 506.92 607.65 568.10 743.53 561.93
00011175 00000004 495.00 213.85 367.93 484.08 583.90 420.91 733.74 412.77 654.18 508.42 608.47 570.04 743.98 563.66
00011176 00000005 494.93 214.62 367.78 483.41 583.37 421.42 733.73 413.44 653.48 509.42 607.75 570.90 743.52 564.74
00011177 00000006 494.45 214.51 367.98 483.76 583.37 421.05 733.41 413.07 653.45 508.93 607.61 570.35 743.16 564.15
00011178 00000007 494.26 213.85 368.08 483.70 583.64 420.67 733.39 412.73 653.65 508.28 607.11 569.26 742.62 563.07
00011179 00000008 494.29 212.86 368.18 484.35 583.58 419.90 733.31 412.12 653.61 507.50 607.00 568.45 742.94 562.36
00011180 00000009 494.12 212.11 368.21 484.36 583.40 419.81 733.44 412.09 653.66 507.42 607.03 568.51 743.11 562.47
00011181 00000010 494.23 213.24 368.43 483.82 583.75 419.67 733.54 412.51 653.64 507.74 606.83 568.33 742.71 562.75
00011182 00000011 494.75 213.75 367.94 483.23 584.03 419.86 734.09 412.77 653.84 507.76 607.28 568.86 742.90 563.39
00011183 00000012 495.07 214.11 367.28 483.13 584.21 420.23 734.53 413.27 654.25 508.35 607.20 569.38 742.95 564.04
00011184 00000013 495.26 213.63 367.14 483.00 584.28 420.15 734.50 412.93 654.54 507.90 607.51 569.05 743.38 563.48
00011185 00000014 495.18 212.68 367.32 483.33 584.17 419.41 734.30 412.37 654.62 507.40 607.39 568.36 743.40 562.94
00011186 00000015 495.51 212.38 367.09 483.07 585.02 418.69 734.78 411.97 655.40 506.21 607.86 566.97 743.97 561.75
00011187 00000016 496.14 212.80 366.45 481.23 585.21 418.01 735.64 410.71 656.07 504.30 608.06 566.72 744.23 561.05
00011188 00000017 496.51 211.61 366.53 481.14 585.60 416.68 736.59 409.63 657.16 502.44 607.97 565.62 744.88 560.19
00011189 00000018 495.81 209.01 366.88 485.35 579.18 421.75 732.09 406.64 653.92 502.26 602.94 564.65 750.44 550.64
00011190 00000019 496.16 206.83 367.18 486.22 579.42 421.00 731.87 406.14 653.83 501.63 603.03 563.67 749.64 549.85
00011191 00000020 496.81 207.43 366.60 484.86 580.15 420.59 732.41 406.06 654.32 499.98 603.02 562.78 749.99 549.15
00011192 00000021 497.04 208.27 366.34 483.50 580.00 419.99 732.41 405.80 653.63 499.59 602.46 562.39 749.49 549.02
00011193 00000022 497.54 208.37 366.43 483.22 580.23 419.90 732.83 405.84 653.57 498.99 602.19 562.01 749.65 548.72
00011194 00000023 497.88 208.48 366.11 482.83 580.66 419.41 732.77 405.60 653.48 498.77 602.55 561.75 749.41 548.66
00011195 00000024 498.33 208.34 365.80 482.54 580.76 419.36 733.19 405.58 653.75 498.89 602.29 561.54 749.66 548.46
00011196 00000025 497.99 208.57 366.28 482.05 580.73 419.26 733.71 405.38 654.19 498.83 602.44 561.63 750.03 548.47
00011197 00000026 498.13 209.29 365.32 481.26 580.87 418.95 734.08 405.38 654.36 498.49 602.47 561.64 750.26 548.74
00011198 00000027 499.58 208.20 364.06 482.42 583.06 420.72 736.03 408.44 655.90 499.20 603.19 561.80 751.28 550.04
00011199 00000028 499.94 208.66 364.66 481.59 586.51 420.06 741.32 409.80 660.00 497.65 603.47 560.31 753.72 550.33
00011200 00000029 503.87 209.69 364.07 477.61 595.39 412.46 748.04 408.03 667.48 495.07 612.81 560.55 750.67 557.62
00011201 00000030 506.05 205.99 361.29 484.34 592.34 416.91 748.78 407.58 667.82 498.27 608.46 560.69 759.08 551.78
00011202 00000031 512.94 206.68 359.29 481.58 605.32 410.33 757.90 406.75 680.40 497.79 619.90 559.94 759.76 558.44
00011203 00000032 518.16 207.30 357.28 480.86 612.17 407.19 764.20 405.23 688.77 495.86 623.14 556.27 765.41 556.92
00011204 00000033 523.02 207.44 358.12 480.14 620.00 404.68 772.23 403.76 698.40 491.46 625.51 552.05 770.51 554.05
00011205 00000034 528.34 201.53 359.70 484.59 626.07 402.36 781.17 401.31 709.06 489.00 634.10 550.56 782.49 552.45
00011206 00000035 535.15 200.21 359.85 482.67 634.08 398.29 790.58 400.14 719.12 484.17 643.28 547.23 792.60 551.58
00011207 00000036 543.01 197.49 357.97 480.88 643.38 398.18 802.86 401.86 729.58 481.56 649.42 545.47 801.84 551.33
00011208 00000037 549.30 196.06 356.97 479.88 655.79 393.01 809.02 400.37 735.51 481.87 662.00 545.50 802.42 551.89
00011209 00000038 553.37 195.59 357.99 480.43 662.83 393.02 818.29 402.25 744.90 483.46 668.06 545.92 809.38 553.60
00011210 00000039 560.73 199.49 356.94 479.43 672.71 399.37 823.32 403.88 754.66 490.26 672.08 549.67 816.70 553.88
00011211 00000040 569.11 203.21 350.72 478.51 681.86 403.69 829.96 409.99 763.91 495.76 679.12 553.31 822.41 559.13
00011212 00000041 572.96 207.93 351.09 475.25 689.39 407.57 838.22 416.08 772.29 497.56 685.81 556.80 827.57 564.20
00011213 00000042 576.31 211.82 351.76 474.52 694.61 410.82 843.80 419.73 776.78 501.20 690.24 558.91 830.80 566.73
00011214 00000043 579.35 210.14 355.65 486.46 696.54 412.02 852.24 425.02 776.78 502.41 696.11 566.22 832.86 578.44
00011215 00000044 581.21 213.76 357.26 487.75 699.26 414.63 854.76 426.78 779.45 508.03 701.82 572.13 833.23 583.44
00011216 00000045 581.36 215.89 358.29 492.59 700.08 416.96 855.55 427.11 781.65 513.18 704.56 577.80 833.61 587.49
00011217 00000046 580.47 216.66 358.97 498.45 699.54 419.32 854.68 429.75 781.08 516.70 703.33 581.17 833.63 591.19
00011218 00000047 578.60 217.33 360.02 505.38 702.02 423.44 853.85 434.58 784.29 519.89 706.49 585.66 834.22 595.84
00011219 00000048 577.12 213.18 361.18 513.33 699.17 422.87 850.39 432.84 782.36 515.61 705.09 585.10 834.98 594.33
00011220 00000049 575.55 205.95 361.14 518.95 697.47 415.10 851.26 425.85 782.95 507.16 705.30 581.86 836.24 591.95
00011221 00000050 573.35 202.49 359.13 514.47 692.04 409.62 846.59 418.66 778.32 498.31 703.53 576.49 835.75 585.21
00011222 00000051 570.90 200.17 357.26 510.31 688.16 403.85 839.74 407.83 776.39 493.06 703.99 573.24 834.81 578.00
00011223 00000052 567.25 199.28 353.38 506.38 681.48 404.06 832.99 402.70 773.02 493.07 704.78 575.90 833.61 576.04
00011224 00000053 555.86 200.43 357.39 508.03 670.20 411.07 823.54 406.46 765.34 497.61 702.54 583.11 830.05 579.96
00011225 00000054 547.16 210.77 361.24 503.82 656.49 423.48 810.10 407.33 755.79 500.39 692.70 589.38 822.85 575.99
00011226 00000055 538.70 211.41 359.22 503.26 645.72 428.47 797.35 408.03 743.22 506.65 682.49 592.00 812.90 575.12
00011227 00000056 531.32 212.96 358.77 500.79 635.16 431.19 783.77 405.70 731.13 511.63 674.96 592.92 803.31 572.07
00011228 00000057 526.62 212.59 359.47 501.01 629.05 433.04 777.39 405.14 725.40 512.76 669.92 593.85 799.55 570.89
00011229 00000058 521.85 215.12 360.17 500.36 624.37 433.56 774.08 408.23 720.09 516.17 665.43 595.86 794.06 575.08
00011230 00000059 520.26 222.05 356.15 497.19 622.87 437.07 772.93 419.55 713.83 522.02 657.74 597.61 785.63 583.39
00011231 00000060 519.06 227.68 355.68 494.98 617.80 439.60 768.69 426.04 704.10 527.86 650.52 600.89 777.71 590.25
00011232 00000061 516.18 226.48 357.77 499.33 613.40 440.98 764.13 429.87 695.91 533.36 644.08 603.29 769.99 594.93
00011233 00000062 513.92 227.16 359.12 499.20 609.81 440.63 761.22 431.92 690.26 534.62 639.28 602.41 766.04 596.06
00011234 00000063 512.07 226.98 359.11 499.70 607.81 441.62 760.00 433.42 688.62 534.38 638.53 602.83 765.68 596.72
00011235 00000064 509.87 226.16 359.92 500.72 606.01 442.02 758.82 432.36 688.02 533.08 638.47 602.95 766.92 595.44
00011236 00000065 507.06 226.43 362.10 502.03 603.65 443.05 756.39 432.17 686.51 532.70 638.80 604.07 767.44 595.35
00011237 00000066 505.76 226.90 363.32 503.37 602.54 445.82 756.19 434.73 686.03 533.89 638.46 606.60 768.04 597.60
00011238 00000067 505.25 227.34 363.54 504.14 601.14 450.06 756.47 438.67 685.54 538.07 639.47 610.91 769.60 601.42
00011239 00000068 506.39 229.13 362.40 505.15 602.29 453.71 756.02 442.32 686.16 541.58 641.28 614.94 768.52 605.49
00011240 00000069 508.22 227.75 362.27 512.62 605.34 453.36 756.72 444.00 687.19 543.15 640.81 617.25 764.87 609.66
00011241 00000070 511.29 229.11 362.18 514.44 607.77 453.98 758.22 445.01 688.87 547.01 642.10 619.14 765.87 611.86
00011242 00000071 515.11 231.61 360.49 511.62 612.41 453.36 761.88 445.53 692.97 547.46 643.72 617.80 767.64 611.56
00011243 00000072 520.00 232.06 359.53 511.06 616.94 452.48 765.29 445.76 696.25 545.69 644.32 615.86 769.54 610.66
00011244 00000073 527.88 232.31 358.12 509.58 618.04 445.21 766.31 440.42 699.04 538.89 639.98 613.87 768.37 611.02
00011245 00000074 531.18 232.35 357.26 508.64 620.55 446.20 770.03 441.86 702.39 539.12 641.27 612.63 773.70 610.22
00011246 00000075 533.68 232.28 357.18 505.68 622.09 446.72 773.57 440.75 705.71 538.76 643.97 612.30 779.59 608.36
00011247 00000076 536.15 230.99 356.99 504.16 624.50 445.98 777.81 439.96 709.07 538.46 646.07 610.51 785.04 606.46
00011248 00000077 538.23 229.45 357.63 505.42 627.96 445.28 782.40 440.47 713.49 539.64 648.72 610.89 788.37 607.85
00011249 00000078 540.98 231.49 357.32 504.00 632.07 443.89 786.50 440.13 717.74 539.28 652.70 611.40 791.02 609.21
00011250 00000079 536.75 231.82 362.86 508.43 637.82 447.25 791.29 443.43 717.52 542.72 660.83 611.13 791.86 608.46
00011251 00000080 537.86 231.68 363.46 515.35 639.95 445.75 791.90 443.22 719.31 540.86 661.01 612.12 792.12 610.51
00011252 00000081 542.24 229.88 359.98 517.86 634.89 440.06 788.88 438.26 721.08 537.72 656.92 614.07 791.78 613.53
00011253 00000082 540.84 231.12 359.95 515.91 631.25 441.08 784.81 437.45 715.89 537.62 654.32 613.35 789.66 611.24
00011254 00000083 540.28 231.49 358.22 511.92 627.14 440.33 781.15 435.97 710.10 536.64 650.51 613.15 783.65 610.42
00011255 00000084 536.71 228.88 357.03 506.36 619.30 439.09 774.16 431.00 699.52 534.35 643.96 611.83 775.97 605.72
00011256 00000085 526.67 228.27 359.31 500.65 615.70 439.70 770.23 433.15 691.87 536.26 642.38 608.44 769.13 604.24
00011257 00000086 520.14 222.46 360.48 510.21 609.30 434.56 763.50 429.53 684.05 532.92 636.25 606.79 762.15 604.09
00011258 00000087 518.03 222.91 360.27 512.11 603.58 435.13 758.13 429.37 676.34 532.36 630.01 604.37 760.36 600.78
00011259 00000088 512.89 223.21 363.96 507.10 597.33 438.04 752.19 431.23 670.28 532.13 627.21 602.99 758.01 598.10
00011260 00000089 509.93 227.42 363.77 497.86 593.80 439.81 749.46 432.81 666.86 532.06 624.10 601.97 754.74 596.82
00011261 00000090 507.39 225.96 363.75 494.12 590.98 437.25 747.18 430.11 664.91 528.90 622.82 599.66 752.84 594.48
00011262 00000091 506.43 219.49 362.82 498.08 590.31 431.67 745.34 426.94 661.34 525.11 620.55 596.08 748.52 593.05
00011263 00000092 505.56 213.10 361.94 504.45 589.45 427.71 742.03 423.33 659.01 520.49 620.15 594.99 745.55 592.31
00011264 00000093 505.14 210.54 360.84 506.37 589.00 426.68 740.41 423.10 657.28 518.98 618.98 594.87 741.99 593.09
00011265 00000094 505.38 209.83 360.68 506.68 589.13 426.62 740.36 422.84 657.26 518.88 619.18 593.88 742.98 591.87
00011266 00000095 505.13 211.95 361.14 504.11 588.94 427.98 740.38 422.92 657.95 519.36 620.45 594.61 744.38 591.44
00011267 00000096 504.95 213.17 361.05 502.35 588.85 428.23 740.72 423.71 657.96 520.17 620.70 595.35 744.01 592.61
00011268 00000097 504.55 214.38 360.98 500.98 588.83 429.45 740.36 424.03 658.19 520.17 621.09 595.74 744.38 592.19
00011269 00000098 503.49 213.48 361.81 503.41 588.31 429.65 739.73 424.14 657.99 520.38 620.92 596.51 744.05 592.84
00011270 00000099 502.63 211.06 362.40 509.25 588.09 428.33 738.93 423.80 657.66 519.89 620.51 597.48 742.52 594.65
00011271 00000100 501.84 209.56 361.31 515.83 588.46 426.66 737.84 423.35 657.71 519.55 619.98 601.17 737.62 599.74
00011272 00000101 501.07 209.68 360.67 519.06 588.50 426.96 738.12 423.38 659.08 519.69 620.59 605.57 735.72 604.05
00011273 00000102 500.40 216.02 363.37 512.39 587.59 430.56 739.43 426.23 658.90 522.93 620.09 606.05 738.07 603.70
00011274 00000103 500.77 219.50 364.52 507.16 587.29 433.10 741.17 428.50 658.95 524.89 619.39 605.02 740.73 602.27
00011275 00000104 502.85 219.60 363.79 505.76 588.85 432.57 744.16 427.85 661.55 525.35 620.53 604.62 743.40 601.89
00011276 00000105 503.87 219.81 363.11 505.76 591.02 431.33 746.21 427.72 664.49 525.12 622.44 604.50 744.39 602.75
00011277 00000106 506.57 219.01 360.69 502.12 593.52 430.37 748.32 427.15 667.39 524.72 626.07 601.79 747.68 600.40
00011278 00000107 507.50 216.68 361.22 505.02 594.26 429.23 748.49 426.35 667.76 523.70 625.75 601.05 747.63 600.01
00011279 00000108 507.25 218.10 361.47 505.02 595.32 429.04 749.61 426.75 669.53 524.51 625.94 601.79 746.73 601.39
00011280 00000109 505.29 218.44 362.90 507.86 594.61 430.58 750.11 427.62 670.81 525.16 626.92 605.82 746.93 604.78
00011281 00000110 503.67 221.59 363.27 507.91 593.50 434.36 749.32 429.56 670.59 527.33 627.53 610.35 746.60 607.49
00011282 00000111 503.17 222.00 363.79 509.29 593.56 435.40 749.02 430.10 671.11 528.86 628.33 612.42 746.24 609.07
00011283 00000112 502.30 220.78 364.58 513.62 593.41 435.33 748.86 429.52 671.47 528.31 628.27 614.82 745.39 611.18
00011284 00000113 501.68 220.65 364.57 515.97 593.68 435.53 747.78 429.93 671.36 528.46 628.08 615.92 743.68 612.42
00011285 00000114 502.29 221.76 363.69 514.46 594.06 435.74 748.48 429.90 671.74 529.17 628.28 616.09 744.07 612.40
00011286 00000115 511.85 228.15 359.68 506.28 593.34 429.59 748.23 421.44 673.14 524.39 625.26 612.89 739.89 607.31
00011287 00000116 505.26 223.48 362.42 510.31 596.79 436.76 751.55 430.72 674.32 530.73 630.52 614.76 747.11 611.01
00011288 00000117 506.86 223.45 361.57 509.40 598.92 435.82 752.84 429.74 676.08 531.74 632.21 614.03 747.96 610.42
00011289 00000118 508.11 223.84 361.60 508.05 600.80 435.76 754.68 429.26 678.65 532.09 634.14 613.36 749.73 609.43
00011290 00000119 509.34 223.52 361.40 507.64 603.30 435.11 756.83 428.47 682.06 532.12 636.93 612.80 752.08 608.87
00011291 00000120 510.53 223.72 361.15 508.72 604.52 436.89 757.35 429.73 683.91 533.48 638.71 613.72 754.53 609.22
00011292 00000121 511.49 224.09 360.97 506.74 605.32 436.98 758.64 429.49 685.24 533.59 640.04 612.77 756.79 607.94
00011293 00000122 512.23 224.12 362.03 503.82 604.96 437.15 760.03 428.68 685.71 532.62 640.24 609.31 761.84 603.46
00011294 00000123 513.25 223.66 361.40 502.72 605.51 437.05 760.67 427.82 686.52 531.15 641.16 609.23 762.90 602.81
00011295 00000124 514.34 221.76 362.07 502.86 607.23 434.71 762.43 425.17 688.47 529.28 642.68 608.12 764.07 601.55
00011296 00000125 514.13 220.25 363.00 508.42 607.88 435.34 763.89 424.78 690.77 529.28 644.05 610.40 766.90 602.85
00011297 00000126 515.62 219.85 361.86 511.86 609.06 434.89 763.63 423.95 691.95 529.37 645.45 611.81 766.61 604.00
00011298 00000127 516.45 218.23 362.58 515.40 611.06 434.94 767.07 424.25 694.67 529.49 647.49 612.07 770.91 604.36
00011299 00000128 518.68 220.47 361.04 513.08 614.90 439.08 769.13 429.41 697.87 529.70 647.80 611.06 772.00 604.13
00011300 00000129 519.39 219.56 361.28 511.12 616.28 439.30 770.23 429.46 699.61 528.62 649.30 609.81 773.49 602.63
00011301 00000130 520.92 219.50 360.62 507.13 617.38 438.68 771.84 428.62 700.85 527.70 650.15 608.26 774.96 600.88
00011302 00000131 521.70 218.12 360.63 504.83 618.26 435.99 773.43 425.29 703.15 526.08 651.99 606.39 776.75 598.53
00011303 00000132 524.03 215.29 359.70 504.71 620.75 433.80 775.51 422.41 706.10 522.52 655.15 604.54 779.47 596.26
00011304 00000133 524.63 214.84 360.03 503.84 622.95 433.44 777.98 420.58 710.30 520.88 658.33 603.67 783.22 594.11
00011305 00000134 525.09 214.65 360.62 504.21 625.34 433.65 780.07 419.96 713.81 521.15 661.45 604.58 785.57 594.28
00011306 00000135 525.70 214.59 361.21 506.28 629.77 435.93 782.73 421.61 719.22 519.83 666.74 605.00 790.52 593.64
00011307 00000136 527.38 218.31 358.17 505.73 633.58 439.18 785.89 427.32 723.21 518.57 667.45 604.53 791.93 594.96
00011308 00000137 528.57 219.29 357.64 506.73 635.67 438.28 789.22 427.29 727.42 520.35 669.73 604.61 795.89 595.48
00011309 00000138 529.91 219.27 357.28 508.74 636.30 440.82 788.82 426.70 729.80 522.33 673.20 607.13 799.42 595.33
00011310 00000139 528.26 220.66 356.58 507.77 634.14 441.40 786.74 423.83 729.87 523.92 674.82 609.65 801.20 595.02
00011311 00000140 525.74 221.80 355.35 506.93 631.02 443.93 782.80 422.70 728.67 525.29 675.02 612.12 801.37 594.44
00011312 00000141 523.07 219.08 355.73 508.75 627.97 443.72 779.54 420.87 725.64 524.45 674.52 612.17 799.94 593.18
00011313 00000142 515.79 220.20 357.52 506.76 621.02 445.65 773.59 421.73 718.34 522.38 669.14 611.88 795.07 592.20
00011314 00000143 508.09 223.64 357.54 504.66 613.20 446.21 766.03 420.20 711.02 521.65 661.70 611.22 788.75 589.90
00011315 00000144 499.05 221.07 361.30 508.70 603.42 447.69 757.19 419.05 701.34 520.19 658.32 614.79 784.61 591.10
00011316 00000145 483.76 218.73 369.71 514.25 590.11 448.00 743.65 417.64 688.76 519.33 649.46 614.76 777.47 589.04
00011317 00000146 474.21 219.87 374.19 515.87 580.58 448.53 733.37 415.76 680.64 517.50 643.10 614.38 772.18 586.43
00011318 00000147 470.08 219.15 379.20 516.18 575.97 451.94 718.65 415.09 671.99 515.96 633.42 612.07 757.64 579.60
00011319 00000148 464.09 227.85 370.60 509.40 558.60 461.66 710.36 416.08 662.30 523.87 620.72 624.79 751.07 586.97
00011320 00000149 459.34 228.12 372.55 507.33 554.26 464.19 705.09 418.34 656.41 529.84 614.83 624.68 745.17 587.11
00011321 00000150 461.96 231.16 370.15 502.22 554.57 463.53 705.57 420.03 655.21 532.31 613.26 624.05 744.67 588.46
00011322 00000151 465.73 219.73 377.36 512.87 564.40 456.72 711.84 421.32 658.14 527.20 614.96 614.49 749.30 583.99
00011323 00000152 472.23 224.98 374.65 506.79 569.68 452.19 716.78 419.75 663.80 524.15 620.14 613.04 751.30 584.79
00011324 00000153 476.11 221.94 371.52 507.42 578.32 448.80 732.00 423.09 672.16 524.50 632.82 609.99 762.45 588.05
00011325 00000154 486.86 217.81 370.14 510.34 591.12 444.73 745.25 422.11 684.32 522.60 642.98 608.25 771.60 588.99
00011326 00000155 502.91 219.30 362.36 507.59 601.32 439.54 756.23 420.79 692.07 522.66 648.35 607.67 775.25 592.09
00011327 00000156 515.37 219.86 357.81 506.19 615.92 437.34 767.47 421.69 704.76 524.38 655.16 606.97 777.86 594.74
00011328 00000157 528.50 220.81 358.74 506.34 630.53 435.32 781.88 423.29 718.26 524.59 663.08 605.31 788.39 595.96
00011329 00000158 538.44 219.25 363.10 509.20 643.30 432.10 798.97 424.92 733.81 520.67 672.34 601.10 802.62 595.47
00011330 00000159 549.31 212.39 362.58 511.81 659.35 428.31 806.07 423.01 745.06 514.67 688.21 597.88 805.85 593.12
00011331 00000160 553.90 208.90 361.25 511.79 663.73 424.48 812.21 420.58 749.63 515.20 691.99 595.72 810.82 592.45
00011332 00000161 552.35 204.99 365.43 514.49 665.83 415.12 824.43 421.44 752.56 509.88 690.79 592.86 818.51 598.41
00011333 00000162 552.48 203.41 364.30 514.65 665.63 414.52 823.15 419.18 752.66 508.41 690.48 591.45 818.80 595.78
00011334 00000163 548.03 209.74 364.12 508.53 655.55 419.72 809.14 417.79 745.91 505.35 680.36 587.96 809.13 587.26
00011335 00000164 540.51 206.42 365.58 507.19 647.28 421.25 800.98 414.48 738.29 505.82 675.94 587.12 806.43 582.14
00011336 00000165 535.89 196.49 364.74 504.89 636.43 421.35 793.07 408.70 726.98 502.44 671.84 586.37 802.70 576.05
00011337 00000166 531.44 193.68 362.09 507.71 629.92 421.74 782.96 406.86 718.60 503.21 666.96 586.77 794.48 574.91
00011338 00000167 528.05 199.65 361.42 511.59 630.16 423.74 778.72 410.38 716.81 504.29 664.31 589.20 788.75 578.80
00011339 00000168 527.95 202.37 359.42 512.80 628.89 424.93 775.50 410.55 713.55 507.37 663.00 594.03 783.87 583.33
00011340 00000169 527.92 205.97 361.41 510.32 628.74 428.99 777.63 412.33 715.32 512.41 665.14 598.06 787.11 585.19
00011341 00000170 526.31 204.57 363.34 506.49 628.83 428.77 779.40 412.07 718.02 512.40 665.22 594.13 789.58 580.93
00011342 00000171 528.12 198.80 364.76 508.50 629.62 426.49 781.57 410.86 718.99 510.62 666.46 592.38 791.57 580.01
00011343 00000172 529.34 195.45 363.46 505.39 629.66 422.28 782.88 405.93 719.77 505.45 666.18 587.56 793.04 574.59
00011344 00000173 529.13 193.38 362.31 506.69 628.28 417.51 781.41 401.43 718.57 500.05 664.08 585.62 790.82 573.08
00011345 00000174 525.86 195.47 363.35 510.25 627.20 416.38 777.96 399.46 717.27 500.20 662.89 587.41 786.74 574.46
00011346 00000175 525.12 198.52 362.49 509.82 625.60 417.06 775.52 399.26 715.77 501.54 661.93 588.71 785.59 575.15
00011347 00000176 524.35 203.08 362.22 509.00 624.33 420.07 773.92 402.65 713.25 506.29 659.81 590.74 784.64 577.60
00011348 00000177 523.65 204.80 361.53 508.58 622.82 422.60 773.38 404.78 712.55 507.77 659.31 593.27 784.85 579.78
00011349 00000178 523.31 207.19 360.96 507.59 622.34 424.50 773.25 407.24 711.16 509.57 658.49 594.46 784.00 581.32
00011350 00000179 523.91 207.88 360.99 505.37 622.20 424.68 773.78 408.41 710.20 509.84 657.19 593.94 783.00 581.62
00011351 00000180 524.76 205.34 360.92 506.85 622.42 422.25 773.70 407.15 709.05 508.11 655.34 591.77 781.74 580.56
00011352 00000181 525.34 205.03 362.98 508.40 624.30 424.61 776.10 410.29 710.56 511.69 657.11 593.61 783.61 582.83
00011353 00000182 526.77 203.49 363.03 509.85 626.44 424.84 778.65 411.43 712.55 512.34 657.52 593.66 784.05 583.73
00011354 00000183 528.92 205.51 363.22 509.19 629.83 426.65 782.05 415.15 715.88 514.73 660.61 595.05 786.87 586.58
00011355 00000184 531.32 208.44 362.93 508.09 632.97 426.34 784.76 415.90 719.23 515.32 663.66 595.14 789.84 587.47
00011356 00000185 532.38 208.56 363.03 507.06 634.51 425.27 786.18 415.23 720.87 512.95 664.60 593.47 790.97 586.12
00011357 00000186 532.99 206.78 362.99 508.31 635.76 424.47 787.40 415.05 722.27 511.42 665.68 592.32 792.26 585.45
00011358 00000187 532.87 205.45 363.17 508.80 635.64 423.69 787.31 414.16 722.30 510.13 665.41 591.40 792.43 584.38
00011359 00000188 531.74 205.46 363.51 508.11 633.47 423.09 785.50 412.22 720.44 509.53 663.25 590.80 791.14 582.74
00011360 00000189 531.33 203.95 362.90 510.69 632.75 423.19 784.66 412.08 719.68 509.72 662.04 591.49 790.13 583.37
00011361 00000190 530.18 203.92 362.09 512.71 630.48 422.74 781.99 410.66 717.15 509.98 658.82 591.54 788.63 582.67
00011362 00000191 530.05 205.30 361.94 513.35 630.34 423.36 783.15 410.91 718.03 510.61 658.93 593.78 789.43 584.64
00011363 00000192 529.23 206.78 361.90 512.70 630.12 426.14 783.79 413.57 718.49 514.24 659.40 595.45 790.38 586.04
00011364 00000193 528.03 206.76 362.19 509.67 629.32 426.47 783.55 412.18 719.37 514.40 659.10 593.04 791.65 582.07
00011365 00000194 528.57 207.48 362.18 508.63 630.08 426.77 783.76 411.52 720.69 513.30 660.89 592.79 793.27 580.97
00011366 00000195 527.44 203.88 362.41 508.32 628.74 422.11 782.21 406.54 720.19 507.19 659.11 586.54 793.65 574.43
00011367 00000196 526.31 198.29 362.70 507.46 626.32 414.19 782.13 397.42 719.73 496.67 657.57 580.20 794.17 567.18
00011368 00000197 528.94 188.93 363.33 502.55 623.52 404.36 777.97 386.92 714.52 479.66 657.52 567.14 795.81 553.26
00011369 00000198 529.75 180.43 363.74 503.78 621.23 400.42 775.60 381.93 711.73 471.73 657.35 562.41 793.90 547.38
00011370 00000199 531.64 180.18 364.64 503.40 622.74 400.20 777.48 382.02 713.18 470.02 659.38 561.41 796.83 546.71
00011371 00000200 533.17 181.03 364.59 503.17 625.60 400.92 780.72 383.92 715.83 471.87 661.60 563.08 798.36 549.33
00011372 00000201 532.44 183.64 365.72 504.23 626.82 406.92 782.20 390.58 716.76 479.80 661.87 566.37 800.07 553.11
00011373 00000202 527.46 192.58 364.82 501.49 626.35 411.55 778.37 396.15 714.12 485.87 657.80 569.19 792.08 556.70
CROP_BBOX: 188 0 1084 921
