Video ID: 	No0ToQS23C0
H: 	2160
W: 	3840
FPS: 	23.976023976023978

FRAME INDEX X0 Y0 W H [Landmarks (5 Points)]

00048897 00000000 1656.83 582.76 844.61 1016.20 1716.44 1093.06 2007.47 895.02 1792.92 1133.33 1853.42 1402.60 2114.58 1240.33
00048898 00000001 1641.84 574.55 841.33 1024.96 1704.00 1101.07 2000.63 905.52 1788.10 1138.79 1842.27 1404.20 2105.94 1244.69
00048899 00000002 1636.86 574.59 833.45 1011.12 1703.01 1099.13 2001.30 906.41 1796.70 1137.04 1843.41 1396.62 2104.46 1240.45
00048900 00000003 1641.68 573.61 843.09 1016.42 1705.43 1100.35 2004.45 904.50 1796.31 1141.25 1851.56 1399.48 2116.82 1239.53
00048901 00000004 1663.12 555.02 852.65 1051.02 1724.21 1105.58 2016.94 900.40 1807.80 1143.38 1863.93 1409.97 2127.18 1241.46
00048902 00000005 1680.31 568.56 842.12 1018.11 1741.54 1094.46 2030.21 893.57 1826.20 1134.05 1879.12 1401.21 2138.81 1237.28
00048903 00000006 1694.46 565.34 844.03 1015.85 1756.80 1088.01 2044.09 892.16 1841.11 1131.00 1887.23 1399.73 2141.97 1241.56
00048904 00000007 1704.80 569.01 842.29 1001.66 1774.19 1084.62 2057.14 893.01 1853.27 1120.34 1897.65 1391.04 2149.59 1236.05
00048905 00000008 1716.54 570.15 836.83 993.82 1790.10 1080.37 2069.64 888.66 1872.11 1115.80 1915.55 1385.14 2164.27 1229.82
00048906 00000009 1718.17 582.64 835.67 1007.66 1795.12 1057.95 2092.48 897.09 1868.79 1109.51 1922.13 1369.25 2164.06 1239.94
00048907 00000010 1725.41 580.38 837.24 1010.87 1796.90 1055.71 2092.31 896.45 1868.72 1107.76 1920.90 1373.10 2160.59 1244.98
00048908 00000011 1726.33 600.98 844.15 987.51 1798.83 1059.02 2102.57 892.77 1878.87 1107.08 1923.38 1375.90 2166.77 1242.44
00048909 00000012 1744.99 583.23 836.40 983.76 1823.44 1078.48 2096.35 888.14 1904.78 1101.75 1945.41 1377.36 2185.63 1221.05
00048910 00000013 1742.46 581.69 834.85 982.05 1815.46 1083.83 2093.17 881.02 1903.66 1103.94 1947.49 1386.17 2188.96 1219.72
00048911 00000014 1741.87 586.11 829.66 970.37 1816.75 1084.83 2095.13 883.99 1905.82 1102.76 1941.77 1381.23 2186.09 1217.13
00048912 00000015 1736.90 586.74 834.01 977.28 1805.50 1086.06 2084.43 881.98 1892.00 1106.62 1933.90 1387.11 2178.01 1220.05
00048913 00000016 1729.95 579.84 852.59 991.12 1796.85 1085.07 2076.10 882.86 1876.05 1110.00 1924.33 1390.47 2168.96 1226.06
00048914 00000017 1725.51 573.72 843.19 989.67 1793.33 1071.73 2067.26 877.18 1868.16 1107.00 1919.25 1382.01 2161.11 1223.94
00048915 00000018 1716.80 568.12 835.87 991.64 1781.01 1070.62 2064.22 884.32 1863.26 1119.08 1907.54 1384.41 2151.20 1233.65
00048916 00000019 1703.19 562.29 855.03 1007.90 1774.76 1085.77 2060.75 894.65 1857.69 1124.19 1900.45 1392.23 2147.09 1237.61
00048917 00000020 1693.63 562.37 861.21 1018.36 1759.70 1092.27 2050.41 894.61 1846.60 1129.96 1893.08 1400.48 2144.83 1240.42
00048918 00000021 1690.36 559.21 855.60 1029.45 1751.36 1090.94 2044.36 892.17 1836.46 1132.30 1884.86 1403.81 2139.70 1242.48
00048919 00000022 1694.57 578.64 853.80 990.26 1751.93 1070.50 2040.05 876.34 1827.31 1106.15 1874.34 1386.01 2126.18 1229.41
00048920 00000023 1701.61 588.54 850.67 963.91 1777.16 1069.63 2039.67 873.77 1835.88 1095.52 1888.69 1369.19 2107.48 1208.45
00048921 00000024 1688.25 552.88 851.24 995.59 1750.34 1052.96 2044.11 867.54 1822.19 1088.50 1862.00 1366.54 2120.68 1218.09
00048922 00000025 1697.57 569.08 838.52 975.88 1755.29 1045.36 2046.51 869.94 1828.27 1091.07 1865.91 1363.25 2119.06 1222.21
00048923 00000026 1699.04 570.23 845.09 992.78 1757.66 1061.99 2048.71 874.34 1833.50 1102.60 1876.19 1377.51 2130.35 1226.35
00048924 00000027 1698.73 569.70 849.09 990.50 1759.21 1062.99 2049.07 875.51 1834.04 1100.23 1878.01 1375.95 2131.14 1224.84
00048925 00000028 1702.71 569.61 841.02 986.68 1763.51 1061.21 2052.05 875.33 1835.37 1094.27 1875.50 1369.89 2130.96 1220.13
00048926 00000029 1699.87 564.49 849.07 982.62 1759.05 1058.34 2049.79 874.82 1834.78 1094.87 1874.06 1367.29 2132.51 1219.58
00048927 00000030 1704.78 563.60 839.69 984.23 1766.95 1056.82 2055.08 873.50 1841.86 1092.96 1880.32 1365.84 2136.19 1218.47
00048928 00000031 1707.75 559.63 840.59 988.50 1771.52 1056.35 2057.16 876.25 1844.73 1094.04 1881.41 1364.81 2136.46 1220.17
00048929 00000032 1703.22 569.91 845.51 984.78 1769.19 1053.01 2058.70 872.58 1843.64 1092.19 1879.13 1367.00 2131.15 1222.02
00048930 00000033 1708.44 566.99 842.09 994.35 1778.98 1054.10 2060.42 870.34 1850.18 1089.22 1887.73 1368.70 2137.22 1220.54
00048931 00000034 1707.09 563.96 848.79 1007.05 1775.09 1060.99 2056.25 873.04 1846.03 1098.00 1893.22 1377.85 2142.21 1225.51
00048932 00000035 1705.84 567.58 849.09 1017.43 1777.60 1065.70 2057.95 872.98 1852.01 1098.03 1896.32 1389.50 2138.03 1233.19
00048933 00000036 1705.00 567.99 852.20 1025.62 1780.76 1059.32 2063.68 871.76 1854.07 1097.58 1903.08 1387.30 2144.76 1234.38
00048934 00000037 1707.71 565.83 847.60 1033.55 1781.29 1057.81 2066.34 869.78 1858.63 1096.35 1908.52 1390.88 2149.23 1236.94
00048935 00000038 1703.14 566.23 849.10 1033.90 1779.42 1061.87 2066.14 870.57 1860.98 1100.63 1908.56 1394.86 2150.04 1238.31
00048936 00000039 1707.14 578.58 842.54 1014.78 1782.60 1066.53 2070.88 880.95 1864.47 1100.11 1910.77 1389.78 2155.71 1237.37
00048937 00000040 1705.10 568.34 846.76 1028.07 1781.65 1061.00 2066.50 878.45 1859.62 1100.41 1912.46 1388.96 2153.71 1238.79
00048938 00000041 1711.61 565.46 837.54 1027.56 1787.99 1056.09 2067.47 874.73 1861.03 1097.45 1915.07 1384.97 2155.00 1235.65
00048939 00000042 1710.15 559.29 839.34 1036.36 1785.16 1062.89 2065.35 875.61 1859.64 1104.20 1913.45 1390.52 2153.28 1237.09
00048940 00000043 1706.68 562.19 844.02 1036.05 1781.20 1062.45 2065.03 872.94 1858.15 1105.03 1911.97 1394.38 2151.94 1239.18
00048941 00000044 1705.48 555.77 844.69 1041.67 1780.59 1062.07 2062.91 877.20 1854.36 1107.75 1907.85 1394.04 2144.34 1243.00
00048942 00000045 1702.81 554.03 849.15 1053.04 1778.94 1061.01 2062.96 874.64 1852.42 1107.12 1908.50 1397.03 2145.12 1244.35
00048943 00000046 1701.75 555.54 849.16 1046.56 1775.31 1060.28 2065.80 873.66 1853.90 1108.42 1909.24 1398.32 2146.76 1245.55
00048944 00000047 1708.09 562.62 838.69 1033.06 1777.21 1061.84 2067.07 875.46 1854.65 1110.45 1911.36 1397.46 2148.79 1244.95
00048945 00000048 1710.40 561.80 839.49 1042.77 1779.45 1063.65 2065.57 877.22 1850.20 1112.53 1909.44 1401.75 2144.45 1249.12
00048946 00000049 1703.55 553.16 845.86 1057.02 1777.44 1069.12 2063.62 879.97 1852.36 1115.18 1907.80 1406.81 2144.97 1252.11
00048947 00000050 1704.78 556.83 841.96 1050.19 1776.00 1071.26 2063.92 879.42 1855.35 1117.90 1909.16 1409.01 2147.84 1252.37
00048948 00000051 1705.04 559.82 842.36 1037.49 1774.72 1071.18 2062.03 881.76 1855.02 1118.88 1905.29 1404.55 2143.84 1250.33
00048949 00000052 1705.36 560.56 845.01 1040.13 1775.34 1071.20 2061.72 881.69 1854.14 1120.34 1906.73 1406.28 2145.30 1251.65
00048950 00000053 1706.91 560.01 839.13 1033.72 1777.42 1070.47 2063.82 881.80 1855.60 1119.19 1908.43 1404.24 2147.25 1250.59
00048951 00000054 1710.35 564.90 837.90 1022.73 1778.92 1069.78 2065.04 883.42 1855.17 1118.02 1905.31 1401.15 2143.22 1249.82
00048952 00000055 1710.59 566.36 840.36 1021.85 1779.67 1075.37 2065.88 885.73 1859.18 1117.72 1905.38 1402.54 2143.79 1248.61
00048953 00000056 1707.79 561.34 846.10 1031.18 1776.59 1076.23 2063.62 886.33 1859.02 1119.88 1906.90 1402.61 2146.68 1248.05
00048954 00000057 1705.67 560.74 844.68 1033.89 1777.27 1072.86 2064.70 884.91 1857.93 1119.68 1905.76 1402.05 2144.60 1248.76
00048955 00000058 1709.95 554.17 835.01 1031.46 1780.21 1067.37 2065.24 880.47 1859.64 1118.15 1912.26 1396.54 2150.27 1244.21
00048956 00000059 1707.34 563.51 840.72 1024.59 1781.20 1067.55 2066.77 880.35 1862.79 1115.04 1909.96 1397.16 2146.50 1244.90
00048957 00000060 1703.19 565.86 854.31 1024.68 1777.97 1063.15 2066.12 875.86 1858.72 1110.44 1908.79 1392.15 2149.03 1239.12
00048958 00000061 1706.26 564.11 848.73 1021.38 1785.11 1064.09 2072.23 879.25 1862.83 1108.73 1910.04 1388.01 2151.25 1237.51
00048959 00000062 1712.35 569.76 838.93 1011.89 1786.06 1066.31 2071.14 878.80 1864.20 1110.53 1912.90 1389.34 2151.04 1236.74
00048960 00000063 1714.99 568.29 833.86 1007.71 1787.75 1063.97 2071.55 878.85 1865.74 1108.56 1914.55 1387.04 2150.42 1236.44
00048961 00000064 1715.65 577.45 830.41 993.68 1784.70 1065.50 2069.35 877.52 1864.55 1107.94 1912.09 1387.89 2150.22 1234.99
00048962 00000065 1713.22 574.19 831.16 997.94 1785.26 1068.48 2071.33 878.13 1866.85 1108.38 1911.59 1389.47 2152.99 1234.87
00048963 00000066 1712.86 574.31 832.36 998.92 1784.66 1070.04 2071.73 879.55 1868.60 1109.28 1911.99 1390.54 2153.06 1235.66
00048964 00000067 1715.22 575.00 828.19 994.81 1785.80 1066.94 2072.00 879.16 1869.32 1108.71 1912.17 1387.97 2152.66 1235.28
00048965 00000068 1715.00 574.96 828.80 994.24 1784.44 1067.23 2070.39 878.08 1870.27 1107.18 1911.45 1386.14 2153.53 1232.29
00048966 00000069 1714.31 573.30 830.83 1003.75 1784.37 1066.21 2067.40 876.12 1866.58 1107.72 1913.51 1387.63 2151.88 1232.59
00048967 00000070 1715.89 570.63 833.67 1004.28 1788.27 1060.96 2067.90 877.04 1863.94 1105.86 1912.40 1382.12 2146.82 1232.30
00048968 00000071 1716.32 573.99 835.75 999.97 1787.17 1061.46 2065.96 874.75 1863.43 1106.16 1914.05 1384.60 2147.30 1232.58
00048969 00000072 1714.03 574.39 842.43 1005.97 1787.42 1062.84 2068.74 875.96 1862.77 1105.91 1913.13 1386.25 2150.12 1234.03
00048970 00000073 1716.19 574.69 839.06 1007.79 1787.08 1065.35 2069.78 876.09 1863.29 1107.45 1914.10 1390.23 2152.62 1235.96
00048971 00000074 1717.33 575.25 835.87 1004.74 1787.46 1063.22 2070.82 876.11 1863.43 1107.30 1914.98 1387.86 2154.45 1235.15
00048972 00000075 1717.11 571.72 833.59 1000.89 1787.13 1063.01 2069.83 877.36 1864.55 1106.87 1912.87 1385.47 2152.35 1234.45
00048973 00000076 1715.59 574.59 836.63 997.44 1785.54 1063.29 2070.00 878.79 1863.35 1107.32 1908.99 1385.60 2149.31 1235.78
00048974 00000077 1717.98 573.15 831.99 999.33 1787.39 1062.39 2070.24 877.19 1864.33 1107.83 1912.10 1386.91 2151.21 1236.36
00048975 00000078 1717.21 564.27 831.62 1013.32 1787.67 1062.78 2069.66 877.14 1863.66 1109.44 1914.90 1388.60 2153.88 1237.36
00048976 00000079 1713.45 563.00 837.12 1009.95 1785.32 1062.09 2070.45 878.65 1865.39 1110.44 1913.08 1386.93 2152.25 1237.75
00048977 00000080 1712.22 563.61 839.78 1010.91 1783.92 1062.51 2068.58 879.24 1863.03 1110.32 1908.83 1386.88 2146.43 1238.20
00048978 00000081 1712.09 563.35 839.49 1010.54 1782.95 1063.34 2067.10 881.27 1861.98 1112.63 1908.38 1388.23 2144.79 1240.45
00048979 00000082 1711.93 557.84 837.62 1019.33 1785.18 1066.28 2068.34 883.66 1864.72 1115.45 1909.47 1390.73 2146.66 1242.79
00048980 00000083 1710.04 554.18 836.55 1030.55 1786.87 1067.07 2070.31 884.16 1867.64 1117.19 1914.08 1395.37 2149.52 1246.87
00048981 00000084 1707.23 557.74 836.07 1024.63 1786.54 1069.73 2072.51 888.27 1869.09 1117.31 1913.34 1393.14 2151.72 1245.37
00048982 00000085 1703.58 557.27 835.30 1028.43 1784.62 1075.25 2069.73 897.15 1868.03 1113.85 1912.99 1389.60 2155.27 1243.77
00048983 00000086 1702.87 556.67 841.37 1030.27 1785.94 1068.89 2072.01 889.74 1866.94 1112.92 1912.90 1389.71 2153.56 1243.33
00048984 00000087 1708.26 557.83 834.46 1026.59 1787.93 1065.19 2070.85 887.25 1866.17 1113.76 1913.90 1389.70 2151.48 1244.35
00048985 00000088 1709.94 560.31 832.82 1020.57 1787.37 1061.68 2073.54 884.33 1867.73 1112.28 1915.04 1387.71 2153.15 1242.82
00048986 00000089 1709.17 561.31 836.16 1019.48 1786.12 1064.99 2074.40 883.14 1868.64 1113.25 1914.05 1391.62 2153.07 1243.48
00048987 00000090 1709.63 566.80 837.79 1014.24 1785.24 1069.12 2073.10 883.78 1869.65 1114.58 1913.64 1394.20 2152.74 1243.39
00048988 00000091 1708.74 562.59 837.72 1018.66 1785.36 1067.35 2072.79 883.44 1868.54 1114.41 1914.47 1393.35 2152.52 1243.69
00048989 00000092 1710.08 563.90 835.55 1015.67 1785.30 1063.48 2072.52 882.73 1866.40 1113.61 1913.85 1390.18 2151.80 1242.96
00048990 00000093 1710.55 567.96 837.99 1011.35 1783.99 1063.93 2071.97 882.78 1865.05 1113.73 1912.73 1390.34 2150.48 1242.80
00048991 00000094 1710.70 568.02 838.38 1012.46 1783.39 1064.45 2071.93 882.58 1863.92 1114.38 1912.00 1391.29 2149.29 1243.31
00048992 00000095 1710.87 568.29 835.72 1012.35 1784.45 1065.17 2072.19 883.28 1864.46 1114.52 1912.30 1391.94 2149.25 1243.85
00048993 00000096 1710.36 567.76 837.59 1012.58 1786.53 1065.03 2071.52 882.43 1865.21 1112.37 1912.12 1390.60 2148.60 1241.91
00048994 00000097 1708.96 565.09 842.93 1016.27 1786.42 1066.01 2069.98 885.31 1864.24 1112.11 1908.76 1389.52 2145.67 1242.57
00048995 00000098 1706.35 564.27 847.82 1017.60 1783.88 1067.56 2068.94 887.72 1863.05 1114.17 1906.37 1390.07 2143.71 1243.84
00048996 00000099 1707.00 564.98 848.99 1016.93 1783.60 1068.39 2069.10 887.13 1863.82 1114.38 1906.10 1392.10 2143.77 1244.87
00048997 00000100 1707.47 560.40 842.69 1023.03 1783.71 1068.35 2069.12 885.06 1865.74 1115.64 1909.19 1394.17 2146.66 1245.24
00048998 00000101 1707.91 557.96 840.18 1026.49 1782.43 1067.87 2068.41 884.61 1865.22 1116.65 1907.81 1394.48 2145.65 1245.60
00048999 00000102 1707.30 557.79 842.44 1028.38 1782.16 1067.35 2068.94 883.96 1865.19 1115.89 1908.34 1394.32 2146.45 1245.28
00049000 00000103 1708.41 561.97 841.38 1024.05 1780.72 1067.53 2069.17 883.21 1864.37 1116.38 1908.20 1396.21 2146.50 1246.41
00049001 00000104 1709.65 563.06 838.51 1021.58 1781.35 1068.58 2069.66 884.21 1863.88 1117.08 1908.61 1397.77 2146.62 1247.91
00049002 00000105 1709.47 560.33 838.09 1023.31 1781.93 1067.44 2068.96 884.00 1863.28 1116.58 1908.39 1397.27 2145.65 1248.25
00049003 00000106 1710.43 564.59 838.26 1018.67 1781.96 1066.28 2067.59 884.50 1862.98 1116.53 1908.95 1394.60 2143.82 1246.59
00049004 00000107 1710.44 564.28 836.39 1019.16 1781.89 1064.48 2066.88 884.28 1862.59 1116.96 1907.84 1393.28 2142.98 1246.52
00049005 00000108 1710.07 561.77 834.18 1021.73 1782.45 1064.56 2066.63 885.60 1862.75 1117.67 1908.36 1393.48 2142.51 1247.69
00049006 00000109 1709.21 560.68 840.42 1027.19 1782.40 1067.39 2066.15 885.77 1861.41 1117.50 1908.42 1397.02 2142.05 1249.10
00049007 00000110 1705.52 560.19 844.94 1027.49 1780.56 1070.67 2065.52 885.76 1863.64 1119.55 1909.95 1400.27 2145.51 1249.82
00049008 00000111 1710.37 574.85 838.64 1011.46 1783.91 1074.74 2072.71 889.83 1863.23 1120.34 1911.02 1402.26 2150.68 1251.62
00049009 00000112 1708.74 566.23 831.24 1020.11 1785.02 1078.91 2072.84 899.56 1865.63 1120.51 1912.11 1397.64 2154.72 1250.65
00049010 00000113 1705.85 576.55 838.08 1014.72 1784.14 1083.63 2072.61 903.87 1867.36 1120.21 1911.13 1398.33 2152.70 1251.05
00049011 00000114 1723.20 596.43 832.22 981.80 1796.89 1061.35 2080.70 883.22 1870.37 1102.18 1915.75 1385.16 2152.50 1240.02
00049012 00000115 1731.67 585.01 838.98 968.58 1817.87 1052.20 2094.72 874.36 1884.11 1078.99 1921.54 1361.98 2159.53 1218.64
00049013 00000116 1744.43 559.58 846.48 961.39 1822.98 1018.99 2111.98 834.87 1883.05 1033.04 1911.74 1328.36 2149.24 1177.42
00049014 00000117 1762.85 546.19 844.03 949.51 1846.59 1008.11 2133.18 835.26 1910.52 1013.72 1922.23 1299.52 2160.86 1160.24
00049015 00000118 1774.46 533.94 828.01 971.21 1838.24 983.76 2139.46 828.89 1900.27 1024.18 1917.32 1299.66 2172.39 1174.12
00049016 00000119 1786.75 518.81 834.66 965.40 1852.71 975.56 2162.10 825.34 1923.91 1013.35 1927.24 1280.25 2186.00 1159.17
00049017 00000120 1805.65 513.78 836.77 965.59 1871.31 960.64 2182.89 817.77 1935.97 999.45 1934.64 1270.44 2191.73 1156.22
00049018 00000121 1814.69 511.57 840.14 956.77 1885.36 966.00 2198.48 809.26 1949.55 983.32 1952.87 1271.39 2215.32 1145.50
00049019 00000122 1826.61 495.91 845.85 976.55 1895.63 969.85 2212.59 804.93 1966.25 982.50 1967.76 1278.62 2232.18 1146.53
00049020 00000123 1838.93 492.42 839.53 965.19 1900.87 969.23 2218.58 804.31 1974.45 983.38 1978.42 1276.12 2239.46 1143.89
00049021 00000124 1841.25 496.31 844.13 967.67 1910.34 969.50 2225.65 804.97 1985.13 984.58 1989.56 1278.62 2246.05 1146.02
00049022 00000125 1844.46 498.67 842.17 974.81 1916.39 975.97 2230.17 809.29 1993.34 996.77 1996.14 1287.85 2250.46 1152.96
00049023 00000126 1845.67 495.95 827.68 994.61 1921.68 972.84 2233.52 812.81 1995.82 1002.65 1997.71 1292.14 2250.68 1161.18
00049024 00000127 1844.57 507.97 825.94 998.40 1919.06 978.32 2233.59 816.11 1990.99 1011.99 1999.28 1307.88 2250.60 1173.82
00049025 00000128 1841.89 515.70 830.79 1002.81 1913.03 987.31 2230.77 822.62 1989.74 1030.80 1997.13 1320.89 2250.61 1184.02
00049026 00000129 1836.31 514.53 829.33 1016.83 1909.72 994.88 2228.44 832.06 1984.50 1037.50 1993.67 1330.61 2250.72 1194.71
00049027 00000130 1828.27 553.09 855.67 993.93 1920.06 1015.71 2212.94 853.19 1994.58 1057.42 2021.20 1338.75 2261.01 1205.66
00049028 00000131 1821.37 561.98 861.89 1000.46 1914.63 1013.35 2220.44 863.48 1997.02 1074.11 2025.37 1344.71 2264.97 1221.82
00049029 00000132 1813.47 545.71 865.19 1025.33 1914.73 1023.80 2218.99 870.65 2001.36 1080.06 2027.93 1356.01 2269.32 1231.28
00049030 00000133 1813.86 541.29 867.85 1036.75 1915.22 1021.38 2219.27 871.83 1998.06 1078.95 2028.81 1356.79 2268.79 1234.77
00049031 00000134 1814.12 533.08 875.12 1048.24 1915.27 1022.14 2220.47 869.21 1997.32 1081.14 2027.33 1358.65 2271.79 1233.85
00049032 00000135 1812.09 530.21 875.94 1044.48 1916.38 1023.10 2225.07 868.12 2002.36 1078.67 2028.75 1360.62 2273.54 1234.13
00049033 00000136 1817.96 537.27 869.96 1034.82 1918.93 1025.31 2221.05 867.59 2001.43 1077.06 2027.64 1357.54 2269.63 1229.20
00049034 00000137 1814.19 536.90 864.64 1025.92 1915.90 1015.82 2220.29 865.13 2001.00 1075.48 2026.73 1348.79 2270.34 1225.36
00049035 00000138 1818.83 538.45 861.15 1024.68 1916.78 1013.05 2217.52 861.54 1998.17 1070.66 2023.23 1342.56 2268.68 1218.95
00049036 00000139 1815.32 536.54 869.08 1024.75 1915.95 1013.12 2219.20 862.37 1997.47 1071.48 2021.77 1344.13 2265.77 1220.72
00049037 00000140 1812.40 549.20 865.96 1011.24 1914.06 1013.06 2219.36 864.10 2000.29 1067.60 2022.12 1342.92 2262.72 1220.90
00049038 00000141 1810.37 549.02 864.20 1008.92 1911.97 1011.94 2218.98 863.05 2000.99 1066.38 2018.82 1340.29 2261.58 1218.39
00049039 00000142 1808.61 542.30 871.72 1015.69 1910.50 1016.30 2216.57 861.70 1997.08 1069.64 2018.26 1346.55 2260.55 1220.39
00049040 00000143 1808.21 541.32 874.51 1014.76 1908.42 1015.02 2216.13 862.89 1994.41 1071.50 2014.84 1345.19 2258.51 1221.19
00049041 00000144 1807.67 532.49 874.25 1030.94 1910.73 1014.34 2215.51 866.11 1995.82 1072.30 2013.46 1344.05 2255.72 1223.76
00049042 00000145 1802.73 536.72 876.98 1032.97 1904.88 1016.26 2211.74 864.74 1994.30 1073.19 2014.06 1347.94 2257.77 1224.60
00049043 00000146 1802.49 536.78 878.08 1034.17 1904.38 1016.61 2214.03 865.27 1996.96 1076.16 2018.50 1348.97 2263.73 1225.50
00049044 00000147 1803.25 536.82 877.42 1032.95 1906.02 1019.00 2216.75 863.58 1997.00 1074.80 2020.25 1349.82 2269.61 1222.87
00049045 00000148 1809.28 553.70 871.16 1010.00 1918.20 1030.17 2221.83 877.24 2005.74 1072.74 2025.05 1345.87 2272.56 1220.80
00049046 00000149 1809.95 553.67 864.50 1013.26 1922.86 1028.01 2223.46 887.15 2012.86 1071.73 2026.64 1337.99 2268.04 1222.52
00049047 00000150 1809.81 534.01 865.60 1027.10 1921.29 1017.57 2225.44 874.20 2011.79 1073.93 2027.10 1336.47 2272.69 1219.11
00049048 00000151 1818.37 549.72 868.46 1009.99 1926.59 1022.43 2224.42 872.32 2003.50 1070.82 2028.23 1341.39 2269.66 1218.20
00049049 00000152 1815.86 534.51 871.90 1029.41 1925.95 1022.05 2225.15 867.85 2008.87 1074.47 2031.35 1346.39 2273.31 1220.17
00049050 00000153 1813.97 537.41 866.30 1022.06 1923.01 1020.60 2222.19 863.55 2008.38 1072.96 2032.26 1344.01 2275.84 1215.07
00049051 00000154 1815.13 542.23 870.98 1020.82 1922.58 1015.78 2223.56 862.86 2007.86 1071.39 2035.43 1341.64 2275.18 1215.52
00049052 00000155 1825.89 568.84 852.36 983.21 1922.78 1015.85 2220.26 861.11 2001.78 1063.43 2027.12 1335.33 2268.12 1207.96
00049053 00000156 1830.48 522.28 838.41 1004.60 1908.05 994.54 2229.88 839.33 1990.48 1039.30 1990.65 1329.55 2246.13 1200.19
00049054 00000157 1833.72 507.78 827.03 995.31 1911.72 985.85 2235.26 828.20 1999.65 1027.12 2001.53 1317.28 2249.43 1187.25
00049055 00000158 1837.47 496.58 836.56 993.79 1912.13 976.51 2241.62 812.51 1998.06 1003.94 1998.70 1300.29 2258.58 1166.67
00049056 00000159 1840.89 499.53 843.35 964.83 1921.28 958.34 2252.52 797.12 2009.98 978.10 2006.10 1272.42 2268.95 1141.65
00049057 00000160 1858.41 494.42 838.82 981.18 1941.63 957.00 2265.20 793.15 2026.45 975.07 2027.87 1273.21 2282.60 1139.93
00049058 00000161 1863.78 475.55 845.83 1005.22 1949.93 959.69 2268.97 798.14 2034.51 983.70 2039.46 1281.07 2285.17 1149.91
00049059 00000162 1867.52 471.84 845.21 1030.81 1953.98 967.89 2278.74 810.39 2042.52 992.94 2040.15 1289.49 2290.55 1162.25
00049060 00000163 1875.95 495.38 840.87 1011.88 1960.59 973.43 2285.78 818.24 2049.92 1006.12 2043.34 1297.39 2291.61 1171.36
00049061 00000164 1868.55 498.93 850.44 1015.56 1951.35 975.96 2281.32 818.91 2046.94 1014.89 2042.16 1307.21 2293.63 1178.72
00049062 00000165 1869.05 498.84 848.21 1013.44 1951.64 978.23 2278.74 820.36 2043.73 1012.95 2039.53 1306.07 2289.39 1176.93
00049063 00000166 1866.12 505.09 844.24 1004.35 1948.10 978.03 2278.00 818.30 2045.87 1011.02 2037.88 1304.05 2290.67 1173.32
00049064 00000167 1859.45 501.92 845.87 1001.45 1948.40 967.73 2278.72 816.47 2044.06 1003.39 2035.24 1292.68 2285.18 1168.87
00049065 00000168 1858.19 497.25 843.67 1011.09 1945.76 968.31 2275.82 814.68 2039.81 1003.99 2032.74 1296.09 2284.81 1170.44
00049066 00000169 1860.28 502.37 843.41 1004.64 1946.37 972.18 2275.49 817.42 2042.70 1009.93 2033.41 1300.55 2282.34 1173.89
00049067 00000170 1860.91 506.31 841.50 1010.79 1945.17 977.10 2275.08 821.97 2041.25 1016.94 2032.40 1307.51 2284.35 1179.98
00049068 00000171 1861.15 506.58 838.03 1012.84 1948.69 978.20 2273.79 824.09 2039.47 1017.94 2032.85 1309.79 2282.91 1182.86
00049069 00000172 1860.44 503.94 843.96 1012.70 1947.83 977.22 2275.38 823.89 2040.00 1016.94 2032.82 1308.76 2283.07 1182.61
00049070 00000173 1861.37 499.62 837.61 1012.86 1945.01 973.41 2275.71 820.59 2041.34 1016.03 2033.20 1306.93 2283.98 1181.11
00049071 00000174 1860.06 508.98 839.08 999.80 1943.53 975.40 2276.93 817.70 2043.80 1014.52 2033.71 1305.18 2288.28 1175.37
00049072 00000175 1860.96 506.17 838.34 1002.60 1949.11 976.11 2272.44 817.61 2043.59 1009.61 2036.70 1300.54 2287.34 1170.11
00049073 00000176 1861.49 515.07 838.52 990.93 1943.63 976.83 2271.76 818.17 2038.04 1012.83 2029.93 1299.65 2284.09 1169.15
00049074 00000177 1858.61 506.01 833.97 1002.90 1942.76 978.86 2267.99 820.78 2031.86 1012.42 2026.04 1301.61 2281.09 1171.88
00049075 00000178 1853.26 508.57 838.35 996.69 1936.93 977.05 2265.47 817.18 2033.76 1014.83 2027.08 1305.12 2281.52 1173.13
00049076 00000179 1855.91 496.55 833.23 1013.43 1936.95 978.83 2266.58 821.78 2030.03 1017.70 2024.34 1305.51 2281.63 1176.04
00049077 00000180 1853.54 504.45 845.33 1011.64 1938.78 981.34 2265.54 819.82 2032.91 1016.45 2028.38 1305.76 2285.76 1172.24
00049078 00000181 1853.16 502.84 843.90 1012.79 1937.56 982.36 2265.75 820.83 2034.81 1017.84 2029.26 1306.79 2287.59 1173.24
00049079 00000182 1852.56 496.42 844.56 1018.47 1938.30 982.38 2264.95 820.52 2036.50 1017.49 2031.15 1306.93 2288.71 1173.37
00049080 00000183 1852.96 495.48 844.10 1018.34 1938.26 980.18 2265.16 818.97 2036.39 1016.02 2031.21 1306.35 2287.71 1173.20
00049081 00000184 1852.10 497.20 843.84 1016.41 1937.03 981.34 2265.28 819.32 2035.01 1016.36 2029.56 1307.81 2287.48 1173.93
00049082 00000185 1852.60 495.50 839.40 1015.78 1936.64 979.16 2265.88 818.37 2034.96 1016.60 2029.40 1308.25 2285.87 1175.58
00049083 00000186 1852.87 489.06 839.46 1022.72 1938.98 977.55 2268.02 819.70 2036.47 1015.25 2030.95 1307.65 2285.57 1177.71
00049084 00000187 1853.14 490.70 845.19 1019.07 1939.48 977.71 2268.66 818.59 2039.25 1013.80 2032.88 1305.14 2287.49 1174.21
00049085 00000188 1854.30 497.23 843.48 1012.56 1942.22 975.44 2269.97 820.05 2040.17 1011.73 2030.29 1303.31 2281.78 1175.75
00049086 00000189 1855.36 502.18 840.37 1011.06 1941.66 976.89 2268.18 820.70 2035.11 1012.31 2027.13 1304.13 2280.34 1175.79
00049087 00000190 1856.55 505.91 838.19 1003.63 1943.25 976.84 2268.24 821.53 2036.27 1013.17 2027.30 1302.52 2278.34 1174.81
00049088 00000191 1856.51 498.89 837.79 1009.08 1942.46 976.91 2268.41 819.60 2036.95 1012.47 2029.38 1301.51 2281.93 1172.19
00049089 00000192 1855.17 494.18 843.88 1011.12 1943.25 979.01 2267.42 821.07 2040.76 1014.53 2033.61 1301.24 2285.11 1171.45
00049090 00000193 1854.09 504.09 845.34 1008.98 1940.51 981.94 2266.11 819.95 2035.85 1014.93 2029.86 1305.63 2285.32 1172.11
00049091 00000194 1853.29 491.19 840.65 1027.54 1934.50 976.16 2263.84 813.98 2028.81 1015.69 2027.37 1309.04 2285.01 1175.32
00049092 00000195 1851.86 492.11 840.78 1026.17 1934.21 977.99 2264.51 814.30 2028.74 1016.12 2028.14 1310.18 2287.04 1174.97
00049093 00000196 1851.13 488.27 842.80 1029.09 1933.26 978.37 2264.68 814.54 2030.12 1015.63 2028.63 1309.96 2288.07 1174.83
00049094 00000197 1850.93 490.37 847.43 1027.49 1934.78 980.14 2263.70 816.33 2031.14 1015.41 2028.57 1309.52 2287.80 1174.38
00049095 00000198 1850.92 487.91 849.85 1024.89 1938.00 979.46 2266.31 818.59 2035.33 1011.93 2029.91 1304.06 2287.88 1171.80
00049096 00000199 1851.69 496.64 844.07 1010.25 1937.49 980.60 2265.18 819.81 2036.25 1013.46 2030.18 1303.71 2285.87 1171.20
00049097 00000200 1853.91 495.97 841.27 1009.76 1940.28 980.10 2266.89 821.28 2035.83 1013.81 2029.50 1301.39 2284.88 1170.77
00049098 00000201 1857.16 494.33 842.53 1011.11 1941.34 980.86 2267.07 821.91 2034.22 1015.49 2029.27 1302.73 2283.74 1172.18
00049099 00000202 1857.45 507.96 835.00 999.00 1946.07 979.10 2268.32 827.99 2035.75 1014.10 2025.58 1302.27 2276.70 1177.78
00049100 00000203 1852.58 506.82 834.45 1002.02 1949.89 980.06 2274.14 833.90 2041.95 1013.34 2029.08 1301.07 2281.54 1180.14
00049101 00000204 1856.39 495.23 835.67 1009.25 1952.64 980.03 2274.32 834.72 2042.16 1009.42 2030.37 1296.55 2282.80 1176.87
00049102 00000205 1860.14 502.42 834.33 1003.96 1951.23 980.69 2272.55 829.51 2039.93 1011.02 2031.28 1300.81 2282.78 1176.37
00049103 00000206 1857.98 504.50 838.02 1001.36 1946.85 983.42 2271.97 829.68 2039.19 1013.01 2030.27 1302.01 2285.21 1175.04
00049104 00000207 1858.47 512.01 837.25 995.77 1942.92 982.02 2268.88 826.48 2034.77 1013.53 2026.12 1303.68 2282.41 1174.85
00049105 00000208 1859.06 518.59 833.25 991.50 1941.08 984.55 2267.53 826.20 2030.61 1015.41 2023.62 1305.99 2281.82 1175.07
00049106 00000209 1858.86 518.30 833.83 992.34 1941.22 985.59 2266.84 825.84 2029.82 1016.78 2024.23 1306.07 2282.13 1174.09
00049107 00000210 1855.17 509.16 838.57 999.84 1938.71 983.31 2267.95 824.74 2030.98 1015.87 2024.88 1304.48 2282.75 1173.75
00049108 00000211 1854.81 501.72 838.61 1005.14 1937.19 981.21 2267.53 824.03 2031.84 1015.38 2025.04 1303.96 2282.54 1174.46
00049109 00000212 1854.91 495.65 834.11 1013.33 1936.57 981.26 2264.90 825.00 2028.25 1016.12 2022.55 1303.98 2279.90 1175.24
00049110 00000213 1854.80 493.34 836.05 1013.07 1937.36 980.94 2263.52 825.27 2028.81 1015.52 2022.60 1304.54 2277.63 1176.53
00049111 00000214 1854.62 506.86 835.11 1000.09 1936.32 980.77 2262.03 822.49 2028.22 1015.70 2022.41 1306.55 2276.73 1175.84
00049112 00000215 1854.81 506.39 835.21 998.65 1936.16 980.17 2263.40 822.47 2029.16 1015.66 2022.01 1305.97 2276.99 1175.84
00049113 00000216 1855.04 503.61 837.04 1002.88 1935.67 980.89 2263.02 822.79 2027.56 1016.42 2022.20 1307.10 2277.73 1176.80
00049114 00000217 1854.26 488.30 838.33 1018.45 1936.84 980.36 2263.18 823.60 2028.54 1015.55 2023.67 1305.15 2278.98 1176.56
00049115 00000218 1855.34 490.00 834.28 1018.34 1937.40 980.53 2264.93 823.30 2028.68 1014.71 2023.50 1305.19 2280.08 1175.87
00049116 00000219 1856.33 497.83 832.64 1010.40 1937.19 982.43 2264.25 823.22 2027.43 1015.71 2023.43 1305.77 2280.11 1174.62
00049117 00000220 1854.96 503.86 835.92 1003.61 1937.28 982.14 2264.79 822.89 2030.48 1016.04 2024.22 1306.01 2281.09 1174.35
00049118 00000221 1852.89 501.46 845.59 1004.25 1936.44 982.14 2270.06 822.14 2036.76 1013.92 2028.17 1304.49 2288.45 1172.78
00049119 00000222 1855.78 496.84 846.50 1012.62 1938.95 980.36 2269.05 820.07 2035.25 1013.57 2029.81 1304.76 2287.41 1173.03
00049120 00000223 1856.97 500.64 844.41 1007.74 1940.24 980.41 2267.53 820.38 2035.31 1014.64 2029.81 1304.22 2284.63 1172.48
00049121 00000224 1857.43 497.13 839.68 1010.23 1942.64 979.48 2269.25 821.11 2037.01 1013.96 2031.05 1304.36 2284.77 1174.05
00049122 00000225 1858.27 495.40 835.03 1011.65 1943.40 979.21 2269.09 820.80 2036.84 1014.96 2031.43 1305.27 2284.09 1175.08
00049123 00000226 1859.06 496.59 833.91 1008.26 1943.57 979.14 2269.91 820.00 2037.22 1014.73 2032.19 1304.08 2285.77 1173.16
00049124 00000227 1858.10 496.90 837.84 1010.86 1942.70 978.68 2268.57 819.38 2035.49 1014.06 2030.44 1302.76 2285.62 1171.59
00049125 00000228 1857.17 493.28 843.45 1014.05 1943.27 978.74 2267.86 822.19 2036.21 1013.98 2030.03 1302.20 2282.38 1173.53
00049126 00000229 1856.24 492.45 843.38 1014.15 1941.51 976.98 2267.63 822.27 2037.67 1014.07 2029.85 1302.03 2281.64 1174.81
00049127 00000230 1855.66 495.77 844.31 1011.41 1939.72 976.24 2267.55 821.64 2037.70 1015.00 2029.63 1301.92 2281.99 1174.67
00049128 00000231 1857.53 502.10 842.47 1005.08 1939.49 977.62 2267.75 821.11 2036.76 1016.07 2029.25 1303.00 2282.05 1174.05
00049129 00000232 1858.23 504.17 843.33 1004.36 1938.72 978.93 2266.65 820.28 2035.18 1017.11 2029.18 1304.67 2283.27 1173.80
00049130 00000233 1857.05 499.91 843.81 1007.11 1938.46 977.94 2267.05 819.89 2036.27 1015.79 2030.14 1303.11 2284.46 1172.67
00049131 00000234 1855.32 499.69 844.97 1007.90 1937.72 976.72 2265.74 820.62 2035.54 1016.39 2030.26 1303.51 2283.29 1174.52
00049132 00000235 1854.81 504.11 842.78 1002.86 1936.20 978.13 2264.91 820.93 2035.23 1016.87 2029.92 1304.44 2283.59 1174.32
00049133 00000236 1855.49 503.07 840.48 1004.71 1937.74 978.19 2267.11 820.81 2036.32 1016.23 2029.46 1305.77 2283.22 1175.70
00049134 00000237 1854.08 495.74 845.36 1011.71 1940.40 978.34 2270.21 822.30 2038.27 1014.38 2031.66 1305.96 2284.32 1177.74
00049135 00000238 1856.92 498.70 845.02 1008.83 1943.65 979.80 2270.63 823.71 2038.81 1013.23 2031.72 1303.82 2283.99 1175.67
00049136 00000239 1857.85 498.53 838.33 1009.50 1941.88 977.73 2271.23 821.58 2038.49 1015.19 2030.61 1305.75 2283.12 1177.48
00049137 00000240 1858.44 501.16 839.82 1008.32 1942.90 979.63 2270.76 821.88 2038.79 1014.64 2030.87 1303.95 2286.32 1174.23
00049138 00000241 1857.58 498.46 842.25 1013.12 1941.76 978.74 2271.37 822.33 2037.17 1013.58 2029.24 1304.51 2285.77 1175.96
00049139 00000242 1857.78 500.62 843.64 1008.58 1940.84 979.74 2271.43 822.91 2037.68 1014.53 2029.06 1303.67 2286.04 1174.80
00049140 00000243 1858.38 498.18 844.64 1009.04 1941.88 980.29 2272.60 822.37 2040.09 1013.93 2030.97 1303.16 2287.94 1173.71
00049141 00000244 1858.40 501.25 842.34 1006.36 1941.99 981.22 2271.59 823.41 2040.60 1014.65 2031.40 1304.28 2288.40 1174.76
00049142 00000245 1858.94 500.61 842.18 1009.84 1942.06 979.86 2272.35 822.45 2039.43 1013.61 2030.35 1304.45 2287.40 1175.45
00049143 00000246 1858.09 502.97 845.28 1009.73 1942.00 980.45 2272.08 824.16 2037.51 1014.28 2027.85 1304.91 2285.97 1176.74
00049144 00000247 1854.91 505.39 839.94 1006.50 1944.03 982.21 2272.39 829.49 2037.54 1013.14 2029.17 1304.16 2286.39 1178.23
00049145 00000248 1856.64 508.67 836.59 1000.47 1946.62 980.82 2274.99 831.39 2039.98 1013.90 2030.32 1301.65 2284.93 1178.47
00049146 00000249 1855.69 505.40 841.68 1005.63 1945.85 984.31 2275.21 829.93 2040.13 1014.12 2030.87 1304.38 2288.41 1177.38
00049147 00000250 1854.91 496.79 845.64 1013.22 1943.37 982.35 2274.59 825.01 2041.19 1012.95 2033.57 1303.35 2292.02 1174.23
00049148 00000251 1856.62 493.93 841.49 1012.69 1946.17 978.03 2274.40 823.69 2044.57 1012.59 2036.64 1300.03 2290.82 1173.43
00049149 00000252 1855.53 493.70 843.27 1014.41 1942.53 979.73 2274.67 824.01 2043.44 1013.34 2033.54 1305.24 2288.27 1177.57
00049150 00000253 1855.50 496.32 843.76 1011.55 1942.21 982.09 2271.96 825.12 2041.83 1012.81 2032.57 1306.27 2286.79 1177.47
00049151 00000254 1855.76 498.38 841.52 1010.11 1944.32 981.79 2270.65 826.16 2042.36 1013.13 2031.44 1305.94 2283.83 1178.38
00049152 00000255 1855.86 496.15 841.68 1013.87 1945.10 980.04 2270.51 826.24 2042.64 1013.60 2031.16 1306.07 2282.86 1180.13
00049153 00000256 1856.76 491.26 838.63 1018.55 1945.66 980.39 2271.60 825.14 2041.41 1014.42 2031.75 1308.10 2283.57 1180.79
00049154 00000257 1857.39 501.89 833.87 1005.68 1946.04 981.14 2272.26 826.17 2042.40 1015.95 2032.15 1308.37 2282.64 1181.02
00049155 00000258 1859.60 505.04 842.58 995.02 1947.95 975.17 2275.31 820.80 2044.14 1003.51 2034.13 1295.46 2285.66 1169.15
00049156 00000259 1858.40 474.86 834.95 1000.04 1942.83 953.71 2270.58 804.84 2028.29 982.80 2027.24 1277.75 2277.28 1157.04
00049157 00000260 1867.02 476.81 838.15 975.14 1952.64 945.34 2272.41 788.94 2034.41 961.82 2032.50 1258.66 2286.29 1132.32
00049158 00000261 1872.06 470.33 847.09 984.35 1963.92 941.24 2280.74 787.97 2043.29 957.21 2039.25 1253.58 2290.41 1129.93
00049159 00000262 1873.93 460.43 853.17 1013.84 1963.26 945.70 2288.53 793.21 2047.91 967.06 2044.42 1266.60 2295.09 1143.41
00049160 00000263 1875.26 463.55 855.83 1022.85 1968.01 954.94 2290.04 805.12 2057.53 982.68 2051.78 1274.42 2299.03 1152.78
00049161 00000264 1878.51 476.85 854.54 1009.08 1967.75 962.38 2290.99 808.87 2059.24 986.73 2053.30 1278.15 2303.63 1153.36
00049162 00000265 1877.78 480.97 848.69 1005.51 1968.12 961.98 2291.60 808.84 2061.18 983.55 2050.46 1278.79 2300.74 1154.30
00049163 00000266 1874.56 468.48 857.11 1011.42 1965.00 954.73 2291.66 803.84 2058.82 984.30 2052.37 1275.06 2300.44 1152.43
00049164 00000267 1878.31 463.10 851.48 1008.61 1967.54 954.83 2290.63 804.09 2060.49 982.00 2052.74 1269.37 2300.57 1146.85
00049165 00000268 1878.01 461.02 854.81 1014.03 1969.49 955.60 2295.12 808.09 2063.65 985.71 2057.35 1272.13 2305.00 1152.17
00049166 00000269 1878.19 473.19 853.18 1011.83 1967.90 956.71 2294.78 809.77 2059.28 986.95 2050.25 1275.52 2298.72 1156.13
00049167 00000270 1875.16 474.08 859.61 1008.34 1966.78 959.76 2292.26 811.38 2059.31 989.52 2050.40 1278.18 2298.31 1157.60
00049168 00000271 1872.42 478.51 858.18 1007.53 1965.89 956.79 2290.15 812.00 2057.20 985.57 2043.35 1274.49 2291.64 1156.77
00049169 00000272 1871.81 466.78 863.37 1019.36 1964.82 954.35 2290.94 805.20 2057.99 982.10 2049.22 1275.80 2297.11 1154.56
00049170 00000273 1874.88 466.08 864.88 1022.14 1969.87 955.99 2288.70 807.36 2057.61 983.92 2053.01 1274.29 2298.25 1153.70
00049171 00000274 1873.31 471.39 857.15 1014.02 1968.68 958.11 2293.91 811.93 2064.85 986.48 2052.71 1275.57 2300.36 1156.76
00049172 00000275 1871.77 477.57 863.92 1008.65 1963.52 961.85 2289.81 808.01 2057.08 988.73 2049.02 1281.29 2300.45 1156.49
00049173 00000276 1865.90 469.42 853.01 1017.87 1958.51 958.63 2287.75 808.24 2055.54 988.51 2047.51 1281.38 2298.02 1158.88
00049174 00000277 1866.08 474.35 859.20 1010.38 1959.92 961.02 2287.25 809.28 2057.60 987.92 2046.66 1281.75 2295.86 1158.29
00049175 00000278 1865.79 467.10 860.35 1016.38 1959.80 962.19 2286.71 809.95 2057.85 986.77 2047.12 1280.56 2296.57 1157.11
00049176 00000279 1866.27 475.29 857.29 1015.42 1957.37 961.55 2290.46 810.99 2055.00 989.08 2043.88 1284.88 2296.39 1162.89
00049177 00000280 1864.69 476.06 849.30 1016.29 1957.42 962.58 2289.66 813.18 2055.99 994.04 2044.12 1287.91 2295.56 1166.69
00049178 00000281 1861.86 471.20 856.84 1019.60 1955.54 961.16 2288.18 814.15 2056.17 994.41 2045.07 1284.80 2296.50 1165.53
00049179 00000282 1866.02 480.65 852.75 1014.52 1957.54 961.06 2285.59 814.06 2052.30 991.65 2039.92 1283.55 2290.93 1164.43
00049180 00000283 1868.14 480.76 851.44 1014.10 1958.80 962.86 2284.94 814.99 2052.63 990.07 2039.60 1282.15 2291.20 1162.31
00049181 00000284 1867.37 475.09 852.68 1019.30 1955.51 964.09 2285.07 814.90 2052.46 991.22 2041.07 1283.61 2295.17 1162.43
00049182 00000285 1866.50 468.09 852.91 1023.79 1955.96 964.43 2284.60 814.49 2054.42 993.67 2044.47 1284.31 2296.44 1162.68
00049183 00000286 1866.25 496.07 854.91 997.36 1959.33 968.84 2282.05 820.91 2052.29 988.12 2039.60 1278.78 2292.55 1157.95
00049184 00000287 1867.24 502.50 849.42 992.02 1959.73 962.90 2285.80 824.18 2050.05 989.58 2037.60 1276.81 2288.09 1163.04
00049185 00000288 1868.16 492.06 843.50 1002.59 1961.86 964.39 2281.56 821.57 2051.70 993.79 2042.97 1282.68 2288.65 1165.64
00049186 00000289 1866.10 490.51 852.87 998.40 1961.77 970.07 2281.48 820.05 2055.72 992.94 2045.98 1282.88 2293.53 1160.49
00049187 00000290 1865.87 478.06 849.35 1013.51 1959.77 964.40 2282.96 816.64 2054.21 990.52 2043.90 1282.20 2292.51 1161.88
00049188 00000291 1865.52 477.78 852.01 1010.65 1955.49 962.83 2280.83 816.64 2050.71 993.60 2043.06 1280.55 2292.93 1161.39
00049189 00000292 1867.24 466.64 846.37 1022.56 1958.87 964.36 2282.29 818.18 2052.50 995.03 2044.36 1284.62 2292.64 1165.63
00049190 00000293 1866.35 469.75 837.24 1014.25 1958.06 960.65 2277.54 815.17 2052.04 996.68 2045.17 1284.83 2288.46 1166.00
00049191 00000294 1862.84 472.93 841.79 1016.01 1955.68 961.11 2278.73 813.70 2051.11 995.61 2041.58 1286.24 2287.98 1166.27
00049192 00000295 1861.16 475.83 845.30 1016.60 1953.22 966.67 2279.73 815.05 2050.15 995.56 2040.76 1287.63 2291.93 1164.35
00049193 00000296 1861.31 471.77 845.44 1023.25 1954.08 967.44 2282.47 818.42 2051.99 997.51 2040.52 1287.13 2291.77 1166.29
00049194 00000297 1863.24 469.46 843.61 1025.21 1955.09 963.02 2281.18 817.35 2052.10 997.59 2041.99 1284.64 2289.20 1166.40
00049195 00000298 1864.44 474.34 848.62 1022.72 1953.92 964.20 2279.69 815.24 2049.33 994.79 2039.87 1284.59 2289.70 1163.59
00049196 00000299 1864.68 474.49 848.65 1023.61 1953.25 962.74 2279.01 814.84 2047.78 995.17 2038.57 1285.02 2287.67 1164.90
00049197 00000300 1864.99 475.70 848.65 1023.10 1953.05 962.93 2278.96 814.37 2046.66 995.30 2038.60 1285.60 2288.31 1164.81
00049198 00000301 1865.00 477.80 849.92 1018.51 1953.67 963.02 2277.18 815.19 2047.55 996.76 2040.32 1284.36 2288.07 1164.06
00049199 00000302 1865.18 481.91 849.42 1014.14 1952.91 963.82 2277.48 815.17 2047.16 997.33 2039.48 1285.19 2287.99 1164.20
00049200 00000303 1863.49 475.84 849.18 1021.67 1951.98 962.88 2277.55 814.07 2046.94 997.27 2037.47 1286.84 2285.92 1166.02
00049201 00000304 1862.37 471.44 851.45 1026.45 1951.84 964.64 2277.45 813.41 2048.39 996.70 2039.60 1288.15 2289.37 1165.32
00049202 00000305 1862.67 470.51 854.58 1028.35 1951.91 963.93 2277.62 813.03 2048.31 996.19 2040.47 1288.21 2290.45 1165.58
00049203 00000306 1863.26 467.64 853.00 1031.86 1951.99 963.99 2277.60 813.62 2047.64 996.35 2039.94 1288.63 2289.80 1166.48
00049204 00000307 1864.51 470.33 851.76 1028.57 1951.56 962.84 2276.62 813.29 2045.69 996.63 2039.23 1288.79 2287.74 1167.25
00049205 00000308 1863.13 471.35 850.75 1027.01 1951.29 962.75 2277.41 813.86 2046.64 996.40 2038.45 1288.33 2287.21 1167.31
00049206 00000309 1861.84 470.50 847.61 1027.30 1951.02 962.31 2277.56 814.20 2047.26 995.62 2037.10 1286.91 2286.97 1166.62
00049207 00000310 1860.60 472.53 845.47 1022.46 1949.73 962.77 2278.53 812.32 2048.50 995.44 2038.49 1288.48 2289.41 1166.09
00049208 00000311 1860.69 472.74 846.40 1022.89 1950.83 963.68 2279.80 812.61 2047.67 995.08 2037.75 1289.81 2289.67 1167.04
00049209 00000312 1860.45 472.17 848.51 1023.48 1950.96 962.45 2279.72 813.52 2046.76 994.83 2036.70 1290.24 2287.16 1169.10
00049210 00000313 1861.02 472.98 850.14 1023.77 1951.00 963.17 2278.90 812.72 2046.77 993.49 2037.45 1289.67 2288.96 1167.19
00049211 00000314 1860.63 472.91 848.03 1021.47 1950.37 964.02 2277.94 813.04 2047.10 993.80 2037.14 1289.90 2288.48 1167.04
00049212 00000315 1861.05 476.30 848.32 1017.94 1950.85 963.92 2277.78 812.66 2046.83 994.85 2038.22 1290.17 2288.81 1167.05
00049213 00000316 1863.57 470.03 848.44 1028.74 1954.89 961.94 2277.53 815.31 2046.04 993.81 2038.63 1286.17 2286.93 1166.80
00049214 00000317 1862.68 466.93 846.72 1030.89 1954.12 962.07 2275.52 816.78 2046.34 995.38 2040.87 1285.15 2288.69 1166.83
00049215 00000318 1862.57 471.83 843.95 1026.13 1952.85 963.08 2277.21 817.41 2044.91 996.39 2038.40 1288.15 2287.29 1169.44
00049216 00000319 1859.56 473.26 845.20 1023.06 1950.26 963.98 2277.83 817.07 2047.01 998.05 2037.90 1291.01 2287.55 1171.26
00049217 00000320 1859.53 478.19 844.01 1017.35 1950.86 965.25 2277.99 817.41 2048.71 997.67 2037.93 1291.28 2287.52 1170.74
00049218 00000321 1860.20 490.58 844.75 1002.09 1952.42 969.17 2276.86 820.09 2048.66 1000.08 2038.51 1291.39 2286.14 1169.57
00049219 00000322 1859.93 515.14 835.40 978.68 1953.09 970.65 2277.43 827.65 2045.16 998.71 2030.34 1289.33 2282.19 1171.31
00049220 00000323 1860.82 516.19 835.62 975.24 1952.26 972.62 2278.14 828.66 2044.45 999.38 2029.42 1289.67 2282.25 1170.92
00049221 00000324 1859.77 505.63 840.97 984.93 1949.00 971.02 2275.87 823.14 2043.77 998.78 2032.83 1290.54 2284.13 1168.99
00049222 00000325 1858.19 494.08 843.53 996.05 1948.70 971.21 2275.46 820.73 2046.66 1002.26 2036.60 1293.51 2286.12 1170.20
00049223 00000326 1858.63 484.35 844.43 1008.18 1951.85 968.45 2276.45 823.03 2049.46 1001.08 2038.32 1290.25 2285.80 1171.24
00049224 00000327 1859.03 477.36 842.76 1016.62 1953.36 967.58 2278.45 820.63 2049.90 999.19 2038.84 1290.10 2287.83 1170.24
00049225 00000328 1859.91 483.44 842.45 1010.34 1951.49 964.41 2278.02 818.80 2047.95 998.34 2039.58 1287.93 2289.35 1168.85
00049226 00000329 1859.16 476.90 844.30 1017.69 1951.28 963.63 2279.61 818.44 2049.01 998.39 2039.72 1288.22 2289.68 1169.68
00049227 00000330 1857.90 473.97 843.49 1018.73 1950.25 963.52 2280.00 818.78 2049.78 998.74 2040.35 1288.58 2290.56 1170.31
00049228 00000331 1857.44 473.11 846.40 1020.95 1950.72 962.44 2280.14 818.90 2049.48 1000.06 2039.03 1289.06 2288.18 1171.87
00049229 00000332 1859.62 475.15 846.75 1021.21 1952.71 963.36 2279.75 819.21 2049.15 1000.96 2039.36 1288.51 2287.58 1171.07
00049230 00000333 1860.10 471.94 847.15 1025.09 1953.22 962.57 2280.31 818.34 2049.41 1000.28 2039.81 1289.56 2287.59 1172.07
00049231 00000334 1860.18 472.16 845.84 1025.09 1953.23 962.55 2280.48 818.48 2048.93 1000.20 2039.19 1289.80 2287.16 1172.44
00049232 00000335 1859.69 471.43 847.18 1025.55 1953.04 963.12 2280.60 818.43 2049.30 999.75 2039.47 1290.02 2287.60 1172.20
00049233 00000336 1859.23 474.14 848.25 1022.45 1953.21 962.27 2281.33 819.26 2049.15 999.38 2038.29 1288.77 2286.51 1172.26
00049234 00000337 1860.27 476.45 848.97 1018.46 1953.83 963.70 2280.91 819.60 2049.87 999.30 2039.14 1289.03 2286.28 1171.61
00049235 00000338 1860.90 481.12 846.00 1012.69 1953.38 964.49 2281.09 819.95 2049.32 999.82 2037.86 1289.53 2285.34 1171.79
00049236 00000339 1862.05 484.06 845.29 1009.76 1953.76 965.64 2280.61 820.60 2049.33 1000.61 2038.74 1290.54 2285.48 1172.21
00049237 00000340 1860.25 477.46 841.78 1017.80 1954.61 963.41 2279.59 818.90 2050.70 1000.02 2039.41 1289.49 2285.39 1171.74
00049238 00000341 1862.96 481.12 846.40 1018.06 1953.30 964.03 2282.08 816.10 2048.12 995.20 2037.35 1291.30 2287.43 1170.65
00049239 00000342 1862.06 480.73 849.87 1016.57 1951.50 964.86 2281.95 815.26 2047.68 996.93 2037.89 1292.46 2288.31 1170.62
00049240 00000343 1862.95 477.39 849.36 1020.29 1952.88 965.45 2281.48 816.16 2047.12 996.38 2038.16 1292.51 2288.00 1170.95
00049241 00000344 1862.30 478.23 849.62 1019.51 1952.03 965.98 2280.71 816.37 2046.50 996.29 2037.76 1292.93 2287.07 1171.16
00049242 00000345 1861.41 473.20 848.91 1025.62 1952.32 965.10 2280.73 817.48 2047.17 995.99 2036.99 1291.66 2285.94 1171.62
00049243 00000346 1860.43 474.15 848.88 1024.57 1953.50 964.03 2281.94 819.15 2049.57 997.03 2037.04 1291.10 2284.94 1173.16
00049244 00000347 1860.29 468.32 846.16 1028.66 1953.08 964.19 2280.13 818.79 2049.34 998.40 2037.47 1291.52 2285.50 1173.21
00049245 00000348 1866.06 495.63 840.46 1000.70 1957.11 970.50 2279.52 826.41 2046.76 992.97 2032.32 1286.33 2284.36 1168.24
00049246 00000349 1866.06 494.80 839.56 1000.20 1957.55 970.37 2281.34 829.34 2049.20 996.97 2034.64 1286.92 2286.61 1170.89
00049247 00000350 1864.45 499.49 841.86 998.36 1956.54 973.72 2281.54 830.47 2048.66 997.42 2031.71 1287.91 2286.40 1170.36
00049248 00000351 1864.75 507.89 842.81 988.64 1953.80 972.26 2280.88 829.00 2044.18 998.06 2031.17 1289.19 2284.95 1171.42
00049249 00000352 1863.86 492.59 845.82 1003.52 1953.47 973.98 2278.73 823.40 2047.96 995.91 2035.80 1292.06 2289.33 1168.94
00049250 00000353 1860.43 474.52 850.76 1022.17 1952.47 970.61 2280.46 819.32 2050.85 996.13 2039.74 1292.06 2292.88 1168.82
00049251 00000354 1861.22 469.83 847.78 1025.69 1953.44 968.06 2279.70 819.76 2050.48 995.80 2038.41 1289.81 2288.31 1169.31
00049252 00000355 1861.61 470.61 845.80 1026.20 1954.52 966.31 2279.68 818.75 2050.43 996.25 2039.49 1289.65 2287.32 1169.53
00049253 00000356 1861.48 476.13 849.75 1020.44 1950.84 966.86 2279.59 816.51 2049.61 998.15 2039.01 1293.18 2288.90 1170.65
00049254 00000357 1862.44 471.35 854.19 1026.98 1950.05 966.79 2278.90 813.83 2046.99 996.68 2039.58 1292.70 2290.87 1168.10
00049255 00000358 1863.01 475.01 849.38 1023.14 1949.41 966.31 2278.26 814.92 2045.13 996.14 2036.86 1292.10 2288.36 1168.63
00049256 00000359 1863.23 475.06 848.37 1023.99 1950.00 965.84 2277.86 815.24 2044.59 996.41 2036.24 1292.02 2287.59 1169.35
00049257 00000360 1862.77 474.07 847.53 1025.76 1951.00 965.09 2278.70 815.52 2045.23 995.63 2035.96 1291.78 2287.40 1169.93
00049258 00000361 1862.74 475.83 848.75 1023.32 1952.03 966.09 2279.67 816.49 2046.74 997.34 2037.18 1293.20 2287.89 1171.26
00049259 00000362 1863.83 477.15 849.68 1020.86 1953.00 964.03 2281.30 816.93 2048.36 997.65 2038.18 1291.90 2288.38 1171.78
00049260 00000363 1864.90 477.65 848.96 1020.07 1954.36 962.87 2281.85 816.64 2048.80 997.26 2038.40 1291.04 2287.49 1171.59
00049261 00000364 1865.19 477.49 849.59 1019.53 1954.22 962.22 2280.83 817.36 2047.59 997.05 2037.88 1290.21 2286.10 1171.78
00049262 00000365 1863.35 472.72 845.51 1021.65 1953.28 962.78 2280.93 817.71 2047.68 997.10 2038.20 1291.51 2286.66 1173.07
00049263 00000366 1860.50 469.70 848.00 1028.74 1952.12 964.00 2280.83 817.39 2047.38 996.07 2036.37 1291.52 2287.58 1172.13
00049264 00000367 1861.50 464.33 849.41 1039.05 1955.32 963.98 2280.35 819.20 2048.75 995.52 2037.66 1288.99 2288.61 1171.10
00049265 00000368 1860.13 464.51 846.45 1034.42 1953.23 963.86 2278.04 817.87 2049.80 997.21 2038.32 1290.27 2285.43 1171.44
00049266 00000369 1863.42 486.25 850.43 1010.91 1951.67 966.81 2281.85 815.94 2049.04 998.02 2040.06 1290.86 2290.82 1167.48
00049267 00000370 1863.01 484.04 851.53 1020.74 1953.17 975.04 2281.20 826.43 2043.99 1000.29 2035.08 1293.48 2288.71 1172.03
00049268 00000371 1864.29 497.65 851.45 1015.42 1957.61 971.84 2282.94 833.94 2040.86 1002.02 2036.46 1290.84 2288.85 1176.94
00049269 00000372 1864.53 486.54 855.30 1035.50 1958.13 969.89 2289.78 837.59 2047.02 1010.33 2039.34 1293.82 2296.44 1185.14
00049270 00000373 1855.90 492.88 871.45 1057.70 1975.18 961.08 2287.10 850.94 2051.61 1028.02 2059.61 1304.21 2308.38 1214.56
00049271 00000374 1873.98 505.99 852.30 1037.08 1965.51 965.89 2303.39 854.13 2059.91 1041.07 2043.05 1310.46 2301.45 1217.40
00049272 00000375 1878.11 533.09 854.30 1028.43 1979.17 977.26 2303.30 872.17 2063.03 1067.99 2065.51 1330.15 2309.14 1245.34
00049273 00000376 1883.52 529.36 852.10 1043.55 1979.27 974.87 2318.87 887.72 2073.53 1098.51 2060.43 1343.99 2314.77 1274.29
00049274 00000377 1878.37 567.78 871.80 1035.83 1980.83 976.45 2331.04 917.22 2080.69 1129.47 2055.54 1353.37 2311.82 1309.58
00049275 00000378 1890.19 583.30 865.92 1034.36 1988.44 1006.21 2347.08 940.26 2090.55 1144.06 2056.27 1376.82 2323.42 1323.74
00049276 00000379 1891.66 618.62 877.08 1032.09 1991.07 1014.25 2351.39 961.20 2093.88 1166.98 2053.19 1389.40 2327.74 1345.32
00049277 00000380 1891.32 605.52 885.41 1056.94 2004.56 1003.54 2374.69 972.94 2107.67 1170.95 2055.02 1398.85 2324.85 1376.45
00049278 00000381 1901.63 615.38 864.43 1055.44 2013.12 996.28 2378.56 986.91 2112.53 1184.97 2059.18 1398.99 2321.94 1392.57
00049279 00000382 1912.06 590.64 868.68 1081.36 2022.91 981.69 2393.17 984.34 2123.98 1186.76 2060.60 1396.48 2330.50 1400.07
00049280 00000383 1913.35 602.24 867.61 1067.43 2032.25 966.52 2409.85 986.58 2135.49 1185.47 2056.13 1387.86 2334.02 1405.56
00049281 00000384 1912.88 584.80 875.57 1084.51 2038.27 954.40 2419.30 986.99 2138.24 1182.54 2054.70 1380.47 2335.76 1408.21
00049282 00000385 1917.31 613.92 880.22 1060.10 2047.38 949.27 2429.17 988.56 2140.98 1169.48 2052.85 1375.59 2331.04 1407.94
00049283 00000386 1918.31 625.24 889.39 1047.93 2056.30 940.69 2443.06 988.91 2145.60 1164.18 2050.58 1370.33 2331.63 1408.88
00049284 00000387 1916.03 639.23 893.94 1035.39 2067.72 925.88 2456.93 988.81 2160.85 1163.52 2054.05 1361.57 2338.32 1411.70
00049285 00000388 1915.22 621.92 896.22 1053.28 2068.67 919.53 2462.07 986.19 2159.56 1162.15 2052.28 1359.75 2340.44 1412.32
00049286 00000389 1905.43 602.21 907.71 1075.68 2065.99 906.45 2464.17 981.75 2156.00 1156.14 2045.69 1352.03 2337.72 1411.95
CROP_BBOX: 1319 0 3539 2160
