Video ID: 	vuxEosWuv_8
H: 	1080
W: 	1920
FPS: 	25.0

FRAME INDEX X0 Y0 W H [Landmarks (5 Points)]

00002882 00000000 373.24 164.47 531.56 732.68 581.62 472.53 812.97 442.21 761.63 591.83 640.48 727.33 822.50 701.21
00002883 00000001 358.63 162.45 528.90 729.93 562.15 464.09 792.71 435.76 740.45 587.22 619.29 718.93 806.84 693.96
00002884 00000002 347.19 152.77 532.32 737.28 545.67 455.10 774.99 433.32 716.61 582.56 598.70 712.02 789.60 692.05
00002885 00000003 332.21 160.93 538.01 729.78 540.62 447.23 767.29 433.90 702.38 575.64 584.65 711.66 768.50 698.25
00002886 00000004 325.74 155.18 535.41 735.54 527.21 443.16 758.96 431.83 688.07 576.39 566.82 706.82 761.75 694.28
00002887 00000005 323.98 148.63 530.68 729.20 513.01 443.21 746.70 424.59 676.30 570.91 555.20 695.21 751.27 679.99
00002888 00000006 317.27 143.50 528.51 727.86 509.20 437.63 737.73 419.27 669.88 563.00 555.96 692.94 743.84 677.55
00002889 00000007 312.79 138.41 525.67 729.26 507.80 429.98 733.10 414.81 666.44 556.77 554.88 688.51 737.74 675.43
00002890 00000008 311.00 134.54 521.55 732.59 506.01 423.93 729.82 411.61 662.87 552.55 553.09 686.24 732.37 675.50
00002891 00000009 309.49 132.37 521.29 730.33 504.19 421.85 727.89 409.30 661.00 551.58 553.64 684.99 729.17 674.19
00002892 00000010 308.41 133.83 522.05 726.99 503.48 420.92 727.51 409.52 659.31 550.62 551.06 681.24 727.99 671.42
00002893 00000011 309.43 136.06 522.83 724.67 505.28 420.76 729.36 410.54 660.95 547.86 549.28 677.20 731.29 668.18
00002894 00000012 310.82 132.50 524.75 731.56 505.48 419.98 731.12 407.34 664.28 547.00 550.18 679.10 738.36 668.08
00002895 00000013 313.17 126.97 522.94 736.15 506.50 418.26 734.42 406.07 665.21 546.62 545.41 674.05 742.95 663.30
00002896 00000014 315.64 125.69 521.93 732.72 513.07 414.46 738.64 404.02 670.28 542.77 547.42 666.30 745.57 656.83
00002897 00000015 317.63 124.87 521.36 731.69 518.04 409.80 739.75 401.05 673.52 536.29 553.19 663.57 744.54 655.32
00002898 00000016 319.44 123.55 523.73 731.59 520.12 407.92 744.06 401.40 675.73 535.90 551.95 660.75 746.72 654.18
00002899 00000017 321.09 128.75 524.56 723.79 522.00 411.02 745.26 403.76 677.50 536.20 552.93 659.69 747.93 652.71
00002900 00000018 322.37 128.58 524.12 725.00 524.37 412.49 746.51 405.17 679.56 538.13 554.95 661.95 748.70 654.94
00002901 00000019 323.38 129.45 525.41 723.83 524.66 414.22 746.75 405.36 679.28 539.68 556.01 662.97 749.47 654.80
00002902 00000020 324.05 132.55 524.60 718.33 524.80 416.41 747.00 406.70 679.74 541.63 556.72 663.67 749.74 654.87
00002903 00000021 324.31 129.19 525.07 719.82 522.85 418.41 746.44 406.63 677.97 543.73 557.10 665.31 750.33 654.61
00002904 00000022 323.55 131.33 526.56 716.20 520.78 419.28 746.07 407.55 675.06 546.43 555.38 664.62 749.06 653.90
00002905 00000023 321.27 128.77 529.78 727.53 518.90 422.19 745.03 409.07 674.46 548.90 556.36 673.20 748.16 661.35
00002906 00000024 323.53 131.76 529.46 731.16 518.57 426.01 746.18 412.44 675.89 553.51 558.56 683.11 748.13 671.20
00002907 00000025 325.03 136.74 530.20 733.74 515.94 431.01 747.10 414.55 676.86 561.18 557.42 690.12 752.65 676.07
00002908 00000026 324.16 143.60 534.19 744.29 520.60 427.25 752.13 416.12 679.25 561.53 565.60 697.57 761.90 685.07
00002909 00000027 326.64 152.28 534.77 737.81 527.39 431.45 756.84 421.10 687.09 565.17 567.98 699.05 763.47 687.30
00002910 00000028 334.57 153.52 536.31 737.66 535.72 437.05 765.03 428.34 695.42 566.27 574.39 702.43 768.51 692.53
00002911 00000029 342.66 152.87 533.26 743.07 537.80 445.46 766.44 431.03 701.29 572.22 578.02 702.72 778.49 689.11
00002912 00000030 349.87 154.82 530.45 746.81 544.47 448.32 774.04 434.25 708.11 579.08 583.74 706.86 784.53 693.88
00002913 00000031 353.56 159.11 532.17 750.09 548.78 451.51 779.52 436.95 712.52 584.82 589.01 713.19 787.80 699.80
00002914 00000032 357.27 163.16 531.89 748.14 550.68 456.93 782.91 439.89 715.12 591.42 592.52 717.69 792.86 701.95
00002915 00000033 359.20 169.54 534.35 748.19 555.28 458.99 785.62 441.81 719.03 592.05 603.05 725.67 791.83 710.12
00002916 00000034 362.23 168.95 534.03 757.93 561.28 461.71 789.61 445.61 723.56 592.46 608.29 730.07 792.37 715.47
00002917 00000035 365.21 170.68 533.56 758.33 564.28 464.18 792.16 447.33 726.22 594.42 611.36 732.74 792.89 717.55
00002918 00000036 369.89 176.28 533.91 750.12 569.19 466.87 798.75 450.74 730.17 597.22 613.98 733.38 795.39 718.92
00002919 00000037 373.44 175.46 533.48 751.72 572.30 470.31 802.81 454.19 733.45 599.96 613.90 733.67 799.84 719.19
00002920 00000038 373.12 177.16 537.92 751.68 573.12 472.55 806.45 455.88 735.73 603.13 614.59 737.09 802.78 722.13
00002921 00000039 374.32 179.10 538.83 752.89 573.63 474.28 807.88 457.76 736.08 607.53 614.38 739.11 804.42 724.12
00002922 00000040 375.81 181.86 537.52 743.55 572.23 475.54 807.41 465.56 730.82 616.71 613.27 738.26 808.87 728.44
00002923 00000041 378.61 181.91 537.60 744.79 574.82 481.77 810.30 463.61 736.20 615.79 615.46 740.08 808.40 723.82
00002924 00000042 374.24 184.47 539.29 744.22 568.28 479.72 804.62 467.26 728.27 621.86 610.64 741.56 810.61 729.87
00002925 00000043 370.53 184.40 538.52 750.26 565.77 479.79 800.14 467.94 725.87 621.89 610.90 746.39 805.95 735.32
00002926 00000044 365.64 188.06 539.25 746.38 560.59 481.13 797.51 468.60 722.76 624.68 606.70 746.04 803.40 734.43
00002927 00000045 361.68 188.19 541.02 742.99 556.65 482.67 795.11 469.13 720.33 627.33 605.67 745.74 801.88 733.27
00002928 00000046 359.85 189.31 542.38 742.57 557.48 485.92 795.40 474.43 720.71 629.34 603.85 745.79 801.92 734.86
00002929 00000047 360.65 188.45 541.29 741.81 559.16 490.91 796.97 479.51 721.74 633.13 601.61 745.96 804.05 735.22
00002930 00000048 361.89 191.49 542.69 745.61 559.49 486.57 797.75 475.37 722.89 630.87 603.99 748.94 803.99 738.33
00002931 00000049 363.38 190.36 539.67 748.38 562.10 483.44 799.19 474.24 723.91 628.22 606.92 749.81 800.37 740.96
00002932 00000050 364.58 191.63 539.39 744.75 562.42 482.36 798.74 471.65 724.66 625.61 608.71 747.61 802.49 737.54
00002933 00000051 365.32 190.12 539.36 743.77 563.84 481.57 799.36 470.41 725.57 624.73 608.81 744.11 804.67 733.55
00002934 00000052 367.11 188.03 538.31 745.40 565.80 481.38 799.88 470.33 727.21 622.26 609.31 742.33 807.38 731.71
00002935 00000053 369.16 183.77 538.04 751.32 570.49 478.17 802.55 468.32 732.06 618.05 611.19 740.51 810.52 730.77
00002936 00000054 371.09 178.65 537.78 757.47 575.55 473.23 805.58 463.75 737.08 614.56 614.01 739.38 813.19 729.73
00002937 00000055 372.68 179.42 540.90 753.69 579.14 471.09 809.28 461.90 740.45 613.97 615.68 736.30 815.78 726.85
00002938 00000056 374.53 179.25 541.23 750.51 580.97 471.04 812.02 460.38 742.72 613.26 615.63 733.16 819.47 722.53
00002939 00000057 380.09 174.76 535.60 757.51 582.90 474.24 815.37 458.23 749.58 607.43 619.17 731.70 818.69 717.18
00002940 00000058 383.03 176.20 534.61 753.52 585.32 474.18 817.40 459.98 750.30 607.19 619.40 730.65 817.85 717.78
00002941 00000059 382.58 177.59 535.70 742.80 586.62 474.16 819.58 460.38 751.76 607.77 619.76 726.70 817.46 714.42
00002942 00000060 378.74 174.90 540.01 745.84 587.17 469.55 820.54 460.82 749.18 612.79 616.72 729.07 821.94 720.02
00002943 00000061 378.98 174.80 540.21 748.06 589.38 468.54 821.96 460.35 751.44 612.94 618.35 729.51 822.58 720.84
00002944 00000062 379.91 173.95 540.43 750.16 591.93 467.89 822.65 458.75 753.64 612.93 621.08 730.09 823.35 720.74
00002945 00000063 380.50 175.72 541.18 751.34 593.69 468.87 823.87 459.16 755.75 613.78 624.21 733.05 824.74 723.13
00002946 00000064 382.01 176.76 541.16 752.75 595.50 467.85 824.16 458.56 756.71 610.42 628.35 735.59 824.32 725.87
00002947 00000065 381.75 179.92 539.25 752.14 593.19 466.44 825.33 453.56 756.23 610.88 633.12 738.66 822.38 723.85
00002948 00000066 382.43 183.55 539.13 746.80 593.43 466.78 826.73 454.60 756.77 612.90 634.01 738.32 823.88 724.11
00002949 00000067 384.48 185.34 537.81 744.51 593.78 468.13 829.35 455.76 758.28 615.68 635.42 739.55 827.65 725.07
00002950 00000068 387.97 182.99 536.07 746.08 596.36 468.79 831.21 455.74 760.33 615.39 636.90 738.93 829.67 724.01
00002951 00000069 388.19 186.65 536.02 739.60 597.61 469.47 831.01 456.22 761.41 615.01 635.07 736.72 828.72 721.77
00002952 00000070 389.86 182.88 536.10 742.63 598.91 469.46 832.25 456.43 762.16 614.74 634.63 735.17 829.17 720.44
00002953 00000071 392.71 186.08 536.10 738.92 603.49 469.55 834.14 457.45 765.46 611.40 637.75 732.59 831.33 718.70
00002954 00000072 393.29 189.15 537.37 735.30 607.00 471.73 836.61 459.22 769.11 611.14 639.43 732.09 834.44 718.10
00002955 00000073 395.01 193.46 538.35 730.95 608.87 474.39 839.68 462.15 772.27 610.93 641.15 731.59 839.04 717.88
00002956 00000074 393.09 176.42 544.58 753.85 610.35 482.14 841.71 469.91 781.13 608.69 638.96 734.50 841.57 722.32
00002957 00000075 394.31 179.43 544.51 754.52 614.06 481.51 845.48 470.28 784.88 611.30 645.88 735.79 845.74 724.49
00002958 00000076 396.17 188.24 537.25 736.67 618.48 480.33 845.98 467.78 784.04 612.66 661.56 739.58 847.12 725.12
00002959 00000077 399.43 192.33 533.84 738.33 624.92 477.51 849.04 468.29 791.46 611.09 672.82 748.53 847.70 737.60
00002960 00000078 397.85 186.46 542.04 753.12 626.17 477.15 850.92 470.66 799.60 619.06 677.02 756.27 853.38 748.62
00002961 00000079 403.24 190.64 539.05 748.08 629.89 478.19 855.34 470.16 803.82 621.10 679.37 755.58 857.81 746.80
00002962 00000080 406.97 186.19 540.36 749.85 633.24 478.81 860.22 470.02 806.45 622.79 679.73 751.24 863.84 741.77
00002963 00000081 415.05 182.64 533.54 750.97 637.24 481.52 865.03 466.74 813.22 614.96 683.18 747.44 864.48 733.27
00002964 00000082 417.43 182.31 533.66 748.33 640.17 480.66 868.38 465.44 816.51 614.32 685.55 745.53 867.53 731.01
00002965 00000083 418.68 181.93 533.39 754.31 640.89 479.67 869.35 464.83 817.12 613.77 685.57 747.26 868.61 732.99
00002966 00000084 419.46 185.84 536.29 746.11 644.07 477.57 870.00 467.57 816.96 620.07 686.20 745.76 876.53 735.53
00002967 00000085 423.15 184.57 535.09 745.42 648.59 478.82 873.17 466.32 821.53 621.63 689.03 744.12 879.75 731.94
00002968 00000086 427.01 185.61 534.79 744.96 651.44 479.55 878.03 467.13 823.89 622.99 690.62 744.37 883.89 732.15
00002969 00000087 429.84 184.17 535.08 746.41 655.64 479.04 881.25 468.13 826.66 622.77 694.11 744.72 886.01 733.64
00002970 00000088 432.43 185.32 535.73 742.91 659.80 479.23 886.02 470.15 830.34 623.92 698.27 744.19 889.08 734.54
00002971 00000089 435.58 186.43 535.65 740.09 663.61 479.25 889.79 469.36 834.33 623.72 701.48 744.80 891.41 734.51
00002972 00000090 439.77 186.52 535.70 738.58 667.05 478.60 894.70 466.10 839.07 624.94 703.89 746.54 895.50 734.22
00002973 00000091 443.40 188.13 534.80 735.92 669.86 480.79 897.55 466.92 841.46 624.99 705.64 746.63 897.77 733.35
00002974 00000092 445.52 189.40 537.48 733.18 672.11 482.75 901.37 467.23 844.19 626.13 708.29 747.58 900.60 733.08
00002975 00000093 451.04 185.54 534.87 737.53 676.21 482.83 904.82 467.06 847.83 625.50 710.13 748.25 901.97 733.85
00002976 00000094 457.23 191.64 533.08 729.55 679.79 486.05 907.52 468.71 850.18 625.45 713.07 747.64 904.90 732.23
00002977 00000095 464.11 193.43 529.56 727.84 684.83 486.05 912.70 469.79 853.88 624.04 717.76 748.27 909.97 733.67
00002978 00000096 462.69 187.67 533.33 736.09 687.83 483.76 917.01 470.68 857.24 622.86 727.38 747.53 914.73 733.33
00002979 00000097 471.85 187.05 535.05 748.71 695.44 486.21 922.45 473.71 872.50 618.90 736.71 749.91 924.30 737.05
00002980 00000098 472.36 188.48 539.18 742.68 698.34 486.49 924.49 477.21 872.77 628.14 741.57 750.23 931.19 740.69
00002981 00000099 479.36 191.12 538.00 745.12 706.46 489.72 931.13 480.68 878.96 630.08 748.16 753.03 935.27 743.73
00002982 00000100 484.60 195.61 538.61 743.87 711.23 490.27 940.28 482.69 884.92 631.97 752.29 755.88 942.20 747.62
00002983 00000101 496.37 197.72 532.34 741.44 716.50 491.72 949.67 483.68 890.64 634.86 753.56 756.27 951.26 747.89
00002984 00000102 501.30 195.70 531.64 748.03 723.11 491.15 954.56 484.51 896.83 636.10 757.36 758.07 956.12 750.76
00002985 00000103 504.62 194.98 532.18 753.60 731.18 488.71 957.83 486.13 900.19 635.26 758.00 758.15 951.80 754.49
00002986 00000104 507.18 197.38 531.28 753.45 731.27 489.75 958.65 485.64 901.67 635.02 758.92 757.78 955.70 752.90
00002987 00000105 506.13 198.58 530.90 748.48 729.74 489.18 958.57 485.39 900.59 635.07 757.82 756.92 954.80 752.32
00002988 00000106 504.98 195.89 529.12 747.58 727.86 489.37 956.42 485.67 898.37 634.49 755.50 755.75 952.06 751.23
00002989 00000107 502.88 196.12 528.56 745.96 725.36 489.86 953.45 484.70 896.53 633.34 753.93 753.87 950.63 748.29
00002990 00000108 496.43 194.98 532.99 743.68 725.80 492.43 952.08 487.22 899.41 632.83 754.14 752.05 950.01 746.50
00002991 00000109 496.42 193.23 534.21 741.82 735.99 490.63 960.77 479.63 916.03 632.29 761.83 752.53 958.12 742.41
00002992 DELETE   499.76 196.95 532.57 733.19 746.94 490.05 968.08 468.14 934.99 625.00 779.04 752.93 971.82 734.26
00002993 00000111 506.77 189.20 530.06 740.00 759.28 484.68 976.38 463.62 949.15 614.94 793.68 751.26 983.08 732.94
00002994 00000112 513.74 186.25 525.52 743.05 774.88 484.48 981.05 461.78 963.99 613.92 806.77 753.37 985.87 734.46
00002995 00000113 519.22 187.77 520.87 744.85 783.02 484.62 984.92 463.16 971.40 614.51 813.74 754.54 987.55 736.71
00002996 00000114 519.53 183.38 520.24 754.00 787.23 485.81 984.42 463.49 974.55 614.55 817.54 755.63 987.52 737.14
00002997 00000115 519.44 184.48 520.48 751.58 787.22 485.28 984.90 462.82 976.31 614.60 817.66 755.73 988.15 737.20
00002998 00000116 519.82 184.20 518.30 748.49 787.21 484.91 984.43 462.97 975.65 614.52 816.68 754.82 986.99 736.73
00002999 00000117 518.30 184.42 519.79 748.12 786.50 482.58 985.43 462.47 975.27 613.95 816.28 753.87 987.73 737.08
00003000 00000118 519.87 185.49 517.65 745.97 786.93 483.05 984.61 462.55 974.90 614.79 815.73 753.60 986.12 736.58
00003001 00000119 519.57 184.69 517.90 747.23 786.39 482.56 985.07 462.64 974.68 614.46 814.36 753.10 986.10 736.54
00003002 00000120 519.69 185.09 517.65 746.26 787.18 482.59 985.27 463.02 974.90 614.68 816.37 753.38 986.67 737.06
00003003 00000121 521.05 185.00 517.70 745.77 787.78 482.70 987.03 463.18 975.73 613.74 817.01 752.94 988.33 736.67
00003004 00000122 521.39 182.78 518.82 749.27 789.10 483.58 987.57 463.85 976.72 613.77 819.11 753.49 989.47 736.87
00003005 00000123 520.99 184.70 519.79 747.56 787.53 483.91 987.33 465.00 974.26 614.14 817.97 753.58 989.03 737.59
00003006 00000124 521.20 186.67 518.87 747.41 785.91 483.85 986.18 464.95 971.59 615.02 815.40 754.30 987.40 738.49
00003007 00000125 517.44 187.52 524.43 750.46 788.87 487.02 986.23 469.77 975.62 616.68 815.44 755.94 985.84 741.63
00003008 00000126 522.25 188.84 522.14 748.70 792.78 490.91 988.13 473.70 976.68 618.03 819.87 756.76 987.17 742.31
00003009 00000127 523.50 191.03 525.19 747.27 793.04 490.15 991.74 470.96 978.83 618.13 822.54 757.84 992.22 741.78
00003010 00000128 525.00 191.67 525.92 747.00 791.72 489.35 993.92 471.16 977.27 618.55 823.62 758.13 994.29 742.60
00003011 00000129 525.81 197.74 525.76 740.21 790.57 489.63 994.07 471.04 975.68 619.66 824.05 758.26 994.59 742.35
00003012 00000130 526.28 196.38 525.89 742.39 791.26 489.28 995.14 470.59 976.61 620.17 824.14 759.05 994.71 742.98
00003013 00000131 527.50 199.72 526.19 740.35 792.26 489.61 996.06 469.97 977.31 620.81 824.34 759.36 995.16 742.62
00003014 00000132 527.57 197.71 526.90 741.84 792.99 490.02 996.72 470.44 977.69 620.70 825.37 759.32 996.00 742.62
00003015 00000133 527.54 197.30 527.56 742.49 793.67 489.92 997.52 470.81 978.34 620.55 825.47 759.00 996.68 742.67
00003016 00000134 528.76 197.94 526.47 742.61 793.55 489.77 997.70 470.94 977.92 620.18 825.29 758.89 996.71 742.79
00003017 00000135 528.75 196.55 526.52 743.13 794.33 489.50 997.78 471.23 978.11 620.33 825.29 758.44 996.17 742.82
00003018 00000136 527.99 196.33 526.75 744.87 793.21 489.34 997.10 470.93 976.88 620.38 824.20 758.75 995.98 742.99
00003019 00000137 525.78 195.03 527.86 749.25 790.70 489.69 996.04 471.96 976.12 619.68 822.61 759.96 996.21 744.67
00003020 00000138 525.12 199.93 526.65 743.00 786.48 491.18 995.45 473.65 970.82 622.78 817.32 760.15 993.15 745.26
00003021 00000139 522.60 201.10 530.08 748.48 783.53 495.18 994.88 478.70 969.21 627.70 813.66 764.84 993.16 750.67
00003022 00000140 520.53 201.65 530.11 754.63 781.63 498.04 991.51 482.72 967.63 632.24 810.89 770.06 988.56 756.78
00003023 00000141 522.21 204.01 527.39 749.91 782.13 500.95 991.05 486.14 966.66 633.98 808.02 767.99 986.52 755.31
00003024 DELETE   520.89 201.47 527.66 749.09 782.65 502.19 990.76 486.42 967.12 633.19 809.83 766.21 986.98 752.76
00003025 00000143 521.43 200.63 526.53 754.02 782.11 502.60 989.15 486.40 967.87 633.76 806.77 767.21 986.43 753.56
00003026 00000144 521.61 204.42 525.81 755.42 781.99 502.75 986.91 488.35 966.52 633.68 806.46 768.75 984.55 756.57
00003027 00000145 521.14 204.48 525.67 758.88 781.58 505.43 986.96 491.36 965.94 637.82 803.18 771.22 982.15 759.35
00003028 00000146 519.22 207.87 526.15 759.66 777.02 508.20 984.11 495.61 959.89 643.38 795.11 773.18 977.89 762.61
00003029 00000147 511.04 205.39 531.68 764.01 776.74 503.04 990.50 499.32 958.07 649.07 791.11 775.63 977.52 770.27
00003030 00000148 511.68 213.09 529.69 760.22 772.94 507.59 985.85 504.85 952.06 653.30 790.92 780.77 975.86 776.22
CROP_BBOX: 83 0 1343 1080
