Video ID: 	6nRBwrJgndw
H: 	1080
W: 	1920
FPS: 	25.0

FRAME INDEX X0 Y0 W H [Landmarks (5 Points)]

00015660 00000000 947.73 121.95 376.32 531.57 1054.95 312.93 1245.54 332.88 1154.38 405.03 1055.52 511.42 1217.23 530.11
00015661 00000001 947.19 121.85 375.62 531.44 1053.73 312.48 1244.14 333.47 1152.63 404.53 1054.35 510.67 1215.84 530.18
00015662 00000002 947.08 121.90 372.99 532.55 1051.80 312.89 1242.21 333.99 1151.12 405.46 1052.84 510.58 1215.03 530.11
00015663 00000003 944.84 121.01 374.06 534.15 1050.24 314.10 1240.99 334.92 1149.83 406.26 1052.74 511.73 1214.57 530.91
00015664 00000004 943.18 122.36 375.35 533.80 1049.74 314.80 1240.27 335.88 1149.58 407.66 1052.47 512.33 1213.52 531.70
00015665 00000005 944.32 120.95 374.99 536.97 1049.88 316.97 1240.12 337.11 1149.57 410.42 1052.58 515.29 1213.21 533.84
00015666 00000006 943.76 122.48 375.21 537.10 1049.30 317.56 1240.01 337.22 1149.74 411.20 1052.78 516.84 1212.99 534.95
00015667 00000007 943.94 123.91 376.04 538.07 1049.31 318.87 1240.72 338.36 1149.11 412.70 1052.57 518.93 1212.39 536.91
00015668 00000008 942.39 124.14 377.51 543.62 1049.01 318.39 1240.55 338.30 1149.53 412.96 1051.65 521.22 1211.58 539.37
00015669 00000009 940.62 138.10 375.75 535.96 1053.76 319.20 1234.62 337.79 1152.41 418.64 1048.93 521.85 1202.03 538.43
00015670 00000010 943.03 138.39 374.10 539.52 1055.04 321.79 1235.97 340.08 1152.58 420.81 1049.23 524.17 1202.84 540.72
00015671 00000011 942.94 139.42 374.09 536.87 1054.92 321.89 1236.17 340.77 1152.19 421.77 1048.35 523.78 1203.20 540.72
00015672 00000012 942.13 138.08 375.09 534.68 1054.39 321.23 1235.15 340.32 1151.09 421.87 1047.86 522.33 1203.84 539.35
00015673 00000013 942.46 127.62 377.58 545.67 1048.53 317.02 1239.75 337.98 1147.18 416.32 1046.14 520.55 1209.58 539.45
00015674 00000014 946.08 125.24 371.62 541.61 1049.26 315.60 1239.34 334.98 1146.91 412.34 1049.69 518.96 1209.38 537.02
00015675 00000015 949.03 123.68 366.63 538.09 1046.47 315.85 1236.84 332.79 1143.27 409.04 1051.36 514.48 1212.99 530.66
00015676 00000016 947.34 122.81 367.23 538.07 1043.19 315.62 1231.45 330.52 1137.98 407.73 1048.84 510.76 1211.59 525.03
00015677 00000017 942.39 122.63 370.06 538.48 1039.19 315.44 1225.42 326.93 1134.09 406.49 1045.83 510.58 1207.48 521.97
00015678 00000018 939.43 118.82 372.93 548.76 1034.06 316.01 1221.66 326.04 1127.89 408.56 1041.73 516.37 1202.56 526.23
00015679 00000019 938.56 119.75 372.22 550.89 1034.18 318.83 1214.14 323.74 1125.28 411.65 1046.12 521.51 1194.27 527.14
00015680 00000020 934.75 124.99 372.45 545.55 1029.80 320.44 1209.47 323.98 1121.95 415.06 1045.74 523.65 1189.88 527.85
00015681 00000021 932.79 126.32 371.43 542.38 1024.54 326.83 1204.21 327.69 1114.88 419.70 1043.53 526.73 1187.38 528.72
00015682 00000022 924.16 129.54 378.39 542.52 1018.83 330.52 1201.14 332.15 1113.40 422.57 1041.00 531.01 1186.83 533.18
00015683 00000023 915.40 129.18 386.50 546.06 1013.13 332.60 1199.12 333.59 1109.38 426.27 1036.82 534.47 1188.01 535.74
00015684 00000024 909.85 132.94 388.32 544.61 1009.39 334.67 1197.53 337.79 1108.30 431.52 1032.36 537.14 1187.69 539.96
00015685 00000025 908.86 137.73 384.99 536.17 1006.62 336.64 1195.04 340.14 1104.61 432.69 1029.45 537.46 1185.20 540.63
00015686 00000026 907.81 140.99 384.89 535.45 1004.47 338.98 1192.52 341.25 1102.99 436.33 1028.68 539.91 1184.94 542.01
00015687 00000027 910.15 139.74 382.21 539.19 1004.94 343.95 1191.16 340.66 1104.12 446.95 1024.28 546.74 1178.56 544.27
00015688 00000028 909.67 143.70 382.50 538.35 1004.97 345.71 1191.18 343.47 1104.13 451.26 1022.84 548.84 1179.17 547.23
00015689 00000029 909.07 146.65 382.42 537.58 1004.85 348.04 1191.99 346.68 1104.20 453.87 1020.53 550.62 1179.26 549.72
00015690 00000030 905.24 146.10 386.15 545.76 1002.98 346.07 1192.01 348.65 1103.33 450.14 1024.41 548.83 1185.94 550.79
00015691 00000031 911.82 156.31 378.77 549.22 1007.33 348.00 1188.30 351.27 1106.71 449.50 1022.63 554.39 1177.40 557.04
00015692 00000032 913.95 157.36 378.63 551.67 1008.00 349.16 1190.13 352.55 1106.28 452.11 1022.91 559.13 1178.35 561.88
00015693 00000033 915.68 159.85 379.73 550.43 1010.07 351.90 1193.74 355.01 1107.21 454.63 1024.40 562.22 1180.51 564.83
00015694 00000034 919.18 163.21 377.08 544.52 1013.17 356.84 1196.75 359.81 1109.13 458.96 1025.32 564.55 1182.26 567.41
00015695 00000035 921.39 167.51 375.50 538.48 1014.98 360.07 1199.10 362.30 1111.49 462.32 1026.62 567.06 1184.27 569.46
00015696 00000036 926.38 167.91 373.12 541.76 1017.90 361.43 1202.98 363.92 1113.65 466.73 1028.61 571.08 1186.25 573.97
00015697 00000037 931.58 168.62 371.18 548.97 1019.82 361.52 1206.15 363.60 1114.55 468.98 1031.48 576.12 1187.84 578.89
00015698 00000038 936.47 169.52 370.49 550.96 1021.82 360.83 1207.39 361.11 1114.73 470.58 1037.79 580.87 1186.11 582.14
00015699 00000039 938.33 169.22 369.94 545.34 1024.55 363.91 1207.71 363.29 1117.19 472.78 1046.63 581.94 1187.12 582.03
00015700 00000040 942.57 169.48 368.15 542.77 1027.36 366.60 1208.96 364.61 1118.43 474.81 1051.44 582.59 1188.62 581.62
00015701 00000041 944.48 169.63 367.00 541.78 1030.23 368.58 1210.92 366.53 1120.49 475.91 1052.79 581.82 1193.12 580.83
00015702 00000042 946.30 169.91 365.34 540.61 1032.03 369.31 1213.02 368.38 1121.65 477.75 1052.42 581.06 1195.26 581.12
00015703 00000043 946.86 169.80 364.67 540.27 1033.54 371.20 1214.55 370.55 1124.11 478.46 1052.05 580.01 1197.85 580.30
00015704 00000044 946.04 172.97 366.25 540.38 1033.95 370.20 1214.41 370.71 1125.03 477.76 1052.74 580.13 1197.12 581.37
00015705 00000045 945.89 172.63 366.22 543.30 1033.93 368.13 1214.16 369.26 1125.17 478.14 1053.80 582.39 1193.83 584.16
00015706 00000046 945.06 172.38 367.42 543.28 1033.80 369.23 1213.42 369.09 1125.77 478.56 1055.53 584.14 1193.37 584.71
00015707 00000047 946.00 172.36 366.61 541.18 1034.27 370.15 1214.50 369.55 1126.31 478.01 1055.35 581.70 1195.97 581.79
00015708 00000048 946.51 170.92 365.82 537.59 1035.13 370.69 1214.78 369.97 1127.19 476.46 1055.90 579.05 1197.16 579.24
00015709 00000049 950.60 165.96 363.23 535.75 1038.40 366.27 1218.23 362.97 1131.55 466.49 1061.15 575.13 1201.84 573.21
00015710 00000050 952.37 158.23 363.66 535.47 1040.45 360.72 1221.69 353.80 1136.95 459.81 1065.94 570.03 1206.85 564.80
00015711 00000051 950.89 154.44 367.00 534.24 1043.25 354.66 1224.69 345.13 1145.66 450.47 1073.53 563.72 1211.72 555.84
00015712 00000052 953.90 146.80 364.47 535.55 1045.25 349.73 1227.44 338.13 1150.36 446.32 1077.35 560.61 1214.34 550.80
00015713 00000053 952.90 137.54 367.97 540.35 1041.31 350.11 1228.14 339.29 1147.65 448.52 1079.50 554.43 1223.62 546.74
00015714 00000054 953.86 134.39 369.59 540.53 1043.06 347.77 1228.98 334.90 1150.54 439.86 1082.93 550.46 1227.20 540.96
00015715 00000055 952.47 130.63 370.07 539.72 1041.21 346.28 1228.02 332.79 1149.98 433.29 1082.99 547.17 1227.91 537.15
00015716 00000056 948.21 128.49 373.03 540.45 1039.06 346.45 1225.27 333.17 1148.58 432.30 1082.16 545.76 1226.90 535.74
00015717 00000057 948.11 129.15 369.70 540.75 1036.76 346.64 1221.73 334.20 1144.16 431.32 1078.97 544.98 1224.47 535.68
00015718 00000058 947.41 133.42 369.35 536.76 1034.92 348.87 1220.29 335.68 1141.89 437.17 1078.04 546.61 1223.45 536.67
00015719 00000059 945.96 134.63 371.89 538.38 1034.86 350.62 1220.14 337.59 1142.51 440.42 1078.32 548.70 1223.78 538.65
00015720 00000060 944.56 136.26 372.75 540.07 1033.72 352.16 1219.45 339.05 1141.31 444.87 1077.80 551.58 1223.27 541.38
00015721 00000061 948.32 146.65 369.23 535.20 1037.84 348.73 1219.67 332.74 1143.42 444.19 1074.69 559.90 1210.79 546.81
00015722 00000062 945.18 148.78 371.75 531.74 1036.13 349.39 1217.57 333.90 1141.33 445.48 1073.41 559.50 1208.51 546.41
00015723 00000063 944.15 148.64 373.62 529.74 1036.13 349.52 1217.22 334.68 1140.80 446.00 1072.18 557.71 1207.94 544.75
00015724 00000064 944.69 149.14 373.77 527.59 1037.27 348.72 1217.64 333.63 1141.99 444.09 1072.40 554.47 1210.72 541.51
00015725 00000065 947.07 148.26 372.21 530.58 1038.81 350.09 1218.72 334.67 1143.24 444.94 1073.43 555.07 1214.08 542.06
00015726 00000066 948.16 147.75 371.14 534.53 1038.47 351.52 1220.13 336.51 1141.84 447.82 1072.07 558.82 1214.24 546.09
00015727 00000067 948.29 150.05 370.66 540.54 1036.12 351.29 1218.88 337.82 1135.77 448.01 1067.43 564.23 1208.52 553.66
00015728 00000068 945.76 153.60 372.27 544.60 1033.67 353.08 1216.37 339.47 1132.23 447.41 1062.78 567.39 1204.46 557.31
00015729 00000069 945.93 155.38 371.31 542.73 1033.26 353.80 1216.34 340.48 1131.20 447.09 1060.51 566.40 1205.28 556.90
00015730 00000070 947.36 154.75 371.44 545.06 1034.82 354.22 1218.91 340.60 1133.56 446.16 1062.23 566.58 1210.09 556.71
00015731 00000071 946.00 153.03 375.22 553.30 1037.87 354.33 1221.78 341.51 1138.63 445.49 1066.02 566.70 1214.43 557.06
00015732 00000072 945.72 149.41 377.09 558.55 1038.27 353.80 1222.85 340.74 1140.23 446.19 1068.86 569.28 1214.03 558.84
00015733 00000073 946.12 149.29 376.95 554.47 1037.89 353.67 1221.97 339.68 1139.96 446.35 1070.87 570.69 1211.43 559.36
00015734 00000074 949.49 148.78 372.26 543.04 1038.75 353.10 1221.86 338.99 1140.73 448.93 1073.65 570.04 1208.60 558.54
00015735 00000075 950.95 148.01 370.78 542.47 1038.39 353.92 1223.70 339.53 1140.70 448.97 1073.87 569.09 1211.76 557.32
00015736 00000076 952.45 145.52 369.55 540.78 1038.76 354.58 1225.07 340.75 1141.04 451.19 1073.15 568.31 1214.50 556.67
00015737 00000077 953.70 146.27 368.47 537.78 1040.06 354.13 1226.82 341.39 1141.73 451.77 1072.14 567.01 1216.08 556.13
00015738 00000078 952.51 147.29 369.52 538.57 1040.33 354.01 1226.13 341.38 1142.07 450.71 1072.26 566.84 1214.89 556.26
00015739 00000079 951.38 147.39 371.29 541.97 1040.76 353.50 1224.97 340.98 1141.59 449.48 1073.53 567.93 1212.26 557.53
00015740 00000080 951.32 149.51 373.26 549.03 1042.03 354.13 1224.33 341.64 1141.70 449.09 1072.67 567.66 1211.80 557.84
00015741 00000081 950.54 153.49 376.31 554.08 1043.65 354.51 1224.93 342.83 1142.56 449.78 1072.80 569.33 1211.74 559.88
00015742 00000082 949.97 154.09 378.30 555.61 1044.77 355.72 1226.83 344.34 1145.23 451.50 1074.66 571.32 1213.89 561.61
00015743 00000083 952.30 152.64 375.87 550.76 1045.99 357.74 1230.16 347.84 1146.95 455.10 1075.79 572.97 1216.39 564.67
00015744 00000084 958.29 148.38 370.80 545.66 1047.45 361.36 1233.00 350.46 1148.65 461.35 1079.08 575.29 1220.70 566.18
00015745 00000085 961.24 149.02 368.22 543.23 1047.56 364.16 1234.06 352.53 1148.56 464.06 1078.63 576.16 1223.49 566.54
00015746 00000086 959.78 149.92 368.59 541.62 1046.46 363.11 1232.96 352.10 1147.55 464.14 1077.43 575.27 1222.18 565.94
00015747 00000087 958.10 151.05 369.68 540.49 1044.95 363.44 1230.49 351.76 1145.32 463.37 1076.46 574.84 1220.88 564.82
00015748 00000088 957.06 150.97 369.80 540.18 1043.77 363.81 1228.92 351.26 1144.28 461.94 1075.49 574.39 1220.72 563.66
00015749 00000089 957.12 150.56 369.82 539.84 1043.27 363.55 1228.70 350.73 1144.39 462.14 1075.52 574.05 1221.21 563.02
00015750 00000090 958.96 150.66 368.43 540.20 1045.11 363.15 1230.58 350.43 1146.73 462.84 1077.73 574.63 1222.13 563.70
00015751 00000091 959.07 149.39 369.11 542.04 1046.52 362.02 1231.97 349.33 1148.67 462.89 1081.05 575.71 1222.57 564.83
00015752 00000092 960.43 148.67 367.66 542.96 1047.42 359.86 1231.72 346.82 1149.74 460.67 1083.38 574.91 1221.65 564.05
00015753 00000093 960.11 146.34 366.98 545.67 1047.31 355.63 1232.26 342.66 1150.05 456.09 1083.09 571.99 1221.11 561.19
00015754 00000094 957.44 145.24 370.69 545.39 1044.84 353.47 1232.05 342.54 1145.56 450.37 1072.81 565.19 1220.24 555.95
00015755 00000095 956.99 140.50 370.11 547.75 1042.17 351.63 1230.22 340.24 1143.22 447.90 1069.05 561.75 1220.95 552.35
00015756 00000096 954.37 139.29 370.38 547.99 1039.71 350.46 1227.74 337.59 1141.17 446.43 1067.60 560.78 1218.78 550.15
00015757 00000097 950.90 142.21 371.90 544.37 1038.38 349.92 1225.02 336.02 1141.28 446.82 1070.19 562.35 1214.28 550.86
00015758 00000098 948.99 143.12 372.56 542.66 1037.13 348.99 1223.12 335.48 1138.90 446.61 1069.06 562.33 1211.20 551.00
00015759 00000099 949.12 145.09 372.10 540.32 1036.69 349.06 1221.06 335.58 1137.43 446.56 1068.15 561.04 1209.08 549.86
00015760 00000100 948.49 147.11 371.85 538.74 1036.48 348.35 1220.06 335.50 1136.69 445.85 1067.66 560.08 1207.34 549.55
00015761 00000101 949.04 147.84 370.70 538.18 1036.51 348.36 1219.36 335.97 1136.31 446.57 1067.46 560.25 1206.33 550.36
00015762 00000102 948.75 149.56 370.14 536.65 1036.55 348.73 1219.19 336.75 1136.07 447.06 1067.26 560.96 1205.65 551.38
00015763 00000103 948.33 151.48 370.67 536.65 1036.03 349.32 1219.19 336.66 1135.88 446.75 1067.79 562.64 1205.29 552.43
00015764 00000104 947.95 151.73 370.84 541.08 1036.62 349.17 1218.12 336.21 1136.44 445.96 1069.31 564.04 1204.10 554.00
00015765 00000105 949.09 153.27 370.99 545.39 1037.96 349.65 1217.69 335.40 1137.46 445.54 1071.87 566.17 1203.90 555.17
00015766 00000106 946.71 154.45 375.02 551.56 1039.58 349.86 1217.14 337.24 1139.00 445.96 1073.67 569.17 1202.40 559.11
00015767 00000107 947.47 155.58 374.18 554.85 1040.20 348.83 1217.58 337.26 1140.61 445.38 1073.62 571.46 1201.05 562.41
00015768 00000108 947.03 154.85 374.26 557.82 1041.24 347.86 1218.33 337.47 1142.40 443.91 1074.30 572.36 1199.98 564.16
00015769 00000109 948.65 152.57 371.68 561.74 1042.33 347.04 1218.76 336.07 1143.43 442.60 1075.57 574.49 1198.05 566.19
00015770 00000110 948.44 153.68 372.73 560.29 1042.98 346.20 1219.53 334.79 1145.18 441.45 1076.74 574.40 1198.36 565.67
00015771 00000111 949.71 153.38 372.33 559.65 1044.30 344.67 1221.50 332.44 1146.34 438.62 1078.26 573.51 1199.61 564.14
00015772 00000112 951.21 148.68 372.54 558.05 1046.78 345.29 1223.51 330.39 1147.61 433.93 1078.74 566.18 1205.37 554.65
00015773 00000113 954.58 144.24 365.97 547.31 1043.99 346.26 1226.54 331.71 1146.52 436.60 1074.04 560.09 1213.24 549.27
00015774 00000114 955.81 143.84 365.73 542.23 1044.26 345.46 1226.71 329.89 1145.75 432.39 1072.20 553.46 1216.85 541.80
00015775 00000115 956.36 143.40 367.09 540.91 1046.75 343.01 1225.92 325.30 1148.49 427.02 1078.28 550.83 1215.49 537.24
00015776 00000116 956.34 142.92 367.74 540.47 1047.37 342.56 1226.48 325.23 1149.12 428.29 1078.11 550.68 1215.25 537.25
00015777 00000117 956.40 143.15 366.96 541.96 1045.80 344.51 1228.51 330.36 1146.27 431.43 1070.64 549.50 1220.09 538.87
00015778 00000118 953.87 143.67 369.42 545.09 1043.86 348.16 1228.90 335.19 1144.73 433.64 1067.12 550.81 1223.18 541.23
00015779 00000119 950.39 147.14 374.43 546.46 1043.71 348.89 1227.67 335.71 1145.27 436.79 1070.16 556.84 1218.08 546.55
00015780 00000120 948.08 147.64 377.70 550.46 1044.30 348.73 1227.63 337.23 1146.46 442.16 1071.14 561.42 1213.26 552.04
00015781 00000121 950.02 148.08 373.25 540.14 1043.41 351.47 1227.66 340.15 1146.67 445.99 1072.37 563.22 1215.92 553.75
00015782 00000122 951.76 146.95 371.01 538.67 1043.68 352.76 1227.45 340.90 1146.74 448.21 1073.55 562.29 1217.94 552.26
00015783 00000123 954.35 147.90 367.31 537.66 1044.33 352.34 1227.37 339.47 1148.05 449.72 1075.50 562.97 1216.10 552.36
00015784 00000124 953.29 148.31 366.01 541.12 1043.15 353.52 1226.79 340.23 1147.06 450.67 1075.45 564.99 1215.84 554.14
00015785 00000125 952.62 151.05 367.00 539.72 1043.03 354.53 1225.05 341.09 1145.92 449.85 1075.56 565.10 1214.48 554.28
00015786 00000126 952.71 153.80 367.06 537.55 1043.62 355.03 1224.16 341.84 1145.38 450.10 1075.55 564.29 1213.83 553.75
00015787 00000127 953.57 155.23 365.91 537.29 1044.31 355.61 1224.49 342.81 1145.06 450.36 1075.58 564.42 1214.04 554.19
00015788 00000128 954.01 154.46 366.20 540.69 1044.82 357.06 1225.30 343.96 1145.59 451.65 1076.86 566.64 1215.82 555.88
00015789 00000129 954.29 155.60 366.56 542.32 1046.26 357.33 1226.35 344.08 1148.14 452.99 1079.92 568.63 1217.08 557.56
00015790 00000130 953.25 155.88 368.40 544.05 1046.49 359.17 1227.90 345.46 1149.73 455.06 1080.40 570.95 1220.46 559.38
00015791 00000131 955.45 155.57 367.08 542.73 1046.70 361.08 1230.29 348.36 1148.71 457.73 1077.58 571.14 1222.52 560.54
00015792 00000132 954.94 155.12 367.65 541.23 1046.07 361.69 1229.75 349.26 1147.76 458.25 1076.23 569.44 1223.01 559.06
00015793 00000133 953.94 155.77 369.08 539.91 1046.06 361.92 1229.97 350.65 1147.31 458.61 1074.34 568.25 1221.93 558.67
00015794 00000134 954.54 156.02 368.16 539.75 1046.47 362.11 1230.47 351.21 1147.45 459.07 1074.39 568.37 1221.98 559.11
00015795 00000135 955.69 155.98 368.08 540.04 1046.97 362.77 1231.45 352.21 1147.68 460.18 1074.28 569.49 1222.35 560.61
00015796 00000136 957.01 156.58 367.28 539.63 1047.70 363.38 1232.03 352.99 1148.57 460.76 1074.83 570.53 1223.09 561.95
00015797 00000137 959.83 154.34 364.74 540.92 1048.90 363.52 1234.21 353.98 1149.50 461.72 1075.62 572.57 1224.32 564.92
00015798 00000138 960.47 154.64 365.09 541.48 1048.97 364.69 1235.76 355.16 1149.17 462.80 1074.61 575.05 1225.04 567.63
00015799 00000139 959.75 155.46 366.08 543.33 1047.85 365.49 1236.99 356.97 1148.10 462.45 1071.53 575.59 1225.66 569.33
CROP_BBOX: 696 0 1538 840
