Video ID: 	6Z9TdVoTlVc
H: 	1080
W: 	1920
FPS: 	29.97002997002997

FRAME INDEX X0 Y0 W H [Landmarks (5 Points)]

00034087 00000000 905.71 141.01 368.39 546.95 954.56 341.31 1085.40 346.35 951.08 429.90 944.36 538.59 1054.67 545.59
00034088 00000001 907.29 139.77 370.51 547.23 957.04 337.09 1088.21 345.00 951.60 426.99 946.38 536.40 1057.13 545.25
00034089 00000002 909.71 133.91 369.62 550.48 958.49 336.78 1093.40 346.85 957.17 421.15 945.86 534.27 1053.77 541.94
00034090 00000003 910.86 136.90 368.54 544.36 960.70 335.69 1093.92 347.32 958.94 421.19 946.95 531.97 1054.04 540.82
00034091 00000004 906.43 146.33 367.60 536.17 957.58 330.87 1097.93 350.43 958.36 417.48 940.00 528.22 1046.04 544.38
00034092 00000005 906.90 135.73 375.34 540.69 959.34 332.88 1096.71 345.59 959.54 416.87 941.97 526.77 1052.34 536.88
00034093 00000006 906.83 136.96 375.61 540.51 959.43 332.42 1096.83 345.38 959.12 416.47 941.25 526.84 1051.72 537.23
00034094 00000007 910.33 135.28 371.20 547.49 960.07 333.76 1095.07 344.74 959.05 417.68 944.92 531.47 1052.69 540.12
00034095 00000008 911.67 135.55 369.10 550.98 960.14 335.80 1094.05 344.49 959.55 417.57 947.36 534.84 1053.74 541.43
00034096 00000009 913.78 132.84 365.30 553.73 959.06 333.42 1092.35 343.57 956.73 418.49 945.40 536.03 1050.22 543.96
00034097 00000010 914.59 134.11 364.26 553.90 959.13 333.38 1091.66 343.14 956.55 418.53 946.02 536.74 1050.35 544.26
00034098 00000011 914.23 134.88 365.64 552.84 958.53 334.96 1092.78 342.61 957.11 419.47 947.90 539.00 1053.40 544.63
00034099 00000012 914.24 133.95 366.13 552.82 957.62 336.25 1093.44 342.20 958.17 420.68 949.02 539.38 1056.67 543.44
00034100 00000013 912.85 137.27 368.95 549.40 956.64 337.05 1092.91 341.71 957.56 420.59 949.29 539.25 1057.85 542.10
00034101 00000014 912.83 138.91 368.54 547.57 956.97 336.89 1093.45 341.80 957.29 420.56 949.27 538.57 1057.99 541.64
00034102 00000015 909.79 146.18 372.55 548.89 959.14 336.25 1095.55 340.28 957.77 424.13 949.76 538.36 1068.63 544.12
00034103 00000016 906.60 147.08 377.16 552.02 954.75 338.95 1099.72 340.79 959.49 425.47 948.96 542.11 1079.10 545.93
00034104 00000017 905.97 144.95 377.81 554.30 952.28 340.44 1101.15 341.67 960.13 427.42 947.90 543.86 1081.47 547.01
00034105 00000018 904.97 146.47 375.44 552.73 951.03 340.19 1099.52 341.89 959.15 427.24 947.29 543.48 1081.58 547.00
00034106 00000019 903.30 144.10 374.80 556.02 948.66 341.96 1099.30 342.76 958.78 428.28 946.18 545.47 1082.22 548.40
00034107 00000020 902.05 143.96 373.14 556.37 946.81 343.55 1098.00 343.88 957.97 428.97 945.05 546.25 1082.23 548.94
00034108 00000021 900.70 144.34 372.07 556.52 945.67 346.15 1097.45 345.87 957.74 430.37 944.23 547.18 1081.85 549.60
00034109 00000022 898.76 144.94 372.16 556.37 942.87 349.81 1094.09 348.63 955.23 432.49 943.14 549.92 1080.40 551.77
00034110 00000023 896.78 145.47 373.32 557.16 940.53 352.48 1090.91 349.92 953.35 433.81 942.30 550.06 1079.33 550.64
00034111 00000024 894.16 147.22 374.79 559.13 938.66 352.73 1088.58 349.86 951.65 433.91 941.19 550.99 1078.71 551.12
00034112 00000025 893.27 148.85 374.55 558.47 938.03 354.51 1086.60 352.02 950.37 436.02 940.56 552.18 1077.48 552.59
00034113 00000026 892.27 147.25 373.37 559.69 937.08 354.25 1084.11 354.70 947.62 438.91 939.71 552.03 1075.00 554.69
00034114 00000027 890.70 144.75 375.17 562.33 936.06 354.26 1082.37 356.50 946.50 441.24 937.94 552.52 1071.42 556.47
00034115 00000028 889.17 147.50 376.72 560.13 935.09 355.86 1081.27 358.37 946.02 443.03 936.65 553.93 1069.83 557.99
00034116 00000029 889.00 149.93 376.19 557.91 934.83 356.04 1080.92 358.75 945.89 443.59 936.01 554.15 1068.96 558.45
00034117 00000030 889.19 149.33 375.36 558.81 934.90 355.56 1080.80 358.47 945.83 443.43 936.09 553.96 1068.82 558.44
00034118 00000031 889.41 149.64 374.92 558.72 934.98 355.39 1080.75 358.25 945.59 443.29 936.08 553.75 1069.23 558.14
00034119 00000032 889.66 148.98 375.06 559.01 935.13 354.87 1080.55 357.75 945.62 443.19 936.48 553.30 1068.98 557.73
00034120 00000033 889.63 149.66 375.24 558.31 935.39 354.70 1080.52 357.64 945.72 442.75 936.46 552.96 1068.73 557.47
00034121 00000034 890.16 147.97 376.21 559.78 935.77 354.36 1081.32 357.56 945.97 442.61 936.83 552.34 1069.32 557.09
00034122 00000035 890.70 148.08 375.78 559.98 936.44 353.97 1082.17 357.23 946.17 442.59 937.12 552.06 1070.25 556.96
00034123 00000036 891.26 149.25 375.08 558.49 937.18 354.56 1083.09 357.95 947.15 443.28 937.51 551.59 1071.71 556.58
00034124 00000037 892.87 148.53 373.49 560.03 938.25 353.98 1083.86 358.43 947.58 444.79 937.65 550.31 1072.58 556.15
00034125 00000038 893.32 150.00 374.14 559.77 939.04 354.88 1084.73 359.50 948.62 445.76 937.93 550.74 1073.68 556.69
00034126 00000039 893.62 151.61 374.37 558.24 939.65 355.65 1084.93 360.05 948.85 445.90 938.86 552.03 1074.43 557.83
00034127 00000040 893.62 152.11 373.07 558.51 939.50 355.57 1085.15 359.91 949.99 445.92 938.38 551.76 1074.72 557.65
00034128 00000041 893.59 151.98 373.30 558.28 939.20 356.75 1084.66 360.14 949.62 446.00 938.52 552.87 1073.95 557.96
00034129 00000042 893.72 151.17 372.41 558.44 938.31 357.85 1084.17 360.22 948.10 446.53 939.01 554.30 1074.18 558.52
00034130 00000043 893.27 151.35 371.00 555.92 937.65 357.86 1082.71 360.58 947.05 446.46 938.51 553.94 1071.57 558.49
00034131 00000044 892.19 151.66 372.67 550.94 935.00 359.61 1082.39 361.12 944.57 447.45 936.51 555.74 1071.75 559.08
00034132 00000045 893.43 150.72 370.78 547.47 934.12 360.15 1081.95 363.59 944.80 449.15 932.02 557.12 1063.66 562.04
00034133 00000046 892.57 153.31 368.75 541.86 932.07 359.00 1080.40 365.09 942.46 449.31 927.01 557.95 1058.91 564.99
00034134 00000047 892.66 155.68 366.54 538.21 931.29 357.31 1078.44 365.54 940.64 449.62 924.89 557.86 1054.33 566.79
00034135 00000048 891.71 157.39 367.11 539.09 931.54 358.29 1076.17 365.49 939.47 449.00 926.08 558.74 1053.32 566.78
00034136 00000049 890.85 158.90 366.57 539.37 932.03 358.91 1074.78 365.76 939.87 449.12 928.02 558.60 1053.30 566.50
00034137 00000050 889.67 159.80 367.11 541.09 933.30 358.46 1073.39 365.98 940.30 448.33 929.98 557.21 1054.23 565.71
00034138 00000051 889.73 159.39 367.21 541.11 932.14 358.89 1072.82 365.52 940.29 449.10 930.41 557.81 1054.29 565.55
00034139 00000052 889.18 158.74 368.03 545.86 932.76 358.79 1072.80 364.87 940.89 448.36 931.14 558.08 1054.69 565.36
00034140 00000053 888.61 161.08 368.22 545.61 932.29 359.01 1072.49 364.56 941.26 449.43 930.73 558.86 1055.29 565.60
00034141 00000054 888.36 162.50 368.27 546.76 933.23 358.54 1071.50 364.58 940.53 450.15 930.47 557.66 1055.38 564.63
00034142 00000055 887.30 162.62 368.82 547.20 932.49 359.13 1071.05 365.28 940.30 450.47 930.17 558.45 1055.48 565.48
00034143 00000056 886.37 163.88 368.90 545.73 931.32 362.20 1070.75 367.32 939.41 451.84 930.68 561.03 1056.48 566.98
00034144 00000057 886.04 165.24 367.06 544.79 930.41 365.21 1069.46 369.52 938.03 453.42 930.72 564.11 1056.24 569.14
00034145 00000058 886.06 164.40 367.31 547.22 930.85 365.66 1068.54 370.70 937.00 454.57 931.13 564.46 1055.68 569.97
00034146 00000059 885.79 164.62 366.02 547.71 930.70 366.56 1066.82 371.70 935.36 455.25 930.93 565.11 1054.63 570.54
00034147 00000060 884.96 161.98 367.20 552.38 929.66 367.52 1066.11 372.38 934.03 455.33 929.56 565.41 1054.76 570.42
00034148 00000061 884.23 161.93 367.14 553.21 927.29 367.20 1064.41 372.79 931.89 455.98 926.58 567.02 1050.78 572.72
00034149 00000062 883.74 159.38 363.59 557.33 925.58 368.64 1061.00 374.41 929.61 456.58 925.56 569.83 1046.50 575.56
00034150 00000063 883.44 160.50 363.32 558.87 926.05 369.08 1058.06 375.34 926.77 456.49 925.89 571.64 1042.89 577.68
00034151 00000064 882.47 158.77 364.89 562.07 926.44 371.02 1056.88 379.49 925.22 459.71 925.69 572.39 1041.12 580.23
00034152 DELETE   880.43 161.63 365.33 558.39 926.46 371.99 1053.08 383.41 922.66 461.23 924.31 569.50 1036.19 579.93
00034153 DELETE   879.46 161.67 366.06 561.50 925.01 372.50 1048.60 384.88 918.23 461.54 921.78 571.28 1028.00 582.62
00034154 00000067 881.12 162.12 362.84 569.09 926.64 372.52 1044.49 384.84 915.66 462.88 925.27 574.32 1027.37 585.17
00034155 00000068 880.88 159.94 362.71 577.93 925.35 373.99 1045.75 386.34 914.11 466.18 925.60 577.51 1032.81 587.83
00034156 00000069 879.21 161.81 361.55 576.53 923.14 377.10 1045.10 389.14 914.00 470.09 926.12 579.44 1035.87 589.34
00034157 00000070 875.23 163.17 359.77 573.58 919.42 378.06 1042.51 391.76 911.60 471.06 922.09 579.05 1031.93 590.32
00034158 00000071 872.88 164.44 359.05 566.45 918.45 379.00 1041.21 393.62 912.84 470.34 920.84 576.68 1027.21 589.12
00034159 DELETE   870.39 166.00 361.23 560.78 914.92 381.65 1041.67 394.93 911.89 471.91 917.21 577.82 1023.65 589.24
00034160 00000073 869.92 167.91 361.82 560.01 913.86 380.79 1040.88 393.71 910.46 471.74 916.49 576.83 1024.93 588.02
00034161 00000074 868.07 168.48 362.74 560.11 911.81 381.29 1038.97 394.92 908.28 472.64 912.44 577.37 1020.68 589.09
00034162 00000075 867.21 166.91 363.11 562.75 911.01 381.30 1037.38 395.14 906.33 472.91 910.69 578.40 1017.85 590.25
00034163 00000076 867.46 168.28 363.71 560.06 911.84 382.48 1036.17 395.57 906.90 471.91 911.64 577.93 1016.86 589.28
00034164 00000077 866.65 167.45 364.39 560.64 911.75 381.61 1035.38 394.78 906.36 471.66 910.45 576.47 1013.75 588.13
00034165 00000078 866.48 165.45 364.43 563.67 911.47 380.17 1035.74 393.41 906.35 470.76 909.29 576.18 1012.85 588.08
00034166 00000079 865.45 166.62 365.57 561.17 909.81 379.48 1035.93 392.94 906.36 470.46 906.65 575.41 1012.27 587.66
00034167 00000080 857.24 162.74 371.55 556.64 904.23 381.59 1039.59 386.99 899.47 467.41 898.51 568.56 1013.28 573.70
00034168 00000081 857.51 157.40 372.77 558.80 904.38 379.81 1042.66 384.84 901.66 466.73 897.77 566.63 1015.98 571.65
00034169 00000082 859.79 157.89 371.45 558.52 904.99 379.37 1043.39 382.38 903.66 467.19 899.63 569.00 1020.76 572.19
00034170 00000083 862.71 157.21 369.97 563.10 906.26 380.42 1044.50 381.88 905.47 468.90 905.00 572.80 1025.33 574.47
00034171 00000084 868.55 161.82 363.50 564.06 914.69 378.15 1042.15 391.49 911.08 468.51 913.95 575.22 1024.99 586.95
00034172 00000085 869.28 163.44 362.00 559.05 915.83 377.48 1041.43 391.75 912.15 468.68 914.36 573.26 1023.05 585.83
00034173 00000086 869.86 163.17 361.77 559.28 913.71 375.93 1041.46 391.66 911.20 468.20 909.90 571.66 1019.86 585.65
00034174 00000087 868.99 164.05 363.18 560.89 912.85 374.42 1040.08 391.07 909.03 468.46 908.66 570.45 1017.01 585.20
00034175 00000088 869.76 165.48 362.95 561.62 913.51 376.96 1040.02 391.92 909.22 468.28 910.06 573.47 1016.87 586.78
00034176 00000089 871.04 165.05 361.36 561.19 914.82 376.36 1040.52 391.05 909.65 467.08 911.99 573.85 1017.26 586.80
00034177 00000090 870.41 165.98 361.96 556.19 914.02 376.11 1041.76 390.00 913.01 467.64 912.91 573.82 1017.98 586.20
00034178 00000091 871.48 165.77 361.54 557.57 914.07 374.55 1043.45 389.07 914.52 467.14 913.71 573.34 1020.72 586.24
00034179 00000092 869.79 164.73 364.69 562.58 915.74 371.99 1044.57 387.74 914.18 466.10 917.07 572.93 1027.15 586.40
00034180 00000093 869.05 164.96 370.33 569.17 915.44 369.06 1045.06 384.55 911.95 465.67 918.16 571.52 1035.50 584.15
00034181 00000094 866.90 163.31 373.35 575.74 913.00 370.08 1048.80 381.14 913.24 465.56 917.74 575.11 1043.92 583.64
00034182 00000095 865.02 163.73 372.86 578.57 910.56 371.89 1046.68 380.67 910.30 467.06 917.81 576.28 1048.00 582.42
00034183 00000096 863.02 164.46 373.26 579.48 909.38 372.54 1045.72 382.20 910.62 468.54 916.63 574.73 1050.40 581.25
00034184 00000097 860.84 167.10 375.48 576.58 907.10 375.20 1043.43 384.29 907.29 470.54 914.61 573.31 1051.60 578.93
00034185 00000098 857.54 168.65 376.83 575.67 904.21 378.54 1040.67 388.60 905.46 475.92 910.93 574.86 1047.98 581.16
00034186 00000099 852.98 173.40 377.64 571.73 901.21 382.39 1036.89 395.78 900.80 480.74 903.64 574.78 1040.36 583.74
00034187 00000100 848.41 176.67 376.43 569.63 898.24 390.25 1033.49 400.74 899.79 484.18 900.76 578.96 1035.64 585.37
00034188 00000101 844.25 181.34 374.80 566.61 893.47 396.38 1028.33 406.97 895.56 490.42 897.08 583.88 1028.69 590.43
00034189 00000102 839.54 187.82 376.18 563.09 887.95 403.82 1022.51 411.66 890.35 494.08 892.19 589.53 1020.51 593.75
00034190 00000103 834.89 185.07 383.53 575.31 875.17 406.52 1018.73 416.67 876.59 503.63 880.35 593.97 1017.80 600.54
00034191 00000104 833.24 187.43 382.61 575.38 874.70 407.94 1016.76 418.66 876.55 508.47 884.16 596.67 1019.77 603.17
00034192 00000105 835.36 190.24 380.26 578.35 878.03 408.27 1016.97 420.10 878.55 512.60 889.35 598.75 1024.96 605.21
00034193 00000106 839.08 188.93 378.94 579.80 879.90 407.09 1018.62 417.56 878.53 512.42 893.22 601.13 1026.10 606.46
00034194 00000107 845.01 187.56 377.48 575.66 884.28 406.93 1020.07 416.45 877.26 509.41 894.91 602.42 1022.22 607.63
00034195 00000108 854.16 189.71 367.79 567.28 887.99 409.34 1021.88 422.63 881.33 508.14 894.98 601.71 1011.08 611.69
00034196 00000109 857.67 190.28 365.13 563.97 891.51 407.78 1021.57 423.71 882.61 507.55 896.73 600.43 1006.22 612.80
00034197 00000110 860.42 183.76 364.89 565.47 893.51 404.53 1021.66 417.11 881.17 501.25 899.67 599.18 1006.47 608.89
00034198 00000111 861.31 177.75 362.25 567.33 895.41 398.11 1022.78 411.58 880.46 494.30 898.80 593.19 1004.88 603.81
00034199 00000112 860.98 179.43 366.05 572.42 894.05 400.62 1024.29 417.87 881.03 501.95 899.41 599.13 1006.55 612.91
00034200 00000113 853.79 182.93 368.82 576.63 886.75 403.47 1018.95 424.25 874.58 507.65 889.85 605.17 999.91 621.82
00034201 00000114 843.35 185.39 364.21 572.10 878.08 401.76 1013.94 425.95 872.92 508.75 880.17 599.91 992.16 619.19
00034202 00000115 841.16 179.96 362.26 571.72 865.35 400.94 1006.56 420.45 856.90 508.23 871.41 597.92 1001.79 613.50
00034203 DELETE   832.86 180.40 367.59 556.56 869.75 404.92 1000.82 415.85 865.12 504.32 877.04 591.71 997.14 599.82
00034204 00000117 832.55 178.34 365.40 559.87 870.11 402.91 1000.91 412.08 865.45 503.84 880.63 590.05 1003.27 596.49
00034205 00000118 837.18 177.72 366.76 572.23 874.56 401.47 1006.30 410.72 870.95 504.26 885.25 592.19 1010.39 598.49
00034206 00000119 845.92 176.27 366.84 595.64 874.77 398.58 1003.51 408.36 852.15 503.11 892.26 596.97 1019.94 600.76
00034207 00000120 847.05 173.19 368.36 595.85 886.17 398.98 1007.24 407.46 868.41 496.88 903.25 597.94 1022.28 601.61
00034208 00000121 839.40 166.83 368.34 580.20 876.21 397.73 1008.79 401.64 874.10 495.22 891.50 590.40 1017.22 592.28
00034209 DELETE   834.21 169.81 368.15 569.31 873.26 396.45 1003.53 406.33 868.44 498.97 886.02 585.24 1010.97 591.81
00034210 DELETE   823.44 180.05 373.36 558.41 866.09 399.65 997.47 409.43 859.92 502.59 878.39 588.04 1004.42 594.50
00034211 00000124 816.66 187.92 376.03 550.71 862.44 400.51 990.10 412.25 855.12 501.83 873.33 587.08 996.35 595.37
00034212 00000125 815.24 180.97 376.97 557.46 862.74 397.16 989.53 409.01 855.01 495.32 870.54 582.91 995.87 591.34
00034213 00000126 813.18 176.59 378.05 565.22 860.77 395.49 987.37 406.37 853.13 493.93 869.07 582.96 995.67 590.55
CROP_BBOX: 601 0 1495 899
