Video ID: 	TokwTEG3cAo
H: 	1080
W: 	1920
FPS: 	25.0

FRAME INDEX X0 Y0 W H [Landmarks (5 Points)]

00036330 00000000 645.88 257.32 414.15 532.80 740.10 461.66 922.80 452.41 828.82 571.53 755.71 645.10 928.04 638.48
00036331 00000001 645.08 256.82 415.47 535.13 739.74 462.30 923.02 453.28 828.71 574.01 756.43 647.44 928.33 640.86
00036332 DELETE   644.07 258.26 418.27 535.75 739.49 466.50 924.19 455.96 829.48 574.90 756.66 650.46 929.84 642.38
00036333 00000003 644.47 258.61 418.26 534.41 739.28 469.98 925.17 459.51 829.26 577.12 757.03 652.05 931.05 643.97
00036334 00000004 644.89 258.36 419.73 535.09 740.01 470.26 927.17 460.09 830.21 578.21 756.83 652.42 932.43 644.49
00036335 00000005 644.49 258.23 420.20 536.48 740.28 469.79 927.49 459.11 831.46 579.66 757.28 652.27 934.04 643.91
00036336 00000006 645.13 257.29 420.23 537.59 740.87 468.65 928.83 458.14 832.69 578.88 757.27 651.26 935.47 643.05
00036337 00000007 645.01 255.08 421.66 540.95 741.77 469.10 930.07 457.87 834.67 579.06 758.86 652.16 937.43 643.24
00036338 00000008 645.63 253.13 421.95 543.67 741.80 468.93 930.80 457.37 834.63 577.96 758.77 651.73 939.12 642.39
00036339 00000009 646.69 252.33 422.81 544.23 742.36 469.39 932.37 458.30 835.36 577.72 759.26 651.90 941.05 642.77
00036340 00000010 647.16 250.89 424.17 546.68 743.97 469.54 935.08 458.54 837.30 578.71 760.47 652.39 943.72 643.29
00036341 00000011 648.70 250.22 425.34 547.66 745.11 468.76 937.73 458.00 838.81 579.07 761.47 652.09 946.50 643.05
00036342 00000012 650.72 247.92 426.13 550.18 747.38 468.33 941.31 457.50 841.71 580.04 764.05 652.44 949.66 643.35
00036343 00000013 651.87 244.51 426.97 555.42 750.74 468.06 944.90 456.61 846.48 582.01 767.76 655.14 950.58 645.49
00036344 00000014 652.91 241.62 430.31 560.69 754.36 462.94 949.86 451.22 851.61 580.01 774.12 656.77 952.78 646.17
00036345 00000015 654.77 239.03 431.74 564.33 755.59 460.07 953.15 448.04 853.70 577.94 778.10 658.94 956.43 647.75
00036346 00000016 655.92 236.53 433.21 565.55 756.11 458.12 955.24 446.60 854.02 579.68 781.29 663.42 954.61 652.21
00036347 DELETE   657.16 236.45 435.76 567.41 758.01 457.26 956.58 445.73 855.91 577.84 787.32 664.53 956.44 653.12
00036348 DELETE   659.53 236.79 435.32 568.67 760.20 455.08 956.82 443.78 857.05 575.59 790.70 664.19 957.05 652.67
00036349 00000019 666.13 239.77 434.04 567.33 762.06 452.07 961.70 441.37 859.62 569.05 792.33 663.21 956.08 654.10
00036350 00000020 666.67 239.40 434.74 567.46 762.80 451.95 963.27 442.03 860.64 569.45 791.97 661.05 958.04 652.56
00036351 00000021 665.73 233.28 436.05 569.40 765.48 453.77 964.28 445.02 858.99 571.48 793.18 655.69 961.63 649.44
00036352 DELETE   666.97 238.02 436.82 568.15 766.07 457.05 966.44 448.57 862.85 573.25 789.20 659.30 959.86 652.23
00036353 00000023 666.54 234.13 440.25 571.04 768.46 459.57 970.70 450.94 862.61 574.81 791.35 657.58 963.70 651.25
00036354 00000024 667.93 232.58 443.38 573.05 769.75 458.42 972.90 450.32 863.22 574.62 794.83 661.00 963.88 654.99
00036355 00000025 673.47 236.74 439.83 570.84 772.34 459.58 973.27 450.63 868.96 573.48 798.27 666.37 964.49 659.21
00036356 00000026 675.94 236.52 439.84 571.32 773.24 459.97 974.56 448.94 870.98 572.84 801.18 667.43 970.15 658.30
00036357 DELETE   678.38 237.59 441.08 570.93 774.61 455.30 979.23 445.20 874.82 569.04 804.55 665.98 976.47 656.76
00036358 00000028 680.84 240.28 443.48 569.96 777.79 456.19 979.78 443.64 877.87 570.23 808.28 664.46 980.91 653.03
00036359 00000029 683.09 240.19 445.22 570.36 779.29 455.07 982.66 440.69 880.29 569.42 810.25 664.49 984.63 651.48
00036360 00000030 685.85 239.28 446.54 571.32 780.25 454.23 987.08 438.35 883.97 570.66 811.63 663.39 993.78 649.17
00036361 00000031 688.22 239.95 448.91 572.65 783.73 452.57 991.41 436.15 888.51 569.63 817.19 663.26 1000.48 648.42
00036362 00000032 691.21 238.91 449.78 573.67 790.08 452.68 995.19 438.14 894.24 571.98 822.00 662.12 1002.46 648.84
00036363 00000033 695.51 236.93 450.84 577.34 795.20 454.57 998.36 440.95 897.45 576.42 825.41 663.83 1004.51 651.37
00036364 00000034 697.53 234.38 453.40 581.07 798.91 455.86 1003.18 442.28 901.66 578.07 830.20 667.60 1006.05 654.78
00036365 00000035 699.02 232.65 454.15 584.84 802.39 455.33 1007.36 442.70 905.21 578.66 833.90 670.74 1007.49 658.61
00036366 00000036 700.23 232.22 453.49 586.67 803.19 453.62 1006.90 441.29 905.72 580.04 836.62 673.63 1006.68 661.63
00036367 00000037 700.09 231.73 455.26 591.14 803.27 453.79 1007.26 441.26 905.35 580.90 836.51 674.36 1008.09 662.09
00036368 00000038 699.74 229.65 456.54 595.57 802.86 454.04 1006.28 441.59 903.79 581.14 837.69 675.21 1006.62 662.79
00036369 00000039 699.32 229.73 457.97 596.57 802.00 453.45 1005.02 440.90 902.25 581.52 837.85 675.81 1005.17 663.25
00036370 00000040 699.46 228.50 460.23 598.09 801.85 452.35 1005.67 440.15 900.94 580.30 839.34 676.69 1004.55 664.16
00036371 00000041 701.01 228.79 460.90 599.56 802.14 452.72 1005.43 441.00 897.85 578.04 838.57 676.47 1004.51 664.13
00036372 00000042 702.81 230.54 459.66 599.53 803.02 452.99 1004.94 443.33 895.29 578.96 834.71 675.61 1002.08 665.12
00036373 00000043 708.51 221.29 465.19 611.53 802.75 453.20 1005.84 445.20 891.90 588.98 832.74 673.46 1004.12 667.03
00036374 00000044 707.37 224.09 471.08 617.44 806.50 453.06 1023.26 443.06 904.44 583.86 835.70 670.93 1020.50 660.15
00036375 00000045 711.04 225.22 471.54 614.61 811.65 453.98 1028.74 444.96 909.07 583.59 837.48 670.67 1024.87 660.68
00036376 00000046 715.05 229.98 472.89 609.25 815.35 453.91 1033.93 444.93 913.89 586.87 841.12 670.85 1030.36 660.72
00036377 00000047 718.25 228.92 473.73 609.75 818.93 454.73 1037.09 445.27 916.82 587.60 844.25 670.75 1034.87 660.16
00036378 00000048 720.73 231.67 474.09 610.09 822.81 457.01 1040.59 449.28 921.09 590.85 847.21 671.45 1039.94 662.20
00036379 00000049 725.03 233.98 472.67 601.98 827.27 466.39 1045.06 456.64 926.37 591.94 848.91 674.86 1048.53 665.16
00036380 DELETE   725.71 232.70 470.72 608.70 829.23 469.19 1044.38 462.03 924.76 596.60 848.76 671.87 1046.83 666.54
00036381 00000051 726.30 233.04 471.88 608.74 830.12 468.37 1047.01 460.05 926.65 597.85 849.01 673.42 1048.26 667.26
00036382 00000052 726.37 232.61 472.22 610.32 830.85 469.36 1047.45 460.69 927.71 598.89 849.30 674.15 1048.75 667.67
00036383 00000053 726.60 232.04 471.78 612.79 830.75 467.45 1047.11 459.26 927.50 598.93 849.77 675.61 1048.54 669.40
00036384 00000054 725.23 230.66 473.18 614.32 830.79 467.09 1046.74 457.93 929.04 597.45 851.49 676.51 1047.97 669.52
00036385 00000055 724.14 228.37 472.89 616.74 829.84 462.44 1045.61 454.79 928.40 595.58 852.82 678.06 1044.83 672.14
00036386 00000056 722.58 226.84 475.84 620.29 828.45 458.16 1047.08 451.33 928.72 596.11 853.70 682.22 1042.97 676.81
00036387 00000057 719.90 226.40 478.02 623.40 827.35 459.54 1047.60 452.56 929.17 597.96 852.37 684.21 1042.61 678.69
00036388 00000058 718.30 227.93 478.80 625.03 826.09 462.03 1047.86 453.17 929.99 602.05 853.12 688.10 1044.26 680.91
00036389 00000059 717.82 227.72 479.63 627.53 825.22 461.04 1048.46 452.57 929.18 602.90 853.43 691.92 1044.04 684.91
00036390 00000060 717.02 226.91 479.45 628.57 825.64 461.99 1047.37 453.39 930.06 600.62 853.54 691.21 1043.69 684.01
00036391 00000061 716.69 225.83 480.64 628.28 825.78 460.15 1048.02 451.94 929.85 599.21 853.04 689.79 1044.35 682.91
00036392 00000062 716.93 222.26 481.72 631.82 825.09 458.78 1048.07 449.88 930.47 598.86 853.91 689.97 1046.09 682.55
00036393 00000063 716.49 222.65 484.58 632.00 826.29 457.79 1050.60 450.09 931.95 598.87 854.69 690.43 1045.83 684.08
00036394 00000064 718.16 221.92 485.27 635.96 826.60 457.08 1052.62 450.14 931.72 600.91 854.00 692.37 1046.34 686.68
00036395 00000065 722.67 224.43 483.83 627.09 831.00 461.02 1053.99 455.76 937.32 602.90 857.43 689.40 1049.97 683.98
00036396 DELETE   724.10 223.77 483.63 630.95 833.43 464.13 1057.15 459.59 939.89 602.67 858.60 690.06 1052.42 685.38
00036397 00000067 725.89 222.92 485.49 634.82 836.17 464.08 1058.98 459.47 942.67 603.06 860.63 688.68 1056.34 684.08
00036398 00000068 728.04 225.34 484.98 632.16 837.74 462.07 1059.66 455.78 944.63 603.17 862.86 687.41 1059.83 681.39
00036399 00000069 728.01 220.68 489.32 635.73 837.24 458.26 1062.70 452.74 945.56 604.01 861.83 686.05 1062.00 680.75
00036400 00000070 727.66 221.27 491.01 635.02 836.87 458.93 1065.11 452.49 947.33 603.90 860.69 685.89 1063.03 679.89
00036401 00000071 727.72 223.09 491.79 635.41 838.88 459.57 1065.78 453.02 949.38 603.98 862.66 684.84 1066.21 678.71
00036402 00000072 729.19 222.52 493.86 639.00 839.45 459.31 1067.18 452.47 949.52 605.03 863.20 683.85 1070.99 677.50
00036403 00000073 729.27 224.83 494.94 637.31 840.09 460.71 1068.74 453.93 951.34 607.47 861.30 682.41 1073.45 676.07
00036404 00000074 729.42 226.15 495.72 637.87 840.04 461.23 1069.72 454.51 952.15 610.62 860.70 683.40 1074.20 677.24
00036405 00000075 729.91 226.41 496.33 638.40 840.62 462.12 1071.25 454.94 953.15 612.59 861.81 685.08 1075.66 678.66
00036406 00000076 729.37 227.00 497.56 640.60 841.60 465.63 1071.55 457.77 954.08 613.61 864.92 687.99 1077.43 680.91
00036407 00000077 731.84 226.36 495.69 640.55 844.11 471.14 1071.41 463.32 953.99 615.34 868.92 691.80 1077.08 685.12
00036408 00000078 730.69 224.34 498.15 645.26 845.51 473.96 1073.76 466.68 956.15 614.91 869.49 693.85 1076.95 687.74
00036409 00000079 730.10 224.26 501.10 648.04 847.41 473.06 1075.33 465.99 958.50 615.66 870.35 692.35 1079.05 686.38
00036410 00000080 732.00 224.83 499.95 645.87 850.41 475.14 1075.79 468.08 960.51 615.54 872.71 692.19 1079.88 686.38
00036411 00000081 734.08 225.47 498.58 644.09 849.46 472.68 1076.02 464.87 960.13 616.28 872.17 692.14 1079.85 685.90
00036412 00000082 733.45 226.26 498.55 643.10 846.16 472.27 1076.07 463.28 958.30 616.20 869.92 695.01 1080.04 687.65
00036413 00000083 730.08 224.17 500.51 651.59 845.13 468.87 1075.31 461.29 956.49 614.77 868.77 697.34 1077.19 691.10
00036414 00000084 726.17 221.45 502.65 659.24 841.44 468.31 1073.98 461.59 954.64 615.80 865.85 700.01 1075.22 694.43
00036415 00000085 726.00 218.49 500.57 657.00 837.73 470.50 1073.23 465.31 951.59 615.86 861.13 701.66 1070.44 697.41
00036416 00000086 722.99 219.21 500.44 654.45 835.79 469.99 1070.88 464.85 949.80 614.22 861.93 703.21 1066.12 698.84
00036417 00000087 718.63 216.85 503.25 660.04 835.38 467.54 1067.92 464.43 948.00 612.50 861.52 702.88 1061.41 700.07
00036418 00000088 715.31 213.06 506.75 662.17 833.77 466.36 1067.50 464.55 947.50 613.32 857.37 698.02 1062.89 696.00
00036419 00000089 711.70 212.00 509.74 660.54 830.63 466.12 1066.46 464.72 944.74 613.50 854.42 695.58 1062.43 693.51
00036420 00000090 712.05 208.15 506.06 670.41 827.47 466.79 1064.54 459.25 941.12 612.98 848.71 695.44 1065.77 689.63
00036421 00000091 708.06 205.61 511.88 672.14 829.47 463.85 1063.59 461.69 943.52 609.77 851.80 694.18 1062.53 691.20
00036422 00000092 706.09 205.27 514.14 673.78 826.94 466.77 1062.20 467.96 938.90 613.38 848.74 697.72 1060.06 697.35
00036423 00000093 701.21 207.07 519.25 674.86 821.64 468.20 1057.44 470.67 932.00 615.34 844.84 702.61 1054.85 703.22
00036424 00000094 699.89 207.22 517.82 678.32 818.99 462.82 1056.98 466.56 929.79 617.95 842.74 703.81 1053.74 705.66
00036425 00000095 696.34 206.42 519.68 681.10 815.79 460.72 1053.45 463.59 926.98 619.04 840.33 704.00 1050.83 705.06
00036426 00000096 694.80 206.90 522.21 681.84 812.34 456.37 1053.13 459.51 925.62 621.91 836.94 703.62 1048.12 705.10
00036427 00000097 691.55 205.61 525.35 683.09 810.68 454.06 1052.99 456.77 925.02 618.26 834.42 702.09 1046.30 703.15
00036428 00000098 690.34 205.29 523.95 681.81 807.74 452.65 1050.99 455.04 922.72 616.58 831.75 701.17 1044.45 701.92
00036429 00000099 688.81 203.37 524.78 682.20 805.46 450.44 1049.98 452.06 921.02 613.90 831.12 700.24 1044.20 700.43
00036430 00000100 688.00 201.09 524.94 683.11 803.84 449.76 1049.20 449.94 920.35 611.02 829.89 700.54 1042.76 699.56
00036431 00000101 686.47 198.96 525.76 684.87 802.56 450.26 1048.58 449.93 920.12 612.07 829.76 701.92 1042.24 700.54
00036432 00000102 687.39 192.36 521.84 693.44 800.38 454.60 1043.89 450.06 914.08 614.43 822.41 700.51 1045.19 696.27
00036433 00000103 685.69 189.84 522.31 693.75 797.63 453.61 1041.28 448.59 911.30 612.09 819.39 697.94 1042.79 693.25
00036434 00000104 682.32 183.43 523.99 697.50 795.86 450.67 1039.62 445.74 909.99 610.83 818.07 694.70 1041.79 690.00
00036435 00000105 681.06 180.14 523.95 700.17 793.03 449.31 1036.42 444.55 906.50 607.26 813.78 689.92 1041.70 685.15
00036436 00000106 676.85 178.34 525.63 705.87 789.56 448.79 1033.13 444.83 902.75 605.99 808.20 689.62 1038.19 685.14
00036437 00000107 673.28 171.44 526.03 717.77 788.05 450.03 1031.86 448.14 901.61 607.29 803.28 692.34 1035.21 689.32
00036438 00000108 662.05 176.13 533.45 714.25 784.10 447.34 1027.97 444.22 900.07 602.76 807.50 690.74 1027.97 686.14
00036439 00000109 663.03 162.01 531.80 725.72 781.49 448.12 1026.93 445.24 897.17 602.41 801.48 689.73 1029.40 685.93
00036440 00000110 652.30 169.24 542.61 716.77 777.37 440.70 1027.15 440.93 893.07 600.23 802.16 684.18 1023.04 682.17
00036441 00000111 649.43 169.67 543.72 712.26 774.71 437.77 1025.45 438.60 890.78 599.15 798.20 680.65 1019.48 679.26
00036442 00000112 650.08 155.24 539.31 717.43 770.46 438.64 1020.00 439.82 887.35 594.35 790.73 676.96 1023.07 676.33
00036443 00000113 648.75 154.73 539.13 714.18 767.10 436.94 1017.89 438.23 883.95 592.80 785.90 675.95 1019.81 675.53
00036444 00000114 646.06 150.72 539.75 710.83 765.41 437.20 1017.20 438.68 882.93 592.07 783.70 675.12 1017.55 674.84
00036445 00000115 644.31 148.61 539.65 710.40 762.55 437.23 1015.46 438.53 880.41 594.13 780.80 676.79 1015.38 676.39
00036446 00000116 642.36 146.88 540.40 713.23 761.15 437.34 1013.14 438.41 878.62 594.10 778.62 674.55 1014.85 673.79
00036447 00000117 640.21 142.47 541.59 720.13 759.54 436.20 1011.52 437.44 876.89 594.06 775.84 673.71 1015.25 672.96
00036448 00000118 637.25 140.44 542.83 722.67 757.28 433.72 1011.75 434.25 876.48 593.57 773.23 673.47 1015.09 672.21
00036449 00000119 634.18 139.35 544.26 723.87 755.58 430.88 1009.74 432.76 873.42 592.17 770.26 670.74 1012.09 670.59
00036450 00000120 630.53 133.62 545.39 730.02 753.31 428.28 1009.34 430.76 871.77 591.90 766.90 670.30 1010.28 670.71
00036451 00000121 625.33 140.37 546.99 724.23 747.15 431.75 1004.32 430.59 868.69 595.30 764.34 671.20 1005.81 670.74
00036452 00000122 622.11 137.41 548.80 726.63 744.96 429.38 1002.04 429.13 866.60 593.44 763.17 671.38 1002.35 671.50
00036453 00000123 620.31 136.65 550.21 729.62 743.29 428.15 1000.52 428.28 864.29 591.82 761.52 673.43 998.80 673.69
00036454 00000124 617.44 135.60 553.41 734.46 741.04 426.32 999.16 426.52 862.40 591.73 761.02 675.70 997.64 675.91
00036455 00000125 612.25 139.36 553.73 738.01 744.50 419.70 1001.02 419.30 864.22 590.39 767.89 678.46 995.93 676.94
00036456 00000126 610.46 137.34 554.53 745.58 738.62 418.67 996.38 415.97 859.10 593.27 766.52 681.63 995.17 678.05
00036457 00000127 610.97 129.06 559.04 751.26 729.88 427.69 989.77 422.96 852.44 596.48 760.18 684.72 991.39 680.39
00036458 00000128 606.91 129.23 563.77 753.49 727.59 419.29 989.62 417.02 850.82 594.76 757.22 684.01 987.95 681.78
00036459 00000129 603.99 130.59 563.78 751.41 727.33 418.61 985.16 417.12 848.14 591.89 755.73 680.99 984.95 679.28
00036460 00000130 599.37 126.11 567.48 756.16 722.76 414.67 986.30 412.74 847.15 589.48 750.27 677.54 985.87 675.55
00036461 00000131 597.51 124.26 567.14 754.60 720.25 410.41 985.19 409.55 844.94 588.31 747.05 676.05 984.02 674.92
00036462 00000132 592.93 124.01 569.52 751.61 717.36 409.31 984.68 408.30 843.72 586.89 743.08 675.50 981.87 674.14
00036463 00000133 590.14 120.74 571.30 760.15 715.06 409.31 984.41 406.91 843.53 587.01 740.56 677.26 982.70 674.74
00036464 00000134 586.52 122.05 574.99 760.77 712.52 409.78 983.35 406.07 842.82 586.86 740.04 679.62 982.32 675.90
00036465 00000135 584.61 118.66 578.48 766.52 711.75 408.29 983.76 406.01 841.85 587.83 738.37 679.42 979.92 677.01
00036466 00000136 582.78 119.98 577.44 764.02 707.64 408.95 981.16 405.90 838.95 589.60 735.76 680.77 977.56 677.68
00036467 00000137 579.77 120.24 578.72 769.01 704.31 408.97 976.91 405.70 834.56 591.77 731.97 681.13 976.15 677.60
00036468 00000138 576.81 118.47 581.03 775.49 701.74 409.17 973.75 405.29 831.01 588.84 727.02 679.61 976.97 675.25
00036469 00000139 574.07 117.58 584.44 778.01 698.82 408.97 972.06 404.58 828.17 588.19 724.18 678.18 977.58 673.22
00036470 00000140 572.46 118.78 583.57 777.81 698.06 409.34 971.88 405.50 828.14 589.91 720.56 677.41 976.99 672.94
00036471 00000141 571.46 121.34 583.66 774.69 697.30 411.73 971.76 407.24 829.13 593.84 721.20 679.74 976.54 674.86
00036472 00000142 573.13 122.42 584.76 774.36 700.00 415.39 976.04 409.17 834.88 597.41 726.28 682.47 980.86 676.22
00036473 00000143 575.76 120.59 588.89 772.54 706.83 415.77 983.82 407.39 844.76 595.37 737.78 684.25 988.26 676.38
00036474 00000144 585.85 119.10 585.51 777.95 718.01 417.08 993.15 408.06 856.67 598.35 747.92 687.74 996.24 679.55
00036475 00000145 594.65 122.67 589.06 780.30 729.67 421.28 1003.46 413.83 865.35 602.00 757.08 692.39 1003.80 686.06
00036476 00000146 605.17 125.35 587.39 783.10 737.62 420.58 1013.47 414.52 872.53 606.74 763.79 698.96 1010.74 694.32
00036477 00000147 606.68 130.62 586.87 784.44 739.66 422.40 1018.29 417.18 878.19 610.45 768.87 709.80 1010.98 705.60
00036478 00000148 606.22 134.62 586.37 784.41 739.46 423.69 1017.86 418.90 877.12 612.66 769.61 714.67 1010.54 710.88
00036479 00000149 600.43 133.02 587.51 789.66 734.20 425.54 1011.66 419.21 872.96 616.08 766.37 719.01 1006.82 713.63
00036480 00000150 591.97 136.42 588.67 786.83 728.28 427.81 1004.84 423.82 866.61 620.17 760.06 718.88 997.64 714.96
00036481 00000151 578.65 133.88 592.25 793.85 719.29 425.82 996.01 421.04 860.40 621.20 750.23 717.93 991.78 713.01
00036482 00000152 558.21 137.76 592.46 790.03 700.88 424.56 979.72 419.38 843.08 619.41 731.39 716.02 971.32 711.55
00036483 00000153 545.90 139.19 593.92 794.57 687.92 427.48 966.68 422.34 827.89 620.64 710.03 715.84 962.03 711.35
00036484 DELETE   530.06 133.16 591.46 793.26 674.15 432.29 952.49 429.40 811.54 623.52 691.73 711.01 947.80 707.91
00036485 DELETE   520.78 137.84 590.58 785.65 658.35 439.98 929.71 437.32 788.60 628.15 676.59 707.98 933.98 705.00
00036486 00000156 503.95 143.42 594.76 789.44 640.90 439.05 916.42 434.75 777.64 632.46 663.81 714.16 922.80 708.89
00036487 00000157 491.16 141.32 596.20 796.20 628.55 439.12 908.01 433.63 768.97 638.38 654.40 720.62 902.67 715.68
00036488 00000158 485.78 140.52 602.42 801.34 623.23 440.99 907.02 435.26 764.76 640.30 652.49 727.25 900.99 722.18
00036489 00000159 486.38 143.15 603.68 803.44 623.64 442.06 907.98 435.44 766.57 642.30 655.78 733.44 901.15 727.65
00036490 00000160 488.42 138.78 604.96 809.25 626.73 443.69 910.90 434.57 772.39 643.94 663.23 737.53 906.37 729.86
00036491 00000161 493.88 131.56 607.86 822.54 636.25 440.78 917.83 433.24 780.71 639.86 671.83 738.48 919.42 730.45
00036492 00000162 498.74 131.84 606.85 818.84 641.76 440.34 923.96 432.60 786.19 638.60 676.70 738.37 923.75 730.33
00036493 00000163 502.06 133.27 605.97 818.07 647.95 441.24 927.39 436.58 788.34 636.62 679.36 737.84 923.17 732.47
00036494 00000164 502.56 134.91 609.09 816.80 649.01 449.02 923.63 446.25 784.05 636.31 674.97 733.68 923.49 729.60
00036495 00000165 501.18 130.22 609.34 822.44 648.55 447.37 922.44 445.49 782.49 637.17 668.86 727.29 925.93 724.10
00036496 00000166 496.76 126.90 608.70 827.32 643.19 441.06 920.10 435.53 783.29 635.08 667.14 726.77 927.32 720.40
00036497 00000167 490.28 124.99 611.20 820.45 636.78 440.17 917.75 435.41 780.74 636.65 662.38 724.36 921.19 718.68
00036498 00000168 483.48 122.78 615.69 821.84 631.46 435.03 915.72 433.72 774.63 636.17 654.32 717.07 916.23 714.33
00036499 00000169 476.68 130.90 611.57 811.57 620.40 432.81 910.91 428.07 765.19 634.79 643.91 716.54 904.95 712.46
00036500 00000170 466.31 124.40 613.69 815.20 613.73 430.49 902.93 424.70 757.13 629.33 637.32 713.89 896.85 708.82
00036501 00000171 451.77 121.49 619.33 809.20 600.35 423.34 893.19 417.82 752.38 626.74 629.78 706.38 887.22 701.50
00036502 00000172 434.22 101.97 635.69 829.17 587.73 422.96 877.46 413.92 734.61 617.15 611.41 700.25 880.49 692.94
00036503 00000173 425.09 97.48 635.99 829.59 579.20 419.65 868.99 408.87 727.87 605.17 604.12 698.18 871.89 688.84
00036504 00000174 417.78 97.47 632.39 814.23 571.36 418.62 861.52 401.35 722.76 601.04 604.72 693.99 871.27 678.22
CROP_BBOX: 216 0 1426 1080
