Video ID: 	9eGWf3mAZRM
H: 	1080
W: 	1920
FPS: 	25.0

FRAME INDEX X0 Y0 W H [Landmarks (5 Points)]

00017959 00000000 966.78 118.34 467.85 642.99 1065.73 392.60 1273.07 374.00 1163.34 502.18 1108.44 619.35 1266.56 603.15
00017960 DELETE   966.45 120.43 466.24 639.60 1063.72 392.46 1270.82 374.12 1160.17 501.79 1106.61 619.73 1264.53 603.95
00017961 00000002 966.04 114.60 468.90 644.29 1063.07 391.54 1267.63 370.88 1155.27 502.65 1109.69 617.15 1263.50 600.84
00017962 00000003 964.66 116.01 471.42 644.43 1062.18 391.68 1267.57 370.47 1154.82 503.08 1109.05 617.06 1264.43 600.35
00017963 00000004 968.01 107.71 471.50 653.37 1062.50 390.40 1267.77 376.59 1152.93 507.16 1106.57 618.53 1256.53 607.56
00017964 00000005 966.39 110.00 473.44 653.53 1064.36 387.51 1267.15 374.34 1153.34 501.43 1104.56 615.16 1255.77 604.49
00017965 00000006 961.51 124.06 471.18 638.24 1060.65 385.79 1271.17 370.06 1157.27 490.15 1098.78 611.85 1267.64 597.96
00017966 00000007 961.29 123.14 471.95 632.79 1059.26 385.08 1269.15 363.53 1151.46 490.99 1100.26 609.99 1265.32 592.72
00017967 00000008 965.69 112.03 471.30 642.71 1059.31 386.79 1265.68 372.57 1150.15 497.91 1096.54 611.77 1253.07 600.41
00017968 00000009 964.46 111.10 470.41 648.49 1056.94 388.59 1263.51 375.59 1147.58 504.89 1096.07 617.76 1249.56 607.56
00017969 00000010 960.87 112.54 471.79 664.71 1056.40 392.96 1261.67 375.00 1144.22 504.15 1097.78 623.72 1255.53 609.80
00017970 00000011 957.42 116.44 473.65 667.58 1054.16 395.82 1263.35 380.08 1146.46 512.82 1092.90 630.37 1255.59 616.95
00017971 00000012 961.20 108.84 469.68 681.97 1051.34 400.98 1256.10 389.65 1139.81 526.32 1094.17 640.54 1245.25 631.94
00017972 00000013 957.11 107.63 470.04 675.74 1047.55 402.03 1253.35 391.50 1137.77 529.34 1089.10 639.61 1242.55 631.28
00017973 00000014 957.86 102.91 469.86 674.17 1046.04 403.65 1250.88 392.02 1135.46 531.29 1087.16 636.78 1242.23 627.49
00017974 00000015 961.12 100.82 466.36 678.17 1046.84 402.98 1251.32 393.50 1135.25 532.82 1086.29 638.64 1241.16 631.19
00017975 DELETE   961.83 104.01 463.93 687.18 1046.47 406.22 1251.58 401.31 1134.42 538.37 1080.36 643.04 1239.86 639.23
00017976 00000017 957.56 115.11 464.68 677.05 1041.84 410.63 1248.73 407.46 1129.20 542.26 1075.01 646.23 1234.57 643.99
00017977 00000018 948.68 119.27 465.62 676.89 1039.18 413.16 1240.98 408.76 1118.64 549.72 1068.94 644.54 1229.13 641.52
00017978 00000019 949.17 120.88 459.95 670.91 1032.68 413.67 1227.25 410.40 1108.23 551.04 1064.78 644.60 1220.46 642.28
00017979 DELETE   950.22 115.59 458.38 676.21 1029.18 413.00 1221.28 411.12 1100.00 550.32 1060.66 645.89 1211.34 644.97
00017980 00000021 950.09 117.04 455.96 670.97 1024.24 413.18 1214.47 411.22 1094.87 551.84 1056.52 645.74 1205.25 644.74
00017981 00000022 946.29 120.95 460.40 666.24 1020.84 414.85 1211.05 412.58 1091.59 552.95 1053.89 644.97 1203.49 643.57
00017982 00000023 944.21 124.63 461.67 664.01 1017.05 414.46 1209.17 413.92 1087.07 552.60 1047.96 644.52 1199.35 644.56
00017983 00000024 943.38 122.08 463.36 669.02 1015.86 414.33 1207.87 414.50 1083.42 550.05 1043.65 644.24 1196.53 645.02
00017984 00000025 941.87 125.15 465.74 666.75 1014.62 416.84 1206.94 417.88 1081.89 552.75 1042.41 645.21 1197.58 646.58
00017985 00000026 942.34 123.46 466.47 668.64 1014.51 421.46 1207.93 420.23 1083.95 554.01 1043.30 648.97 1199.45 648.30
00017986 00000027 943.69 128.46 466.87 672.86 1014.05 424.75 1209.99 423.78 1082.98 558.15 1044.28 653.86 1203.13 653.38
00017987 00000028 940.50 126.48 469.56 682.35 1015.66 429.40 1212.31 426.83 1086.27 562.67 1047.40 662.55 1205.97 660.64
00017988 00000029 940.76 137.32 470.70 679.73 1014.24 433.75 1213.40 429.45 1088.08 572.56 1051.85 670.82 1208.23 667.60
00017989 00000030 937.28 131.81 474.48 684.86 1014.48 438.73 1214.77 432.78 1090.20 578.43 1053.59 674.13 1209.13 669.51
00017990 00000031 941.17 134.35 475.00 687.30 1016.76 442.15 1217.57 437.21 1091.12 582.89 1054.39 678.29 1210.01 674.68
00017991 00000032 946.20 133.34 473.09 691.39 1022.73 442.22 1222.36 438.36 1096.67 586.60 1060.11 679.95 1215.75 677.06
00017992 DELETE   949.91 140.27 472.71 685.65 1026.86 443.85 1227.35 440.24 1103.89 590.70 1068.70 684.03 1223.18 681.29
00017993 00000034 953.72 138.24 472.22 692.77 1032.15 447.00 1231.80 443.13 1109.07 593.84 1073.91 687.28 1227.01 684.47
00017994 00000035 950.41 145.72 480.60 691.72 1035.24 451.72 1239.48 447.99 1115.32 598.83 1077.88 690.50 1233.99 687.48
00017995 00000036 954.75 143.15 477.38 697.76 1040.05 453.74 1244.40 450.43 1121.20 599.82 1081.56 693.08 1238.88 690.34
00017996 00000037 956.62 141.33 477.39 700.03 1042.04 454.67 1245.50 450.29 1123.30 599.57 1083.15 693.73 1240.57 690.07
00017997 00000038 959.42 140.90 477.25 702.96 1044.00 454.00 1246.69 449.59 1124.56 599.32 1084.36 693.23 1242.63 689.53
00017998 00000039 959.33 140.85 479.26 704.44 1045.82 454.03 1249.27 449.85 1126.22 598.88 1085.61 693.04 1243.62 689.60
00017999 00000040 961.83 140.13 478.93 702.50 1046.09 454.66 1251.04 449.55 1128.37 598.92 1086.03 693.41 1245.26 689.27
00018000 00000041 961.57 134.19 478.59 704.56 1045.34 453.45 1251.85 448.37 1128.82 598.74 1083.88 690.62 1245.49 686.69
00018001 00000042 961.96 132.73 478.26 703.74 1045.51 453.56 1252.32 447.52 1129.71 597.82 1084.73 690.45 1246.43 685.74
00018002 00000043 960.67 130.27 480.47 705.11 1046.46 453.45 1254.52 445.83 1132.03 596.24 1086.59 690.31 1249.02 684.25
00018003 00000044 961.09 130.75 480.60 702.87 1048.96 454.77 1260.05 445.14 1137.60 593.33 1088.39 689.35 1254.24 681.64
00018004 00000045 961.90 129.27 481.33 706.57 1053.73 454.04 1266.75 444.88 1143.34 592.15 1090.88 688.38 1256.52 681.14
00018005 00000046 963.29 127.63 479.42 714.45 1058.38 451.98 1269.27 442.35 1148.21 590.15 1094.34 688.15 1259.82 680.55
00018006 00000047 964.78 128.00 479.14 714.57 1066.17 451.18 1274.63 440.93 1157.72 587.52 1100.55 687.72 1263.44 679.62
00018007 00000048 965.67 123.49 481.55 721.73 1071.89 449.05 1281.12 437.76 1166.62 584.68 1106.50 688.91 1272.17 679.91
00018008 00000049 967.63 121.48 479.65 720.71 1073.62 450.81 1284.78 437.17 1172.92 585.52 1110.50 691.85 1278.83 680.87
00018009 00000050 965.32 120.84 481.97 731.38 1077.05 448.75 1288.17 435.29 1177.24 580.02 1111.79 689.57 1283.84 678.47
00018010 00000051 962.16 116.96 484.96 743.09 1080.69 448.47 1289.17 433.21 1180.67 571.84 1111.69 683.46 1290.40 670.16
00018011 00000052 961.17 117.11 484.53 728.97 1078.69 446.94 1289.30 431.73 1179.33 569.29 1108.54 677.92 1287.64 664.65
00018012 00000053 956.47 109.28 486.17 724.04 1068.38 442.78 1288.71 430.15 1173.95 567.81 1105.19 679.62 1277.29 668.71
00018013 00000054 957.75 119.59 482.81 715.62 1076.34 444.56 1285.54 432.33 1176.07 573.11 1107.06 676.17 1274.19 666.13
00018014 00000055 953.34 121.48 485.33 714.41 1065.57 447.50 1278.44 432.18 1171.68 569.91 1106.00 675.59 1275.66 663.58
00018015 00000056 957.15 116.26 482.55 710.17 1075.09 439.45 1281.96 428.30 1171.71 567.96 1108.56 671.96 1265.96 663.32
00018016 00000057 953.83 118.30 484.86 708.12 1061.50 440.43 1277.10 425.06 1165.75 562.71 1102.94 672.24 1271.99 660.81
00018017 00000058 953.17 119.40 483.70 704.52 1058.25 437.10 1275.90 422.33 1162.38 558.53 1097.78 669.90 1269.36 659.08
00018018 00000059 958.62 107.65 481.04 713.12 1060.12 431.55 1271.47 421.87 1155.10 559.71 1096.81 671.37 1259.67 663.96
00018019 00000060 957.58 109.63 481.18 713.07 1057.84 429.88 1269.01 421.94 1151.68 559.48 1092.34 669.39 1256.84 663.36
00018020 00000061 956.96 106.11 481.61 719.39 1057.09 430.38 1268.07 422.11 1150.13 561.03 1091.75 669.92 1257.37 663.49
00018021 00000062 957.69 108.59 479.41 711.03 1054.21 429.78 1266.69 421.35 1148.05 560.78 1090.84 669.97 1256.18 663.41
00018022 00000063 958.26 110.92 478.02 702.32 1052.84 428.00 1265.50 421.59 1146.23 560.08 1088.65 668.62 1251.96 663.84
00018023 00000064 957.50 112.12 478.76 702.29 1052.91 427.52 1265.32 421.18 1145.84 560.30 1089.28 668.99 1252.13 664.33
00018024 00000065 960.02 110.04 476.93 709.38 1054.93 428.60 1265.69 421.11 1147.17 560.84 1093.07 671.56 1254.77 665.98
00018025 00000066 959.38 111.13 477.56 714.04 1056.65 428.63 1266.91 421.59 1148.52 560.75 1093.85 671.96 1256.78 666.76
00018026 00000067 958.42 112.82 479.69 716.53 1058.16 429.40 1268.30 421.88 1150.18 561.15 1095.93 673.11 1259.74 667.39
00018027 00000068 959.74 123.39 478.92 705.65 1061.83 431.93 1268.96 422.49 1151.89 564.98 1098.15 669.65 1263.14 662.12
00018028 00000069 960.16 123.24 479.53 705.98 1061.35 433.95 1270.41 424.83 1151.91 567.21 1096.49 671.78 1263.84 664.52
00018029 00000070 960.18 122.76 479.20 704.28 1060.78 433.89 1270.55 425.81 1151.51 568.07 1095.42 672.54 1261.63 666.32
00018030 00000071 961.84 125.57 480.73 709.68 1064.14 434.67 1272.16 427.10 1153.81 568.64 1095.98 673.61 1261.46 667.76
00018031 00000072 966.57 121.22 476.28 708.47 1069.31 437.46 1272.81 430.08 1157.47 571.36 1100.53 672.69 1261.61 667.06
00018032 00000073 969.24 119.80 476.39 705.74 1071.26 438.95 1274.18 430.39 1159.05 568.66 1103.29 671.44 1263.37 664.83
00018033 00000074 969.98 121.36 477.23 706.01 1071.68 438.20 1276.33 429.10 1161.02 567.69 1103.29 670.95 1266.43 663.86
00018034 00000075 970.63 122.66 478.08 704.97 1070.82 438.56 1275.41 430.91 1159.60 569.05 1101.70 673.56 1263.83 667.75
00018035 00000076 971.93 122.82 476.87 705.24 1071.00 442.12 1275.31 432.95 1160.00 573.03 1102.28 677.15 1264.58 670.22
00018036 00000077 973.06 125.27 474.52 702.13 1068.71 444.72 1275.80 434.07 1160.06 576.55 1101.80 679.66 1267.18 671.51
00018037 00000078 971.30 123.96 476.03 703.29 1066.62 446.89 1275.66 435.47 1159.09 578.67 1100.69 681.48 1267.94 672.64
00018038 00000079 972.63 123.05 473.42 704.38 1066.47 448.12 1275.53 436.17 1158.96 579.83 1102.77 683.71 1266.88 674.44
00018039 00000080 970.04 126.02 474.67 701.96 1065.51 447.68 1273.45 435.91 1157.14 581.36 1102.98 683.04 1264.60 673.93
00018040 00000081 967.66 127.10 476.09 701.02 1064.40 447.37 1271.79 435.87 1155.28 581.91 1101.77 682.20 1263.71 673.12
00018041 00000082 966.01 126.23 477.85 703.02 1062.18 446.59 1270.57 435.39 1152.80 580.46 1099.44 680.00 1263.29 671.02
00018042 00000083 965.77 124.89 478.21 702.05 1064.93 444.88 1269.41 433.61 1153.80 576.39 1102.94 676.50 1263.45 667.35
00018043 00000084 965.24 123.83 481.08 703.98 1071.49 438.05 1270.91 429.88 1157.04 568.01 1106.98 669.46 1263.31 662.90
00018044 00000085 967.06 120.02 476.03 702.55 1067.30 436.89 1269.25 430.21 1153.41 567.13 1098.94 666.36 1259.66 661.10
00018045 00000086 975.25 119.74 463.18 695.34 1062.52 431.44 1264.27 430.83 1144.20 568.58 1095.96 665.00 1250.47 664.99
00018046 00000087 975.10 125.95 461.29 689.74 1057.95 435.40 1257.70 433.14 1137.71 571.04 1089.42 663.58 1241.77 662.29
00018047 00000088 974.86 122.69 460.07 695.94 1054.96 434.08 1253.30 431.52 1132.90 570.43 1088.30 664.91 1239.84 663.33
00018048 DELETE   972.88 121.31 459.76 696.08 1049.75 429.17 1250.90 432.55 1125.82 567.61 1081.60 666.84 1231.97 670.22
00018049 DELETE   973.50 119.20 459.11 688.50 1048.24 422.70 1246.19 428.58 1116.98 561.33 1076.84 660.61 1224.48 666.12
00018050 DELETE   965.85 125.73 467.57 674.54 1044.61 417.39 1240.17 424.42 1110.43 555.44 1073.52 651.43 1221.07 657.89
00018051 00000092 963.59 124.32 466.29 668.19 1041.35 415.08 1229.26 417.15 1104.30 553.72 1072.22 641.69 1217.33 643.93
00018052 00000093 961.85 122.19 465.64 668.49 1041.36 412.00 1228.12 411.94 1104.19 549.33 1073.80 641.71 1214.05 642.37
00018053 00000094 961.68 122.27 466.78 670.23 1043.44 410.78 1229.19 409.41 1104.67 544.88 1075.78 640.53 1213.93 640.10
00018054 00000095 961.51 127.35 468.88 669.74 1044.01 409.94 1231.43 406.99 1106.29 541.95 1076.84 638.46 1218.80 636.65
00018055 00000096 962.44 128.19 470.43 665.94 1044.45 408.75 1230.88 404.21 1106.27 537.39 1079.46 636.55 1221.33 633.16
00018056 00000097 961.13 124.58 471.63 666.58 1043.82 406.32 1231.10 399.49 1107.59 532.53 1079.15 635.59 1220.82 630.37
00018057 00000098 960.18 124.44 470.19 665.91 1044.29 402.68 1231.62 396.03 1108.96 527.35 1079.72 632.53 1221.80 627.57
00018058 00000099 960.86 123.68 472.17 666.07 1043.78 400.75 1234.36 393.64 1109.51 524.30 1080.31 631.92 1223.70 626.55
00018059 00000100 962.40 121.25 470.94 665.33 1045.91 400.86 1235.48 393.73 1108.98 520.58 1079.82 630.90 1221.00 625.60
00018060 00000101 960.73 120.71 472.17 674.79 1047.84 397.66 1234.09 392.58 1107.02 518.55 1078.42 630.57 1214.10 627.34
00018061 00000102 959.01 123.29 469.37 683.08 1047.36 398.15 1232.41 392.74 1106.50 519.59 1079.23 636.31 1210.74 632.79
00018062 DELETE   952.32 130.08 470.74 680.28 1039.53 404.04 1224.82 399.52 1100.60 531.66 1074.60 644.03 1206.93 641.11
00018063 00000104 957.10 131.66 464.61 665.32 1033.01 408.87 1222.75 407.54 1095.94 545.72 1068.48 645.76 1207.90 645.41
00018064 DELETE   956.08 129.27 464.44 673.17 1032.31 413.51 1222.45 415.10 1096.71 553.25 1068.36 650.59 1209.06 652.44
00018065 00000106 955.40 125.39 462.97 681.48 1032.74 420.20 1223.56 420.78 1099.22 559.87 1069.38 657.61 1211.82 658.42
00018066 00000107 954.78 127.94 465.23 684.41 1031.70 427.94 1225.64 426.69 1100.88 564.32 1068.10 665.58 1212.94 664.80
00018067 00000108 945.55 127.80 476.37 699.58 1030.60 438.21 1222.40 431.97 1098.43 566.94 1070.41 672.57 1216.88 667.45
00018068 00000109 947.31 135.65 475.15 704.14 1031.05 445.48 1221.24 437.59 1099.39 574.66 1072.55 679.53 1220.20 672.87
00018069 00000110 948.61 137.05 472.66 705.47 1030.98 449.79 1221.61 443.06 1101.08 583.65 1073.74 689.10 1222.34 683.33
00018070 00000111 949.23 145.68 468.08 688.17 1028.16 452.42 1225.11 447.89 1104.99 593.11 1072.29 692.69 1221.31 688.91
00018071 DELETE   951.42 139.77 466.28 694.50 1029.14 455.48 1227.92 452.57 1106.39 595.77 1071.25 693.72 1221.63 691.60
00018072 00000113 952.19 142.67 470.13 692.72 1031.34 458.71 1231.71 456.63 1110.42 599.39 1072.83 694.71 1226.11 693.22
00018073 00000114 953.81 139.71 470.53 697.62 1033.93 462.08 1232.62 460.26 1112.33 600.47 1073.20 694.69 1226.70 693.48
00018074 00000115 952.62 136.63 473.37 702.21 1035.49 465.11 1238.92 464.16 1116.87 604.23 1071.41 694.65 1232.96 693.70
00018075 00000116 948.59 136.97 477.08 705.70 1035.59 467.58 1240.75 467.70 1117.68 606.65 1069.81 694.33 1237.54 693.64
00018076 00000117 948.98 134.81 476.80 708.26 1035.17 465.50 1239.72 465.67 1116.25 605.70 1070.88 694.21 1235.22 693.92
00018077 00000118 948.00 130.91 478.38 720.72 1035.65 465.66 1239.10 464.82 1115.44 604.96 1071.60 696.46 1235.56 695.34
00018078 00000119 947.87 134.37 478.11 714.20 1034.67 467.11 1239.96 465.62 1115.93 607.19 1071.21 698.31 1236.72 696.51
00018079 00000120 948.08 139.07 477.98 706.30 1035.75 467.82 1241.06 465.12 1118.77 608.62 1074.52 698.56 1238.61 695.59
00018080 00000121 952.14 138.11 473.08 704.75 1035.08 464.42 1240.13 463.45 1116.95 606.62 1071.97 695.28 1237.16 694.02
00018081 00000122 953.24 133.67 472.45 713.31 1035.59 464.70 1241.03 462.46 1117.26 605.22 1071.75 697.02 1238.68 694.76
00018082 00000123 953.93 138.62 473.75 705.59 1035.83 464.57 1239.97 463.21 1116.58 606.33 1073.34 696.77 1236.20 695.34
00018083 00000124 954.65 140.06 473.15 702.75 1036.64 462.13 1239.06 461.26 1115.93 605.09 1074.95 697.72 1231.33 697.05
00018084 00000125 955.71 143.89 473.00 700.39 1039.38 457.02 1236.32 457.80 1113.63 599.99 1078.91 696.35 1223.45 697.43
00018085 00000126 955.70 141.60 474.56 706.70 1042.78 454.77 1235.25 456.83 1112.99 598.34 1082.94 695.60 1218.90 697.91
00018086 00000127 954.86 133.38 474.84 716.43 1042.80 452.49 1235.94 453.37 1114.58 598.95 1086.60 698.46 1221.05 699.68
00018087 00000128 957.38 130.07 472.01 716.42 1042.24 449.89 1232.65 450.89 1111.17 596.92 1086.30 696.35 1217.50 697.79
00018088 00000129 959.36 129.83 466.86 707.17 1039.50 449.86 1230.48 451.74 1107.64 595.99 1079.76 689.24 1214.96 691.57
00018089 00000130 957.18 133.86 465.56 695.65 1031.91 449.74 1223.61 453.57 1098.82 594.60 1066.88 682.09 1208.85 686.03
CROP_BBOX: 678 0 1791 1054
