Video ID: 	igKFZBJ8LpA
H: 	1080
W: 	1920
FPS: 	25.0

FRAME INDEX X0 Y0 W H [Landmarks (5 Points)]

00009431 00000000 947.12 154.88 347.99 518.26 1030.44 353.50 1184.82 375.14 1088.12 448.68 1022.37 529.13 1150.54 549.52
00009432 00000001 946.43 156.93 349.55 516.34 1030.99 355.02 1186.24 377.64 1089.17 450.74 1021.96 529.71 1151.60 550.70
00009433 00000002 941.68 158.94 353.62 516.68 1029.80 357.71 1185.83 380.77 1092.03 454.48 1022.32 532.03 1152.44 553.01
00009434 00000003 937.37 161.19 356.59 515.10 1028.81 360.36 1183.60 382.93 1093.31 456.02 1022.28 532.58 1151.49 553.04
00009435 00000004 935.41 161.26 358.56 515.20 1026.18 363.99 1182.67 388.64 1087.77 458.12 1015.30 533.78 1154.91 555.64
00009436 00000005 934.84 162.04 358.36 514.24 1025.87 365.53 1183.15 390.16 1087.91 459.18 1014.43 534.82 1155.81 556.43
00009437 00000006 934.38 161.63 358.94 514.31 1024.97 365.95 1183.65 390.93 1086.67 460.38 1012.83 535.80 1156.48 557.61
00009438 00000007 932.98 162.53 359.00 514.14 1023.97 366.95 1183.19 391.75 1087.36 460.13 1012.35 537.30 1155.78 558.84
00009439 00000008 930.31 164.69 359.02 513.61 1022.10 369.57 1179.94 393.67 1086.46 461.23 1011.72 538.50 1153.41 559.28
00009440 00000009 927.10 164.93 359.58 514.86 1019.36 369.82 1176.44 393.87 1085.24 461.56 1012.26 539.42 1151.53 559.82
00009441 00000010 925.31 163.38 358.80 513.54 1019.85 370.47 1174.96 394.17 1088.00 463.80 1013.12 541.69 1150.05 562.04
00009442 00000011 925.43 164.90 354.57 512.50 1022.92 374.84 1178.49 390.55 1089.27 461.55 1019.34 543.85 1153.96 557.04
00009443 00000012 922.99 155.42 359.46 520.44 1019.52 371.96 1183.10 394.04 1086.75 462.05 1013.23 542.53 1149.30 561.73
00009444 00000013 924.35 156.71 357.44 514.50 1018.70 370.49 1183.03 392.03 1086.04 459.40 1013.63 541.28 1149.16 560.03
00009445 00000014 927.10 162.83 352.82 511.75 1021.93 373.59 1176.53 386.72 1087.93 458.39 1021.95 542.63 1152.99 553.76
00009446 00000015 919.26 153.44 358.59 518.17 1015.73 365.19 1179.84 386.12 1085.37 453.57 1013.65 537.31 1150.03 555.34
00009447 00000016 913.49 146.39 361.99 535.54 1013.03 358.83 1171.92 375.85 1084.86 445.00 1016.11 538.62 1148.22 553.78
00009448 00000017 921.22 152.91 346.93 528.54 1001.06 358.94 1163.78 361.09 1075.60 440.94 1012.29 542.05 1151.19 546.61
00009449 00000018 916.88 156.84 348.19 515.85 1008.11 365.07 1152.93 366.15 1068.98 438.25 1018.17 539.89 1141.45 541.37
00009450 00000019 925.31 149.58 347.23 510.60 1017.72 363.98 1162.39 364.88 1080.68 438.91 1029.37 533.27 1148.79 534.99
00009451 DELETE   932.95 137.26 354.59 511.71 1027.99 347.48 1188.01 364.48 1096.51 432.45 1031.01 519.08 1162.38 534.79
00009452 DELETE   951.89 132.25 352.81 509.56 1044.96 341.50 1205.66 358.03 1111.70 426.43 1046.08 510.01 1182.76 525.68
00009453 DELETE   962.91 132.53 360.30 507.94 1058.90 336.19 1222.79 355.30 1124.44 421.81 1056.77 506.03 1197.07 523.56
00009454 00000023 972.73 142.95 358.26 505.46 1071.50 345.73 1232.05 361.06 1138.72 427.32 1072.71 519.08 1203.47 533.70
00009455 00000024 977.46 152.88 353.49 509.17 1074.74 354.98 1234.26 370.32 1142.39 440.90 1075.77 527.25 1205.90 541.56
00009456 00000025 976.42 156.70 353.22 513.43 1069.66 355.64 1227.67 373.37 1139.20 447.44 1067.33 531.67 1200.96 547.96
00009457 00000026 971.24 156.29 357.03 520.20 1065.32 356.57 1223.24 376.40 1134.38 448.26 1061.99 532.13 1197.64 549.58
00009458 00000027 966.61 156.96 356.90 518.64 1059.53 359.51 1218.06 380.11 1129.83 453.61 1058.50 534.67 1193.79 552.39
00009459 00000028 963.86 154.92 354.45 519.08 1052.66 365.60 1212.79 387.01 1120.54 461.20 1048.15 539.18 1191.47 557.93
00009460 00000029 958.54 161.26 352.00 519.33 1049.64 370.47 1203.92 393.31 1114.57 467.46 1042.87 542.84 1181.60 563.14
00009461 00000030 949.48 168.45 351.45 517.63 1043.89 376.92 1197.69 397.57 1110.07 470.25 1036.49 547.00 1175.15 565.56
00009462 DELETE   940.95 173.06 353.01 519.75 1039.28 380.85 1192.06 400.88 1107.43 472.48 1032.89 550.23 1171.20 568.57
00009463 00000032 932.69 172.58 356.40 522.69 1032.53 381.34 1188.50 400.60 1104.43 474.02 1030.37 553.66 1166.86 570.92
00009464 00000033 927.33 170.39 354.32 525.86 1025.86 381.41 1180.58 398.84 1100.27 476.07 1027.71 555.22 1163.92 570.81
00009465 00000034 923.04 166.59 354.88 530.24 1022.45 379.52 1174.83 396.82 1098.11 475.95 1025.79 553.99 1160.03 569.29
00009466 00000035 919.96 166.75 355.56 531.12 1019.77 376.91 1171.02 394.11 1095.19 472.69 1025.62 553.01 1156.20 568.19
00009467 00000036 926.84 168.91 347.17 525.99 1014.34 379.88 1169.37 385.06 1091.70 468.93 1028.41 558.15 1162.27 564.16
00009468 00000037 924.88 168.71 348.08 527.32 1013.19 379.16 1166.66 383.71 1090.53 466.79 1027.21 557.17 1160.43 562.57
00009469 00000038 923.45 167.42 348.09 528.49 1011.62 377.60 1164.63 381.36 1089.41 464.61 1026.34 555.92 1159.68 560.67
00009470 00000039 922.47 166.10 348.17 530.26 1011.69 375.57 1164.36 380.06 1089.68 462.81 1026.04 554.95 1158.88 560.48
00009471 00000040 921.97 164.94 348.37 531.74 1011.67 375.07 1163.47 379.64 1089.39 462.79 1025.94 554.33 1158.43 559.83
00009472 00000041 920.91 166.24 349.44 533.40 1012.04 373.89 1162.66 379.66 1088.77 463.02 1024.53 554.00 1156.72 560.49
00009473 00000042 920.79 166.34 349.56 535.04 1012.71 374.07 1162.84 380.12 1088.83 462.82 1024.88 554.93 1156.62 561.49
00009474 00000043 920.38 167.20 349.95 534.43 1013.59 375.02 1162.64 381.82 1089.09 464.24 1025.60 555.75 1156.08 562.80
00009475 00000044 920.92 168.36 349.48 535.39 1015.08 375.57 1162.22 382.90 1089.40 465.95 1025.77 556.56 1155.25 563.92
00009476 00000045 920.67 168.21 349.42 539.37 1016.91 376.30 1162.11 384.08 1090.60 468.15 1026.89 558.83 1154.61 566.25
00009477 00000046 919.46 169.11 351.09 540.30 1017.19 377.90 1162.57 385.69 1091.07 469.34 1027.01 560.49 1154.39 567.70
00009478 00000047 917.69 170.80 352.62 541.80 1016.81 379.52 1163.22 386.33 1091.17 471.89 1027.67 563.89 1155.56 569.97
00009479 00000048 917.15 171.54 353.39 544.09 1016.72 381.75 1164.17 389.56 1091.08 474.37 1025.91 564.56 1156.17 571.51
00009480 00000049 917.23 172.47 353.45 541.78 1015.80 385.00 1163.86 392.35 1091.01 476.68 1025.47 564.38 1158.14 571.00
00009481 00000050 915.97 173.24 354.93 537.63 1010.62 388.07 1163.86 393.26 1088.88 477.66 1024.35 565.56 1160.69 570.53
00009482 00000051 914.58 173.55 355.08 533.09 1007.14 390.13 1164.57 394.29 1086.43 478.94 1021.52 565.80 1161.78 570.06
00009483 00000052 913.30 176.21 355.98 528.78 1005.90 391.02 1165.89 394.05 1086.66 482.32 1021.23 568.35 1162.72 571.77
00009484 00000053 912.14 179.80 358.20 529.43 1008.03 392.24 1163.67 397.24 1087.11 487.74 1021.61 570.94 1157.54 575.80
00009485 00000054 910.54 181.46 360.59 532.65 1008.25 395.20 1162.31 401.17 1087.17 491.94 1020.49 572.98 1156.33 578.46
00009486 00000055 909.23 183.79 362.02 531.25 1007.42 397.21 1160.78 402.24 1086.54 495.98 1020.51 575.02 1154.62 579.90
00009487 00000056 908.67 185.44 362.02 530.10 1006.48 399.29 1160.04 403.55 1085.93 498.86 1021.04 576.86 1155.08 581.17
00009488 00000057 907.99 184.95 363.07 530.55 1006.10 399.85 1159.46 404.37 1085.48 498.88 1020.76 576.60 1154.96 581.11
00009489 00000058 907.76 184.81 363.29 531.28 1006.02 399.48 1159.21 404.12 1084.92 497.49 1019.61 575.53 1155.21 580.12
00009490 00000059 908.09 184.79 362.97 531.01 1005.96 399.50 1158.93 403.53 1084.84 497.32 1019.77 575.48 1155.03 579.58
00009491 00000060 908.36 185.02 362.52 531.73 1006.29 399.96 1158.85 404.28 1084.99 498.11 1019.62 575.78 1154.64 580.20
00009492 00000061 907.99 187.07 362.67 532.67 1007.39 400.48 1158.99 405.25 1085.89 498.84 1019.27 576.05 1154.08 580.96
00009493 00000062 908.30 187.15 361.99 533.75 1007.87 401.00 1159.49 405.59 1086.75 499.74 1020.49 576.99 1154.95 581.77
00009494 00000063 908.88 186.45 361.40 537.41 1008.21 400.77 1160.27 405.11 1086.64 499.33 1020.25 578.78 1154.66 583.52
00009495 00000064 909.88 185.75 360.21 539.86 1008.41 399.32 1161.03 402.57 1086.27 497.83 1021.14 580.60 1154.62 584.51
00009496 00000065 909.42 183.65 360.49 542.63 1007.14 398.91 1160.51 401.67 1085.47 496.86 1020.37 580.96 1154.50 584.49
00009497 00000066 908.59 182.87 360.72 543.91 1006.82 397.95 1160.27 401.00 1085.08 496.27 1019.52 580.31 1154.54 584.05
00009498 00000067 906.92 184.82 361.86 540.66 1005.74 398.13 1158.68 400.82 1084.45 495.81 1017.96 579.03 1153.48 582.62
00009499 00000068 906.01 183.62 361.18 541.32 1004.31 398.23 1157.49 400.89 1083.13 495.27 1016.39 578.66 1152.24 582.24
00009500 00000069 905.28 183.78 361.19 541.27 1002.94 398.49 1155.97 400.73 1081.15 494.56 1014.87 578.33 1151.31 581.61
00009501 00000070 903.89 182.65 362.15 542.99 1002.58 397.78 1155.25 399.85 1081.10 495.15 1014.47 578.17 1150.68 581.39
00009502 00000071 904.73 181.47 361.43 544.61 1003.10 395.92 1155.51 398.89 1080.97 492.68 1014.16 576.57 1151.38 580.44
00009503 00000072 904.95 175.37 361.43 547.48 1000.88 391.15 1156.11 394.18 1078.96 485.44 1013.91 574.36 1151.87 578.13
00009504 00000073 906.69 168.79 358.36 542.67 1002.12 383.59 1155.35 388.39 1081.03 472.92 1015.11 563.70 1152.18 567.97
00009505 00000074 907.62 159.20 357.85 546.03 1001.02 377.68 1154.50 381.99 1082.10 463.56 1014.39 554.54 1155.44 557.97
00009506 00000075 909.07 156.65 354.17 539.46 998.55 377.22 1156.53 381.30 1081.62 460.82 1012.91 552.36 1157.20 556.10
00009507 00000076 908.36 159.07 355.10 535.57 998.81 380.00 1157.88 384.43 1081.90 465.28 1012.72 555.58 1156.32 559.72
00009508 00000077 907.26 165.15 357.29 536.12 998.96 384.18 1157.35 387.17 1080.73 470.02 1014.84 561.88 1155.60 564.59
00009509 00000078 906.90 169.29 359.18 537.65 999.30 388.16 1158.34 390.85 1080.39 475.47 1014.88 566.70 1156.26 569.28
00009510 00000079 907.21 172.07 359.02 536.75 1000.08 389.61 1157.81 392.70 1080.35 478.96 1014.79 567.86 1155.02 570.97
00009511 00000080 905.91 175.69 360.88 534.98 999.81 390.59 1158.09 393.95 1079.11 481.73 1012.82 569.03 1153.97 572.60
00009512 00000081 905.08 175.92 361.63 538.61 1000.38 391.46 1157.14 395.44 1079.25 483.07 1012.17 569.37 1153.82 573.54
00009513 00000082 904.92 175.82 361.32 544.02 1001.72 393.61 1157.32 397.65 1080.77 485.06 1012.78 570.77 1154.78 574.86
00009514 00000083 904.55 177.78 361.35 543.31 1001.70 396.14 1156.68 400.68 1080.44 488.84 1010.65 570.33 1154.82 574.64
00009515 00000084 904.70 178.62 361.41 543.02 1001.00 397.88 1156.25 402.29 1079.73 492.19 1010.73 572.79 1153.50 577.13
00009516 00000085 904.38 178.54 361.67 544.34 1000.87 398.87 1156.19 402.82 1079.89 493.79 1011.36 574.35 1153.58 578.34
00009517 00000086 903.97 179.52 362.81 544.79 1000.91 399.79 1156.67 403.95 1079.65 494.46 1011.67 575.43 1153.90 579.63
00009518 00000087 904.89 180.11 362.77 546.84 1003.29 399.58 1158.03 404.36 1082.03 494.49 1013.42 576.59 1154.05 581.38
00009519 00000088 905.80 181.31 363.16 545.28 1004.92 399.88 1158.15 403.40 1083.65 495.13 1017.47 578.57 1153.50 582.56
00009520 00000089 905.99 182.70 362.50 539.20 1003.66 399.79 1159.17 403.07 1082.58 495.97 1016.12 579.08 1152.02 582.94
00009521 00000090 905.44 184.92 363.22 533.11 1003.55 400.05 1158.39 403.97 1082.62 496.93 1016.53 577.84 1151.43 582.15
00009522 00000091 904.58 184.98 363.88 528.22 1001.59 400.90 1158.48 404.72 1080.89 496.99 1014.96 576.38 1152.66 580.47
00009523 00000092 904.96 184.16 363.10 527.06 1000.99 400.86 1158.25 404.96 1080.62 497.36 1014.52 575.68 1153.00 579.96
00009524 00000093 905.67 184.10 361.71 522.99 999.39 400.30 1158.31 404.19 1079.05 497.20 1012.96 575.08 1152.53 579.21
00009525 00000094 906.06 181.75 360.74 521.93 997.25 400.37 1158.00 404.07 1076.67 496.99 1011.72 575.07 1152.06 578.96
00009526 00000095 905.68 180.97 360.68 523.82 995.85 400.69 1157.39 404.03 1075.58 497.34 1010.05 574.48 1153.23 578.05
00009527 00000096 904.78 181.57 361.01 527.13 995.56 402.63 1155.25 405.95 1073.28 496.38 1008.75 574.55 1151.62 578.18
00009528 00000097 903.90 184.93 360.70 525.72 998.19 407.54 1151.45 409.89 1073.88 498.01 1011.14 575.19 1148.63 577.92
00009529 00000098 900.88 180.87 361.88 527.48 992.60 406.58 1148.02 405.98 1070.62 496.85 1009.75 575.85 1148.64 576.08
00009530 00000099 895.63 177.63 362.28 531.23 987.04 404.52 1142.40 400.46 1068.09 495.43 1007.70 574.41 1149.17 571.65
00009531 00000100 890.97 175.60 360.20 535.63 982.15 399.21 1135.32 393.49 1062.63 487.78 1005.94 573.25 1144.71 569.17
00009532 00000101 884.15 173.96 361.89 540.74 977.09 399.74 1124.48 387.57 1059.60 486.30 1005.57 573.41 1140.58 563.97
00009533 00000102 876.26 175.25 361.98 541.41 968.37 400.63 1117.90 385.62 1052.08 484.91 1000.50 574.14 1136.58 562.09
00009534 00000103 866.85 176.78 362.69 538.03 958.91 405.74 1111.14 389.99 1045.86 490.16 996.89 579.05 1133.04 566.02
00009535 00000104 856.69 182.18 360.72 528.42 951.26 411.26 1102.58 395.42 1039.33 495.43 992.84 582.34 1127.14 569.03
00009536 DELETE   844.28 182.25 366.11 526.65 944.89 418.29 1094.05 400.67 1034.87 497.09 988.99 582.88 1121.78 568.18
00009537 00000106 833.60 184.45 371.29 524.17 926.07 427.03 1076.35 397.14 1014.60 501.40 971.51 586.00 1107.60 561.74
00009538 DELETE   818.64 182.57 379.08 523.75 912.03 429.93 1061.45 394.09 1002.34 503.14 963.91 588.53 1097.21 558.96
00009539 00000108 809.64 186.31 378.16 520.78 906.37 430.21 1053.83 395.31 998.05 505.14 960.94 592.19 1088.47 563.04
00009540 00000109 803.50 188.15 377.88 527.16 900.30 430.13 1045.22 395.49 989.74 506.73 957.93 596.26 1083.97 567.02
00009541 00000110 799.80 189.17 377.19 533.87 895.48 430.64 1038.50 397.58 983.87 508.46 953.61 598.29 1079.68 570.14
00009542 00000111 792.60 190.14 380.25 536.49 889.45 433.11 1033.60 401.20 977.28 511.19 948.22 599.53 1075.76 571.99
00009543 00000112 785.14 190.08 384.34 537.01 884.82 435.90 1029.59 402.11 974.37 510.75 945.73 601.44 1073.55 572.30
00009544 00000113 780.84 192.96 386.61 534.54 882.14 439.20 1026.09 402.45 972.30 511.62 944.24 602.36 1072.14 570.85
00009545 00000114 775.85 195.79 389.77 530.14 879.12 442.83 1023.12 403.08 970.98 512.31 943.13 603.61 1070.98 569.56
00009546 00000115 772.21 198.19 392.73 527.32 876.40 444.19 1019.72 403.78 968.20 513.31 941.95 603.87 1069.14 569.08
00009547 00000116 768.87 199.39 394.74 525.86 873.74 446.61 1016.72 405.12 965.85 514.58 940.86 604.28 1068.33 568.48
00009548 00000117 767.33 200.47 394.97 524.99 871.29 447.54 1014.27 405.61 963.13 516.35 939.18 605.01 1066.33 568.89
00009549 00000118 764.37 201.06 396.51 524.15 869.27 447.60 1012.51 405.60 961.24 516.72 938.08 605.10 1064.82 568.97
00009550 00000119 764.74 201.81 395.14 524.70 868.29 448.83 1009.28 406.29 959.19 518.46 937.80 605.97 1063.31 569.29
00009551 00000120 762.62 203.53 396.88 523.27 867.15 449.23 1008.92 406.54 959.19 519.19 937.71 606.18 1063.19 569.40
00009552 00000121 761.89 202.84 397.17 524.21 865.67 449.39 1007.73 405.87 957.83 519.34 937.14 606.67 1062.91 569.23
00009553 00000122 760.82 201.94 397.94 524.89 864.37 450.60 1006.72 405.32 956.65 519.33 936.45 607.46 1062.96 568.61
00009554 00000123 760.27 203.08 397.67 524.38 863.91 451.23 1005.31 404.73 955.99 517.29 936.26 607.46 1062.02 567.65
00009555 00000124 759.07 202.80 398.14 524.47 863.29 450.29 1004.23 403.89 955.28 517.39 936.13 607.18 1060.93 567.46
00009556 00000125 759.66 204.60 395.94 523.29 862.27 450.59 1003.17 404.22 953.98 517.90 935.38 607.69 1060.10 567.98
00009557 00000126 758.30 205.40 396.78 523.47 861.89 450.34 1002.55 403.63 954.11 517.99 936.06 608.62 1059.66 568.63
00009558 00000127 758.05 204.59 397.17 522.90 860.36 451.79 1001.97 404.68 952.17 517.61 935.51 611.05 1057.79 571.01
00009559 00000128 758.45 205.33 395.29 521.19 859.22 452.19 1001.05 404.63 950.79 517.28 934.80 611.61 1056.46 571.25
00009560 00000129 757.51 205.96 395.74 522.44 857.04 452.27 999.73 405.32 948.93 519.03 933.30 612.65 1056.05 572.78
00009561 00000130 756.24 206.30 396.10 525.25 857.27 452.60 998.42 405.80 949.37 520.50 933.58 612.44 1056.14 572.47
00009562 00000131 755.37 205.61 397.33 529.50 855.79 453.26 997.34 405.23 948.39 521.25 933.04 614.07 1056.53 573.06
00009563 00000132 755.56 206.63 396.25 527.75 854.60 453.91 996.47 405.85 946.71 521.68 931.68 614.29 1055.18 573.26
00009564 00000133 755.16 207.28 397.13 525.76 852.43 454.97 995.59 406.03 944.61 522.84 930.67 614.43 1055.56 572.60
00009565 00000134 755.02 205.54 396.78 525.07 851.35 456.18 994.84 406.66 943.19 522.52 929.49 614.40 1055.08 572.21
00009566 00000135 754.95 207.05 396.37 520.81 850.46 456.54 994.80 406.65 941.66 522.92 928.44 614.25 1053.73 571.77
00009567 00000136 753.73 207.33 396.97 519.72 849.54 457.03 994.38 407.32 940.48 523.18 926.89 614.09 1052.06 571.89
00009568 00000137 753.82 208.08 396.27 518.05 848.64 457.93 993.60 408.37 939.37 523.78 926.16 614.16 1051.28 572.08
00009569 00000138 754.69 208.70 394.77 516.93 848.34 458.35 993.53 408.56 938.74 523.86 925.66 614.20 1051.02 571.93
00009570 00000139 753.97 208.94 394.94 517.22 848.06 458.58 992.99 408.19 938.56 523.56 925.64 614.60 1050.84 571.83
00009571 00000140 754.38 210.17 394.17 516.03 847.47 459.12 992.62 409.25 937.85 524.50 925.01 614.82 1050.41 572.47
00009572 00000141 753.74 209.34 394.06 517.15 847.13 459.54 992.42 409.91 937.69 524.80 924.40 614.73 1050.57 572.55
00009573 00000142 754.49 209.97 393.83 516.55 847.31 459.42 992.64 409.23 937.94 524.69 924.94 614.96 1051.05 572.29
00009574 00000143 754.23 210.11 394.31 516.60 847.11 459.55 992.20 409.38 937.45 524.54 924.38 614.98 1050.17 572.45
00009575 00000144 754.39 210.15 394.47 516.91 847.43 459.30 992.25 408.87 938.01 524.23 924.82 614.82 1050.80 572.03
00009576 00000145 754.47 207.98 395.48 519.62 848.77 458.71 993.18 408.80 939.14 524.16 926.28 614.42 1052.33 571.96
00009577 00000146 754.90 207.39 396.32 524.56 849.45 457.42 993.36 408.32 939.67 524.55 927.02 614.90 1053.31 573.00
00009578 00000147 754.20 206.15 397.14 529.42 849.32 456.76 993.26 407.06 940.58 523.80 927.97 616.03 1054.54 573.67
00009579 00000148 755.37 204.02 395.69 532.81 849.85 454.19 992.28 405.32 940.57 521.96 928.68 615.31 1053.87 573.68
00009580 00000149 756.36 205.41 394.72 524.81 853.43 451.35 995.93 404.06 944.16 519.06 931.02 611.29 1055.02 570.90
00009581 00000150 759.23 206.15 391.44 515.78 856.69 450.54 999.76 403.91 947.63 518.03 932.64 608.23 1055.52 568.34
00009582 00000151 762.30 206.58 390.47 514.85 860.86 450.57 1002.56 404.49 951.21 517.56 934.20 607.36 1057.38 567.92
00009583 00000152 762.75 203.26 393.57 519.40 864.38 449.15 1006.12 404.47 954.99 515.16 936.64 606.98 1060.31 568.76
00009584 00000153 766.15 201.10 392.00 523.59 868.89 447.69 1009.36 404.98 959.35 515.40 939.40 606.75 1062.30 570.07
00009585 00000154 769.44 202.03 390.31 521.79 873.18 447.78 1014.93 404.03 965.44 514.57 941.86 606.24 1066.57 568.60
00009586 00000155 770.09 199.19 394.58 525.14 877.15 445.31 1021.59 401.39 971.42 511.19 945.34 605.85 1071.95 568.15
00009587 00000156 773.36 197.01 393.43 527.44 880.60 443.66 1027.34 400.64 976.22 511.65 947.31 604.97 1075.42 568.19
00009588 00000157 778.78 195.71 389.42 526.76 885.40 443.41 1031.89 400.22 982.15 511.21 950.41 603.08 1078.47 566.43
00009589 00000158 780.04 192.42 391.47 529.97 888.53 441.67 1034.48 397.16 986.61 507.21 955.51 602.46 1082.04 564.92
00009590 00000159 783.55 189.32 390.05 530.38 890.77 440.76 1036.18 395.26 988.88 505.92 958.90 600.80 1085.42 562.35
00009591 00000160 785.34 189.14 389.17 528.84 891.97 441.52 1037.64 394.47 991.14 504.90 961.01 600.90 1087.99 561.08
00009592 00000161 785.22 188.85 390.25 529.16 892.24 442.07 1038.21 394.64 991.83 505.95 962.07 601.98 1088.61 561.98
00009593 00000162 785.72 190.04 389.07 528.50 892.26 441.41 1038.30 394.74 991.86 505.90 961.66 601.95 1088.24 562.54
00009594 00000163 790.97 189.46 383.81 527.73 894.44 439.21 1038.84 393.68 992.76 504.96 962.19 599.60 1088.45 560.98
00009595 00000164 792.62 189.54 383.11 527.14 896.30 436.54 1039.84 391.80 994.64 504.39 963.90 599.39 1089.19 561.35
00009596 00000165 793.34 188.52 383.81 528.11 898.07 436.78 1041.07 390.99 997.23 503.66 965.91 599.35 1090.74 560.44
00009597 00000166 793.45 188.99 383.60 527.64 898.23 436.67 1042.12 391.43 997.95 504.47 965.95 599.92 1091.35 561.46
00009598 00000167 793.90 189.52 382.94 527.33 897.93 437.02 1041.82 391.79 996.84 505.00 965.58 600.12 1090.95 561.73
00009599 00000168 794.00 189.74 381.86 527.04 897.66 436.50 1040.59 391.90 995.97 504.70 965.86 600.37 1089.81 562.58
00009600 00000169 794.23 186.77 381.02 526.86 896.78 436.69 1041.19 389.47 997.91 503.78 968.52 602.25 1091.59 562.48
00009601 00000170 795.36 183.86 379.65 527.07 897.13 434.21 1041.67 387.29 998.41 502.37 970.19 601.71 1091.86 562.55
00009602 00000171 795.23 183.78 380.45 532.18 897.81 432.56 1040.28 388.39 996.56 502.69 968.90 600.51 1089.80 563.36
00009603 00000172 795.02 185.49 381.68 534.78 897.19 433.10 1040.05 389.81 994.12 504.07 966.63 600.71 1090.07 563.93
00009604 00000173 794.49 187.92 381.63 534.10 896.38 435.48 1039.22 392.40 993.03 506.38 964.88 601.79 1089.46 565.08
00009605 00000174 792.38 189.06 384.58 534.86 894.63 437.29 1038.39 394.20 990.35 507.37 962.47 602.63 1088.16 565.76
00009606 00000175 791.42 188.95 384.45 536.79 893.27 436.54 1035.27 395.20 986.31 507.31 959.32 601.55 1085.18 566.00
00009607 00000176 789.50 189.37 384.94 536.15 892.78 436.02 1034.98 395.40 985.74 507.41 958.51 601.10 1083.88 566.21
00009608 00000177 789.19 189.58 384.24 529.19 891.77 435.14 1035.30 394.08 985.71 506.19 958.35 598.95 1083.05 564.13
00009609 00000178 787.02 189.37 386.53 527.83 890.22 436.04 1035.15 393.92 985.03 506.62 957.35 598.72 1082.99 563.03
00009610 00000179 786.62 188.87 385.62 530.33 890.45 437.58 1035.06 396.86 985.10 508.12 955.73 600.09 1081.81 565.45
00009611 00000180 784.74 189.80 386.73 529.84 890.31 438.83 1035.12 398.46 984.98 510.11 955.52 601.29 1080.00 567.20
00009612 00000181 784.07 191.42 387.80 531.16 890.12 440.46 1034.66 400.60 984.71 511.22 954.89 602.71 1079.88 568.89
00009613 00000182 784.11 191.18 387.21 536.83 889.64 440.26 1033.99 402.24 983.19 512.58 953.44 604.16 1079.08 571.63
00009614 00000183 786.19 191.27 385.30 538.70 889.46 439.51 1032.53 401.49 982.05 512.50 953.35 604.46 1079.38 571.65
00009615 00000184 787.05 191.24 385.00 537.12 889.65 436.07 1032.82 398.05 981.84 510.01 953.48 602.27 1079.74 569.49
00009616 00000185 788.11 189.22 384.16 535.56 890.40 433.58 1033.73 394.64 983.40 506.66 955.32 599.76 1082.45 566.25
00009617 00000186 790.17 187.71 382.69 534.33 890.11 432.14 1033.67 391.54 983.88 502.83 956.26 598.74 1083.88 563.96
00009618 00000187 791.60 184.74 381.45 535.23 890.01 431.04 1034.30 390.01 983.95 500.77 956.47 597.51 1084.30 562.46
00009619 00000188 790.17 180.63 382.43 534.10 890.20 429.80 1034.57 388.45 984.49 496.71 954.94 591.87 1083.75 556.80
00009620 00000189 789.11 179.54 386.00 533.26 890.35 430.07 1034.07 386.95 984.37 494.37 956.35 590.66 1084.62 554.16
00009621 00000190 790.99 179.85 384.72 537.65 891.23 428.53 1032.55 386.07 982.97 493.99 956.08 591.82 1083.32 555.72
00009622 00000191 793.56 180.79 382.03 540.55 891.94 427.93 1032.16 385.42 983.01 492.66 956.19 593.08 1083.30 557.03
00009623 00000192 794.27 179.86 381.59 542.13 892.47 426.29 1032.94 383.69 984.26 492.53 956.98 592.89 1083.38 556.93
00009624 00000193 793.65 177.40 382.49 543.22 892.84 423.46 1033.82 380.13 985.82 488.97 957.45 590.47 1084.81 553.96
00009625 00000194 793.64 175.85 383.29 541.27 893.22 423.19 1035.10 377.89 987.84 487.18 958.44 587.65 1087.14 549.67
00009626 00000195 793.46 177.62 383.13 536.08 894.20 424.24 1036.97 378.51 990.53 488.42 959.99 587.60 1088.21 549.35
00009627 00000196 794.32 176.60 382.46 537.32 894.98 425.55 1037.30 380.18 991.20 490.11 961.00 588.85 1088.84 550.75
00009628 00000197 794.66 177.09 382.13 535.88 895.20 427.59 1038.75 382.51 991.98 492.73 962.16 590.80 1090.14 552.71
00009629 00000198 795.60 178.45 381.21 533.62 895.84 428.31 1039.88 384.04 993.18 493.96 962.16 591.37 1090.40 553.87
00009630 00000199 795.63 178.88 381.51 534.03 895.81 428.04 1039.48 383.84 992.60 494.52 962.02 591.49 1090.33 554.10
00009631 00000200 795.22 179.47 381.53 539.13 894.19 430.01 1037.49 387.62 987.67 497.16 958.88 594.22 1087.91 558.14
00009632 00000201 796.99 183.40 377.48 533.03 890.10 434.54 1037.19 394.88 980.62 499.26 951.17 595.47 1083.16 561.50
CROP_BBOX: 619 0 1465 857
