Video ID: 	z55NxXfDm6M
H: 	1080
W: 	1920
FPS: 	25.0119483829855

FRAME INDEX X0 Y0 W H [Landmarks (5 Points)]

00000258 00000000 1181.13 141.58 485.70 740.13 1243.07 428.01 1455.09 477.72 1280.32 592.80 1227.69 691.02 1383.61 736.31
00000259 00000001 1181.41 139.31 486.35 742.32 1244.08 426.40 1456.60 477.94 1280.93 592.04 1227.36 689.27 1383.06 736.07
00000260 00000002 1181.03 143.05 487.26 739.67 1244.02 426.53 1457.64 478.53 1282.39 595.18 1228.53 689.98 1383.34 737.25
00000261 00000003 1179.94 144.47 489.62 739.29 1243.58 426.90 1457.17 479.93 1279.92 596.01 1227.89 690.67 1382.66 738.67
00000262 00000004 1177.38 144.23 489.28 740.40 1240.75 427.52 1454.35 479.51 1277.32 595.92 1224.24 692.30 1379.69 739.51
00000263 00000005 1174.05 139.29 490.45 748.44 1236.82 426.92 1451.03 478.82 1272.95 596.25 1219.58 693.96 1378.25 741.02
00000264 00000006 1173.41 139.27 489.53 746.85 1234.33 427.33 1447.69 477.95 1270.22 596.86 1217.77 694.46 1376.36 740.40
00000265 00000007 1172.93 140.41 488.91 746.35 1233.66 427.77 1446.03 475.80 1269.81 595.59 1217.73 695.19 1376.55 738.99
00000266 00000008 1172.11 138.35 487.86 746.47 1232.47 427.47 1444.09 473.71 1269.50 594.23 1218.14 694.81 1375.49 737.11
00000267 00000009 1167.07 138.65 487.21 746.01 1228.15 426.90 1438.11 472.15 1265.58 594.62 1213.87 693.28 1372.07 734.48
00000268 00000010 1166.58 136.29 486.88 750.06 1226.36 427.86 1435.40 472.67 1262.75 595.94 1213.13 694.74 1371.55 735.46
00000269 00000011 1165.49 135.48 485.45 751.63 1225.49 429.42 1432.92 472.81 1260.31 595.27 1212.68 695.48 1370.89 734.91
00000270 00000012 1164.35 137.08 484.43 754.12 1224.69 431.08 1430.74 474.25 1257.96 597.21 1212.71 698.36 1371.38 737.44
00000271 00000013 1164.92 139.19 483.03 751.84 1224.42 431.76 1429.15 474.69 1256.39 598.22 1213.80 698.21 1372.01 736.89
00000272 00000014 1164.95 139.70 482.32 751.12 1223.82 432.34 1428.14 474.47 1256.37 598.33 1214.34 698.57 1372.02 736.54
00000273 00000015 1164.72 141.10 481.84 750.81 1223.41 433.81 1426.84 474.84 1255.36 598.12 1214.82 699.83 1371.90 736.83
00000274 00000016 1164.42 141.36 480.68 750.95 1223.14 435.12 1426.06 474.24 1255.56 598.45 1216.06 700.26 1372.87 735.60
00000275 00000017 1162.47 145.22 480.26 747.63 1221.73 436.28 1422.38 472.80 1253.26 598.46 1217.05 701.86 1371.78 734.83
00000276 00000018 1160.82 146.90 479.94 747.23 1218.92 437.67 1419.06 471.05 1250.21 600.44 1217.92 705.86 1370.52 736.17
00000277 00000019 1159.40 149.66 481.31 743.13 1216.94 438.95 1416.85 471.53 1247.61 600.73 1218.38 707.32 1369.88 736.72
00000278 00000020 1157.87 150.09 480.77 740.54 1214.75 438.94 1413.91 471.51 1243.95 599.26 1216.80 705.74 1368.62 734.84
00000279 00000021 1156.12 148.44 480.49 743.04 1212.92 437.84 1412.34 470.13 1241.31 598.89 1216.01 704.63 1369.85 733.33
00000280 00000022 1154.55 146.15 480.46 747.52 1211.21 436.85 1411.61 467.25 1241.52 599.84 1215.92 705.22 1372.62 732.28
00000281 00000023 1153.49 144.97 478.86 748.67 1208.12 436.78 1411.17 465.00 1241.24 601.44 1214.80 706.65 1373.90 731.74
00000282 00000024 1151.88 145.04 478.38 750.88 1206.64 437.06 1411.12 462.76 1241.40 601.68 1215.05 709.53 1374.13 732.58
00000283 00000025 1150.45 141.68 478.96 756.39 1205.75 436.76 1410.88 459.74 1241.50 601.27 1215.64 712.06 1374.32 732.93
00000284 00000026 1149.13 139.79 478.37 757.51 1204.39 436.21 1410.92 458.93 1240.11 600.76 1213.92 713.14 1371.88 733.77
00000285 00000027 1148.61 136.93 477.71 764.21 1204.03 436.98 1410.17 458.57 1238.93 600.32 1213.57 717.09 1368.62 736.89
00000286 00000028 1148.74 136.58 476.55 770.48 1204.32 438.10 1408.53 456.80 1236.87 599.30 1214.30 722.80 1365.12 740.39
00000287 00000029 1144.17 141.94 476.65 756.30 1201.72 438.73 1398.14 455.03 1229.49 596.39 1213.04 716.86 1352.95 733.19
00000288 00000030 1147.19 149.76 469.13 742.53 1191.86 440.19 1395.46 460.38 1231.34 599.46 1208.43 714.91 1346.85 734.05
00000289 00000031 1140.69 141.85 476.01 745.35 1195.58 444.44 1390.56 456.16 1223.64 594.00 1207.83 712.99 1351.08 725.80
00000290 00000032 1142.16 136.91 471.21 746.42 1196.08 441.57 1384.47 453.41 1217.33 587.29 1206.54 706.47 1350.61 719.48
00000291 00000033 1142.02 128.64 471.23 750.66 1194.86 439.19 1380.38 449.41 1215.14 585.00 1207.96 702.57 1351.11 714.35
00000292 00000034 1144.80 127.50 472.08 746.85 1195.05 428.72 1386.76 446.95 1214.93 587.21 1208.63 698.71 1356.59 714.45
00000293 00000035 1148.20 129.57 469.18 746.06 1197.97 425.57 1390.20 446.08 1217.49 585.51 1209.03 694.63 1360.30 712.28
00000294 00000036 1148.66 126.17 475.63 751.98 1199.45 423.30 1397.31 444.39 1224.54 585.75 1211.11 693.93 1367.36 712.21
00000295 00000037 1151.94 124.02 478.81 756.10 1203.79 422.67 1403.76 444.21 1231.47 585.17 1214.71 692.93 1373.55 711.73
00000296 00000038 1156.09 123.62 481.66 753.17 1207.44 422.32 1406.55 442.84 1235.20 584.87 1218.61 692.34 1375.97 710.53
00000297 00000039 1161.29 125.36 479.36 747.62 1211.77 423.27 1411.14 445.18 1242.05 585.42 1220.69 691.63 1377.27 711.31
00000298 DELETE   1168.35 126.52 474.70 746.68 1219.32 425.87 1416.79 447.44 1249.35 582.72 1224.60 691.55 1379.74 711.43
00000299 DELETE   1170.13 126.06 477.55 754.44 1224.32 425.91 1421.70 445.78 1256.16 580.98 1230.45 695.12 1383.51 714.20
00000300 00000042 1171.55 125.92 477.32 756.54 1226.69 424.63 1427.35 445.75 1262.65 582.88 1231.50 693.15 1388.25 713.41
00000301 00000043 1172.03 123.94 478.06 755.80 1223.81 424.85 1430.26 447.02 1266.31 586.99 1228.55 695.74 1385.83 717.27
00000302 00000044 1173.10 125.63 476.92 748.93 1222.02 426.02 1430.69 448.96 1266.85 590.43 1227.71 697.68 1384.36 719.85
00000303 00000045 1172.72 126.00 478.94 748.41 1220.44 427.91 1430.61 451.85 1265.42 593.59 1226.49 700.68 1384.27 723.66
00000304 00000046 1169.75 128.80 478.59 749.37 1220.11 429.54 1429.68 454.45 1266.05 597.26 1226.18 700.21 1386.85 723.74
00000305 00000047 1169.18 129.02 478.32 752.16 1221.05 430.97 1428.03 456.75 1263.94 598.59 1226.78 699.94 1388.27 723.88
00000306 00000048 1165.26 133.28 481.43 754.64 1221.66 430.88 1426.70 456.37 1262.06 597.78 1227.37 702.15 1386.76 725.93
00000307 00000049 1162.60 136.28 480.90 750.13 1219.76 432.11 1424.68 457.92 1259.84 597.12 1224.68 701.38 1384.21 725.42
00000308 00000050 1161.50 137.03 481.20 743.59 1217.86 432.94 1422.78 458.89 1255.75 596.40 1222.14 698.78 1382.13 722.70
00000309 00000051 1157.29 141.33 482.65 741.21 1215.32 433.84 1420.49 460.30 1253.49 598.67 1219.51 698.12 1382.23 722.27
00000310 00000052 1153.46 142.24 483.83 745.99 1212.61 434.36 1418.97 460.46 1251.49 599.65 1217.27 701.33 1380.57 725.17
00000311 00000053 1151.59 142.23 481.08 748.39 1208.57 435.23 1414.93 459.52 1246.66 602.30 1217.32 706.56 1378.18 728.53
00000312 00000054 1148.50 144.03 478.61 743.22 1203.19 436.34 1412.48 459.92 1244.43 603.80 1214.67 708.60 1375.82 729.68
00000313 00000055 1146.00 148.42 473.39 733.05 1197.47 439.42 1404.52 464.65 1243.22 606.14 1215.28 704.02 1364.50 726.48
00000314 00000056 1141.49 152.47 473.88 730.48 1193.00 437.68 1400.19 463.70 1238.49 608.13 1211.79 702.78 1360.79 725.77
00000315 00000057 1137.22 150.41 475.61 731.48 1188.76 437.78 1397.93 464.00 1234.95 608.02 1207.99 702.30 1357.74 725.53
00000316 00000058 1135.07 147.35 474.88 738.05 1184.93 438.56 1394.31 463.44 1230.29 608.45 1203.84 703.16 1356.36 725.18
00000317 00000059 1132.97 148.20 473.72 738.43 1181.61 438.87 1389.11 464.42 1226.09 607.51 1199.27 703.74 1350.92 726.66
00000318 00000060 1131.53 149.86 472.28 737.29 1179.24 439.64 1385.25 465.03 1221.82 606.35 1195.64 705.90 1347.06 728.98
00000319 00000061 1129.36 147.68 474.14 740.54 1175.43 439.97 1380.81 465.15 1216.98 606.79 1191.72 708.79 1340.97 732.15
00000320 00000062 1127.07 141.99 474.61 744.39 1170.98 440.37 1377.45 465.71 1212.39 608.83 1186.65 711.82 1335.93 735.76
00000321 00000063 1125.64 141.37 475.98 747.68 1169.08 440.92 1375.91 465.65 1209.70 610.50 1185.13 715.18 1334.82 738.62
00000322 00000064 1124.27 136.11 476.75 752.33 1168.40 440.74 1375.91 466.11 1209.52 611.52 1185.10 715.13 1335.05 739.01
00000323 00000065 1122.65 138.61 478.68 750.37 1169.75 440.89 1376.96 466.58 1210.87 611.55 1186.68 712.01 1339.09 735.89
00000324 00000066 1121.03 138.30 480.57 751.20 1169.74 440.34 1378.06 465.10 1212.37 610.69 1186.22 711.12 1340.43 734.22
00000325 00000067 1120.51 138.78 481.43 750.45 1170.01 439.92 1379.75 464.80 1213.86 610.61 1186.35 710.59 1341.30 733.73
00000326 00000068 1120.11 137.36 482.39 752.17 1172.37 439.38 1382.30 465.01 1216.76 609.80 1187.76 710.37 1342.18 734.10
00000327 00000069 1119.59 142.33 483.82 747.10 1174.95 439.47 1385.44 465.09 1220.13 609.21 1190.65 709.12 1345.12 732.66
00000328 00000070 1118.40 141.95 484.77 744.72 1176.05 439.12 1388.96 464.90 1224.90 610.48 1191.73 705.80 1348.07 729.31
00000329 00000071 1118.67 146.42 485.34 735.41 1176.66 440.08 1390.84 465.03 1227.79 610.46 1192.95 704.24 1348.37 727.15
00000330 00000072 1119.48 141.49 485.32 743.29 1177.12 440.50 1392.31 464.75 1228.85 609.96 1193.84 705.73 1349.89 728.07
00000331 00000073 1120.24 141.88 484.31 745.92 1178.44 439.37 1392.74 464.38 1228.87 609.70 1194.86 706.72 1349.72 729.67
00000332 00000074 1120.53 141.19 484.14 749.35 1179.89 440.13 1392.15 464.13 1229.14 609.52 1198.15 709.40 1351.35 731.35
00000333 00000075 1119.13 142.97 484.84 750.45 1178.67 438.84 1390.17 464.39 1225.64 609.52 1195.79 707.77 1350.96 730.87
00000334 00000076 1119.28 142.40 483.37 751.30 1176.74 439.84 1386.22 466.31 1221.67 610.25 1192.39 707.38 1347.42 731.45
00000335 00000077 1118.69 141.21 482.50 751.31 1172.49 440.41 1382.91 466.27 1216.99 610.42 1187.28 709.46 1342.76 733.37
00000336 00000078 1116.17 137.30 481.42 752.13 1166.05 440.63 1377.07 465.83 1211.34 610.11 1180.91 712.56 1335.08 736.30
00000337 00000079 1113.62 136.91 481.43 750.95 1162.08 439.68 1374.63 464.88 1207.50 610.29 1176.00 713.06 1333.64 736.87
00000338 00000080 1110.63 133.92 480.27 752.63 1157.01 439.09 1368.93 464.72 1203.30 609.79 1170.74 710.29 1330.60 734.45
00000339 00000081 1109.08 136.05 479.29 752.79 1155.71 439.70 1364.49 463.96 1201.40 610.76 1170.74 709.17 1331.46 731.94
00000340 00000082 1106.32 131.11 479.67 762.74 1155.38 439.32 1362.07 463.53 1200.17 611.61 1171.10 709.33 1331.75 731.79
00000341 00000083 1104.25 131.09 480.08 761.32 1154.73 438.55 1359.61 463.07 1197.79 610.92 1169.98 707.45 1330.22 730.03
00000342 00000084 1101.40 128.08 479.19 760.22 1151.99 437.11 1357.84 461.96 1196.47 609.43 1164.66 703.59 1326.28 726.64
00000343 00000085 1097.51 125.71 480.06 758.77 1148.52 435.83 1356.09 460.78 1194.76 607.25 1158.76 700.58 1320.66 724.00
00000344 00000086 1094.74 123.75 481.05 757.91 1146.34 435.80 1354.04 461.11 1192.09 606.74 1155.07 699.58 1317.95 723.26
00000345 00000087 1091.59 126.64 483.14 754.57 1145.82 434.36 1353.21 459.98 1190.40 605.75 1154.41 698.74 1316.95 722.47
00000346 00000088 1090.43 127.02 483.26 758.37 1146.35 434.37 1352.89 458.74 1190.33 605.46 1156.44 701.20 1318.70 723.80
00000347 00000089 1089.85 124.72 483.48 762.17 1146.52 433.71 1353.39 458.16 1189.48 605.20 1156.20 701.72 1319.71 724.23
00000348 00000090 1088.57 122.73 485.43 765.19 1145.15 434.13 1353.21 458.01 1188.96 605.88 1155.40 703.72 1319.10 725.69
00000349 00000091 1087.74 121.83 486.04 765.96 1143.64 435.30 1352.50 457.70 1188.36 606.18 1156.42 707.71 1317.64 728.40
00000350 00000092 1086.85 120.47 485.92 767.45 1142.87 435.55 1351.78 457.19 1187.47 605.39 1156.95 709.83 1316.13 729.89
00000351 00000093 1085.57 122.33 485.77 762.66 1140.92 436.07 1350.51 456.50 1185.98 604.90 1156.83 710.65 1315.10 729.65
00000352 00000094 1083.80 119.05 487.34 767.67 1139.85 435.54 1349.53 455.71 1183.72 603.65 1155.64 711.59 1313.66 730.37
00000353 00000095 1082.56 122.03 485.83 764.54 1139.83 434.92 1347.22 455.35 1182.23 602.40 1155.88 710.13 1310.67 729.19
00000354 00000096 1082.94 119.48 484.92 769.47 1140.10 433.82 1345.78 453.96 1180.98 601.26 1156.56 710.44 1310.07 729.28
00000355 00000097 1081.47 116.86 485.96 775.07 1139.64 434.57 1344.13 453.35 1179.83 600.90 1156.58 711.34 1310.22 729.00
00000356 00000098 1077.29 123.40 492.65 766.83 1140.51 437.70 1345.08 456.40 1180.52 599.09 1156.84 709.41 1311.79 726.72
00000357 00000099 1076.96 111.77 494.97 778.76 1139.22 441.39 1342.67 459.30 1178.11 599.28 1156.86 710.14 1312.74 726.54
00000358 00000100 1076.96 112.83 494.38 778.01 1139.17 439.90 1342.63 458.32 1177.55 598.99 1156.91 709.30 1313.17 726.07
00000359 00000101 1079.84 114.30 491.05 776.49 1141.07 436.80 1342.89 454.70 1178.20 598.09 1157.55 708.09 1312.09 724.67
00000360 00000102 1082.02 111.83 487.43 780.41 1142.29 436.55 1343.19 454.89 1179.78 598.14 1158.03 708.04 1311.76 725.05
00000361 00000103 1084.96 111.85 485.11 780.88 1142.93 436.29 1342.51 454.68 1178.90 598.56 1158.75 708.16 1312.39 725.25
00000362 00000104 1086.84 113.04 483.36 778.74 1143.68 435.38 1342.73 453.21 1179.15 598.03 1160.12 707.88 1313.30 724.62
00000363 00000105 1089.70 112.03 481.53 779.95 1145.04 434.91 1343.48 452.29 1180.45 596.82 1161.48 708.31 1313.11 724.84
00000364 00000106 1093.34 110.05 480.07 782.03 1147.92 434.54 1344.82 451.90 1181.72 596.27 1163.79 708.81 1314.65 725.36
00000365 00000107 1097.37 111.60 476.80 779.49 1149.95 434.50 1344.81 451.47 1182.53 595.32 1166.16 708.36 1314.96 724.59
00000366 00000108 1097.20 109.00 474.36 781.49 1148.01 433.78 1341.90 448.88 1180.47 593.83 1165.31 708.00 1312.84 722.65
00000367 00000109 1094.74 101.03 477.13 789.49 1145.78 431.53 1338.95 443.97 1175.15 589.89 1163.70 707.27 1311.11 719.81
00000368 00000110 1091.55 100.57 478.62 786.59 1141.30 428.16 1337.56 441.39 1171.29 588.60 1158.75 703.20 1310.08 716.07
00000369 00000111 1088.28 103.58 480.49 779.99 1137.96 427.43 1335.52 440.05 1169.26 588.56 1157.14 702.10 1309.04 714.19
00000370 00000112 1087.23 102.83 477.68 780.73 1136.86 426.61 1334.41 440.00 1167.71 588.86 1154.92 700.58 1308.13 713.19
00000371 00000113 1085.44 104.62 477.34 776.18 1134.85 426.53 1332.74 440.60 1166.02 589.62 1152.89 699.25 1307.46 712.28
00000372 00000114 1082.68 105.22 479.78 776.29 1133.35 427.50 1331.53 441.80 1165.23 591.45 1152.22 699.46 1306.87 712.66
00000373 00000115 1080.39 104.91 479.77 776.99 1131.36 428.54 1332.17 443.08 1165.40 595.25 1150.96 702.21 1307.34 715.39
00000374 00000116 1078.65 110.64 479.22 773.92 1130.68 431.38 1331.16 446.07 1164.97 598.36 1150.73 704.10 1308.08 717.28
00000375 00000117 1076.51 115.21 478.94 770.08 1129.07 433.65 1329.90 449.32 1164.08 601.69 1150.50 705.66 1306.71 719.52
00000376 00000118 1073.74 117.90 480.07 768.58 1126.61 436.67 1328.08 450.61 1162.83 604.24 1150.98 709.10 1307.27 721.29
00000377 00000119 1071.25 120.81 480.53 767.49 1125.37 437.38 1326.71 451.44 1162.83 606.27 1150.69 709.72 1307.65 721.92
00000378 00000120 1068.96 120.83 482.69 769.10 1124.85 437.51 1326.72 451.93 1163.03 606.61 1150.07 710.11 1307.32 722.64
00000379 00000121 1068.88 120.55 482.68 770.40 1125.06 437.75 1326.70 452.30 1163.22 606.82 1150.88 710.89 1307.42 723.52
00000380 00000122 1070.25 120.17 480.72 771.12 1125.35 437.88 1327.21 451.98 1163.64 607.26 1152.51 713.34 1306.99 725.72
00000381 00000123 1071.36 120.13 478.91 768.47 1124.84 438.15 1328.38 452.25 1163.62 607.04 1150.00 713.63 1305.79 726.12
00000382 00000124 1072.35 120.27 481.05 765.90 1125.25 437.74 1328.98 452.80 1164.01 607.54 1150.99 711.43 1307.54 724.52
00000383 00000125 1072.45 120.31 482.62 766.08 1125.66 437.34 1328.96 452.93 1164.58 608.47 1151.57 709.90 1308.92 723.36
00000384 00000126 1073.81 122.37 481.14 766.69 1127.98 437.43 1328.66 453.58 1164.51 609.32 1153.60 709.39 1310.55 723.27
00000385 00000127 1073.91 124.15 481.48 764.02 1127.37 437.37 1328.42 454.67 1164.27 611.44 1152.23 707.53 1311.76 722.25
00000386 00000128 1076.34 123.75 479.47 759.48 1127.66 437.43 1328.58 455.29 1164.35 610.67 1151.48 705.10 1310.68 720.27
00000387 00000129 1077.91 124.07 479.72 757.67 1128.77 437.03 1329.15 455.57 1164.89 609.96 1151.69 703.51 1310.18 719.32
00000388 00000130 1079.17 124.72 477.91 757.10 1130.46 436.79 1330.34 455.21 1166.34 609.05 1152.12 702.98 1310.67 718.78
00000389 00000131 1080.57 129.30 478.54 754.01 1132.81 437.68 1331.90 455.40 1168.78 609.01 1153.60 703.25 1312.92 718.65
00000390 00000132 1082.92 127.42 476.41 753.86 1134.94 437.36 1333.85 455.24 1170.94 608.18 1154.64 702.33 1313.79 717.92
00000391 00000133 1083.79 127.02 476.49 754.16 1136.14 437.36 1334.83 455.27 1172.25 608.59 1155.14 701.65 1315.20 717.35
00000392 00000134 1084.17 127.16 477.34 753.95 1136.90 437.79 1335.77 455.66 1173.75 608.37 1155.60 701.53 1315.57 717.26
00000393 00000135 1084.61 125.09 479.33 757.42 1138.54 437.10 1336.80 456.04 1174.35 608.35 1156.36 700.26 1316.60 717.01
00000394 00000136 1086.55 128.81 479.66 759.41 1140.83 436.36 1337.32 456.21 1174.22 608.06 1157.30 701.55 1318.66 719.27
00000395 00000137 1085.76 123.09 482.49 765.18 1142.28 436.98 1340.01 456.12 1177.78 606.11 1158.80 701.90 1319.43 719.14
00000396 00000138 1086.66 124.18 482.30 762.32 1144.03 436.73 1342.09 456.19 1180.46 605.09 1159.50 699.42 1321.14 716.98
00000397 00000139 1089.48 120.35 480.33 764.29 1146.03 437.34 1344.71 455.91 1184.15 603.48 1160.98 698.81 1322.02 715.81
00000398 00000140 1091.60 125.67 480.11 754.87 1146.86 437.39 1346.67 455.89 1186.23 602.36 1161.68 697.74 1322.46 714.92
00000399 00000141 1093.52 127.96 478.73 751.12 1148.59 437.61 1352.26 455.39 1194.49 604.07 1164.33 698.25 1325.93 714.94
00000400 00000142 1097.37 130.07 477.34 746.39 1150.80 435.78 1356.85 454.27 1198.94 604.46 1166.48 696.72 1329.05 714.06
00000401 00000143 1104.99 131.86 474.62 745.68 1156.22 435.38 1360.90 454.08 1203.48 602.64 1171.78 697.15 1332.40 714.89
00000402 00000144 1109.81 132.44 471.62 746.58 1159.30 434.27 1364.03 453.69 1205.74 601.76 1174.68 699.13 1334.35 717.56
00000403 00000145 1111.35 135.02 472.73 747.99 1163.33 434.45 1367.06 453.88 1208.76 601.83 1179.52 700.42 1337.65 718.91
00000404 00000146 1112.01 132.95 472.53 746.78 1163.05 435.23 1368.65 455.28 1209.87 603.41 1178.88 700.03 1337.73 719.05
00000405 00000147 1111.80 131.47 473.83 743.79 1162.32 435.39 1369.28 454.64 1210.68 601.05 1176.76 698.57 1335.26 717.05
00000406 00000148 1113.08 131.67 473.96 744.00 1162.96 435.51 1369.76 454.85 1210.99 601.15 1177.30 698.90 1335.14 717.57
00000407 00000149 1113.77 132.92 472.75 744.79 1164.72 436.52 1371.09 455.18 1213.16 601.63 1179.86 700.50 1336.58 718.64
00000408 00000150 1114.65 130.14 473.58 749.35 1164.82 437.65 1372.94 456.44 1214.48 603.89 1181.44 703.27 1338.17 721.44
00000409 00000151 1115.55 133.68 472.90 745.39 1163.95 438.12 1373.53 457.20 1213.97 606.00 1180.95 704.36 1337.74 722.82
00000410 00000152 1116.60 136.72 471.89 744.08 1163.61 439.86 1373.70 459.80 1215.00 607.91 1179.88 708.25 1334.24 727.99
00000411 00000153 1117.59 139.81 472.77 742.56 1165.00 441.27 1376.18 461.50 1217.20 610.23 1181.87 712.61 1334.81 732.61
00000412 00000154 1117.96 137.67 475.43 748.24 1167.90 444.22 1378.99 465.53 1220.29 612.10 1183.84 716.57 1335.29 737.51
00000413 00000155 1116.39 144.12 477.91 745.95 1171.21 449.35 1378.21 467.81 1223.06 614.77 1188.71 719.93 1336.36 738.24
00000414 00000156 1116.50 144.87 479.76 743.89 1174.42 447.29 1382.73 471.59 1225.43 617.13 1190.97 718.51 1337.84 741.40
00000415 00000157 1116.36 148.41 481.11 743.56 1178.96 457.86 1383.71 479.90 1231.36 620.17 1197.02 721.96 1342.84 742.67
00000416 00000158 1117.83 150.29 479.53 743.94 1181.23 462.08 1386.02 484.53 1234.36 624.96 1199.78 723.43 1345.52 744.36
00000417 00000159 1120.50 155.03 479.67 738.65 1181.77 466.33 1386.72 489.98 1234.72 629.21 1199.66 723.97 1346.12 745.79
00000418 00000160 1119.98 158.35 482.35 738.45 1181.90 467.40 1386.71 495.24 1232.61 633.93 1197.69 725.33 1344.58 750.64
00000419 00000161 1119.38 162.13 483.60 738.01 1180.27 461.49 1386.55 494.73 1227.32 637.13 1194.79 726.08 1342.95 755.56
00000420 00000162 1122.48 159.41 483.26 744.14 1179.76 463.16 1386.85 493.46 1226.11 637.25 1194.77 730.63 1342.77 757.90
00000421 00000163 1123.24 160.45 481.47 746.66 1175.73 461.48 1382.55 490.14 1220.38 637.00 1192.59 734.17 1339.88 760.03
00000422 00000164 1125.54 162.89 477.41 742.97 1173.66 457.95 1376.59 486.94 1213.02 633.21 1191.40 733.49 1333.94 759.57
00000423 00000165 1126.22 158.14 474.35 744.08 1170.76 455.66 1369.60 485.69 1206.28 631.33 1187.71 729.81 1328.94 756.62
00000424 00000166 1123.88 152.67 471.76 745.40 1165.20 452.90 1361.60 485.40 1198.34 628.34 1178.43 725.84 1319.92 755.08
00000425 00000167 1122.45 157.77 469.74 736.12 1162.38 450.29 1354.11 486.46 1189.56 626.49 1173.51 721.50 1312.77 753.47
00000426 00000168 1120.94 156.80 466.25 732.09 1161.06 445.97 1350.05 484.95 1185.26 623.08 1169.57 715.17 1307.50 749.53
00000427 00000169 1116.36 158.34 465.86 728.65 1156.81 445.47 1344.85 481.52 1180.20 618.42 1164.69 714.03 1304.76 746.05
00000428 00000170 1117.95 149.88 464.33 738.24 1156.08 445.42 1341.08 478.15 1173.91 613.89 1164.23 715.31 1303.04 744.52
00000429 DELETE   1114.23 150.52 466.76 737.93 1155.49 443.74 1338.45 475.92 1170.52 613.04 1164.83 715.42 1300.25 744.20
00000430 00000172 1110.77 148.16 467.20 740.97 1152.49 442.12 1335.39 473.45 1167.27 612.10 1161.97 715.93 1298.38 744.04
00000431 00000173 1106.74 144.00 467.65 746.01 1148.62 439.17 1332.43 471.19 1162.35 611.02 1159.46 714.58 1297.77 743.10
00000432 00000174 1104.55 145.41 467.33 744.68 1145.91 437.26 1328.43 470.91 1156.70 610.21 1157.16 711.45 1296.37 740.95
00000433 00000175 1095.03 147.94 467.54 733.34 1139.50 439.82 1321.41 463.36 1152.86 602.24 1149.28 705.81 1289.69 727.31
00000434 00000176 1087.55 147.91 470.54 727.86 1133.81 438.57 1319.83 462.49 1151.06 601.84 1143.84 702.97 1287.77 724.72
00000435 00000177 1084.48 148.63 469.88 726.58 1132.68 437.98 1318.54 460.99 1150.06 600.16 1143.29 702.32 1287.57 723.46
00000436 00000178 1083.04 148.66 468.59 723.18 1131.25 436.37 1316.96 459.60 1147.99 597.85 1141.83 700.33 1285.39 721.80
00000437 00000179 1080.22 145.57 468.03 722.20 1128.41 435.33 1314.16 459.39 1145.33 597.00 1139.01 698.63 1284.54 720.96
00000438 00000180 1077.55 145.00 469.81 722.09 1125.59 435.03 1311.40 457.59 1142.23 596.27 1136.46 699.05 1282.50 720.28
00000439 00000181 1075.33 139.77 468.88 729.22 1122.34 436.68 1307.42 456.40 1140.55 597.32 1135.06 700.38 1280.14 719.28
00000440 00000182 1072.80 135.32 470.38 733.83 1119.26 436.55 1304.47 455.77 1137.79 597.94 1132.79 700.63 1278.05 719.19
00000441 00000183 1071.48 136.10 469.89 733.45 1117.35 437.58 1301.70 455.64 1135.86 598.41 1131.26 702.26 1275.77 719.98
00000442 00000184 1068.79 133.97 469.36 735.05 1115.13 438.73 1298.61 456.11 1134.15 598.67 1129.21 702.61 1271.95 719.82
00000443 00000185 1067.81 133.15 468.75 736.25 1113.69 438.87 1296.73 455.44 1132.37 599.02 1128.33 703.75 1270.62 720.23
00000444 00000186 1075.02 119.86 461.18 748.16 1103.61 430.60 1289.69 459.46 1122.20 604.73 1123.04 699.74 1256.97 725.08
00000445 00000187 1073.77 121.55 460.57 746.33 1101.34 430.30 1287.37 460.31 1120.39 605.83 1120.26 698.71 1255.36 725.07
00000446 00000188 1071.72 128.63 461.41 738.85 1102.98 433.39 1285.73 462.69 1121.07 603.94 1121.22 697.96 1253.68 723.81
00000447 00000189 1069.41 125.80 462.06 741.98 1101.05 439.79 1282.32 470.68 1118.97 601.24 1116.88 697.59 1250.74 724.53
00000448 00000190 1065.26 123.02 464.46 743.42 1100.58 440.42 1273.78 472.50 1113.92 601.81 1119.44 696.62 1247.27 724.04
00000449 00000191 1066.03 118.07 462.90 750.38 1100.47 436.54 1274.63 468.11 1114.06 601.64 1117.59 697.70 1245.42 725.01
00000450 00000192 1067.59 118.34 461.64 749.98 1100.12 436.33 1273.50 466.92 1112.06 600.80 1118.03 696.94 1245.24 723.47
00000451 00000193 1072.29 116.54 460.41 754.41 1099.85 434.47 1282.94 463.81 1114.74 599.28 1114.56 698.35 1249.10 724.44
00000452 00000194 1071.71 114.59 461.24 758.07 1100.23 433.61 1283.38 463.05 1114.42 598.84 1114.50 698.87 1248.59 725.09
00000453 00000195 1070.85 109.69 462.24 764.90 1099.27 432.43 1283.27 462.22 1113.85 599.11 1113.03 699.71 1247.38 726.34
00000454 00000196 1062.27 121.66 469.73 750.33 1107.93 437.32 1287.95 456.21 1121.32 596.14 1119.11 702.90 1256.36 721.53
00000455 00000197 1071.15 106.57 462.67 770.54 1099.41 431.33 1283.43 461.55 1113.39 599.97 1113.59 702.88 1246.97 729.93
00000456 00000198 1070.21 107.76 462.60 772.39 1099.34 432.27 1282.86 462.73 1113.08 600.40 1113.27 704.07 1246.76 731.39
00000457 00000199 1063.72 117.05 468.10 760.88 1096.94 433.33 1282.36 463.91 1117.17 599.88 1110.33 703.05 1243.82 730.66
00000458 00000200 1069.02 114.03 467.44 769.65 1101.54 443.14 1278.70 472.79 1112.09 599.49 1115.40 707.56 1243.39 733.80
00000459 00000201 1058.99 126.91 478.12 754.52 1106.58 447.58 1288.00 466.40 1119.43 599.30 1116.24 712.37 1255.95 730.89
00000460 00000202 1059.05 125.22 478.22 758.01 1107.63 445.24 1288.71 465.96 1118.22 599.43 1116.95 713.52 1257.42 733.57
00000461 00000203 1058.57 126.89 478.88 757.30 1109.44 439.74 1292.63 462.81 1120.30 598.87 1117.99 713.28 1258.61 735.33
00000462 00000204 1059.88 121.40 476.86 763.43 1107.90 435.49 1292.11 457.76 1120.30 599.23 1117.88 713.50 1257.85 734.80
00000463 00000205 1061.14 118.42 476.74 769.17 1109.29 432.79 1291.70 455.02 1118.70 599.74 1119.43 714.64 1258.95 735.69
00000464 00000206 1061.95 119.23 474.02 767.32 1109.65 432.16 1292.48 453.65 1120.32 598.88 1120.04 713.81 1259.54 734.27
00000465 00000207 1062.25 120.99 475.03 765.57 1109.68 433.32 1291.82 453.43 1119.91 598.12 1119.80 714.03 1258.63 733.42
00000466 00000208 1061.26 121.10 475.32 767.05 1108.53 433.51 1290.80 453.21 1118.90 598.37 1118.99 714.61 1258.17 733.67
00000467 00000209 1068.11 106.54 467.51 788.30 1100.15 427.77 1286.27 458.83 1114.42 602.45 1115.95 713.42 1249.59 741.00
00000468 00000210 1067.46 108.50 466.85 787.00 1100.12 427.39 1285.78 458.28 1114.64 602.67 1116.52 712.17 1251.29 739.56
00000469 00000211 1068.29 107.82 465.80 786.66 1100.44 426.37 1286.15 458.21 1114.18 603.23 1116.80 710.96 1253.05 738.97
00000470 00000212 1067.68 104.54 467.49 790.54 1101.07 425.47 1287.15 458.04 1114.08 603.17 1117.34 709.09 1255.25 737.54
00000471 00000213 1068.08 106.14 466.46 788.84 1102.58 425.11 1287.47 457.34 1114.88 601.71 1118.81 707.07 1257.68 735.04
00000472 00000214 1067.99 105.18 468.13 792.08 1103.72 424.75 1289.19 456.17 1115.54 600.96 1120.38 707.95 1260.71 735.05
00000473 00000215 1067.17 106.32 469.79 790.37 1104.15 424.32 1290.18 454.76 1116.90 599.98 1121.90 707.23 1264.89 733.17
00000474 00000216 1068.15 107.31 469.73 788.42 1105.23 425.27 1290.46 453.86 1118.24 599.16 1125.81 706.52 1270.27 730.42
00000475 00000217 1067.57 108.79 471.03 783.45 1105.54 425.19 1291.10 452.50 1118.88 600.93 1127.99 702.90 1276.25 725.11
00000476 00000218 1067.14 105.27 472.08 788.61 1104.82 425.82 1291.41 450.79 1120.16 601.12 1131.27 704.13 1283.29 724.01
00000477 00000219 1067.92 108.99 470.65 787.06 1104.29 423.53 1291.54 450.31 1118.63 602.59 1129.98 702.00 1288.46 723.28
00000478 00000220 1067.80 107.86 469.90 787.48 1104.21 423.02 1291.12 449.48 1119.60 601.46 1131.02 703.00 1288.22 724.16
00000479 00000221 1067.27 109.15 470.32 785.61 1105.28 420.88 1290.85 449.36 1118.91 599.16 1130.48 701.61 1283.96 724.67
00000480 00000222 1066.13 107.87 471.35 788.58 1103.87 419.67 1289.20 447.84 1117.36 597.22 1129.22 703.15 1280.91 726.20
00000481 00000223 1065.18 104.05 471.74 794.07 1102.26 418.81 1288.67 447.42 1114.96 596.28 1126.65 703.14 1279.25 726.58
00000482 00000224 1063.11 101.82 471.86 793.67 1100.12 418.39 1288.00 446.91 1113.98 594.69 1122.76 702.55 1272.24 726.17
00000483 00000225 1061.77 99.70 470.94 792.11 1098.98 417.86 1286.20 447.49 1112.09 593.42 1119.36 699.77 1266.48 724.81
00000484 00000226 1061.26 93.99 471.21 790.98 1098.57 415.59 1286.81 448.74 1109.45 592.72 1114.51 693.77 1263.29 721.95
CROP_BBOX: 755 0 1920 1080
