Video ID: 	lm7QWwpC8R4
H: 	1080
W: 	1920
FPS: 	29.97002997002997

FRAME INDEX X0 Y0 W H [Landmarks (5 Points)]

00014488 00000000 855.99 95.09 481.38 713.96 987.15 365.29 1203.67 372.29 1085.40 481.44 992.48 614.51 1168.53 621.75
00014489 00000001 863.84 99.71 487.94 704.70 988.46 362.74 1209.54 372.12 1087.00 484.07 996.89 610.16 1169.69 618.00
00014490 00000002 874.66 104.05 485.00 696.84 988.12 364.77 1207.48 372.77 1081.46 482.01 995.15 607.42 1171.65 614.12
00014491 00000003 878.28 103.97 484.19 693.26 987.01 366.90 1205.97 373.73 1074.61 480.50 993.01 606.85 1171.64 612.18
00014492 00000004 884.41 109.76 483.46 689.66 990.01 369.30 1197.68 372.34 1066.60 480.28 999.54 605.14 1172.10 608.05
00014493 00000005 888.86 105.18 482.10 692.49 989.54 367.51 1194.31 371.60 1061.59 483.70 1000.94 604.69 1168.90 608.55
00014494 00000006 889.68 100.92 483.25 697.69 984.91 369.06 1188.67 371.47 1051.92 482.45 996.94 607.23 1162.31 609.93
00014495 00000007 889.33 97.03 487.52 702.37 977.09 373.13 1180.06 371.11 1039.30 481.54 991.49 610.47 1158.48 609.36
00014496 00000008 888.32 99.17 491.11 701.74 971.20 375.88 1172.67 371.76 1026.88 480.00 985.00 610.67 1154.51 607.79
00014497 00000009 886.32 95.12 495.25 707.82 968.16 378.06 1168.27 373.00 1022.14 481.79 982.81 612.60 1153.59 609.00
00014498 00000010 885.12 97.66 498.36 705.73 967.26 378.90 1167.57 372.63 1021.50 481.75 984.00 613.76 1157.90 608.77
00014499 00000011 886.92 97.35 497.96 708.51 968.44 381.75 1168.44 371.62 1023.72 482.68 987.94 616.18 1162.31 608.08
00014500 00000012 887.02 97.21 498.96 710.59 971.20 382.80 1174.34 371.64 1029.65 482.98 990.04 618.65 1166.65 609.60
00014501 00000013 886.76 98.49 501.29 714.29 972.86 382.84 1177.71 369.81 1034.17 483.27 992.53 620.64 1171.46 610.20
00014502 00000014 887.17 100.45 498.24 712.83 976.09 383.77 1179.74 368.58 1040.62 485.05 997.90 621.26 1176.01 608.97
00014503 00000015 888.22 104.91 501.60 711.23 977.89 385.77 1186.20 366.51 1045.04 483.78 1000.79 624.86 1186.31 608.15
00014504 00000016 891.87 101.66 499.17 715.60 974.21 393.32 1196.63 368.06 1051.06 477.48 1005.66 631.39 1202.09 608.89
00014505 00000017 883.92 108.36 518.73 707.53 981.41 393.65 1200.56 366.43 1062.92 485.27 1009.97 634.66 1202.84 612.60
00014506 00000018 886.73 110.25 519.47 711.95 986.76 393.34 1205.95 365.36 1070.42 483.35 1017.68 636.18 1209.75 612.91
00014507 00000019 887.95 112.49 520.11 712.97 989.01 393.29 1208.73 364.10 1075.52 483.22 1022.27 637.39 1216.44 612.84
00014508 00000020 891.23 112.04 519.10 718.25 990.63 395.00 1208.23 363.05 1076.88 485.73 1026.84 639.77 1219.39 613.08
00014509 00000021 892.35 114.27 519.42 714.75 990.46 397.15 1208.94 363.10 1078.66 489.05 1028.29 642.03 1220.15 613.80
00014510 00000022 896.52 113.42 520.88 718.29 992.48 399.90 1209.50 362.19 1079.06 489.63 1032.62 643.58 1224.34 612.34
00014511 00000023 900.29 114.32 517.80 716.78 995.09 400.54 1211.51 362.82 1081.23 490.65 1035.05 643.30 1224.59 612.31
00014512 00000024 906.92 114.23 516.82 715.08 1002.59 399.59 1216.92 362.64 1086.78 487.56 1042.07 641.54 1227.48 610.97
00014513 00000025 917.24 115.52 511.44 712.81 1013.06 398.28 1226.30 361.90 1099.18 488.11 1052.41 640.61 1234.79 609.94
00014514 00000026 930.13 114.65 504.57 711.01 1028.64 395.34 1242.23 362.54 1115.97 488.12 1066.41 637.15 1249.75 609.03
00014515 00000027 941.33 117.12 502.36 703.45 1037.01 396.65 1254.45 366.26 1125.65 491.07 1069.47 633.86 1262.34 607.47
00014516 00000028 948.34 116.27 505.02 701.88 1041.84 398.78 1262.51 368.81 1129.54 493.37 1073.63 635.26 1267.80 609.16
00014517 00000029 949.80 117.50 505.94 700.44 1042.05 399.98 1263.19 371.95 1128.27 495.20 1072.72 633.98 1266.23 609.49
00014518 00000030 947.55 120.60 509.28 698.99 1041.30 402.33 1258.86 374.49 1125.16 496.02 1070.28 633.14 1263.73 608.85
00014519 00000031 943.67 121.22 508.00 701.25 1040.32 407.70 1252.10 377.93 1121.77 496.70 1065.84 632.84 1259.43 607.63
00014520 00000032 943.83 123.44 508.06 701.24 1039.15 414.38 1250.56 384.18 1118.43 498.92 1062.17 634.83 1258.29 609.52
00014521 00000033 944.42 133.94 504.69 688.86 1036.27 417.63 1251.89 385.70 1117.12 508.50 1066.27 641.39 1259.30 614.60
00014522 00000034 944.23 133.75 503.17 692.18 1035.09 414.81 1252.71 386.11 1117.55 512.05 1064.02 641.37 1259.68 617.43
00014523 00000035 941.80 137.11 503.81 689.60 1032.81 412.99 1250.80 386.21 1116.27 513.28 1062.32 641.69 1256.86 619.45
00014524 00000036 938.18 137.96 502.38 685.61 1028.03 413.71 1245.24 386.98 1112.80 515.61 1058.32 642.30 1255.09 620.12
00014525 00000037 931.24 132.13 509.61 693.24 1021.17 412.47 1235.57 387.13 1101.76 511.44 1045.84 638.29 1247.19 617.07
00014526 00000038 927.89 133.72 508.03 690.50 1015.18 413.09 1229.50 387.40 1094.99 512.48 1041.43 637.86 1242.03 616.72
00014527 00000039 923.70 132.18 508.82 694.59 1010.22 412.53 1226.03 386.30 1091.22 515.13 1037.89 640.14 1237.10 619.21
00014528 00000040 919.58 132.27 509.99 693.02 1007.41 414.43 1223.37 386.90 1089.46 518.51 1037.67 641.80 1236.52 619.98
00014529 00000041 917.63 132.21 510.75 697.40 1007.06 419.46 1222.04 391.45 1086.78 520.63 1038.84 651.01 1229.17 629.05
00014530 00000042 915.60 132.55 513.40 702.34 1005.34 422.48 1220.46 391.96 1086.00 524.15 1040.95 656.72 1230.72 632.07
00014531 00000043 912.73 133.78 514.94 703.79 1001.50 422.71 1219.47 392.38 1082.79 525.54 1036.54 659.83 1230.11 635.41
00014532 00000044 909.01 134.38 516.96 707.41 998.49 423.97 1217.41 392.30 1080.62 525.25 1033.73 662.73 1227.42 637.14
00014533 00000045 907.81 134.23 516.59 708.61 997.43 424.50 1216.39 392.80 1079.45 525.77 1032.62 664.07 1227.07 638.19
00014534 00000046 907.26 135.19 515.87 705.59 996.14 424.76 1216.06 393.21 1078.83 526.60 1032.04 665.53 1226.49 639.52
00014535 00000047 906.72 135.19 516.95 705.80 996.30 425.62 1216.13 394.42 1079.15 526.47 1031.46 665.89 1225.05 640.21
00014536 00000048 909.06 136.51 513.70 707.17 1001.27 429.47 1215.95 398.93 1081.99 526.71 1032.05 664.52 1226.83 639.59
00014537 00000049 910.30 135.65 509.31 706.76 1002.62 433.95 1216.57 404.31 1083.86 527.29 1031.27 664.62 1225.24 640.82
00014538 00000050 909.70 137.56 510.55 704.18 1002.41 433.65 1217.27 405.76 1081.57 528.21 1030.25 665.06 1225.20 642.09
00014539 00000051 908.84 137.51 511.57 704.28 1002.59 436.51 1217.88 408.14 1082.06 527.11 1029.62 666.19 1223.72 642.67
00014540 00000052 907.74 137.84 511.45 705.22 1000.75 435.78 1217.42 407.89 1080.41 528.12 1028.65 667.66 1222.79 644.33
00014541 00000053 905.70 137.64 511.92 706.81 997.27 434.96 1215.04 408.50 1077.33 530.77 1025.25 668.29 1219.30 646.20
00014542 00000054 902.62 136.79 512.74 708.29 993.99 434.60 1213.14 408.56 1075.75 532.39 1021.62 668.10 1218.04 646.30
00014543 00000055 901.04 136.58 512.12 710.79 991.72 433.08 1211.64 408.27 1073.15 534.43 1020.22 669.31 1215.06 648.67
00014544 00000056 899.22 136.81 511.51 708.98 989.68 431.87 1209.84 408.32 1070.62 535.38 1018.79 669.89 1211.15 650.44
00014545 00000057 897.38 147.22 515.95 704.68 987.20 432.40 1208.11 409.28 1070.17 538.33 1018.49 670.62 1211.74 652.50
00014546 00000058 897.80 136.01 509.51 707.89 989.32 432.51 1208.99 410.04 1071.33 536.60 1018.15 668.12 1209.45 649.66
00014547 00000059 898.61 136.09 509.23 710.25 990.95 432.74 1209.78 410.10 1072.36 536.51 1019.61 668.73 1210.63 650.18
00014548 00000060 897.78 138.35 508.06 706.25 990.76 433.49 1210.43 411.58 1073.09 536.60 1020.37 669.66 1209.55 651.76
00014549 00000061 897.08 139.18 507.74 701.07 991.14 433.32 1210.75 411.46 1074.97 536.48 1023.37 669.47 1208.63 651.81
00014550 00000062 896.86 139.36 507.54 701.31 991.60 432.46 1209.64 410.86 1074.10 535.99 1024.16 670.14 1204.77 652.80
00014551 00000063 896.43 137.40 507.63 703.38 989.49 432.26 1208.30 410.88 1071.04 536.12 1023.09 671.98 1202.81 654.76
00014552 00000064 896.28 138.45 506.91 701.22 987.98 430.73 1207.25 410.43 1070.37 538.04 1022.54 669.68 1203.30 653.29
00014553 00000065 896.29 136.18 505.62 700.44 987.06 428.37 1206.18 408.36 1069.10 536.25 1021.26 668.23 1201.92 652.03
00014554 00000066 894.79 133.91 506.28 706.42 988.53 425.69 1204.98 407.19 1067.99 532.72 1019.25 664.22 1201.46 649.12
00014555 00000067 890.76 143.60 513.18 707.68 988.93 420.95 1203.71 401.13 1067.67 529.06 1022.38 668.21 1197.05 652.56
00014556 00000068 891.16 138.07 517.53 711.39 993.87 414.28 1206.17 395.46 1070.86 517.99 1026.69 661.98 1194.56 647.34
00014557 00000069 896.03 130.54 513.68 709.63 1000.66 405.04 1215.21 385.20 1080.74 504.58 1035.24 654.36 1199.08 639.27
00014558 00000070 900.01 114.34 496.21 721.80 1016.15 394.56 1222.37 379.84 1105.96 493.19 1043.63 642.44 1205.45 629.50
00014559 00000071 906.69 109.68 498.45 713.57 1033.09 390.41 1235.53 372.34 1119.28 476.82 1060.97 628.98 1217.54 614.03
00014560 00000072 909.73 103.71 504.70 715.88 1042.12 377.85 1252.50 364.36 1131.63 466.55 1065.99 620.67 1228.45 609.42
00014561 00000073 910.40 101.71 504.93 714.89 1044.53 366.56 1261.36 354.29 1143.52 461.20 1077.41 615.93 1234.41 605.69
00014562 00000074 914.60 92.04 505.81 716.89 1051.92 360.50 1269.34 346.15 1155.49 448.82 1083.92 607.79 1249.86 595.30
00014563 00000075 915.52 86.69 507.62 714.08 1056.55 354.91 1273.46 342.65 1161.35 444.44 1087.63 601.57 1250.70 590.80
00014564 00000076 914.09 79.74 511.00 713.48 1055.59 352.27 1272.47 341.14 1159.60 441.12 1083.20 594.97 1249.56 585.32
00014565 00000077 910.93 76.36 510.11 711.11 1047.78 350.67 1265.33 340.19 1146.95 438.17 1071.46 589.57 1240.50 580.56
00014566 00000078 904.80 74.68 513.61 707.63 1036.60 350.62 1253.85 339.26 1131.13 434.41 1060.43 588.34 1227.55 579.15
00014567 00000079 904.00 67.03 498.83 697.51 1018.14 352.88 1230.18 337.87 1100.35 429.95 1037.67 582.69 1207.67 570.73
00014568 DELETE   897.16 65.50 500.46 705.56 1006.47 352.13 1210.64 337.28 1081.67 430.32 1021.66 583.72 1188.45 571.04
00014569 00000081 895.07 69.08 492.73 703.11 993.21 355.28 1199.60 339.48 1062.36 432.33 1004.25 583.93 1173.54 570.96
00014570 00000082 883.58 76.53 504.57 693.90 975.84 352.32 1192.69 334.39 1048.87 433.68 995.72 588.74 1159.43 575.51
00014571 00000083 877.79 81.20 505.97 689.14 965.19 351.70 1178.79 334.27 1030.34 428.66 983.49 586.37 1145.97 574.09
00014572 00000084 873.42 81.94 507.09 693.46 959.20 351.74 1171.15 333.40 1019.43 431.32 978.18 588.97 1141.72 575.89
00014573 00000085 871.61 80.80 509.02 696.17 956.57 352.81 1168.76 332.84 1016.69 431.58 976.03 589.82 1140.31 575.52
00014574 00000086 868.26 82.76 509.54 697.50 958.39 353.80 1169.81 330.97 1022.39 431.36 981.21 592.47 1141.28 575.73
00014575 00000087 870.09 85.23 511.42 699.91 965.86 355.13 1177.79 330.99 1034.18 427.25 990.91 593.57 1148.24 575.33
00014576 00000088 871.07 85.86 514.75 702.44 973.43 355.17 1188.41 328.70 1050.06 429.55 1004.11 595.21 1160.36 574.50
00014577 00000089 876.65 78.50 508.22 712.85 984.34 350.49 1198.62 324.92 1066.67 433.34 1017.42 597.61 1176.17 577.12
00014578 00000090 875.00 76.18 505.62 708.10 991.67 349.61 1210.41 318.84 1095.21 423.80 1038.41 597.39 1204.58 570.27
00014579 00000091 879.19 74.80 500.37 698.58 1000.97 346.96 1221.26 318.04 1114.48 420.22 1053.58 594.17 1219.90 568.09
00014580 00000092 880.83 73.24 497.75 694.11 1011.02 342.78 1229.72 313.47 1133.91 415.26 1068.87 589.16 1233.12 562.04
00014581 00000093 882.68 68.74 497.77 693.37 1016.68 343.53 1233.20 311.99 1142.83 412.98 1076.40 585.42 1244.16 555.94
00014582 00000094 881.27 67.89 500.07 693.84 1018.68 345.62 1235.42 312.96 1149.38 410.32 1078.81 584.55 1250.90 553.94
00014583 00000095 878.99 70.31 500.87 685.24 1015.64 345.74 1233.62 314.83 1145.14 414.01 1074.08 584.22 1248.31 555.00
00014584 00000096 874.53 72.38 500.22 686.20 1005.15 346.14 1225.89 315.08 1131.56 418.44 1059.60 586.06 1239.26 557.17
00014585 00000097 864.70 74.50 503.27 686.98 993.04 350.67 1210.90 319.69 1115.35 424.24 1042.92 585.17 1225.34 556.74
00014586 00000098 860.66 73.22 495.61 687.21 971.70 356.98 1190.89 323.99 1079.64 431.76 1014.62 585.02 1202.87 559.01
00014587 00000099 848.68 71.31 497.54 696.29 956.32 357.44 1175.35 326.41 1058.06 435.05 993.06 588.72 1178.56 564.02
00014588 00000100 838.35 74.33 500.78 686.20 937.30 363.67 1152.10 325.97 1027.99 434.86 978.20 593.18 1148.42 562.69
00014589 00000101 827.15 75.15 509.99 690.85 921.15 366.69 1139.91 329.71 1008.08 441.79 958.16 595.88 1139.56 565.82
00014590 00000102 821.67 76.30 511.25 695.83 909.40 370.41 1127.60 333.70 989.99 442.64 945.59 600.80 1125.01 570.81
00014591 00000103 816.52 75.22 513.11 700.09 896.07 373.62 1115.68 333.64 969.43 447.66 936.16 608.61 1112.76 576.07
00014592 00000104 816.65 73.55 507.70 704.17 895.43 375.28 1103.12 336.76 959.00 446.98 924.85 602.83 1096.15 571.29
00014593 00000105 810.95 86.64 514.76 696.56 893.69 375.06 1109.25 334.86 966.40 452.61 932.01 614.27 1099.21 581.94
00014594 00000106 811.19 90.38 516.15 708.67 905.90 372.41 1118.26 336.75 980.70 450.02 944.28 620.56 1103.18 591.22
00014595 00000107 818.57 78.91 503.11 734.31 924.32 372.65 1126.69 333.25 1006.25 437.39 962.01 620.18 1126.41 587.82
00014596 00000108 817.82 94.80 508.78 722.48 941.78 366.69 1150.61 328.63 1041.12 420.99 991.92 624.35 1150.74 591.63
00014597 00000109 822.06 87.33 510.63 730.13 956.61 358.75 1165.47 325.58 1059.10 418.06 1003.35 618.13 1170.41 588.77
00014598 00000110 824.74 85.21 514.21 736.33 966.87 359.29 1175.03 327.12 1075.83 411.90 1015.60 617.48 1191.08 588.38
00014599 00000111 825.54 88.99 511.78 733.60 966.61 359.77 1176.40 328.93 1077.39 415.55 1014.02 617.63 1194.06 589.40
00014600 00000112 822.59 85.37 515.85 735.93 958.49 359.67 1172.37 328.66 1067.50 421.37 1004.01 620.40 1184.15 592.54
00014601 00000113 823.64 81.82 504.51 737.50 945.66 366.59 1154.31 331.19 1043.57 429.22 980.80 615.33 1165.95 586.58
00014602 00000114 820.12 82.73 506.45 728.95 932.17 372.67 1144.29 335.83 1023.93 440.46 962.66 618.19 1151.71 588.08
00014603 00000115 817.00 90.38 499.72 712.91 916.56 383.07 1128.50 343.51 1003.72 448.04 946.88 617.89 1135.05 585.09
00014604 DELETE   811.63 92.17 501.85 708.50 898.22 388.09 1113.14 347.60 975.34 453.05 927.33 620.98 1114.24 587.10
00014605 00000117 796.58 105.51 513.33 700.20 885.33 391.74 1099.32 348.94 962.56 466.02 922.78 631.59 1101.17 596.02
00014606 00000118 788.27 106.89 512.16 697.46 871.67 395.20 1082.55 352.65 943.39 469.13 910.35 632.52 1086.45 598.07
00014607 00000119 776.82 110.23 511.93 686.22 860.36 397.74 1072.79 358.42 935.15 473.71 896.72 628.66 1074.14 597.83
00014608 00000120 772.12 105.52 518.80 688.48 853.64 395.96 1067.79 357.62 926.83 471.95 888.83 626.03 1064.21 596.67
00014609 00000121 772.68 105.70 516.06 683.35 854.33 395.22 1068.32 357.37 928.98 471.63 890.40 620.92 1066.05 592.10
00014610 00000122 783.51 97.34 501.84 684.26 863.90 392.17 1074.61 355.97 935.42 467.19 900.08 618.93 1069.80 588.99
00014611 00000123 790.74 90.23 502.10 691.34 872.30 389.18 1080.52 350.42 944.25 464.15 907.44 615.11 1079.84 583.65
00014612 00000124 801.66 89.60 498.87 690.05 887.14 387.75 1093.84 350.81 960.78 457.65 920.25 608.07 1094.13 578.36
00014613 00000125 810.01 90.92 499.19 691.01 896.27 386.14 1107.01 349.57 973.41 456.93 926.96 607.54 1107.04 577.17
00014614 00000126 816.12 93.52 496.07 690.86 907.48 383.24 1118.47 347.50 988.49 452.44 934.41 604.70 1119.75 574.67
00014615 00000127 819.64 94.57 495.32 695.27 919.45 381.64 1126.72 349.54 1002.57 452.13 946.77 607.16 1125.99 580.49
00014616 00000128 822.58 96.96 496.07 696.37 923.57 381.35 1135.49 347.12 1009.44 453.90 954.39 616.57 1132.73 588.75
00014617 00000129 823.44 93.56 495.76 697.98 923.72 381.01 1135.57 347.27 1008.54 455.69 954.81 616.29 1133.45 588.88
00014618 00000130 822.97 93.61 497.24 691.50 918.32 382.30 1131.18 349.56 1000.23 455.24 945.04 610.40 1128.12 583.55
00014619 00000131 821.50 90.55 497.45 690.12 909.53 381.54 1122.75 349.20 987.51 457.52 935.76 607.59 1118.82 580.53
00014620 00000132 818.03 87.00 501.26 696.90 897.52 386.10 1112.33 350.66 968.85 462.34 926.22 612.59 1109.00 583.08
00014621 00000133 811.72 87.65 499.37 698.24 890.05 386.08 1099.69 349.68 957.84 464.38 920.95 615.27 1094.66 584.96
00014622 00000134 804.90 90.43 500.12 693.52 881.03 387.15 1088.94 352.22 947.04 471.01 913.39 615.67 1085.97 586.93
00014623 00000135 795.80 93.97 505.91 690.78 869.53 389.90 1080.60 353.36 935.83 473.14 905.75 617.67 1079.85 587.94
00014624 00000136 789.92 90.76 507.42 691.30 864.44 393.94 1076.70 355.54 932.69 472.74 899.86 618.91 1076.79 587.77
00014625 00000137 788.64 93.28 504.89 689.22 863.05 393.73 1075.65 356.83 933.12 474.94 899.00 619.51 1075.24 589.32
00014626 00000138 789.81 94.03 504.80 690.69 864.76 394.48 1078.95 358.11 936.65 476.20 901.08 621.68 1077.61 591.94
00014627 00000139 792.71 96.28 499.43 689.30 870.62 393.99 1082.81 357.92 943.22 475.63 907.53 621.40 1083.26 591.64
00014628 00000140 798.44 98.28 500.15 686.84 878.88 391.50 1092.40 357.02 956.28 474.28 915.10 619.02 1092.32 590.51
00014629 00000141 807.11 102.51 497.62 682.42 888.65 391.84 1103.70 359.06 966.70 470.72 919.55 616.32 1101.21 588.46
00014630 00000142 812.81 101.92 494.44 683.37 896.16 393.86 1112.34 360.69 976.35 469.23 925.14 615.80 1111.91 588.05
00014631 00000143 816.06 103.32 492.98 682.72 900.45 393.22 1119.85 361.70 982.27 469.54 927.65 616.22 1118.44 590.04
00014632 00000144 815.81 101.55 492.17 686.56 899.81 393.08 1118.77 362.54 981.00 470.79 927.31 616.75 1116.16 591.32
00014633 00000145 813.09 100.25 492.45 689.90 896.43 391.17 1110.73 363.31 973.91 473.60 924.25 616.52 1105.72 592.94
00014634 00000146 804.56 108.64 498.81 687.57 890.26 386.20 1100.80 362.51 964.74 479.06 922.03 618.51 1096.52 599.15
00014635 00000147 796.19 107.88 501.00 684.79 882.99 387.07 1087.85 364.56 954.50 482.16 915.52 616.94 1084.18 599.29
00014636 00000148 791.86 111.48 503.67 680.44 876.22 390.34 1080.97 364.91 945.67 481.60 909.01 618.81 1078.32 598.89
00014637 00000149 793.51 111.03 502.58 683.95 876.92 389.87 1080.35 366.22 943.55 483.33 907.67 620.12 1077.54 601.36
00014638 00000150 801.49 113.59 500.41 689.79 885.84 386.77 1088.14 365.32 950.93 484.89 915.63 622.63 1084.77 604.82
00014639 00000151 811.00 113.35 501.07 692.31 899.05 385.98 1105.13 366.99 969.60 485.21 928.12 622.98 1099.90 606.67
00014640 00000152 821.77 114.32 490.84 685.88 905.22 385.69 1127.21 362.06 988.17 487.40 940.76 629.26 1119.78 609.55
00014641 00000153 826.01 108.52 488.78 689.17 916.03 385.84 1134.16 363.27 1001.69 486.40 953.99 632.00 1120.31 613.85
00014642 00000154 825.85 104.42 489.52 696.27 916.32 387.34 1136.10 364.53 1002.73 488.12 952.43 632.33 1123.78 613.57
CROP_BBOX: 426 0 1628 1080
