Video ID: 	bAtLbzHWOec
H: 	1080
W: 	1920
FPS: 	29.97002997002997

FRAME INDEX X0 Y0 W H [Landmarks (5 Points)]

00004111 00000000 871.49 231.06 358.11 506.68 955.41 435.42 1114.28 456.16 1015.86 546.38 956.97 603.90 1085.05 622.66
00004112 00000001 872.21 231.74 358.44 503.71 956.46 435.02 1115.81 455.28 1018.14 546.37 958.85 603.14 1087.07 621.53
00004113 00000002 872.62 231.72 359.03 503.00 956.96 435.22 1116.31 455.22 1018.61 545.36 959.55 602.64 1088.20 620.78
00004114 00000003 872.76 231.29 359.15 502.69 957.17 434.94 1116.77 454.92 1019.22 544.98 959.90 602.07 1089.03 620.15
00004115 00000004 872.84 231.95 358.85 501.90 956.65 435.39 1117.01 455.55 1019.13 545.27 959.80 602.20 1089.63 620.34
00004116 00000005 873.01 231.54 358.62 501.60 956.55 435.13 1116.36 454.80 1018.86 545.03 960.08 602.03 1089.57 619.75
00004117 00000006 872.86 230.20 358.67 502.84 956.22 435.20 1116.30 454.81 1018.77 545.00 960.06 601.86 1090.42 619.49
00004118 00000007 872.29 228.91 359.26 503.96 956.22 434.51 1116.41 454.11 1019.10 544.60 959.85 601.78 1090.18 619.43
00004119 00000008 872.05 228.78 359.21 504.47 956.04 434.89 1116.39 454.55 1018.60 544.28 959.69 601.64 1090.01 619.34
00004120 00000009 872.22 228.84 359.22 505.76 955.70 434.94 1115.99 454.60 1017.73 544.69 959.16 601.94 1090.03 619.66
00004121 00000010 872.27 229.81 359.19 505.95 955.65 435.17 1116.01 454.79 1017.60 544.65 958.90 602.34 1089.97 620.05
00004122 00000011 871.64 230.08 359.97 506.20 955.76 435.00 1115.89 455.03 1017.18 544.18 958.42 601.94 1089.48 619.99
00004123 00000012 871.80 230.32 359.56 506.79 955.84 435.29 1115.76 455.20 1017.36 544.49 958.56 602.33 1089.50 620.33
00004124 00000013 871.56 229.66 359.76 508.04 955.38 435.37 1115.79 455.05 1017.09 544.38 958.15 602.47 1089.57 620.28
00004125 00000014 871.06 230.16 360.02 507.89 955.28 435.23 1115.47 455.07 1017.36 544.71 958.14 602.90 1089.17 620.79
00004126 00000015 870.75 231.22 359.83 506.58 954.23 436.35 1115.03 455.55 1016.05 545.25 956.94 603.27 1088.63 620.62
00004127 00000016 870.44 230.32 359.93 507.66 954.40 436.05 1115.19 455.89 1016.17 545.33 956.56 603.06 1088.20 620.97
00004128 00000017 869.93 229.82 360.55 508.26 954.24 435.74 1115.26 455.61 1016.04 545.07 955.92 603.03 1087.87 620.94
00004129 00000018 869.80 230.07 360.65 506.87 954.00 435.74 1115.27 455.61 1015.80 545.36 955.95 602.74 1087.77 620.61
00004130 00000019 870.46 231.66 359.69 505.53 954.58 435.97 1115.48 455.62 1016.38 545.49 956.68 602.80 1088.30 620.48
00004131 00000020 870.89 233.34 359.33 504.43 954.41 436.76 1115.60 456.00 1016.68 546.10 956.51 603.56 1088.67 620.88
00004132 00000021 870.91 233.34 359.49 505.01 954.43 437.39 1116.35 456.74 1017.21 546.76 957.00 604.25 1089.99 621.63
00004133 00000022 870.96 233.47 359.72 506.08 954.53 437.67 1115.87 457.03 1016.74 546.84 956.93 604.74 1089.15 622.22
00004134 00000023 870.17 233.06 359.64 507.41 954.14 437.18 1114.60 456.78 1015.85 546.24 956.30 604.24 1087.94 621.97
00004135 00000024 869.42 230.61 359.87 509.81 954.43 436.21 1114.06 456.60 1015.76 545.46 955.80 603.57 1086.68 621.91
00004136 00000025 877.93 233.89 355.14 505.89 953.49 434.90 1108.43 446.46 1015.79 542.05 957.46 605.97 1086.29 616.78
00004137 00000026 878.16 233.24 354.53 508.94 953.23 433.99 1107.83 446.28 1014.72 541.61 957.42 606.10 1085.34 617.47
00004138 00000027 877.61 232.32 355.29 510.16 953.04 433.56 1107.17 445.93 1014.52 540.69 957.77 605.11 1085.46 616.44
00004139 00000028 876.91 232.07 355.52 508.40 952.57 432.80 1107.25 444.82 1014.26 539.98 957.21 603.74 1085.40 614.75
00004140 00000029 873.22 233.52 353.37 508.46 950.00 432.76 1109.96 449.12 1019.10 540.09 954.26 603.46 1086.16 616.51
00004141 00000030 867.17 227.82 361.57 505.52 953.01 433.01 1112.94 452.50 1013.92 541.07 954.04 599.29 1084.63 616.81
00004142 00000031 867.74 228.25 361.29 501.76 953.33 432.63 1113.87 451.44 1014.87 541.00 954.86 599.96 1084.51 616.91
00004143 00000032 869.28 229.81 360.47 499.14 953.58 432.41 1114.36 451.15 1015.31 541.27 956.29 602.96 1082.08 619.85
00004144 00000033 870.39 227.54 358.94 503.62 954.94 433.30 1113.97 451.10 1020.18 543.44 961.66 610.11 1079.82 626.33
00004145 00000034 871.88 225.63 358.28 507.14 955.76 432.33 1113.65 449.87 1021.08 543.65 963.21 613.35 1077.53 629.53
00004146 00000035 877.52 224.41 356.46 503.88 952.95 427.34 1107.86 438.65 1016.72 540.42 960.62 614.49 1075.65 624.66
00004147 00000036 870.55 214.19 359.09 510.51 953.27 420.97 1110.09 438.61 1017.03 533.08 961.30 609.68 1072.06 625.94
00004148 00000037 869.63 202.51 358.63 511.45 950.71 411.99 1100.46 430.90 999.01 515.87 950.33 597.36 1054.03 613.71
00004149 00000038 869.39 191.49 355.09 510.36 946.56 401.38 1095.73 421.68 985.64 499.78 937.75 588.62 1044.55 606.52
00004150 00000039 870.80 184.93 352.35 510.76 944.56 386.82 1087.89 409.19 970.25 485.60 928.56 577.01 1033.36 597.65
00004151 00000040 868.19 175.31 351.27 518.44 937.97 376.95 1077.01 401.71 953.03 472.83 918.63 567.56 1022.47 590.45
00004152 00000041 865.65 164.97 346.45 523.98 919.73 360.22 1070.22 395.61 945.53 463.21 900.96 555.40 1007.30 584.31
00004153 00000042 866.47 165.75 345.62 524.81 917.06 356.34 1069.74 389.77 942.17 459.43 897.56 556.59 1004.14 584.24
00004154 00000043 865.75 160.61 347.60 535.87 917.51 354.39 1073.45 386.21 943.17 456.01 899.56 557.71 1007.23 584.39
00004155 00000044 866.39 158.60 349.26 538.06 919.11 351.19 1076.49 382.56 945.56 452.41 901.59 555.32 1010.31 581.66
00004156 00000045 866.40 153.02 354.35 534.11 922.14 350.34 1079.06 379.65 949.25 446.93 905.87 548.20 1017.49 572.64
00004157 00000046 867.78 145.32 357.03 528.83 926.49 345.52 1080.67 374.61 950.94 440.98 910.85 538.31 1024.33 562.37
00004158 00000047 870.10 137.23 356.74 524.61 929.56 338.70 1082.46 368.12 952.14 434.90 910.02 528.82 1028.28 553.24
00004159 00000048 874.28 138.47 356.85 516.99 946.85 336.30 1085.58 366.82 950.25 422.66 917.71 518.89 1024.62 545.23
00004160 00000049 877.31 136.48 355.65 515.57 949.06 332.35 1087.62 364.08 950.86 418.96 918.58 514.35 1025.27 541.47
00004161 00000050 879.08 137.10 354.85 515.63 951.25 331.69 1089.36 364.84 952.11 419.03 919.84 512.71 1028.10 540.83
00004162 00000051 879.70 139.56 355.31 518.26 951.41 333.51 1089.40 366.92 952.71 423.46 921.66 515.42 1031.68 543.53
00004163 00000052 877.88 143.71 357.72 519.47 951.11 336.07 1089.91 370.25 953.75 427.80 921.75 518.70 1033.50 547.19
00004164 00000053 873.75 139.05 357.51 525.96 934.71 334.34 1087.98 372.35 954.03 442.16 913.67 522.86 1041.01 553.84
00004165 00000054 869.23 145.95 358.72 515.05 928.59 334.34 1080.75 374.73 944.34 442.51 903.51 523.00 1025.92 556.09
00004166 00000055 864.37 149.59 356.38 504.80 921.90 338.75 1072.64 376.74 935.58 440.26 894.49 523.12 1011.13 554.84
00004167 00000056 862.54 151.73 354.41 499.79 919.29 337.28 1067.40 375.14 932.82 440.00 890.03 522.52 1003.44 554.25
00004168 00000057 863.52 147.57 353.58 502.70 919.13 337.70 1067.67 374.34 932.67 438.07 890.40 524.28 1002.24 555.00
00004169 00000058 865.03 145.01 353.44 502.49 920.53 336.91 1069.09 371.86 935.58 436.56 892.34 523.80 1003.95 553.29
00004170 00000059 866.53 143.73 352.26 499.27 921.27 335.75 1068.36 369.60 937.19 435.23 893.07 521.33 1005.21 549.97
00004171 00000060 868.02 143.74 352.06 497.98 922.87 335.15 1071.09 369.54 940.23 435.77 895.19 520.18 1009.33 549.17
00004172 00000061 868.42 143.87 355.57 504.81 925.71 336.69 1074.85 373.03 943.99 441.01 901.23 523.34 1014.15 553.58
00004173 00000062 869.33 145.87 356.57 511.42 928.62 336.81 1080.11 374.91 949.63 448.55 906.82 527.78 1022.94 559.08
00004174 00000063 872.17 142.23 356.36 516.14 934.02 336.62 1084.63 376.03 957.28 449.42 911.41 526.00 1030.98 558.16
00004175 00000064 876.09 136.22 357.17 518.86 940.15 336.59 1089.99 373.77 964.62 442.34 917.40 523.11 1039.59 553.45
00004176 00000065 880.14 137.37 358.14 518.74 958.25 335.83 1097.40 369.56 964.23 423.12 927.62 516.12 1035.87 544.00
00004177 00000066 885.23 133.24 354.53 520.64 960.22 332.08 1099.24 365.15 966.88 422.47 930.95 513.57 1038.11 541.11
00004178 00000067 887.73 132.38 354.94 520.51 962.11 331.06 1104.09 363.37 973.64 423.07 933.06 512.39 1043.98 539.43
00004179 00000068 888.35 133.70 356.44 521.82 965.17 333.17 1107.93 365.50 980.60 427.06 935.27 513.98 1049.48 540.91
00004180 00000069 888.97 140.35 356.95 520.47 966.83 335.65 1111.18 371.59 984.67 433.70 936.83 516.73 1051.57 546.58
00004181 00000070 888.51 147.33 359.32 516.67 965.67 337.99 1113.41 377.77 986.99 440.17 935.73 518.89 1052.70 551.53
00004182 00000071 888.77 150.01 361.41 515.91 965.39 341.29 1114.91 382.20 989.26 443.14 938.13 523.51 1050.33 556.77
00004183 00000072 894.46 152.48 356.22 510.05 966.66 339.78 1115.21 379.70 991.37 443.35 941.32 524.38 1050.68 556.77
00004184 00000073 898.12 149.11 352.62 506.61 971.40 342.99 1113.44 377.38 996.28 439.74 948.07 524.79 1050.49 553.02
00004185 00000074 899.10 142.80 352.15 508.91 972.94 341.57 1112.34 373.57 996.60 434.22 949.36 521.67 1049.93 548.30
00004186 00000075 898.54 144.09 353.49 508.51 973.38 341.40 1112.58 373.46 996.28 433.07 949.68 520.84 1050.11 547.60
00004187 00000076 899.15 147.81 353.97 509.18 972.26 340.78 1116.10 374.86 997.74 436.59 948.11 524.12 1053.33 552.38
00004188 00000077 899.23 151.19 356.16 511.85 971.10 342.12 1119.45 377.68 1000.52 442.02 948.23 526.00 1060.29 555.01
00004189 00000078 897.98 152.94 357.74 507.34 971.66 340.43 1122.25 378.06 1000.50 445.28 946.83 524.81 1062.69 555.52
00004190 00000079 901.56 152.04 357.88 506.58 972.29 339.72 1124.15 376.37 1003.84 445.94 948.11 525.01 1063.39 555.13
00004191 00000080 906.03 144.47 360.56 509.28 980.50 340.16 1129.05 371.67 1019.48 445.10 957.21 523.57 1075.13 548.88
00004192 00000081 909.60 146.31 358.91 509.79 986.52 339.91 1138.91 374.88 1019.71 440.64 963.42 523.47 1080.30 552.60
00004193 00000082 915.05 145.05 357.69 513.51 991.84 341.88 1146.92 377.25 1026.51 441.61 971.42 524.61 1090.52 554.01
00004194 00000083 920.08 149.23 358.84 514.18 999.50 341.19 1156.13 379.71 1037.02 448.05 976.89 527.31 1098.58 559.42
00004195 00000084 926.08 155.11 360.02 515.77 1007.50 344.07 1164.10 382.67 1047.92 452.73 986.08 531.31 1107.32 563.33
00004196 00000085 931.15 158.20 363.45 521.22 1018.03 346.40 1174.82 386.50 1062.32 455.44 996.07 533.69 1117.11 567.20
00004197 00000086 946.27 160.10 361.80 512.21 1026.00 351.58 1183.26 387.64 1071.90 455.92 1005.34 530.87 1128.69 561.35
00004198 00000087 951.39 156.82 365.09 507.75 1032.73 348.79 1189.96 382.92 1079.07 453.24 1011.64 526.51 1132.28 555.77
00004199 00000088 957.18 154.49 362.80 505.91 1036.22 345.24 1193.76 377.97 1083.01 450.45 1015.93 525.58 1136.64 554.15
00004200 00000089 961.65 155.97 361.37 501.61 1040.13 343.97 1198.02 379.05 1085.61 452.55 1017.57 526.08 1137.08 556.50
00004201 00000090 958.09 160.43 369.08 508.28 1043.60 343.13 1202.19 385.17 1090.89 457.11 1015.89 529.85 1139.03 564.68
00004202 00000091 959.66 169.77 365.87 504.83 1050.24 350.36 1208.51 395.23 1092.43 461.50 1025.68 537.59 1139.73 574.48
00004203 00000092 962.27 175.22 365.62 509.09 1053.54 355.95 1208.80 400.43 1094.71 468.45 1029.21 545.21 1142.19 582.08
00004204 00000093 964.76 176.31 364.91 507.45 1055.67 358.39 1210.48 402.37 1096.86 468.92 1031.53 544.71 1146.46 581.13
00004205 00000094 965.95 174.40 367.48 513.09 1058.47 358.60 1214.05 403.38 1101.13 469.06 1031.64 543.54 1151.32 580.78
00004206 00000095 971.99 177.80 365.04 511.53 1064.14 361.59 1215.02 402.45 1107.81 474.39 1038.25 550.86 1158.65 587.47
00004207 00000096 972.42 177.10 364.96 512.31 1064.34 362.14 1216.20 402.91 1108.70 475.58 1037.87 551.80 1159.89 588.24
00004208 00000097 972.49 180.53 364.96 507.91 1064.19 362.16 1216.23 404.29 1107.65 476.81 1036.87 551.22 1159.98 588.75
00004209 00000098 971.81 179.51 365.52 507.71 1062.79 362.55 1216.04 404.56 1106.93 477.52 1035.62 551.42 1159.52 588.72
00004210 00000099 970.15 181.59 365.07 506.16 1061.64 362.98 1214.37 404.58 1106.06 477.39 1035.62 551.60 1158.27 588.51
00004211 00000100 969.53 182.09 365.15 506.90 1060.34 362.84 1212.94 404.61 1104.30 477.86 1034.65 552.03 1157.53 589.08
00004212 00000101 969.48 181.54 363.83 507.18 1060.05 361.20 1213.10 403.48 1104.25 478.06 1034.27 552.04 1156.93 589.55
00004213 00000102 969.19 169.79 360.51 509.54 1054.73 361.46 1210.42 401.57 1101.42 467.03 1031.20 541.74 1155.95 576.39
00004214 00000103 967.99 166.45 363.03 511.54 1053.94 358.83 1211.06 398.89 1101.38 463.52 1032.04 539.48 1156.06 573.83
00004215 00000104 968.39 164.34 362.81 512.36 1054.13 355.92 1211.16 395.79 1100.45 459.95 1032.64 536.84 1154.95 570.97
00004216 00000105 969.34 162.76 362.12 516.96 1053.48 354.25 1211.24 392.95 1098.41 459.12 1031.48 537.35 1155.45 570.99
00004217 00000106 968.31 160.59 363.45 517.88 1052.64 354.37 1211.04 392.82 1098.54 458.68 1031.97 537.68 1155.15 570.85
00004218 00000107 959.79 170.69 370.06 509.66 1054.47 352.41 1212.96 397.35 1099.66 464.30 1027.87 536.36 1148.34 573.75
00004219 00000108 967.14 170.08 362.56 506.02 1053.77 359.48 1209.08 399.59 1101.22 468.42 1030.37 540.56 1152.34 574.97
00004220 00000109 967.61 177.13 361.79 502.76 1054.16 366.88 1207.63 405.10 1100.97 475.87 1032.56 548.51 1151.10 581.45
00004221 00000110 967.00 182.51 362.96 505.22 1054.56 376.63 1207.97 413.64 1102.10 487.12 1033.73 558.99 1152.84 590.96
00004222 00000111 964.97 192.73 364.34 501.77 1054.73 388.96 1208.53 422.62 1101.85 498.15 1032.97 570.83 1154.29 600.50
00004223 00000112 959.02 206.29 363.46 498.62 1051.66 401.10 1203.22 430.97 1102.59 519.19 1032.57 585.48 1148.13 612.56
00004224 00000113 954.83 219.34 363.09 497.18 1051.91 408.66 1205.14 439.47 1106.48 529.51 1033.12 592.53 1147.08 620.53
00004225 00000114 950.22 225.23 364.39 504.70 1048.55 414.69 1204.37 445.67 1106.06 535.48 1029.25 599.59 1145.82 627.85
00004226 00000115 945.71 223.50 365.36 508.74 1044.69 416.82 1202.47 446.14 1105.39 536.47 1028.02 603.88 1144.24 630.59
00004227 00000116 952.15 220.16 361.79 507.73 1038.31 412.96 1201.04 440.34 1100.82 536.50 1027.05 605.84 1147.33 629.05
00004228 00000117 939.94 220.54 366.44 510.77 1041.24 414.95 1200.44 441.21 1106.06 533.97 1029.10 603.71 1145.48 627.66
00004229 00000118 937.71 217.64 363.00 508.99 1040.38 413.12 1198.30 438.48 1107.28 530.83 1030.05 601.03 1146.63 623.99
00004230 00000119 933.44 212.93 363.57 510.22 1038.98 411.47 1197.46 436.73 1106.99 527.45 1029.64 599.26 1148.20 621.78
00004231 00000120 929.87 209.83 363.26 508.57 1036.24 409.41 1195.36 434.09 1105.50 524.72 1027.31 597.25 1148.39 618.93
00004232 00000121 927.47 205.96 364.12 511.66 1035.14 406.03 1192.91 430.54 1104.82 521.65 1026.65 594.98 1145.86 616.53
00004233 00000122 925.76 198.27 363.88 513.80 1034.37 401.79 1190.07 428.74 1102.26 515.93 1021.79 588.47 1140.81 612.12
00004234 00000123 925.70 194.45 363.58 512.77 1035.07 396.72 1186.49 422.70 1102.17 509.63 1020.23 584.37 1136.51 607.35
00004235 00000124 925.08 190.43 363.77 511.26 1034.51 393.11 1185.30 419.07 1101.50 505.73 1018.52 580.48 1134.77 603.21
00004236 00000125 925.43 189.27 363.46 511.43 1033.28 390.90 1184.56 417.77 1099.28 502.53 1017.70 577.15 1133.31 600.62
00004237 00000126 925.51 189.50 362.85 511.77 1033.86 391.39 1185.56 418.66 1099.92 502.92 1015.68 577.34 1135.90 601.16
00004238 00000127 925.72 190.78 363.42 514.83 1034.95 392.11 1187.25 420.36 1101.24 505.76 1016.05 579.12 1139.27 603.84
00004239 00000128 925.02 194.73 363.44 514.70 1034.20 396.01 1188.65 425.60 1100.96 509.87 1016.18 582.23 1141.97 607.93
00004240 00000129 925.00 198.43 364.39 517.92 1034.66 401.03 1192.09 430.27 1102.80 517.08 1019.58 586.80 1143.91 612.37
00004241 00000130 926.83 201.55 363.43 519.98 1034.24 402.76 1192.87 430.14 1104.12 518.21 1023.79 590.70 1148.01 614.75
00004242 00000131 927.59 203.40 363.30 517.01 1034.75 404.15 1192.61 430.43 1104.31 520.52 1024.15 590.65 1148.12 613.81
00004243 00000132 928.72 200.59 362.45 518.23 1035.27 403.68 1192.00 430.35 1104.20 518.67 1024.15 590.10 1146.08 613.64
00004244 00000133 928.88 196.71 363.83 521.02 1037.15 400.51 1192.52 428.11 1105.18 514.84 1025.18 587.32 1146.53 611.64
00004245 00000134 930.59 193.44 362.84 520.95 1038.38 397.59 1191.84 423.41 1106.32 512.48 1027.02 587.22 1145.21 610.28
00004246 00000135 930.43 194.20 362.44 516.46 1038.19 398.30 1192.12 422.60 1107.07 511.08 1029.00 587.19 1145.81 608.75
00004247 00000136 930.95 194.63 361.62 514.79 1038.22 399.33 1191.72 422.79 1107.38 511.15 1030.66 587.88 1145.26 608.76
00004248 00000137 930.52 195.06 360.89 510.47 1037.88 398.17 1190.33 420.47 1106.93 511.06 1029.74 586.05 1143.89 605.96
00004249 00000138 930.47 192.87 360.33 507.96 1038.04 396.69 1189.04 419.28 1106.66 509.09 1026.32 583.33 1142.01 603.39
00004250 00000139 930.74 190.67 360.16 506.71 1036.52 394.90 1186.63 417.85 1103.95 507.42 1023.51 579.11 1139.20 599.54
00004251 00000140 930.11 187.54 361.09 512.27 1035.79 393.53 1186.33 417.45 1102.83 506.02 1022.43 578.03 1139.89 599.37
00004252 00000141 929.51 186.96 361.76 514.62 1035.71 393.11 1187.07 417.69 1102.50 505.28 1022.47 578.82 1140.57 600.57
00004253 00000142 929.32 186.84 361.33 516.40 1035.79 393.61 1188.13 418.57 1103.43 503.67 1024.12 580.08 1143.25 602.00
00004254 00000143 929.24 187.70 361.86 517.20 1036.54 393.63 1189.19 419.77 1104.25 503.37 1025.14 578.92 1145.71 601.84
00004255 00000144 929.11 188.11 361.93 515.96 1036.73 394.25 1189.56 420.84 1104.49 503.37 1024.73 578.33 1146.42 601.59
00004256 00000145 929.62 188.81 361.62 514.93 1037.34 393.69 1189.73 421.24 1104.65 503.22 1024.04 576.84 1146.54 600.92
00004257 00000146 929.34 188.67 362.13 513.52 1036.84 392.12 1189.47 421.55 1102.65 500.82 1021.23 573.49 1144.68 599.08
00004258 00000147 928.63 188.78 361.48 510.92 1035.60 391.71 1188.07 420.66 1100.99 501.42 1019.05 572.73 1142.35 597.98
00004259 00000148 928.27 188.66 361.84 510.22 1035.15 391.58 1187.11 421.79 1099.21 500.40 1017.44 571.23 1139.92 597.39
00004260 00000149 927.24 189.23 362.77 512.36 1034.37 392.32 1186.93 422.31 1098.77 503.41 1017.19 572.92 1139.85 598.92
00004261 00000150 924.30 190.44 363.84 520.05 1030.81 397.15 1186.33 427.66 1096.35 506.06 1016.44 579.01 1139.78 605.42
00004262 00000151 925.60 192.73 363.34 524.91 1031.55 404.65 1187.36 435.91 1095.12 515.88 1016.27 587.21 1138.03 614.44
00004263 00000152 925.36 194.64 363.72 526.89 1029.02 411.04 1186.93 442.44 1092.61 519.73 1015.79 590.64 1140.32 617.82
00004264 00000153 925.18 205.98 362.21 521.69 1026.94 422.94 1180.68 445.55 1088.27 522.57 1015.96 596.63 1139.65 616.80
00004265 00000154 923.53 210.30 362.60 519.98 1022.57 425.88 1178.16 444.97 1088.57 527.11 1017.78 600.30 1141.83 617.32
00004266 00000155 922.10 216.97 360.53 515.18 1015.95 430.17 1171.04 445.77 1085.89 533.00 1021.98 605.26 1142.20 619.32
00004267 00000156 918.75 223.36 358.43 508.07 1009.12 434.91 1163.79 444.30 1083.51 537.78 1023.49 610.10 1143.40 618.91
00004268 00000157 911.18 218.82 358.37 508.21 1001.31 437.71 1154.73 441.46 1078.41 539.91 1022.15 614.20 1141.55 618.58
00004269 00000158 897.25 223.57 361.36 500.51 990.60 441.91 1146.49 439.37 1073.33 545.09 1020.66 615.93 1138.53 615.03
00004270 00000159 889.96 223.90 361.96 494.37 982.16 442.79 1138.07 438.12 1065.95 544.40 1015.72 613.73 1134.07 611.25
00004271 00000160 886.47 220.62 363.25 497.87 979.14 441.44 1135.33 437.61 1063.55 546.32 1015.28 615.78 1131.72 613.79
00004272 00000161 886.07 220.44 361.34 500.00 977.18 442.34 1132.68 437.01 1061.50 546.90 1016.05 618.87 1130.38 615.80
00004273 00000162 885.03 219.36 361.13 500.72 976.91 443.15 1132.31 436.57 1062.36 546.73 1016.27 619.45 1130.82 615.29
00004274 00000163 886.26 218.40 359.29 504.01 978.30 445.31 1133.65 438.21 1064.27 546.49 1015.24 618.66 1133.21 614.05
00004275 00000164 886.51 215.65 359.39 509.06 981.90 446.56 1137.03 438.06 1069.46 546.96 1017.21 618.41 1137.19 612.63
00004276 00000165 887.14 215.11 359.97 507.58 985.15 445.76 1139.83 434.53 1074.46 545.26 1020.93 616.79 1141.31 608.76
00004277 00000166 886.55 209.07 362.61 511.47 986.57 442.08 1142.53 429.82 1077.28 541.94 1021.45 613.64 1144.11 604.84
00004278 00000167 883.39 204.18 364.93 513.06 982.60 440.32 1138.80 426.00 1073.16 538.55 1021.63 613.11 1143.18 602.28
00004279 00000168 882.07 203.07 361.33 508.84 976.50 438.02 1131.62 427.10 1062.92 538.03 1013.79 611.35 1133.94 603.24
00004280 00000169 877.66 206.70 360.32 505.16 969.23 433.69 1123.85 429.02 1050.55 535.54 1004.58 609.17 1120.23 606.74
00004281 00000170 870.71 204.46 361.13 510.12 962.36 428.81 1117.86 429.82 1041.55 537.26 992.04 608.85 1107.56 611.34
00004282 00000171 867.07 201.30 359.98 513.95 954.68 426.01 1113.53 430.04 1031.53 531.75 979.47 607.64 1097.76 612.74
00004283 00000172 864.08 196.16 359.64 514.82 950.89 422.11 1108.16 429.10 1025.32 528.65 973.17 605.59 1089.28 612.81
00004284 00000173 861.42 195.00 361.53 515.04 949.01 417.53 1102.09 424.40 1020.79 525.02 971.05 604.00 1083.27 611.04
00004285 00000174 861.03 190.54 361.70 515.27 948.83 412.11 1101.30 418.22 1019.40 517.86 968.50 596.47 1085.35 602.85
00004286 00000175 864.59 185.40 357.59 515.40 951.32 405.82 1105.02 412.28 1022.69 507.68 966.16 585.80 1089.26 592.64
00004287 00000176 865.86 180.79 358.49 514.90 953.22 400.36 1107.86 405.77 1028.58 501.41 970.02 580.60 1094.24 586.35
00004288 00000177 870.44 172.22 358.49 521.51 958.05 395.11 1114.14 396.84 1038.76 494.59 977.10 576.20 1104.74 578.62
00004289 00000178 870.33 168.49 357.90 516.98 964.39 390.84 1121.75 389.43 1048.90 488.10 991.08 569.42 1111.75 570.22
00004290 00000179 872.69 161.56 356.99 516.27 969.27 384.47 1127.13 379.91 1059.58 479.91 1000.23 562.84 1121.22 560.74
00004291 00000180 875.12 156.20 355.64 520.11 972.55 382.51 1134.04 376.17 1066.58 474.24 1004.34 560.94 1129.80 556.98
00004292 00000181 874.27 150.69 357.48 520.12 973.46 377.52 1134.98 370.92 1068.08 467.76 1003.29 553.90 1131.79 549.72
00004293 00000182 874.67 148.34 354.80 517.59 971.50 367.12 1130.08 365.99 1058.87 462.56 998.19 545.48 1120.66 546.26
00004294 00000183 870.99 143.79 357.43 517.72 962.10 361.20 1124.41 364.97 1044.46 457.72 983.88 537.19 1111.49 541.95
00004295 00000184 865.50 138.84 357.37 516.75 952.40 353.56 1115.15 363.77 1025.35 451.72 966.85 531.88 1093.08 542.34
00004296 00000185 859.77 131.18 359.79 521.30 947.27 345.60 1105.02 362.65 1013.14 446.63 955.18 523.48 1080.19 539.30
00004297 00000186 861.22 127.23 354.50 521.63 938.27 345.57 1088.04 351.60 992.20 438.58 948.30 528.20 1064.18 534.21
00004298 00000187 858.46 123.65 356.57 519.73 936.45 342.06 1085.50 347.65 988.83 433.46 947.66 525.84 1059.89 531.51
00004299 00000188 858.76 118.68 357.28 523.02 936.69 338.03 1087.60 342.64 991.73 429.87 948.40 522.23 1065.17 527.01
00004300 00000189 858.82 114.19 360.19 523.65 942.85 331.82 1098.80 343.01 1008.68 425.08 949.73 512.37 1076.72 523.66
00004301 00000190 862.09 115.07 361.08 523.56 946.16 329.11 1101.70 336.13 1015.11 421.54 958.10 512.89 1082.28 521.01
00004302 00000191 868.14 114.17 357.94 521.39 950.34 326.61 1106.76 331.63 1019.93 421.07 964.50 511.98 1090.13 518.41
00004303 00000192 875.73 112.66 352.07 514.34 955.12 324.11 1112.19 327.34 1027.21 418.13 972.09 508.11 1099.20 512.94
00004304 00000193 880.84 113.14 351.99 507.05 961.77 319.51 1119.92 321.81 1037.01 414.10 977.49 501.13 1107.87 505.07
00004305 00000194 884.15 109.43 350.47 503.08 967.48 317.29 1122.32 320.26 1044.24 411.66 983.59 497.15 1109.77 501.58
00004306 00000195 886.22 108.07 350.97 503.37 968.65 315.45 1122.10 318.13 1044.65 407.91 985.48 495.03 1109.35 499.32
00004307 00000196 886.83 106.72 351.28 503.72 966.09 314.32 1120.13 317.85 1038.61 405.54 981.62 494.42 1106.75 499.49
00004308 00000197 887.45 106.38 349.82 504.54 963.81 313.96 1118.47 318.25 1032.96 404.73 976.59 493.20 1104.41 499.03
00004309 00000198 887.47 104.90 350.11 506.18 963.18 312.36 1117.49 316.84 1031.16 401.99 975.31 490.99 1102.72 497.00
00004310 00000199 887.37 103.97 352.01 512.15 963.40 311.28 1117.92 314.91 1030.95 400.01 975.59 491.34 1102.95 496.55
00004311 00000200 888.01 104.77 353.40 522.46 965.36 310.94 1120.00 313.50 1032.16 397.68 976.51 494.18 1103.78 498.43
00004312 00000201 888.94 105.11 354.08 523.97 966.69 311.83 1121.20 314.46 1032.41 397.58 977.78 494.62 1106.53 498.76
00004313 00000202 890.26 103.35 354.26 522.39 968.39 311.62 1121.86 316.25 1035.11 399.73 979.33 491.49 1108.52 497.10
00004314 00000203 889.72 106.68 353.67 517.04 969.31 311.75 1121.89 317.13 1036.60 400.92 978.63 489.14 1109.38 495.62
00004315 00000204 889.75 105.82 354.07 518.74 969.92 312.15 1123.40 318.77 1037.44 402.55 978.06 490.32 1109.85 497.87
00004316 00000205 889.74 107.15 353.79 513.78 970.20 312.17 1123.82 318.74 1038.83 404.06 979.46 491.09 1110.03 498.62
00004317 00000206 890.36 107.00 354.32 513.31 970.05 313.22 1125.18 318.51 1038.67 403.92 979.63 493.03 1111.91 499.51
00004318 00000207 890.90 109.20 354.85 511.44 971.29 313.70 1124.81 318.02 1039.90 403.55 983.58 494.43 1110.33 500.15
00004319 00000208 890.75 107.28 354.36 511.41 971.47 314.81 1125.72 320.50 1040.34 406.79 982.10 495.01 1111.81 501.71
00004320 00000209 891.28 108.65 353.93 509.05 972.65 314.90 1126.87 322.36 1041.77 413.98 982.74 496.52 1111.40 504.71
00004321 00000210 892.30 111.66 352.45 506.74 974.44 318.97 1127.85 325.21 1045.17 422.41 987.90 503.04 1111.71 510.08
CROP_BBOX: 650 0 1545 870
