Video ID: 	WnfR9QF3tY8
H: 	1080
W: 	1920
FPS: 	25.0

FRAME INDEX X0 Y0 W H [Landmarks (5 Points)]

00001736 00000000 741.88 148.26 420.43 641.62 793.02 430.74 968.19 427.08 847.79 577.19 840.16 648.82 987.81 645.46
00001737 00000001 729.38 154.64 424.48 645.70 780.59 439.78 949.79 424.94 839.45 580.83 843.23 657.97 981.30 644.41
00001738 00000002 702.98 171.58 435.79 632.57 758.43 449.44 921.19 425.04 817.34 596.57 843.12 667.59 972.57 645.96
00001739 00000003 682.09 173.93 446.53 631.30 749.47 456.76 906.53 421.25 815.34 587.27 845.74 676.36 972.29 645.39
00001740 00000004 665.02 192.06 450.48 616.64 742.19 480.13 898.55 425.60 824.27 594.08 850.10 685.42 972.47 640.38
00001741 00000005 646.79 207.29 463.91 598.06 737.67 490.09 900.70 426.36 829.43 600.69 855.13 689.88 977.23 638.04
00001742 00000006 642.36 211.65 470.53 590.83 739.79 494.63 905.03 424.54 837.65 601.99 860.49 691.48 983.30 635.06
00001743 00000007 645.80 205.91 468.20 592.20 742.42 488.85 908.59 421.99 841.30 599.71 860.18 685.29 986.54 631.03
00001744 00000008 653.97 202.53 464.18 592.26 746.30 483.27 911.22 417.83 844.47 595.22 862.78 679.83 991.49 626.48
00001745 00000009 660.12 192.76 459.63 603.99 745.84 476.67 913.28 416.22 842.44 589.79 856.13 676.42 991.12 626.78
00001746 00000010 669.08 188.31 451.90 611.17 748.21 468.98 912.48 416.61 839.00 587.78 852.31 672.73 988.91 628.92
00001747 00000011 675.02 187.81 448.67 604.42 750.44 464.06 915.05 421.61 834.33 589.70 847.69 668.41 986.22 632.01
00001748 00000012 679.96 184.67 448.75 613.43 749.64 461.39 915.68 428.16 827.32 591.36 841.10 667.83 981.87 638.57
00001749 00000013 684.60 179.19 441.66 618.76 750.19 459.50 918.85 433.49 824.23 594.85 838.01 668.43 980.56 644.73
00001750 00000014 691.39 177.10 434.00 626.13 750.21 458.15 919.75 434.89 820.05 595.62 836.15 670.21 980.94 648.45
00001751 00000015 698.34 173.06 430.62 631.46 754.75 456.08 923.66 437.43 819.25 592.22 831.27 667.77 976.61 649.55
00001752 00000016 704.78 178.55 428.54 632.84 758.11 453.74 924.33 439.95 817.10 593.35 828.50 667.90 972.49 653.53
00001753 00000017 704.92 178.23 431.70 634.03 760.49 458.30 934.63 443.18 824.24 606.85 828.18 665.76 970.32 652.26
00001754 00000018 710.57 175.46 429.08 635.64 762.80 452.70 935.99 442.58 823.21 606.02 830.70 663.46 969.26 654.03
00001755 00000019 715.78 170.79 424.50 639.01 767.24 450.87 937.64 440.00 826.44 602.07 833.61 664.00 970.75 654.00
00001756 00000020 719.17 169.25 425.26 644.80 771.04 449.11 943.45 439.49 830.12 600.66 835.20 664.63 977.74 655.63
00001757 00000021 724.33 168.57 421.09 644.02 775.86 450.41 949.41 442.03 836.19 600.74 836.51 666.05 982.10 658.11
00001758 00000022 728.87 170.55 419.08 642.39 780.26 452.34 953.41 444.81 840.70 601.94 837.87 666.53 984.58 659.42
00001759 00000023 735.12 176.90 417.38 636.79 787.73 455.39 955.68 449.70 843.90 600.11 843.49 667.82 986.96 662.09
00001760 00000024 738.13 184.66 419.02 630.64 790.93 457.41 958.25 451.03 846.85 599.83 846.22 668.20 991.17 661.97
00001761 00000025 743.29 182.63 417.99 633.31 794.84 459.73 962.43 452.23 851.51 599.82 850.74 669.70 997.56 662.60
00001762 00000026 746.82 181.22 415.96 633.27 796.09 461.62 963.80 454.46 850.67 600.08 851.25 669.27 999.16 662.31
00001763 00000027 749.92 179.82 408.08 626.28 799.67 472.20 962.96 464.75 856.23 600.18 856.46 669.32 998.21 661.65
00001764 00000028 747.33 179.16 409.27 619.43 799.58 469.58 965.07 461.65 859.68 598.52 854.82 672.09 988.93 664.51
00001765 00000029 750.11 181.50 411.21 620.37 803.21 464.22 963.24 458.39 858.67 601.00 861.38 677.28 984.19 671.81
00001766 00000030 754.63 180.60 411.46 624.35 807.60 461.59 966.37 456.76 859.35 600.91 866.42 678.34 989.53 673.36
00001767 00000031 759.79 176.99 409.14 626.07 808.55 456.03 971.56 452.85 860.72 598.78 867.98 674.37 999.33 670.57
00001768 00000032 760.53 175.87 408.20 632.46 806.90 454.90 970.26 449.95 856.86 598.50 866.92 672.38 1004.89 667.19
00001769 00000033 757.17 175.03 410.15 627.82 803.89 451.81 970.02 445.83 856.80 593.90 861.77 668.12 1001.69 662.15
00001770 00000034 751.96 174.91 412.68 622.15 802.52 446.55 967.81 443.99 854.78 592.90 858.50 662.93 995.22 659.81
00001771 00000035 747.76 175.02 412.28 618.80 799.37 446.83 964.51 443.40 853.45 593.56 855.59 662.44 990.66 658.56
00001772 00000036 745.93 173.31 412.44 619.44 798.07 448.96 962.76 445.14 853.48 595.33 854.15 662.81 988.94 658.41
00001773 00000037 742.95 177.42 413.42 613.16 795.09 449.50 960.97 446.72 851.81 598.41 850.38 664.70 981.81 661.49
00001774 00000038 742.22 171.03 412.66 620.88 792.74 448.59 958.47 445.90 847.60 597.59 847.50 664.41 979.71 661.07
00001775 00000039 741.09 172.46 412.41 623.11 793.31 448.87 955.92 444.51 847.83 595.73 849.94 663.26 980.75 658.63
00001776 00000040 741.97 171.72 413.03 616.93 792.20 448.84 956.92 443.48 847.50 595.50 852.35 659.47 986.49 653.86
00001777 00000041 733.76 174.64 422.08 608.05 787.54 462.22 964.40 455.86 854.10 599.83 843.01 656.12 988.63 649.63
00001778 00000042 733.26 168.23 422.28 614.49 788.26 462.27 963.39 456.30 853.23 597.23 841.98 656.59 985.79 650.37
00001779 00000043 730.27 163.98 424.90 627.45 784.92 459.86 962.75 451.32 850.88 597.40 839.73 664.97 983.99 657.02
00001780 00000044 730.71 164.24 424.01 631.53 782.75 458.83 957.01 451.81 844.84 603.82 841.43 671.87 980.82 665.30
00001781 00000045 737.00 161.26 415.54 637.86 790.10 449.20 957.83 442.68 849.71 598.44 848.49 671.29 979.29 664.97
00001782 00000046 737.27 159.14 415.74 641.38 789.14 446.15 956.56 440.00 847.39 598.29 848.20 672.22 977.30 666.16
00001783 00000047 735.58 154.85 417.22 637.68 787.27 441.72 957.40 436.35 846.69 593.72 845.81 663.68 977.56 658.30
00001784 00000048 731.45 158.56 425.03 627.81 782.08 444.34 962.17 439.57 845.65 592.83 835.54 658.48 978.31 654.02
00001785 00000049 731.59 159.85 425.48 622.55 785.94 450.12 962.51 444.01 851.61 589.78 838.62 653.30 979.68 647.25
00001786 00000050 733.27 155.48 425.14 628.15 789.56 457.53 965.16 447.38 856.22 584.15 839.57 655.08 983.64 645.50
00001787 00000051 731.96 151.26 425.18 636.65 789.13 450.17 968.00 439.52 858.26 582.87 843.13 654.14 988.53 644.39
00001788 00000052 731.59 151.48 426.12 637.09 787.24 446.05 964.63 435.58 852.90 585.55 843.47 657.80 987.21 648.62
00001789 00000053 734.01 151.01 423.52 634.33 787.40 439.35 964.45 433.68 851.83 584.35 841.53 657.28 979.58 652.15
00001790 00000054 738.92 146.20 418.79 638.57 796.32 432.21 965.07 427.95 857.14 577.57 850.93 654.38 980.38 650.10
00001791 00000055 741.56 144.74 415.83 640.18 799.57 427.37 970.67 425.58 860.82 574.66 851.63 650.36 985.59 648.04
00001792 00000056 741.51 143.64 418.48 638.35 796.38 431.34 976.85 427.28 862.02 578.98 846.94 648.13 991.83 644.45
00001793 00000057 746.29 141.60 417.32 638.03 801.79 427.13 984.38 424.34 869.67 578.94 851.91 644.93 996.71 642.49
00001794 00000058 759.48 144.17 411.54 637.33 818.95 416.99 998.70 417.17 885.32 564.64 860.21 641.51 1008.37 640.70
00001795 00000059 764.35 141.64 411.21 637.80 825.40 416.09 1007.59 412.24 896.40 560.22 866.78 641.52 1017.43 637.45
00001796 00000060 770.19 140.64 414.58 639.15 834.18 415.91 1018.11 410.76 906.92 557.99 872.49 636.74 1030.66 630.75
00001797 00000061 777.20 143.36 413.59 628.48 841.94 417.60 1028.19 412.34 916.88 557.55 876.55 628.95 1040.90 622.45
00001798 00000062 783.11 141.41 413.84 626.42 849.17 416.08 1035.67 411.60 924.58 557.88 882.98 624.93 1049.86 618.96
00001799 00000063 788.02 138.24 413.35 625.95 855.85 417.01 1045.59 414.75 932.71 562.00 888.27 624.54 1056.73 620.72
00001800 00000064 790.47 140.21 411.85 627.33 862.31 421.22 1054.36 418.55 942.91 567.67 894.14 628.62 1064.23 624.85
00001801 00000065 789.57 144.19 415.83 626.85 865.86 422.09 1063.08 420.17 951.56 573.15 898.47 631.05 1070.88 628.49
00001802 00000066 790.50 144.83 416.74 627.65 869.32 424.36 1067.40 422.43 957.62 574.70 903.24 634.20 1074.81 631.59
00001803 00000067 791.27 141.86 417.40 628.92 870.49 423.99 1069.81 422.07 960.41 574.24 904.24 634.85 1075.13 632.11
00001804 00000068 790.62 140.26 418.47 630.08 871.50 423.57 1072.22 421.25 963.00 574.19 906.99 636.97 1077.08 633.89
00001805 00000069 790.38 137.69 420.32 633.44 873.09 424.02 1073.80 421.24 965.19 574.16 909.66 638.27 1078.94 634.67
00001806 00000070 789.85 140.99 420.81 632.16 874.04 423.53 1074.53 420.01 966.96 574.65 909.84 638.94 1079.80 635.02
00001807 00000071 789.64 138.34 421.76 636.03 874.57 423.35 1075.63 419.16 968.47 573.68 910.67 639.56 1080.92 635.05
00001808 00000072 789.77 135.85 422.42 637.89 875.94 420.85 1076.96 417.30 970.31 572.68 911.80 639.23 1080.32 635.36
00001809 00000073 791.43 131.76 421.51 641.80 878.52 417.60 1078.29 414.32 973.01 570.44 915.64 638.36 1081.08 634.48
00001810 00000074 792.57 129.91 421.30 642.12 881.42 413.68 1081.74 410.04 977.20 569.14 918.72 637.57 1082.94 633.47
00001811 00000075 793.75 127.78 422.02 643.03 882.56 411.90 1083.34 408.59 978.41 566.81 918.99 635.09 1084.20 631.18
00001812 00000076 794.14 124.01 422.30 646.11 884.22 410.72 1084.96 407.87 980.56 564.66 920.62 634.49 1084.88 630.80
00001813 00000077 795.40 125.69 422.20 645.41 884.78 410.03 1084.84 406.41 981.14 562.92 921.66 634.09 1085.35 629.78
00001814 00000078 795.46 124.97 423.14 646.83 885.10 410.19 1085.96 406.24 981.26 562.76 921.17 633.94 1086.78 629.30
00001815 00000079 795.09 123.96 425.16 648.23 885.08 410.46 1086.16 406.49 980.93 562.45 920.58 633.70 1086.69 629.12
00001816 00000080 795.01 124.00 426.31 649.00 885.56 410.08 1086.94 406.88 981.43 563.28 920.80 633.33 1087.33 629.32
00001817 00000081 795.26 122.26 425.43 650.98 885.14 409.81 1087.00 406.90 980.59 561.51 919.56 633.19 1086.05 629.48
00001818 00000082 794.53 122.38 425.64 650.93 882.80 408.95 1085.91 405.52 979.11 562.19 917.88 633.33 1086.07 629.27
00001819 00000083 793.34 122.98 425.49 649.08 881.14 407.76 1083.82 403.79 978.11 560.41 916.63 632.48 1084.38 628.09
00001820 00000084 788.78 119.57 427.01 646.79 875.02 408.08 1079.59 401.59 974.52 557.32 913.13 630.72 1082.97 624.36
00001821 00000085 785.45 116.26 427.23 650.93 871.66 406.86 1077.21 399.65 972.32 555.95 909.08 629.99 1080.43 623.15
00001822 00000086 780.41 109.15 428.78 657.17 868.27 406.05 1072.89 401.53 969.40 552.75 903.63 628.37 1074.80 623.35
00001823 00000087 782.47 111.86 421.01 651.99 871.88 407.19 1070.39 407.18 958.43 547.68 889.58 617.34 1057.78 617.22
00001824 00000088 776.01 110.08 425.05 652.80 863.25 402.22 1065.70 403.77 949.89 543.15 882.24 615.94 1052.38 616.96
00001825 00000089 768.62 100.77 426.03 658.48 847.68 394.84 1055.92 394.44 936.83 536.83 868.80 614.40 1042.88 613.47
00001826 00000090 760.69 93.82 419.74 659.30 836.63 385.09 1045.82 384.23 928.19 529.80 859.36 610.12 1032.69 609.35
00001827 00000091 747.17 83.39 423.38 671.98 828.77 375.65 1039.40 382.04 917.72 528.57 845.29 602.60 1023.10 607.96
00001828 00000092 735.42 77.86 424.34 680.78 816.54 375.34 1031.19 381.70 910.40 532.44 832.54 602.91 1015.06 608.48
00001829 00000093 719.35 82.21 423.62 674.10 802.52 374.31 1010.74 377.73 893.67 529.68 825.62 608.97 995.39 611.18
00001830 00000094 702.96 86.38 431.26 673.61 789.24 373.00 1001.35 378.21 881.78 527.65 807.81 609.74 981.39 614.20
00001831 00000095 693.27 92.60 429.85 667.34 774.98 382.24 988.39 383.96 868.09 531.02 794.23 612.57 970.10 614.14
00001832 00000096 678.91 95.86 428.48 662.08 763.25 384.98 976.46 387.55 858.03 531.45 780.40 609.60 957.14 612.16
00001833 00000097 664.06 91.89 428.85 674.36 751.25 387.18 966.08 391.53 850.30 535.82 766.73 610.36 948.49 614.27
00001834 00000098 652.39 91.29 428.55 684.15 739.99 393.36 955.82 397.67 842.84 548.71 757.10 617.32 939.98 621.37
00001835 00000099 631.39 109.07 435.75 666.98 731.65 399.62 941.27 399.47 837.56 551.78 754.08 626.63 934.58 626.25
00001836 00000100 621.68 113.64 437.71 672.45 725.57 404.07 937.31 402.27 834.71 559.08 748.84 635.85 928.04 633.96
00001837 00000101 617.53 119.92 437.92 673.35 722.78 408.15 935.99 406.58 834.48 561.38 743.78 642.13 923.19 640.57
00001838 00000102 615.55 117.78 437.56 676.73 721.69 412.02 937.77 410.79 835.88 566.32 741.04 645.74 923.12 644.51
00001839 00000103 616.58 112.18 435.53 682.39 723.68 415.15 939.88 416.75 837.41 567.79 740.07 647.54 921.67 648.51
00001840 00000104 617.14 120.81 433.40 663.40 730.78 421.26 938.63 424.12 832.05 570.57 741.55 638.80 912.62 640.74
00001841 00000105 617.45 117.38 431.14 665.45 733.01 423.89 942.61 427.48 836.50 569.79 738.78 636.41 914.06 639.06
00001842 00000106 617.85 113.09 427.47 666.65 728.10 416.30 940.29 417.58 834.83 565.93 737.22 635.68 913.84 636.56
00001843 00000107 615.95 114.44 430.25 668.41 721.02 412.24 934.85 409.51 831.84 566.55 735.24 636.34 914.52 634.24
00001844 00000108 616.63 117.01 430.10 668.31 719.18 412.85 934.28 406.97 832.91 567.66 737.67 637.96 917.91 633.23
00001845 00000109 614.09 115.78 432.84 672.56 722.89 411.08 934.95 402.01 843.70 565.23 752.34 644.08 929.23 636.09
00001846 00000110 619.27 114.45 433.66 668.46 727.83 410.04 937.76 399.46 847.33 563.37 761.61 640.77 936.89 631.24
00001847 00000111 629.46 109.80 432.47 665.96 734.11 404.22 945.98 392.58 845.24 563.72 764.66 633.35 938.44 623.50
00001848 00000112 641.99 99.48 423.57 665.80 745.56 395.58 952.36 386.66 855.44 549.86 777.43 625.74 943.70 617.73
00001849 00000113 648.63 98.55 426.21 661.32 751.81 392.56 957.81 381.95 861.15 544.04 788.29 621.04 955.27 611.55
00001850 00000114 668.68 94.12 429.55 661.88 764.95 394.58 977.53 383.49 876.04 538.97 793.27 613.19 969.54 604.90
00001851 00000115 683.25 104.13 428.90 656.13 776.43 394.74 988.81 386.85 883.06 542.55 803.98 616.16 980.81 610.12
00001852 00000116 689.48 106.28 434.15 659.42 785.69 395.22 997.69 388.71 892.15 550.57 813.58 618.63 991.39 613.55
00001853 00000117 705.93 110.00 426.39 661.20 798.03 399.33 1006.74 391.81 901.17 553.53 825.42 623.87 1001.30 617.46
00001854 00000118 718.04 110.18 425.83 656.38 815.54 403.81 1017.91 400.44 918.29 553.75 843.88 621.19 1017.17 618.09
CROP_BBOX: 441 0 1649 1080
