Video ID: 	YdU0ujsfIrE
H: 	1080
W: 	1920
FPS: 	23.976023976023978

FRAME INDEX X0 Y0 W H [Landmarks (5 Points)]

00034828 00000000 814.12 98.76 544.92 810.81 876.46 451.80 1092.62 432.54 929.18 602.78 922.39 749.71 1089.99 735.04
00034829 00000001 815.01 94.86 546.73 814.63 878.73 450.53 1095.07 432.74 930.93 601.82 922.94 748.13 1090.01 734.77
00034830 00000002 816.47 94.57 547.31 813.88 879.50 450.16 1096.25 432.48 931.54 601.20 923.42 747.63 1090.34 734.42
00034831 00000003 815.17 89.65 548.75 816.46 879.46 449.01 1095.99 431.73 930.84 598.79 922.61 745.51 1088.99 732.75
00034832 00000004 815.18 90.69 544.71 814.42 879.46 449.04 1094.57 430.20 930.63 598.97 923.54 745.55 1088.56 731.54
00034833 00000005 815.01 87.25 546.55 821.79 879.85 448.83 1096.08 429.72 931.12 597.67 923.50 746.97 1089.15 732.77
00034834 00000006 816.62 90.48 547.06 820.10 881.23 448.62 1097.89 431.39 932.71 599.10 924.48 746.34 1092.08 733.54
00034835 00000007 818.73 89.47 545.22 822.17 882.51 449.19 1100.13 431.80 935.07 599.85 926.09 748.73 1093.82 735.75
00034836 00000008 819.15 91.81 545.52 818.18 882.70 449.76 1101.70 431.47 936.93 599.34 926.11 748.43 1094.37 735.03
00034837 00000009 820.22 90.57 545.70 818.81 883.16 449.24 1101.87 431.61 936.09 599.06 926.06 747.86 1094.35 734.92
00034838 00000010 821.15 90.57 546.33 819.69 884.43 449.49 1102.38 432.23 936.91 598.77 927.06 748.50 1094.51 735.73
00034839 00000011 821.27 91.32 546.61 817.29 883.75 449.67 1102.24 432.24 936.46 598.54 926.72 748.55 1093.85 735.67
00034840 00000012 821.11 94.84 547.37 814.51 883.96 448.81 1102.51 432.81 936.86 598.88 926.52 747.30 1094.15 735.55
00034841 00000013 821.29 96.40 545.77 812.43 884.57 449.40 1102.25 433.27 937.60 599.30 927.00 747.26 1094.33 735.41
00034842 00000014 821.29 93.09 546.21 817.37 884.31 449.89 1102.33 432.71 937.50 598.46 927.54 748.53 1094.74 735.76
00034843 00000015 823.02 95.00 544.15 814.19 885.84 449.35 1103.82 432.71 939.27 599.10 928.72 748.34 1095.77 736.11
00034844 00000016 821.95 94.42 545.56 814.11 885.47 450.99 1104.07 433.20 939.72 599.22 928.86 748.92 1096.34 735.79
00034845 00000017 822.57 94.51 546.96 816.30 886.69 450.19 1106.72 432.55 941.62 599.36 930.45 749.47 1099.06 736.47
00034846 00000018 822.35 94.52 547.54 815.90 886.72 450.16 1106.62 432.75 941.62 599.45 930.61 749.25 1098.93 736.43
00034847 00000019 821.01 92.50 548.16 818.61 887.04 450.22 1105.52 432.98 941.55 600.05 931.00 749.09 1099.35 736.33
00034848 00000020 821.31 89.63 548.82 823.77 887.90 451.06 1106.16 433.25 941.64 600.58 931.61 750.46 1100.95 737.21
00034849 00000021 820.78 89.22 548.62 824.23 887.54 451.51 1105.84 433.46 942.56 601.91 932.95 751.31 1102.10 737.90
00034850 00000022 821.52 89.44 549.87 825.72 888.79 451.21 1106.50 434.23 942.71 603.05 933.70 751.39 1103.25 738.87
00034851 00000023 821.09 87.79 550.01 827.64 889.12 451.54 1106.21 433.58 943.49 602.45 934.75 752.72 1103.36 739.25
00034852 00000024 821.12 89.53 547.84 825.98 888.99 451.76 1105.33 434.00 943.57 602.48 934.65 751.61 1102.92 738.42
00034853 00000025 822.05 92.32 546.99 821.91 888.33 452.08 1105.73 434.04 942.84 602.97 933.86 752.54 1102.91 739.07
00034854 00000026 821.53 92.63 547.94 819.87 888.65 452.01 1106.17 433.37 944.58 603.12 935.48 753.01 1104.65 738.99
00034855 00000027 822.07 92.70 549.04 818.50 887.80 452.33 1106.38 433.84 944.87 604.40 935.67 752.86 1105.37 739.07
00034856 00000028 822.08 97.57 548.98 815.39 889.05 453.48 1107.85 434.95 946.17 603.90 935.65 753.57 1105.58 739.66
00034857 00000029 822.60 96.47 552.12 824.45 889.66 454.30 1108.65 434.31 946.63 602.46 936.67 756.38 1107.09 741.16
00034858 00000030 824.48 93.50 551.86 824.18 890.49 455.83 1108.81 436.50 945.97 603.56 937.12 756.02 1107.93 741.25
00034859 00000031 826.76 99.85 548.68 814.75 891.60 456.25 1111.37 439.29 947.86 602.96 936.13 755.29 1105.31 742.64
00034860 00000032 828.65 98.71 548.33 824.91 893.49 456.05 1110.40 440.76 946.41 604.39 936.31 758.40 1102.43 747.19
00034861 00000033 828.51 102.76 546.77 813.43 892.56 453.87 1110.48 440.37 944.38 600.09 932.21 755.19 1094.87 745.83
00034862 00000034 825.63 93.63 544.00 806.11 888.90 448.74 1108.04 433.64 942.19 591.29 927.36 746.31 1085.95 736.29
00034863 00000035 828.91 95.83 527.38 778.17 902.18 438.03 1113.33 430.95 945.24 575.08 932.04 728.84 1081.24 721.31
00034864 00000036 832.08 92.38 529.85 784.21 904.06 431.67 1112.33 423.41 944.85 566.89 934.12 723.35 1083.13 714.91
00034865 00000037 835.96 85.54 529.27 792.26 906.68 431.99 1115.89 423.06 947.85 565.60 934.18 723.31 1085.29 714.62
00034866 00000038 834.77 75.52 540.38 822.59 902.98 431.28 1117.94 418.79 953.94 574.41 936.04 730.69 1095.23 722.60
00034867 00000039 836.20 83.88 542.36 819.08 902.77 437.90 1117.40 423.88 953.96 585.83 941.27 736.64 1103.04 726.84
00034868 00000040 834.31 92.63 546.25 815.16 900.31 445.65 1115.65 430.44 952.39 593.02 942.06 745.10 1105.11 734.15
00034869 00000041 833.84 90.93 544.59 826.32 900.48 449.73 1113.14 433.34 950.36 594.36 940.84 751.04 1103.36 739.01
00034870 00000042 833.12 92.88 542.42 810.25 896.35 449.07 1113.94 431.72 950.84 593.23 939.46 745.06 1103.53 732.70
00034871 00000043 831.88 91.34 541.02 800.68 907.71 437.68 1117.79 431.19 950.99 579.72 940.65 729.81 1094.48 722.83
00034872 00000044 832.61 78.02 541.53 811.80 899.87 431.68 1116.19 417.19 953.52 573.26 935.46 730.66 1089.84 721.23
00034873 00000045 836.99 89.02 537.12 797.60 915.20 432.58 1118.86 422.41 956.21 571.23 946.68 732.00 1086.19 722.45
00034874 00000046 838.60 92.05 535.49 791.37 915.12 435.03 1124.00 425.77 961.39 579.24 947.43 736.11 1088.32 727.14
00034875 00000047 838.81 87.55 539.85 815.96 908.24 441.86 1122.81 427.51 964.57 587.75 948.51 743.04 1093.69 733.97
00034876 00000048 838.17 90.72 540.18 815.15 906.92 446.27 1123.14 434.13 963.69 594.91 949.31 745.02 1103.19 737.05
00034877 00000049 836.94 96.87 539.39 800.50 905.46 446.83 1120.53 434.72 963.09 596.85 950.72 741.42 1106.30 733.22
00034878 00000050 842.88 108.73 522.71 761.78 914.58 443.81 1125.15 435.78 964.27 592.88 951.72 731.19 1099.74 722.76
00034879 00000051 843.66 98.69 527.53 778.49 914.43 434.46 1122.82 428.38 959.76 585.45 948.37 726.35 1096.26 719.76
00034880 00000052 843.08 89.36 531.80 787.50 916.86 429.71 1122.17 421.76 958.77 573.91 947.61 721.92 1094.37 713.92
00034881 00000053 843.32 89.26 530.87 791.84 917.45 426.58 1122.11 416.94 961.40 569.67 949.98 721.06 1098.19 711.49
00034882 00000054 843.56 71.01 541.79 821.36 905.44 430.93 1125.58 417.64 961.87 580.71 947.08 732.81 1106.34 723.86
00034883 00000055 837.84 78.76 548.56 835.11 900.82 445.38 1123.29 430.41 957.45 601.09 947.25 749.04 1115.30 738.41
00034884 00000056 835.36 93.81 549.63 833.68 903.61 455.80 1119.79 441.83 958.41 609.82 951.41 758.60 1119.16 747.99
00034885 00000057 833.27 104.75 551.30 826.02 902.12 457.94 1118.72 444.32 956.51 611.84 950.03 759.59 1117.86 749.25
00034886 00000058 830.50 94.73 549.61 829.77 896.15 455.03 1116.33 438.83 951.04 604.82 941.06 755.46 1113.25 743.57
00034887 00000059 830.17 75.05 547.36 838.79 895.21 444.87 1114.10 428.13 947.20 594.92 937.29 742.56 1109.02 730.44
00034888 00000060 831.62 66.76 546.96 845.32 896.01 431.98 1117.45 415.04 948.41 580.52 937.33 735.60 1113.11 723.31
00034889 00000061 831.75 64.44 550.00 849.33 899.85 428.62 1121.21 411.64 951.54 577.10 939.22 736.59 1116.00 723.98
00034890 00000062 834.59 70.65 549.38 851.55 900.07 433.31 1119.28 415.33 950.29 584.76 942.89 743.05 1114.40 729.60
00034891 00000063 833.00 84.60 551.36 842.17 897.65 445.22 1115.22 428.91 947.21 598.26 942.01 751.70 1113.53 739.55
00034892 00000064 831.00 91.62 545.51 828.93 896.58 451.15 1112.58 435.75 947.69 597.87 937.82 751.19 1103.96 740.01
00034893 00000065 833.34 98.68 532.67 780.12 905.26 443.56 1116.50 439.12 947.49 589.66 936.29 729.87 1089.86 724.56
00034894 00000066 831.33 87.13 533.24 782.97 904.41 433.98 1112.48 428.58 945.36 574.93 934.77 719.94 1085.90 713.74
00034895 00000067 833.48 79.41 531.00 792.57 903.56 425.51 1112.25 419.00 944.52 564.78 933.49 714.74 1087.31 707.83
00034896 00000068 837.32 84.59 528.04 786.44 906.11 426.07 1115.55 419.81 947.80 565.66 933.16 716.13 1085.38 709.66
00034897 00000069 836.51 94.31 531.92 773.27 907.36 439.00 1119.17 431.95 950.75 582.38 939.89 725.72 1091.10 718.20
00034898 00000070 833.60 111.71 530.06 766.92 906.80 456.60 1119.31 445.61 954.84 599.01 943.77 741.72 1094.70 731.02
00034899 00000071 828.70 109.38 537.58 807.82 893.07 454.86 1108.50 442.46 944.55 603.36 934.09 755.60 1095.98 746.87
00034900 00000072 824.81 105.94 545.43 820.08 893.31 453.22 1109.84 440.29 945.93 601.65 935.93 754.71 1098.19 745.59
00034901 00000073 824.88 97.75 544.22 803.67 889.73 448.90 1108.74 435.20 944.48 597.04 931.13 744.98 1091.76 736.00
00034902 00000074 827.40 92.96 536.46 798.65 892.65 442.91 1109.57 431.55 946.48 587.34 928.02 734.36 1087.41 727.50
00034903 00000075 835.94 104.50 523.74 775.99 905.55 443.22 1115.53 436.62 947.70 586.75 935.68 730.95 1086.05 724.02
00034904 00000076 836.83 102.32 526.16 781.45 907.29 447.24 1115.31 440.36 949.84 591.98 940.87 735.47 1090.26 728.24
00034905 00000077 836.18 105.73 525.53 779.25 907.91 449.06 1114.48 442.76 949.92 593.81 938.86 734.04 1089.01 727.50
00034906 00000078 837.71 102.78 522.90 773.12 907.20 445.07 1113.74 439.90 949.92 590.56 939.23 728.51 1088.17 722.68
00034907 00000079 834.83 103.73 523.93 767.88 906.05 437.67 1116.09 433.88 950.83 583.90 937.12 721.80 1088.18 717.14
00034908 00000080 831.54 86.47 533.31 806.10 896.89 436.51 1111.26 424.68 949.44 578.65 931.59 722.55 1090.93 715.63
00034909 00000081 832.09 87.32 541.32 824.16 898.04 441.28 1110.47 428.74 946.26 586.41 935.94 732.27 1100.58 723.84
00034910 00000082 827.45 82.28 548.89 846.11 896.25 446.95 1111.70 430.58 947.08 592.72 938.57 744.48 1110.02 732.18
00034911 00000083 826.56 84.85 552.11 850.89 894.08 449.09 1108.94 432.44 941.56 598.68 936.66 751.39 1112.41 738.30
00034912 00000084 827.28 84.79 552.42 851.05 893.08 448.78 1108.22 433.27 939.68 599.38 934.67 750.21 1112.64 737.90
00034913 00000085 826.48 82.77 550.84 843.86 892.48 448.53 1107.45 432.90 940.03 599.13 934.39 748.11 1109.78 735.89
00034914 00000086 826.23 83.33 548.19 832.89 890.68 445.50 1106.59 432.07 939.15 597.04 932.16 740.45 1109.09 730.29
00034915 00000087 828.72 86.65 543.67 819.25 891.55 442.00 1107.79 429.84 940.49 593.00 931.60 734.07 1108.08 725.04
00034916 00000088 829.51 89.73 545.02 811.92 891.95 441.62 1109.36 428.54 941.81 588.67 931.87 732.32 1108.21 722.61
00034917 00000089 829.60 89.53 542.64 811.10 892.24 443.32 1109.77 430.90 943.83 593.30 933.24 733.61 1108.33 724.66
00034918 00000090 828.98 83.79 543.61 820.76 892.30 447.35 1110.61 433.06 944.89 596.45 933.87 739.41 1108.13 729.09
00034919 00000091 829.27 86.68 545.74 821.12 894.15 448.29 1110.34 434.45 945.66 598.19 936.55 742.22 1108.67 732.11
00034920 00000092 828.97 87.79 545.03 815.83 892.05 445.77 1111.31 431.97 945.43 596.55 934.24 738.58 1108.85 728.75
00034921 00000093 831.44 87.98 542.32 813.47 893.95 441.54 1111.03 429.11 944.34 588.94 933.10 733.21 1106.45 724.23
00034922 00000094 831.27 81.11 542.98 819.64 893.60 439.51 1110.77 426.52 942.87 586.05 932.22 732.98 1105.43 723.46
00034923 00000095 831.34 84.52 542.59 819.05 894.16 441.21 1110.22 428.91 944.23 591.24 934.36 734.38 1106.99 725.53
00034924 00000096 830.02 86.78 545.88 825.77 893.49 447.38 1110.20 432.42 944.23 598.64 935.93 743.59 1109.23 732.53
00034925 00000097 829.37 84.64 547.00 831.80 894.25 448.29 1110.72 433.54 945.19 599.74 936.96 744.96 1111.95 733.87
00034926 00000098 829.11 92.55 545.27 818.49 893.35 445.40 1110.65 431.71 945.03 596.55 935.89 739.49 1109.90 729.49
00034927 00000099 831.27 79.69 543.92 831.05 894.78 438.26 1110.51 425.84 942.74 586.80 933.37 735.58 1108.29 726.25
00034928 00000100 832.75 76.83 545.31 835.87 896.91 432.94 1112.74 421.54 944.07 583.92 935.05 732.91 1112.86 724.32
00034929 00000101 833.09 76.79 547.22 837.39 898.18 434.47 1115.15 422.83 948.33 587.34 937.13 734.47 1114.22 725.92
00034930 00000102 834.25 84.72 548.65 836.03 898.39 441.25 1113.58 428.50 948.01 597.06 940.64 739.72 1116.89 730.06
00034931 00000103 834.35 92.29 547.13 823.32 897.64 445.33 1114.08 434.04 947.92 599.06 938.15 742.20 1111.79 734.09
00034932 00000104 833.89 82.56 541.38 815.39 894.56 437.80 1115.10 426.31 946.20 584.82 931.14 732.38 1102.94 724.46
00034933 00000105 836.70 67.55 538.97 802.66 893.91 425.52 1112.64 414.45 941.09 568.70 927.04 717.68 1094.80 710.24
00034934 00000106 837.02 70.56 537.70 790.81 892.96 422.97 1111.73 413.04 938.63 564.44 922.28 711.49 1094.38 705.09
00034935 00000107 838.18 69.63 540.72 801.25 893.12 428.63 1112.52 418.31 938.92 572.79 925.46 717.87 1096.65 710.86
00034936 00000108 828.25 73.25 549.16 836.74 891.89 444.57 1112.84 432.82 941.54 596.31 929.66 740.80 1104.50 732.61
00034937 00000109 825.94 94.42 549.64 829.16 890.25 451.47 1110.47 440.27 940.46 606.82 931.64 752.42 1110.27 743.88
00034938 00000110 824.83 93.65 549.12 828.46 889.44 450.43 1107.59 437.85 938.59 605.81 930.48 750.76 1108.97 740.98
00034939 00000111 825.62 76.71 546.69 831.48 888.56 440.56 1106.81 427.69 934.12 592.56 926.81 739.18 1108.27 729.00
00034940 00000112 833.18 68.65 544.76 816.36 893.04 427.61 1112.06 416.11 939.44 576.17 930.39 721.97 1110.97 713.25
00034941 00000113 840.18 66.58 541.54 811.37 896.61 424.76 1119.36 410.98 947.44 572.47 934.70 720.42 1118.71 709.79
00034942 00000114 844.64 69.12 542.33 811.27 898.31 428.44 1121.71 414.87 950.92 582.62 942.05 725.67 1124.33 714.96
00034943 00000115 841.14 79.78 549.45 816.78 901.99 440.14 1123.02 428.66 954.90 600.04 946.57 737.47 1127.09 728.31
00034944 00000116 840.15 93.30 540.65 809.58 902.74 446.63 1117.17 434.72 952.97 602.60 947.02 742.72 1120.31 733.53
00034945 00000117 837.22 95.09 539.64 807.03 898.93 445.37 1114.10 432.89 948.99 597.67 939.63 739.91 1112.20 730.60
00034946 00000118 837.76 88.94 538.72 805.22 897.54 437.44 1112.93 426.80 945.31 584.84 934.06 730.36 1106.11 722.60
00034947 00000119 838.22 76.65 539.38 807.09 897.20 430.84 1113.84 421.84 945.46 580.37 933.63 724.65 1106.31 718.01
00034948 00000120 837.86 78.01 540.83 808.06 897.23 433.33 1115.18 424.14 946.49 582.09 932.99 727.03 1103.53 720.57
00034949 00000121 834.40 91.17 539.23 808.29 896.90 440.76 1112.25 432.31 946.49 592.31 934.20 731.96 1101.79 726.53
00034950 00000122 832.23 94.11 538.82 804.18 895.13 442.16 1113.29 433.43 948.25 592.08 932.20 732.68 1098.66 727.47
00034951 00000123 834.17 85.66 536.79 803.33 895.19 436.95 1113.25 428.36 946.81 581.71 927.80 725.67 1091.86 720.78
00034952 00000124 833.55 91.72 526.24 786.45 904.73 430.39 1113.58 424.87 946.56 569.60 931.62 718.62 1085.02 712.75
00034953 00000125 831.27 78.56 537.05 804.67 895.80 425.77 1112.37 416.17 947.07 568.38 926.96 719.50 1086.80 714.09
00034954 00000126 834.09 89.71 531.43 794.66 907.31 441.87 1120.22 430.01 954.99 581.96 941.80 735.47 1093.47 724.21
00034955 00000127 830.85 82.86 552.41 857.87 894.80 457.46 1115.52 438.42 947.49 600.57 939.33 764.48 1104.64 750.71
00034956 00000128 824.88 100.49 548.28 853.48 895.88 472.88 1111.69 453.93 950.83 619.62 945.51 779.65 1108.44 764.76
00034957 00000129 819.62 114.79 550.27 842.74 893.39 474.64 1109.60 459.53 948.73 626.18 943.41 779.06 1105.41 767.51
00034958 00000130 818.27 103.83 548.04 849.07 888.66 467.95 1105.28 450.61 944.16 616.02 936.49 772.16 1102.64 758.67
00034959 00000131 820.91 93.85 554.89 854.57 887.43 456.04 1105.51 435.22 936.59 598.59 932.45 764.24 1101.82 747.87
00034960 00000132 824.10 92.87 553.40 841.27 890.03 448.07 1105.31 426.60 933.44 586.38 931.70 749.18 1098.33 734.49
00034961 00000133 816.90 77.28 554.07 854.22 887.09 444.95 1106.49 421.95 939.68 586.64 929.78 754.85 1099.22 737.13
00034962 00000134 820.42 79.28 554.64 862.96 887.86 459.16 1110.30 435.49 943.40 601.08 933.43 765.94 1103.64 747.87
00034963 00000135 820.21 101.09 549.41 842.33 888.89 472.81 1111.22 453.25 947.48 619.92 935.63 776.51 1106.64 761.19
00034964 00000136 818.57 109.04 547.41 831.93 887.67 472.65 1109.89 457.30 945.88 623.77 931.95 774.99 1100.19 763.39
00034965 00000137 817.90 102.05 545.84 812.81 884.76 459.16 1109.04 443.79 942.70 604.22 922.35 757.96 1090.84 746.77
CROP_BBOX: 477 0 1727 1080
