Video ID: 	xGFVU01aFHA
H: 	2160
W: 	3840
FPS: 	25.0

FRAME INDEX X0 Y0 W H [Landmarks (5 Points)]

00008865 00000000 2084.65 260.78 607.00 900.48 2219.00 626.28 2495.78 626.37 2328.77 764.58 2256.12 938.08 2455.61 940.79
00008866 00000001 2084.29 268.80 611.31 894.75 2217.33 625.70 2494.27 625.09 2325.76 764.27 2254.52 938.60 2455.38 940.71
00008867 00000002 2083.96 267.47 613.36 897.30 2215.57 627.76 2492.50 627.39 2323.50 762.33 2251.56 938.30 2452.24 941.20
00008868 00000003 2083.75 268.14 615.91 896.66 2212.92 625.96 2491.48 624.82 2322.52 761.60 2250.93 938.85 2450.36 941.04
00008869 00000004 2080.51 255.58 628.00 910.16 2209.10 626.31 2493.22 623.99 2319.99 764.06 2244.50 937.94 2449.85 941.32
00008870 00000005 2079.80 253.48 632.78 915.80 2208.78 627.58 2492.66 623.93 2319.89 767.22 2243.67 940.79 2451.79 943.14
00008871 00000006 2080.37 257.22 630.12 911.28 2208.13 627.59 2495.84 624.07 2321.21 764.63 2243.90 940.96 2452.83 943.26
00008872 00000007 2080.26 256.67 628.94 911.98 2207.00 627.43 2495.61 623.64 2320.54 764.92 2244.02 942.35 2452.71 944.39
00008873 00000008 2080.02 255.07 630.02 918.39 2204.98 630.29 2494.86 624.39 2318.61 764.40 2242.32 945.94 2452.57 946.70
00008874 00000009 2082.78 265.29 621.69 919.83 2206.82 635.98 2490.37 628.96 2319.03 765.84 2248.85 952.60 2455.16 950.68
00008875 00000010 2082.52 264.75 622.16 922.84 2205.74 636.76 2489.20 628.75 2317.18 765.20 2247.27 952.74 2455.90 950.17
00008876 00000011 2081.31 263.70 622.37 922.59 2202.83 636.56 2486.68 626.80 2313.86 765.57 2245.42 952.71 2454.65 948.78
00008877 00000012 2080.13 261.48 623.70 910.51 2203.53 638.60 2487.92 629.74 2314.18 766.29 2243.55 948.82 2454.44 945.71
00008878 00000013 2079.21 267.67 621.15 889.95 2205.68 644.05 2481.10 635.53 2313.45 771.54 2242.56 936.01 2454.96 932.67
00008879 00000014 2078.23 272.48 619.87 893.00 2205.78 644.19 2480.91 635.03 2316.79 771.42 2246.48 938.91 2457.48 934.80
00008880 00000015 2070.28 269.18 633.24 922.36 2196.52 642.89 2479.24 627.73 2311.02 764.96 2250.75 958.28 2453.23 950.00
00008881 00000016 2073.13 267.27 626.47 919.93 2197.93 644.78 2474.58 630.11 2303.83 765.98 2243.44 959.30 2448.61 951.87
00008882 00000017 2074.26 271.27 621.64 913.63 2199.82 644.87 2473.89 630.71 2308.28 767.89 2246.38 956.21 2445.49 949.10
00008883 00000018 2070.92 271.58 621.70 900.18 2197.89 642.94 2471.12 632.51 2307.01 772.03 2243.00 949.64 2439.49 944.96
00008884 00000019 2068.64 271.18 624.16 899.02 2198.53 645.88 2469.53 633.87 2306.98 771.87 2243.11 946.98 2439.21 941.35
00008885 00000020 2066.07 276.58 621.50 891.26 2197.31 652.28 2458.01 635.95 2303.24 776.23 2245.12 946.09 2440.75 936.46
00008886 00000021 2061.21 282.08 624.63 890.21 2194.58 657.01 2455.40 639.01 2302.46 775.90 2246.47 946.41 2441.84 935.40
00008887 00000022 2057.22 285.61 628.52 899.05 2191.60 658.68 2454.61 637.74 2299.84 775.94 2247.73 956.47 2441.01 943.54
00008888 00000023 2049.59 278.78 629.57 899.05 2186.01 658.57 2454.89 640.68 2298.27 777.70 2241.45 956.54 2440.10 945.69
00008889 00000024 2043.36 281.75 627.87 889.69 2181.64 656.29 2453.28 639.42 2296.04 779.27 2235.74 953.38 2435.88 943.17
00008890 00000025 2036.70 269.35 627.18 900.60 2176.35 655.53 2439.74 636.68 2286.66 782.99 2225.92 952.64 2428.88 940.97
00008891 00000026 2027.30 267.56 637.69 903.97 2164.27 662.29 2436.16 640.32 2284.54 789.82 2219.14 962.12 2423.03 949.67
00008892 00000027 2024.62 269.43 630.10 902.77 2159.78 662.97 2430.66 641.62 2276.72 791.20 2214.01 962.96 2417.52 949.58
00008893 00000028 2021.14 269.52 637.07 911.30 2153.71 666.48 2430.57 643.95 2274.53 791.70 2213.24 971.65 2410.79 959.59
00008894 00000029 2021.65 268.34 629.99 905.24 2151.26 662.54 2430.51 641.14 2273.83 790.56 2210.85 970.74 2408.92 959.03
00008895 00000030 2021.50 271.33 624.61 890.90 2157.99 657.86 2424.96 638.21 2271.22 784.18 2212.46 957.47 2404.98 945.58
00008896 00000031 2019.67 269.35 631.22 893.79 2150.61 661.46 2426.90 637.98 2271.46 787.12 2209.96 962.89 2408.08 949.58
00008897 00000032 2019.95 270.34 632.27 894.19 2149.43 663.17 2428.24 639.12 2271.94 788.29 2210.64 965.05 2409.15 951.21
00008898 00000033 2019.75 273.06 630.10 890.68 2148.59 664.25 2428.89 640.10 2272.77 788.83 2210.95 966.41 2409.49 952.38
00008899 00000034 2019.52 273.25 632.26 890.28 2150.23 664.25 2428.37 639.53 2273.44 789.40 2212.59 965.16 2410.96 950.63
00008900 00000035 2019.52 273.19 632.84 897.23 2150.79 663.89 2427.29 639.30 2273.27 788.33 2213.85 967.07 2409.91 952.83
00008901 00000036 2020.43 273.37 633.68 900.12 2151.51 662.75 2426.98 637.34 2271.91 787.35 2214.68 968.67 2410.82 953.92
00008902 00000037 2021.75 269.93 631.82 903.93 2150.82 662.93 2427.16 638.33 2270.80 787.45 2212.19 966.32 2411.08 952.18
00008903 00000038 2021.02 269.68 633.42 906.58 2150.03 663.00 2427.11 638.07 2270.36 787.17 2211.11 966.41 2412.19 951.92
00008904 00000039 2019.07 272.56 633.97 905.84 2151.07 664.03 2425.63 638.18 2270.73 788.44 2210.70 962.26 2413.14 947.05
00008905 00000040 2019.63 276.76 630.26 891.41 2151.44 662.46 2427.43 638.53 2271.36 789.25 2206.52 954.86 2415.08 940.45
00008906 00000041 2021.00 277.16 624.97 879.92 2153.33 656.20 2423.97 633.62 2268.87 783.49 2209.46 949.45 2409.61 934.52
00008907 00000042 2022.09 277.72 622.73 870.41 2154.13 657.71 2422.49 635.41 2268.46 785.48 2208.68 944.66 2408.89 929.92
00008908 00000043 2023.19 277.54 621.25 875.18 2153.08 658.38 2424.82 638.07 2268.70 786.43 2205.20 949.04 2409.03 936.14
00008909 00000044 2020.41 272.41 629.58 894.44 2148.87 662.95 2427.71 639.57 2270.21 788.57 2210.68 963.31 2406.10 950.09
00008910 00000045 2019.81 275.16 630.04 901.73 2146.92 664.40 2429.13 640.49 2269.40 787.93 2208.93 968.21 2408.39 954.66
00008911 00000046 2018.38 275.25 633.22 899.60 2144.60 663.99 2426.84 638.68 2265.19 790.10 2207.41 968.39 2408.73 953.62
00008912 00000047 2019.04 271.25 632.14 900.31 2143.93 662.67 2424.80 636.94 2263.43 788.64 2206.37 966.96 2408.08 951.87
00008913 00000048 2019.04 270.81 631.14 897.49 2144.86 661.39 2425.24 635.81 2265.07 787.08 2205.90 963.81 2407.97 948.80
00008914 00000049 2021.22 273.27 623.57 889.98 2151.82 657.41 2422.74 635.19 2265.01 783.65 2207.17 955.31 2407.17 941.05
00008915 00000050 2022.25 272.70 622.55 889.57 2153.10 656.53 2423.15 634.98 2266.31 784.21 2207.72 955.06 2407.51 941.21
00008916 00000051 2021.78 272.30 624.75 889.81 2153.31 658.47 2423.72 635.92 2266.79 784.24 2207.94 955.34 2409.01 940.90
00008917 00000052 2022.24 270.86 626.20 889.86 2153.52 659.35 2423.87 636.85 2267.00 784.67 2208.68 955.20 2408.50 940.98
00008918 00000053 2023.30 272.59 624.27 887.87 2154.39 658.80 2423.78 637.31 2267.09 783.95 2207.98 954.13 2407.10 940.76
00008919 00000054 2021.52 269.85 630.30 887.55 2148.02 660.48 2425.96 636.18 2268.23 784.39 2206.44 958.80 2407.22 944.78
00008920 00000055 2023.77 274.47 621.64 887.19 2154.38 656.74 2421.80 634.22 2265.73 780.67 2208.27 953.54 2406.20 939.30
00008921 00000056 2023.21 273.29 624.80 888.84 2154.43 656.68 2421.97 633.62 2266.10 780.60 2210.06 953.57 2407.14 938.88
00008922 00000057 2023.23 272.40 625.78 889.42 2153.92 654.70 2424.14 631.98 2267.26 779.42 2209.32 952.69 2409.02 938.15
00008923 00000058 2023.42 271.09 623.98 892.65 2154.89 654.61 2424.14 632.84 2266.81 778.23 2209.57 951.29 2407.57 937.66
00008924 00000059 2025.89 268.31 621.95 893.44 2153.55 654.07 2426.42 631.26 2267.62 780.16 2209.14 950.42 2412.87 935.56
00008925 00000060 2028.82 269.60 615.58 886.82 2154.79 652.11 2426.37 631.21 2267.43 781.01 2205.64 947.15 2414.50 933.59
00008926 00000061 2029.70 270.69 616.78 885.32 2155.22 651.43 2426.99 630.13 2269.28 780.10 2206.41 946.77 2414.84 932.84
00008927 00000062 2029.21 270.27 614.85 888.61 2155.85 651.34 2426.35 630.33 2269.53 779.61 2206.50 947.89 2413.20 934.22
00008928 00000063 2027.76 271.92 614.77 882.73 2154.68 650.58 2425.41 631.46 2267.24 780.03 2204.23 946.92 2408.84 934.88
00008929 00000064 2028.48 271.92 615.13 885.25 2155.62 650.16 2426.03 631.12 2268.12 779.05 2205.49 945.76 2409.76 933.73
00008930 00000065 2030.40 269.95 615.70 886.77 2157.01 649.22 2427.08 631.00 2269.13 775.26 2204.53 945.39 2409.08 934.53
00008931 00000066 2032.21 267.24 619.56 894.90 2159.60 646.91 2429.27 628.32 2271.58 771.95 2209.26 944.99 2413.11 933.79
00008932 00000067 2034.60 264.48 623.52 892.72 2161.38 643.53 2432.44 627.30 2271.76 771.03 2207.96 942.29 2412.29 933.23
00008933 00000068 2035.36 263.58 627.10 896.04 2162.47 640.52 2433.42 622.25 2273.45 768.10 2212.06 940.72 2416.48 929.72
00008934 00000069 2041.33 262.44 625.30 895.50 2168.70 638.63 2433.92 622.21 2276.20 770.10 2215.95 939.17 2417.22 929.44
00008935 00000070 2041.73 263.46 628.11 899.06 2166.00 637.41 2438.02 620.26 2275.90 767.28 2214.60 941.41 2420.09 931.24
00008936 00000071 2045.84 256.62 625.53 899.35 2169.00 637.93 2434.41 620.52 2274.37 755.06 2218.35 933.34 2417.73 923.82
00008937 00000072 2046.98 252.80 626.33 913.24 2169.70 636.19 2436.66 616.39 2275.21 752.60 2222.89 938.77 2421.38 927.54
00008938 00000073 2045.08 262.09 631.20 898.72 2173.62 630.99 2445.48 607.92 2282.27 750.79 2227.54 938.03 2423.33 925.04
00008939 00000074 2043.67 258.94 632.71 886.01 2173.45 628.48 2444.53 606.08 2281.95 748.73 2226.32 929.17 2422.05 916.72
00008940 00000075 2045.34 256.94 630.80 887.20 2174.90 627.16 2442.50 605.76 2281.15 747.19 2225.36 927.14 2418.46 915.65
00008941 00000076 2046.28 258.31 633.42 892.09 2174.39 629.69 2441.10 607.80 2278.61 750.37 2224.21 930.97 2416.95 919.07
00008942 00000077 2045.64 263.80 629.84 890.21 2174.67 632.34 2438.18 609.61 2276.97 753.12 2223.54 933.25 2412.39 920.86
00008943 00000078 2048.20 252.51 624.74 903.65 2171.61 632.87 2428.09 615.70 2267.28 752.87 2217.52 929.07 2412.27 919.66
00008944 00000079 2046.22 264.71 629.33 887.29 2174.24 633.27 2436.35 609.22 2276.16 757.70 2224.93 933.77 2412.83 920.15
00008945 00000080 2045.62 263.69 631.73 893.47 2174.59 635.17 2437.77 608.41 2277.41 755.89 2230.04 937.73 2416.03 922.34
00008946 00000081 2048.06 268.25 627.89 899.80 2178.19 639.65 2435.79 614.45 2282.05 758.66 2237.07 944.47 2419.89 928.18
00008947 00000082 2056.44 271.75 626.53 902.10 2187.30 646.42 2446.86 626.54 2292.04 767.79 2240.47 946.61 2429.62 934.43
00008948 00000083 2060.94 278.08 624.74 900.96 2190.61 655.78 2452.02 638.07 2295.42 779.05 2240.87 954.71 2431.96 944.41
00008949 00000084 2060.90 276.55 630.90 919.42 2188.23 662.04 2460.21 642.40 2295.34 791.92 2244.51 974.05 2442.44 962.02
00008950 00000085 2062.89 285.14 629.59 914.93 2190.92 669.26 2463.72 649.95 2299.04 803.99 2246.64 980.67 2448.98 968.58
00008951 00000086 2065.11 285.57 629.33 917.12 2194.44 669.70 2469.29 652.30 2304.30 808.72 2250.30 984.49 2451.53 973.75
00008952 00000087 2071.81 284.38 631.42 922.66 2205.10 669.25 2478.77 651.27 2315.94 808.59 2261.02 984.99 2463.26 973.85
00008953 00000088 2074.70 284.33 630.52 921.89 2208.15 667.91 2485.13 650.82 2321.41 804.34 2262.22 982.79 2468.00 972.47
00008954 00000089 2077.44 283.07 630.44 926.49 2212.30 665.07 2488.90 648.46 2326.49 802.43 2265.33 980.96 2472.59 970.70
00008955 00000090 2079.72 277.08 632.09 932.88 2215.51 661.93 2495.40 647.93 2331.45 798.97 2267.17 978.18 2474.48 970.14
00008956 00000091 2080.38 277.79 629.65 915.59 2214.75 663.62 2493.03 648.86 2332.18 805.63 2271.69 972.37 2467.90 965.73
00008957 00000092 2077.42 278.02 629.85 918.49 2217.49 662.54 2489.63 648.77 2331.12 802.16 2271.33 972.22 2468.13 964.05
00008958 00000093 2074.89 283.46 625.41 908.08 2209.45 668.06 2481.07 652.32 2324.07 809.43 2267.77 974.65 2456.16 966.95
00008959 00000094 2066.66 285.28 629.24 917.76 2197.96 671.46 2470.16 653.87 2308.02 808.84 2254.60 985.06 2453.34 974.38
00008960 00000095 2062.91 288.64 621.29 916.34 2193.41 674.12 2462.35 659.04 2297.01 811.69 2242.52 988.15 2445.72 979.33
00008961 00000096 2060.17 288.23 625.15 916.08 2187.65 673.20 2456.17 658.73 2290.98 808.83 2236.47 987.67 2437.05 979.72
00008962 00000097 2059.38 289.55 625.80 912.29 2183.59 669.15 2455.24 653.21 2290.11 803.26 2235.44 983.45 2437.47 974.10
00008963 00000098 2065.35 285.82 622.88 903.98 2190.88 665.49 2459.68 649.64 2294.75 800.57 2240.95 971.91 2442.91 962.49
00008964 00000099 2068.75 279.14 628.31 903.82 2194.55 662.24 2466.00 645.40 2301.22 795.23 2243.80 963.47 2447.83 953.46
CROP_BBOX: 1695 0 3035 1401
