Video ID: 	30BJmnXbkFk
H: 	1080
W: 	1920
FPS: 	25.0

FRAME INDEX X0 Y0 W H [Landmarks (5 Points)]

00030275 00000000 875.20 295.09 390.97 497.98 918.32 496.78 1061.59 502.65 941.26 606.35 963.99 670.09 1075.52 672.47
00030276 00000001 874.08 300.37 388.23 497.78 919.02 501.49 1061.50 506.90 943.09 609.68 963.61 672.08 1077.17 673.17
00030277 00000002 877.78 294.15 385.45 495.17 922.34 491.39 1065.00 498.10 942.32 600.98 964.13 669.76 1073.48 673.16
00030278 00000003 883.24 277.47 391.23 506.28 925.89 483.73 1069.18 484.92 943.79 590.82 964.59 665.06 1080.34 664.83
00030279 00000004 887.96 271.82 384.72 504.93 928.58 474.45 1071.12 470.97 945.45 576.42 965.99 656.44 1086.52 652.53
00030280 00000005 890.82 260.21 379.74 511.51 929.80 472.39 1076.57 465.63 947.53 570.44 967.82 654.91 1088.68 648.58
00030281 00000006 893.99 262.36 377.25 508.77 930.74 469.67 1077.89 467.06 947.09 574.06 966.45 655.67 1088.82 652.53
00030282 00000007 895.42 269.02 380.74 504.10 931.42 473.61 1075.63 474.43 949.33 583.04 970.16 660.66 1086.97 660.01
00030283 00000008 894.09 274.62 390.62 505.61 929.59 483.40 1073.70 482.52 948.96 591.70 972.22 669.26 1083.58 667.02
00030284 00000009 892.42 283.51 384.00 495.05 928.77 486.47 1073.21 487.71 950.04 597.62 973.09 673.20 1079.93 672.25
00030285 00000010 894.30 277.71 389.41 502.82 929.03 484.81 1071.69 484.56 946.80 592.26 970.20 669.95 1082.18 667.94
00030286 DELETE   897.90 264.30 367.50 510.79 934.22 475.26 1074.99 470.96 947.07 575.50 968.82 659.74 1084.60 655.00
00030287 DELETE   901.06 256.34 366.06 506.88 936.25 463.31 1080.41 458.55 948.14 565.06 967.68 649.49 1088.63 644.48
00030288 00000013 900.05 258.64 365.47 500.11 933.74 460.29 1080.71 453.70 947.97 563.89 966.86 647.12 1090.04 640.78
00030289 00000014 903.02 260.01 360.96 497.21 936.77 462.61 1078.36 453.18 950.52 565.22 974.52 650.48 1087.85 642.08
00030290 00000015 904.31 260.03 363.06 498.20 937.58 462.10 1079.07 453.75 951.25 565.40 974.98 649.44 1088.90 641.76
00030291 00000016 903.96 256.07 358.61 504.53 940.83 462.07 1082.09 452.39 953.79 559.24 975.43 645.33 1095.01 636.55
00030292 00000017 902.31 252.74 368.28 509.87 938.10 458.70 1079.84 453.07 958.51 550.72 976.03 639.81 1097.84 630.47
00030293 00000018 903.45 255.80 358.82 504.33 940.93 460.03 1084.13 454.54 955.42 560.57 975.44 640.90 1100.33 635.29
00030294 00000019 903.74 258.23 363.19 504.80 941.95 459.92 1085.11 458.09 955.79 564.05 976.48 639.57 1102.94 636.52
00030295 00000020 902.68 259.25 370.59 501.81 938.08 456.79 1080.01 453.73 964.02 561.60 989.28 636.09 1107.02 634.55
00030296 00000021 901.76 256.10 374.29 509.66 941.19 455.02 1083.43 452.20 967.08 560.45 993.26 635.50 1108.83 633.63
00030297 00000022 902.84 256.19 376.09 507.29 941.35 456.10 1084.09 454.64 966.86 562.67 994.14 637.51 1108.67 636.76
00030298 00000023 904.83 253.60 375.97 513.52 950.55 460.27 1091.05 462.29 961.99 564.39 985.61 639.80 1103.49 640.02
00030299 00000024 905.82 249.61 369.95 511.72 951.96 458.20 1094.87 455.78 964.77 554.37 980.22 636.92 1102.27 634.13
00030300 00000025 908.85 240.61 373.07 511.29 950.93 453.67 1094.67 451.78 972.97 543.41 982.83 628.94 1101.01 624.31
00030301 00000026 915.11 234.63 364.20 510.12 955.47 445.62 1098.08 446.54 975.56 536.05 984.34 621.43 1101.55 619.49
00030302 00000027 916.24 231.87 364.71 510.46 959.00 444.42 1100.19 446.79 981.00 535.99 989.35 617.10 1105.39 616.27
00030303 00000028 915.06 231.22 370.73 513.10 958.68 445.87 1099.37 446.29 984.67 537.56 994.54 620.54 1108.02 618.01
00030304 00000029 913.94 234.20 377.37 519.17 955.90 447.52 1099.67 444.82 982.16 539.15 994.65 624.35 1114.29 618.98
00030305 00000030 911.90 236.41 380.08 518.01 953.79 447.75 1097.65 445.85 979.94 541.63 992.93 623.21 1115.15 618.39
00030306 00000031 910.45 238.86 370.60 512.30 951.37 450.63 1092.23 446.35 973.66 540.03 989.79 626.16 1106.45 619.25
00030307 00000032 907.73 240.51 372.34 514.46 947.81 456.67 1090.48 450.73 966.96 542.14 981.57 632.84 1100.99 624.63
00030308 00000033 902.55 243.41 380.19 517.36 941.32 456.10 1084.08 455.84 958.89 551.46 974.45 634.00 1096.88 629.41
00030309 00000034 902.33 253.59 366.77 507.45 936.55 459.98 1080.99 459.14 959.76 559.34 974.69 643.63 1095.18 638.31
00030310 00000035 904.77 253.47 360.55 512.79 941.78 461.75 1082.56 457.85 949.78 566.79 977.56 649.67 1094.12 645.26
00030311 00000036 904.16 254.48 363.91 511.80 943.07 463.00 1083.96 459.94 955.69 568.81 978.45 647.80 1094.89 644.13
00030312 00000037 901.76 257.97 363.56 506.26 940.12 459.47 1085.12 462.17 965.41 568.56 981.23 639.82 1093.71 642.72
00030313 00000038 902.99 257.86 363.49 505.17 941.35 459.60 1087.02 461.04 965.32 565.58 981.27 639.62 1094.56 641.21
00030314 00000039 904.58 253.73 358.62 509.78 943.08 460.23 1087.20 458.61 954.81 566.74 975.84 645.42 1094.75 642.84
00030315 00000040 904.46 255.27 360.55 507.39 942.00 458.55 1085.46 456.20 954.51 567.61 977.75 646.47 1094.68 643.43
00030316 00000041 903.13 253.32 361.78 513.29 942.40 459.16 1085.82 456.19 954.19 567.83 979.29 648.50 1091.90 645.08
00030317 00000042 900.63 250.82 366.58 521.36 940.22 461.19 1083.64 455.59 952.83 567.58 980.08 651.35 1092.96 645.82
00030318 00000043 897.07 252.51 375.64 522.91 934.37 466.09 1077.09 466.05 962.68 572.21 979.80 653.57 1096.74 648.84
00030319 00000044 898.78 253.59 366.97 515.77 936.42 463.47 1079.57 459.75 953.03 573.64 978.05 651.58 1095.46 647.10
00030320 00000045 896.01 256.93 366.27 510.37 936.92 468.19 1079.11 464.25 956.03 575.25 976.70 647.88 1096.75 643.20
00030321 00000046 893.69 257.91 366.94 510.08 936.72 469.94 1078.99 465.22 958.11 575.70 977.02 647.94 1097.35 642.65
00030322 00000047 888.50 264.73 369.17 500.51 935.61 473.73 1069.94 470.20 965.46 572.04 971.57 646.22 1089.09 642.96
00030323 00000048 892.94 262.27 373.73 507.34 935.76 471.41 1076.37 467.42 956.69 578.43 976.93 649.57 1094.38 644.72
00030324 00000049 896.41 261.62 373.11 509.41 938.67 471.74 1075.33 466.44 955.28 576.02 979.68 652.45 1093.26 646.81
00030325 00000050 897.90 259.46 373.16 514.03 935.98 471.10 1076.63 468.00 952.15 579.99 976.67 658.78 1090.65 654.97
00030326 00000051 898.17 263.45 374.12 512.91 936.10 473.28 1073.42 471.28 951.42 584.06 982.10 661.95 1090.68 658.92
00030327 00000052 897.86 265.01 374.45 514.28 936.10 476.18 1075.51 476.18 953.83 589.95 982.82 664.73 1090.70 663.28
00030328 00000053 897.80 272.80 371.30 507.84 936.48 481.82 1074.68 481.03 955.56 592.99 984.15 667.14 1090.57 664.72
00030329 00000054 896.14 281.55 377.86 506.18 935.51 484.88 1073.88 485.74 955.89 596.81 986.06 668.71 1090.50 667.28
00030330 00000055 896.77 292.35 375.15 488.62 935.02 484.91 1072.59 487.17 955.33 595.78 985.03 667.08 1088.84 666.47
00030331 00000056 897.60 296.36 371.68 479.63 935.66 484.11 1071.53 487.08 954.53 593.10 985.71 663.42 1088.36 663.10
00030332 00000057 898.13 296.20 369.90 478.07 938.03 484.80 1071.45 487.20 956.39 591.05 987.67 662.49 1089.36 661.80
00030333 00000058 896.67 296.38 384.37 484.09 941.79 489.19 1072.56 487.88 963.81 589.65 998.92 662.86 1093.92 658.82
00030334 00000059 898.04 291.74 393.13 503.09 943.60 478.11 1082.72 484.12 966.39 587.73 1003.55 656.90 1109.07 659.67
00030335 00000060 902.86 291.88 383.15 497.87 949.60 487.04 1078.90 489.70 969.69 589.25 1006.62 656.62 1107.63 655.32
00030336 00000061 910.39 293.23 374.07 485.63 948.28 482.06 1079.08 485.75 965.34 590.53 1001.40 659.46 1100.98 659.70
00030337 00000062 911.17 286.92 368.72 488.31 949.55 479.37 1082.85 485.97 965.87 589.98 996.45 659.09 1100.86 662.16
00030338 00000063 910.63 282.48 371.72 494.55 950.77 482.40 1084.38 487.86 967.75 589.97 997.61 660.30 1101.05 662.82
00030339 00000064 911.28 284.25 373.38 490.58 953.82 480.38 1087.89 486.41 972.42 589.35 1000.73 657.87 1105.34 660.97
00030340 00000065 913.61 291.58 364.38 479.23 955.53 483.43 1092.43 490.05 976.19 588.87 998.46 655.56 1107.05 658.92
00030341 00000066 913.43 294.66 363.96 475.55 956.34 483.87 1093.31 490.82 979.04 588.72 1000.45 653.53 1107.59 656.97
00030342 00000067 915.01 300.24 362.39 468.59 959.12 485.32 1094.29 491.98 982.97 590.61 1003.00 652.42 1109.66 655.45
00030343 00000068 912.56 302.66 366.81 478.03 960.02 488.55 1093.32 495.20 984.21 593.10 1008.90 657.67 1110.76 660.42
00030344 00000069 913.89 305.06 369.15 472.64 959.63 484.83 1096.05 495.29 983.41 595.59 1004.69 656.04 1109.66 662.09
00030345 00000070 911.61 306.86 374.23 475.73 958.22 483.15 1100.58 495.49 983.45 596.56 1007.21 655.80 1116.23 662.99
00030346 00000071 909.85 309.42 374.53 480.24 960.72 484.85 1098.51 493.53 985.15 593.20 1010.98 656.70 1121.19 660.34
00030347 00000072 909.67 306.53 370.07 482.36 961.25 484.33 1099.41 495.00 987.99 597.55 1013.49 656.52 1124.88 661.61
00030348 00000073 911.68 308.66 367.98 475.06 962.44 485.22 1102.42 494.85 991.03 596.23 1012.02 657.00 1123.94 661.61
00030349 00000074 911.19 301.98 371.83 477.69 959.52 484.79 1103.18 492.57 988.81 592.79 1008.08 655.97 1119.62 659.93
00030350 00000075 915.31 305.08 365.19 472.54 962.63 487.65 1100.09 496.35 986.35 591.63 1006.31 654.68 1113.40 659.27
00030351 00000076 914.91 301.74 369.98 477.73 961.56 486.83 1100.40 499.28 983.56 595.24 1002.60 653.60 1112.18 661.06
00030352 00000077 914.58 302.47 371.01 476.97 960.95 487.09 1100.37 502.20 983.87 600.74 1000.17 655.36 1110.89 665.01
00030353 00000078 914.26 304.72 371.06 475.31 961.73 487.94 1100.35 503.00 985.22 601.49 1002.65 656.68 1110.55 666.21
00030354 00000079 914.31 303.74 368.50 473.81 961.72 487.57 1101.84 504.37 984.51 601.64 1000.31 653.36 1112.48 664.29
00030355 00000080 914.86 306.96 368.29 467.59 961.40 488.95 1101.99 505.53 984.43 601.44 996.67 652.11 1112.29 662.80
00030356 00000081 915.17 307.30 365.11 467.22 961.03 488.66 1102.61 506.15 985.15 603.90 996.79 653.61 1113.13 664.97
00030357 00000082 913.83 304.02 368.77 476.47 960.21 488.89 1098.39 505.90 983.37 607.30 1001.71 658.04 1110.46 668.99
00030358 00000083 914.20 304.57 369.83 473.63 959.30 488.64 1099.05 506.12 983.49 607.50 998.27 656.82 1110.28 668.12
00030359 00000084 914.33 306.39 366.34 469.58 960.24 488.89 1099.29 504.00 984.38 602.27 999.50 654.64 1110.63 664.08
00030360 00000085 911.54 306.10 369.33 469.30 955.73 486.18 1100.58 498.07 985.67 597.37 1004.20 652.97 1117.57 660.39
00030361 00000086 910.78 311.12 370.53 466.37 955.44 486.13 1099.86 497.09 983.78 596.59 1003.25 653.88 1117.97 660.26
00030362 00000087 906.98 304.82 374.66 474.67 952.10 485.95 1097.31 498.67 981.32 599.28 1004.08 653.27 1118.57 661.01
00030363 00000088 908.37 307.74 369.97 484.09 954.76 485.19 1094.62 499.63 979.53 602.58 1009.70 653.82 1123.80 662.05
00030364 00000089 906.73 308.79 370.63 480.83 952.35 486.90 1095.79 501.20 979.44 605.27 1009.08 655.05 1124.87 663.22
00030365 00000090 904.09 310.36 372.37 471.14 948.59 487.66 1095.86 503.93 977.64 608.43 1004.95 651.20 1123.38 661.20
00030366 00000091 905.62 317.52 377.25 460.66 954.50 494.95 1095.10 509.82 979.63 604.49 996.31 649.05 1115.26 657.52
00030367 00000092 905.43 314.68 377.80 463.61 953.04 495.86 1093.59 510.64 977.62 605.66 995.21 649.95 1114.10 658.40
00030368 00000093 905.51 315.35 374.73 464.53 952.68 495.51 1094.77 510.62 977.23 605.30 993.27 650.31 1114.45 658.99
00030369 00000094 905.77 314.64 372.64 464.74 952.37 496.35 1094.21 511.17 977.08 605.50 993.58 650.54 1113.72 658.97
00030370 00000095 903.47 314.42 371.52 466.24 951.03 496.23 1093.96 510.98 977.31 608.54 993.94 651.67 1114.30 659.89
00030371 00000096 894.92 311.53 379.10 481.72 943.19 489.42 1090.47 503.36 973.49 610.49 996.64 653.87 1115.65 661.83
00030372 00000097 897.37 311.94 385.71 480.37 946.46 500.57 1082.09 510.45 970.70 606.65 1001.14 659.06 1112.42 662.80
00030373 00000098 895.75 307.98 387.61 487.16 944.19 499.60 1079.20 509.21 969.82 608.12 1001.54 661.32 1111.66 664.79
00030374 00000099 893.89 310.57 386.38 484.03 942.65 499.86 1079.74 507.83 969.33 606.48 998.90 661.43 1107.53 663.61
00030375 00000100 892.18 306.04 389.13 484.71 940.09 500.16 1080.05 508.48 967.26 605.89 992.96 663.27 1099.27 665.96
00030376 00000101 892.72 301.97 380.30 481.91 937.87 497.04 1081.21 506.17 965.20 607.43 984.18 660.85 1098.24 664.64
00030377 00000102 893.90 300.32 380.40 477.82 935.34 495.12 1081.05 505.22 963.27 608.33 979.48 662.33 1095.79 667.40
00030378 00000103 892.63 297.84 380.95 482.67 934.09 496.30 1081.05 505.54 963.05 610.57 978.71 665.75 1095.04 670.25
00030379 00000104 890.12 298.43 376.69 492.47 933.88 498.22 1081.35 505.23 963.01 612.09 982.22 674.07 1092.28 676.72
00030380 00000105 887.88 298.56 382.40 498.00 932.46 500.24 1080.54 506.22 962.19 614.12 983.68 679.05 1091.15 680.90
00030381 00000106 887.01 302.14 387.98 498.18 931.82 501.81 1075.93 505.11 961.36 610.56 989.04 677.35 1092.22 676.74
00030382 00000107 884.17 303.93 397.02 503.58 933.63 501.25 1075.12 504.08 963.99 602.88 994.47 670.86 1102.25 668.70
00030383 00000108 880.53 300.52 412.36 512.58 932.83 497.10 1073.90 495.08 961.79 596.70 997.94 665.43 1110.22 659.22
00030384 00000109 888.66 298.82 402.59 507.45 939.07 491.79 1078.14 490.71 964.60 592.15 1001.59 660.39 1111.92 655.26
00030385 00000110 886.04 296.13 403.71 510.30 935.84 475.36 1084.89 479.31 966.64 590.34 1002.99 658.07 1115.49 658.12
00030386 00000111 887.18 293.47 400.55 512.11 937.99 475.81 1088.40 478.46 970.51 587.85 1003.48 656.27 1119.23 655.11
00030387 00000112 889.30 295.06 389.15 502.87 939.07 477.87 1089.42 483.32 973.36 589.39 999.79 653.11 1116.01 654.80
00030388 00000113 888.76 303.85 394.50 495.22 939.27 479.80 1091.22 487.78 974.07 592.51 997.06 655.87 1111.80 659.70
00030389 00000114 891.47 305.59 395.73 484.44 942.38 491.66 1087.91 497.97 972.68 600.63 994.29 657.48 1107.59 659.07
CROP_BBOX: 676 33 1490 929
