Video ID: 	HEIco-UYfX0
H: 	1080
W: 	1920
FPS: 	23.976023976023978

FRAME INDEX X0 Y0 W H [Landmarks (5 Points)]

00005017 00000000 767.23 261.90 454.50 645.25 838.03 538.86 1048.66 556.94 913.93 672.03 855.39 763.25 1021.85 778.94
00005018 00000001 765.92 264.19 454.63 636.29 842.90 534.63 1058.69 557.80 914.47 667.03 855.85 760.38 1023.79 779.28
00005019 00000002 764.28 262.80 457.67 636.01 840.14 532.39 1056.41 554.50 911.92 667.81 855.20 758.60 1023.26 776.55
00005020 00000003 763.94 259.20 458.96 637.49 838.38 527.43 1056.54 552.33 909.55 665.51 852.29 753.16 1023.36 773.63
00005021 00000004 771.57 262.07 447.37 637.46 839.49 535.10 1050.56 551.23 903.54 664.18 849.92 758.69 1022.66 770.79
00005022 00000005 762.82 261.71 460.26 632.73 838.20 525.34 1057.27 551.51 909.40 665.55 851.68 751.52 1022.58 773.01
00005023 00000006 762.79 257.41 461.74 637.58 838.31 525.81 1056.40 551.77 908.69 664.89 851.41 751.80 1021.44 773.18
00005024 00000007 769.84 257.05 451.26 644.07 839.33 530.82 1051.88 548.75 902.49 662.50 848.62 756.68 1022.49 770.17
00005025 00000008 768.74 251.53 453.33 649.15 839.77 528.80 1051.68 548.24 901.85 661.18 848.79 754.64 1022.11 769.21
00005026 00000009 769.02 244.34 453.07 656.28 838.72 525.94 1050.87 545.55 900.63 660.01 847.76 753.56 1022.51 767.95
00005027 00000010 767.12 240.20 456.44 658.72 838.55 522.72 1052.38 543.02 901.00 658.15 847.32 751.34 1022.90 766.28
00005028 00000011 767.38 241.01 456.73 655.11 837.89 523.48 1051.02 542.91 898.91 656.35 847.74 751.45 1022.24 765.56
00005029 00000012 768.40 235.90 457.53 658.88 838.89 519.46 1052.02 541.39 897.43 654.62 848.42 749.24 1022.16 765.30
00005030 00000013 769.03 234.55 456.90 659.07 838.95 520.01 1050.42 540.30 897.25 652.68 849.52 748.29 1022.20 763.00
00005031 00000014 770.43 238.80 455.96 653.91 839.51 518.24 1053.23 538.40 899.20 650.07 850.14 747.72 1023.76 762.39
00005032 00000015 769.75 235.61 455.91 654.54 841.01 514.11 1056.82 533.75 903.64 646.61 852.15 745.22 1026.39 759.69
00005033 00000016 769.38 235.96 455.68 654.48 842.31 511.56 1058.40 530.81 906.77 644.89 853.86 743.68 1028.97 758.05
00005034 00000017 768.29 234.46 455.03 654.61 842.33 508.88 1057.03 528.29 907.82 644.27 854.62 740.96 1029.72 755.35
00005035 00000018 769.77 229.39 453.17 657.56 843.69 508.20 1057.68 527.93 909.05 642.97 855.73 739.69 1030.32 754.16
00005036 00000019 771.37 221.05 453.47 664.10 845.32 506.50 1058.63 527.23 910.24 643.04 857.38 738.01 1031.84 753.07
00005037 00000020 773.04 222.24 452.55 662.20 847.84 506.62 1060.60 526.56 912.13 640.92 858.79 736.85 1032.79 751.44
00005038 00000021 774.29 216.14 452.16 665.92 848.99 504.42 1061.58 526.36 912.00 639.01 858.79 735.18 1032.45 751.34
00005039 00000022 774.62 216.56 454.03 664.27 849.15 504.31 1062.86 525.41 912.86 639.40 859.75 735.72 1033.48 751.25
00005040 00000023 776.57 217.11 451.02 659.72 849.95 503.26 1063.34 524.72 912.88 639.10 860.95 734.93 1033.49 750.75
00005041 00000024 777.64 221.30 449.23 654.48 850.84 502.21 1064.55 523.67 914.24 638.22 862.20 734.48 1034.52 750.44
00005042 00000025 779.90 221.41 448.42 651.93 851.57 501.37 1064.94 522.42 914.29 636.86 863.05 732.95 1035.16 748.64
00005043 00000026 779.30 220.46 450.43 653.61 852.40 499.73 1065.76 520.52 915.49 636.34 863.68 732.37 1036.45 747.90
00005044 00000027 780.99 219.97 448.66 653.24 853.27 498.11 1064.80 519.17 915.91 636.69 865.18 731.93 1035.72 747.73
00005045 00000028 782.00 216.86 448.37 652.83 854.73 498.21 1066.41 520.54 917.31 637.03 866.72 729.90 1037.34 746.58
00005046 00000029 781.81 216.77 448.41 649.28 854.12 497.27 1065.90 519.66 916.11 635.48 865.93 727.70 1036.69 744.40
00005047 00000030 782.30 217.41 448.06 648.13 853.34 496.00 1067.31 517.59 916.53 634.43 865.68 727.62 1037.91 743.75
00005048 00000031 781.41 215.09 448.17 644.63 853.01 494.25 1064.34 516.74 913.81 633.24 865.89 723.85 1036.12 740.42
00005049 00000032 780.76 214.14 450.17 646.71 853.66 492.64 1065.86 515.47 914.45 633.01 865.16 721.91 1037.34 738.90
00005050 00000033 780.50 212.67 449.18 646.19 853.71 491.31 1065.38 514.91 913.91 632.55 865.27 720.18 1037.44 737.84
00005051 00000034 780.27 216.94 450.51 634.71 852.27 481.01 1074.68 509.60 927.64 627.95 870.69 713.96 1037.84 737.13
00005052 00000035 779.56 211.33 451.19 640.86 851.08 478.20 1073.67 508.16 926.60 627.62 869.19 711.69 1038.37 735.81
00005053 00000036 780.56 209.14 451.71 640.35 851.61 477.80 1074.21 506.96 927.71 624.36 868.13 709.73 1039.15 733.59
00005054 00000037 781.03 211.29 452.14 635.15 851.00 475.65 1074.04 504.69 927.68 623.08 869.28 709.16 1039.31 733.08
00005055 00000038 781.61 208.00 452.38 637.90 850.74 475.27 1074.05 503.95 928.97 623.12 870.00 709.24 1039.82 732.84
00005056 00000039 781.96 209.21 452.15 635.91 850.50 474.78 1074.48 504.12 929.41 622.64 869.22 708.85 1039.10 733.05
00005057 00000040 781.95 208.28 452.10 636.71 851.49 475.24 1074.35 504.65 929.68 622.81 870.35 708.90 1039.30 733.17
00005058 00000041 782.21 210.81 450.07 636.69 850.91 476.72 1074.99 506.11 928.85 623.60 868.49 709.37 1039.52 733.53
00005059 00000042 781.56 213.45 450.77 635.01 851.99 476.94 1076.24 506.83 930.88 624.61 868.86 709.48 1039.56 733.91
00005060 00000043 780.87 216.68 451.93 632.86 852.11 478.71 1075.64 507.09 930.21 627.42 871.58 712.93 1038.97 735.90
00005061 00000044 781.93 217.06 450.29 644.31 853.74 493.17 1066.67 515.45 915.44 632.87 865.01 723.21 1037.41 739.78
00005062 00000045 781.01 215.55 449.68 649.98 853.23 496.33 1066.53 518.83 915.79 634.47 864.72 727.07 1036.55 743.67
00005063 00000046 781.56 214.69 449.07 653.88 854.43 499.24 1066.27 521.32 917.40 636.24 866.52 730.42 1036.59 746.74
00005064 00000047 780.57 217.43 451.01 652.74 854.23 499.57 1066.70 521.42 916.70 637.74 866.52 731.36 1036.87 747.58
00005065 00000048 780.87 218.45 450.75 651.94 854.03 499.70 1066.94 521.12 916.68 637.60 866.30 731.67 1036.96 747.69
00005066 00000049 779.84 216.06 452.89 654.27 854.56 500.43 1068.34 523.08 916.64 636.93 865.56 731.20 1036.68 748.10
00005067 00000050 780.44 216.99 451.50 652.73 854.79 501.15 1068.98 524.58 917.23 636.82 865.19 731.79 1036.25 749.26
00005068 00000051 780.52 219.17 451.31 653.91 854.62 502.71 1068.05 525.36 916.61 638.11 865.02 733.28 1035.75 750.24
00005069 00000052 780.35 219.94 450.22 654.57 853.85 502.77 1067.81 526.30 916.05 638.15 863.16 733.31 1035.17 750.89
00005070 00000053 779.60 220.06 451.10 655.61 852.56 503.51 1066.27 525.92 914.61 640.35 863.68 735.33 1034.95 752.07
00005071 00000054 778.66 220.83 451.37 655.78 852.28 504.13 1066.76 526.42 914.50 639.54 862.07 735.33 1034.58 752.02
00005072 00000055 778.37 214.90 451.05 663.64 851.88 504.59 1067.28 528.01 913.80 640.23 860.40 735.63 1034.24 753.07
00005073 00000056 775.78 219.05 450.89 665.82 848.95 505.64 1062.26 528.14 911.05 643.60 858.52 738.57 1031.80 755.25
00005074 00000057 774.04 239.52 451.75 652.95 845.70 512.25 1063.80 533.67 910.31 647.28 854.11 745.15 1031.10 761.30
00005075 00000058 774.70 237.83 453.27 661.01 843.71 516.98 1059.40 538.22 905.74 652.93 853.87 750.48 1029.04 766.27
00005076 00000059 773.86 233.31 455.43 663.41 842.51 519.29 1056.95 539.66 903.10 655.60 854.61 752.72 1027.41 767.69
00005077 00000060 771.86 234.08 455.80 662.10 842.22 518.60 1058.79 543.42 903.71 656.54 850.95 750.68 1026.56 769.44
00005078 00000061 771.52 235.87 457.90 660.60 842.21 519.83 1059.88 542.38 905.38 652.23 849.39 748.74 1027.56 765.74
00005079 00000062 771.27 238.52 455.85 652.12 842.71 517.84 1062.24 539.56 908.42 648.21 850.01 746.37 1028.23 762.65
00005080 00000063 772.12 242.81 454.01 645.33 844.13 516.77 1063.78 539.02 909.97 646.80 850.45 743.92 1029.41 760.97
00005081 00000064 773.14 242.36 454.47 650.18 844.16 518.55 1063.42 540.78 909.55 649.97 850.68 746.72 1029.65 763.72
00005082 00000065 773.26 244.07 453.38 653.01 843.55 518.97 1062.49 545.19 906.73 654.95 848.27 749.88 1026.17 769.91
00005083 00000066 774.97 243.63 451.64 654.92 844.05 521.13 1058.48 546.71 903.89 658.89 849.68 751.60 1023.36 771.17
00005084 00000067 775.14 247.97 450.44 650.40 842.40 524.49 1056.89 547.27 902.92 658.89 849.44 753.88 1022.96 771.24
00005085 00000068 773.89 245.28 451.51 652.80 840.97 522.66 1056.40 545.59 902.20 658.20 848.42 753.31 1022.59 770.62
00005086 00000069 773.92 245.53 452.74 651.83 841.06 522.81 1056.16 543.52 902.11 654.15 848.48 753.59 1021.70 769.11
00005087 00000070 772.51 240.09 454.33 657.65 841.80 522.02 1056.75 544.63 902.43 655.38 848.51 752.20 1022.85 769.05
00005088 00000071 773.36 238.42 455.22 658.75 842.48 522.31 1057.74 545.26 903.91 659.04 851.93 753.11 1025.65 770.21
00005089 00000072 775.17 241.83 452.44 656.42 843.64 522.34 1057.18 544.36 904.41 659.02 853.34 753.61 1025.43 770.19
00005090 00000073 775.51 242.15 453.01 655.58 843.60 521.18 1058.90 542.72 906.03 657.30 853.47 753.52 1026.45 769.54
00005091 00000074 777.80 238.01 451.90 659.60 845.66 519.56 1061.14 540.46 906.42 653.57 854.36 751.92 1028.30 767.32
00005092 00000075 777.67 232.59 452.76 658.76 847.82 515.48 1065.80 537.09 910.81 648.60 854.87 747.06 1030.98 763.18
00005093 00000076 779.24 231.89 451.60 661.77 849.27 512.80 1065.17 533.92 910.90 648.78 858.39 746.33 1032.82 762.15
00005094 00000077 780.62 235.24 451.99 659.92 850.82 514.82 1067.40 536.75 911.33 650.60 858.70 748.17 1033.25 764.74
00005095 00000078 780.99 233.66 453.30 665.10 850.65 516.65 1065.50 537.55 910.01 651.98 858.81 750.29 1032.71 766.06
00005096 00000079 782.03 233.65 451.72 663.21 852.35 514.16 1067.35 536.01 911.69 650.67 860.26 748.80 1033.91 765.38
00005097 00000080 783.95 235.33 447.91 656.53 853.75 514.28 1068.46 534.56 913.74 648.97 862.23 746.20 1035.41 761.69
00005098 00000081 787.83 229.99 445.16 654.96 856.10 512.62 1070.64 533.47 914.86 645.28 863.93 742.96 1035.79 758.74
00005099 00000082 788.85 229.44 445.81 655.05 857.98 512.05 1071.34 532.24 916.45 644.51 866.81 742.34 1037.62 757.44
00005100 00000083 783.22 236.58 456.17 639.29 853.74 511.39 1074.03 535.69 927.63 648.24 867.04 738.37 1038.01 758.91
00005101 00000084 787.09 231.40 447.08 658.51 855.88 516.14 1070.85 535.90 915.16 650.20 865.49 747.25 1038.40 761.99
00005102 00000085 787.41 233.74 445.57 656.90 855.24 514.50 1070.32 534.59 915.12 648.19 863.54 745.94 1037.24 760.98
00005103 00000086 783.89 224.61 447.98 659.45 855.32 510.50 1069.30 531.92 914.95 641.30 861.60 740.64 1033.80 756.88
00005104 00000087 783.08 217.93 444.31 662.70 855.38 506.16 1067.03 528.95 915.94 636.96 861.64 736.39 1032.47 753.39
00005105 00000088 778.92 213.36 448.06 664.38 852.29 505.76 1066.38 528.15 913.81 634.20 859.48 735.72 1031.16 752.20
00005106 00000089 774.30 222.38 449.98 659.63 846.66 506.66 1060.85 528.48 910.80 637.62 855.22 737.36 1029.45 753.47
00005107 00000090 771.96 231.99 451.14 650.41 844.07 507.82 1060.03 529.99 908.78 640.56 852.71 738.82 1027.43 755.46
00005108 00000091 771.45 221.81 452.63 659.39 844.01 507.04 1058.39 529.43 907.57 638.94 853.59 737.94 1026.89 754.51
00005109 00000092 769.91 216.41 452.03 663.42 844.62 504.73 1059.47 527.63 909.31 634.47 853.35 735.49 1028.04 752.39
00005110 00000093 769.30 217.54 452.17 659.40 842.95 501.37 1059.96 523.84 910.35 634.02 852.56 734.03 1029.45 750.62
00005111 00000094 770.07 217.17 451.28 662.40 844.45 503.68 1058.99 525.80 910.82 634.14 853.97 735.32 1028.91 751.59
00005112 00000095 770.58 215.00 451.15 664.23 843.60 505.15 1057.18 527.90 908.65 638.23 854.37 736.14 1027.98 752.86
00005113 00000096 769.94 220.33 450.56 659.95 842.59 505.37 1056.94 527.98 907.48 639.47 853.25 736.55 1027.47 753.34
00005114 00000097 768.77 215.98 450.72 659.69 843.86 501.69 1058.80 523.84 911.44 634.58 854.67 733.14 1029.88 749.48
00005115 00000098 773.47 218.28 448.32 650.22 845.49 490.04 1057.80 515.34 906.33 629.28 853.73 721.83 1028.01 740.74
00005116 00000099 775.43 211.26 448.78 635.47 845.13 474.90 1069.58 501.36 923.82 618.02 863.21 709.67 1033.51 731.31
00005117 00000100 777.17 213.53 446.93 628.13 847.97 472.57 1071.05 497.88 927.88 615.80 866.78 705.33 1036.04 726.21
00005118 00000101 776.79 207.58 450.57 636.39 849.48 471.22 1071.92 496.74 928.11 612.94 867.78 704.51 1038.70 725.47
00005119 00000102 784.38 206.89 449.26 631.86 852.18 471.80 1074.52 494.82 933.10 610.71 873.83 703.57 1044.17 722.77
00005120 00000103 795.97 197.26 450.70 638.10 865.07 469.27 1082.42 493.19 944.83 604.88 884.20 699.06 1052.51 719.37
00005121 00000104 811.21 190.85 448.71 638.10 874.14 460.15 1090.01 483.72 948.67 597.67 893.53 692.60 1057.62 713.18
00005122 00000105 819.09 184.05 448.63 638.72 885.81 445.31 1105.74 472.53 949.51 594.99 891.10 679.63 1066.78 700.61
00005123 00000106 820.50 174.40 453.48 645.71 889.05 443.83 1107.35 470.84 951.26 588.65 893.77 676.74 1068.46 697.85
00005124 00000107 821.64 179.89 454.18 641.99 889.03 443.26 1107.84 471.29 952.37 591.63 894.55 677.59 1069.86 699.51
00005125 00000108 820.76 193.68 453.16 631.53 892.68 444.37 1110.48 472.79 957.72 591.86 898.55 678.56 1069.95 700.75
00005126 00000109 823.91 194.38 447.51 637.38 885.47 456.86 1098.62 482.33 956.29 594.54 902.34 689.24 1065.91 711.55
00005127 00000110 824.75 198.40 448.02 633.46 885.03 454.71 1098.85 479.12 956.73 593.96 903.36 689.73 1065.60 711.27
00005128 00000111 824.65 196.24 449.14 635.75 884.60 453.91 1097.93 479.07 954.75 593.68 902.09 689.21 1064.66 711.30
00005129 00000112 824.14 196.89 449.25 639.17 885.45 457.16 1098.50 481.45 955.78 596.19 903.44 691.88 1066.27 713.05
00005130 00000113 825.01 192.25 443.40 647.00 887.38 460.67 1096.45 484.06 955.04 596.83 904.80 693.52 1066.03 714.02
00005131 00000114 822.58 196.12 444.15 642.27 883.51 460.78 1093.62 484.34 952.82 599.27 903.41 698.59 1061.21 719.23
00005132 00000115 819.19 200.31 444.50 636.30 879.85 461.43 1092.24 484.04 951.91 600.10 900.87 700.06 1058.02 720.13
00005133 00000116 818.49 200.53 444.03 638.89 881.04 462.11 1093.11 484.22 952.27 599.36 900.90 700.32 1059.05 719.96
00005134 00000117 817.94 200.58 443.51 639.50 881.37 460.48 1092.77 483.71 951.97 599.09 900.53 699.26 1058.75 719.85
00005135 00000118 814.13 202.79 448.59 637.75 880.90 460.24 1093.83 483.96 952.64 597.95 899.25 697.88 1059.81 718.67
00005136 00000119 806.22 216.21 454.76 622.02 877.88 458.20 1101.92 476.28 957.81 595.51 900.13 693.65 1075.51 709.09
00005137 DELETE   805.51 196.48 457.53 636.05 886.60 460.03 1113.07 466.45 982.44 588.01 912.04 691.16 1092.85 697.06
00005138 DELETE   813.34 193.34 445.38 633.05 908.72 447.77 1132.37 445.91 1015.07 572.87 933.50 678.78 1123.33 677.74
00005139 DELETE   815.45 188.94 447.09 625.92 923.60 440.26 1148.92 429.90 1042.38 561.22 958.60 672.43 1146.41 664.13
00005140 00000123 813.72 197.02 454.12 624.05 926.91 434.24 1156.88 418.92 1051.84 559.19 966.89 672.87 1156.83 660.54
00005141 00000124 812.07 194.73 454.94 628.51 927.59 436.00 1161.17 420.53 1056.45 561.10 967.26 676.21 1159.80 663.87
00005142 00000125 808.75 203.13 455.81 627.35 927.77 442.63 1161.03 424.87 1058.57 567.47 969.71 684.15 1160.78 669.72
00005143 00000126 807.33 219.70 455.03 617.19 925.86 445.90 1158.55 432.57 1059.04 564.13 973.13 688.82 1159.60 675.04
00005144 00000127 798.77 219.32 460.57 625.02 923.88 460.07 1152.08 437.67 1053.07 580.80 968.65 699.53 1151.95 681.51
00005145 00000128 800.86 231.00 454.71 620.97 915.14 466.73 1150.57 452.43 1044.35 585.58 962.35 707.38 1148.19 694.58
00005146 00000129 796.07 243.29 456.15 614.70 908.62 475.51 1146.71 459.44 1038.53 596.76 955.76 717.00 1144.57 703.25
00005147 00000130 792.82 246.95 457.61 615.66 903.06 477.44 1141.25 462.73 1029.86 601.97 948.88 721.52 1137.98 709.19
00005148 00000131 790.48 253.00 457.13 612.91 901.12 480.93 1137.16 466.00 1026.91 603.77 945.91 723.53 1135.59 711.20
00005149 00000132 788.69 254.75 454.75 614.45 898.39 482.62 1133.66 469.64 1022.34 605.61 940.19 726.06 1129.57 715.53
00005150 00000133 786.84 247.30 453.75 628.75 896.37 485.45 1128.80 472.67 1018.74 607.81 938.16 730.45 1126.70 720.22
00005151 00000134 787.87 247.30 451.87 633.58 902.72 494.56 1127.96 483.89 1020.77 609.75 936.84 732.18 1124.66 723.70
00005152 00000135 789.20 239.66 449.10 641.11 897.27 503.36 1124.54 488.59 1017.56 609.28 931.63 733.01 1124.83 721.19
00005153 00000136 788.93 239.82 450.25 639.18 896.07 498.53 1126.66 485.12 1017.25 607.77 928.00 731.25 1123.93 720.50
00005154 00000137 785.89 232.16 450.00 650.84 893.05 494.71 1121.03 483.24 1010.86 606.85 924.96 729.84 1117.17 720.82
00005155 00000138 783.46 238.15 448.18 648.96 886.66 495.56 1113.87 484.62 1003.43 610.28 919.91 733.89 1110.36 725.40
00005156 00000139 782.09 238.07 447.22 650.52 882.93 497.03 1108.12 484.77 998.05 611.16 918.67 736.14 1106.58 726.63
00005157 00000140 778.06 246.25 453.67 647.41 881.07 500.30 1106.00 491.79 991.75 618.77 916.08 739.01 1102.07 730.70
00005158 00000141 773.43 243.34 460.04 645.84 876.82 496.94 1104.43 484.53 991.16 613.28 917.98 739.42 1098.89 726.50
00005159 00000142 772.82 248.76 461.15 641.68 872.83 494.97 1102.16 482.54 985.80 612.41 914.39 739.59 1094.79 726.95
00005160 00000143 772.75 242.34 458.87 652.44 870.51 492.13 1096.57 481.76 979.03 613.28 908.82 737.85 1093.59 728.23
00005161 00000144 770.24 240.99 462.16 658.51 867.51 492.51 1092.99 480.01 975.46 612.57 908.35 738.36 1094.69 726.76
00005162 00000145 767.49 244.38 465.06 655.79 864.66 495.78 1092.86 479.32 975.16 610.50 907.70 741.44 1089.33 725.62
00005163 00000146 769.25 241.21 464.62 651.45 866.06 490.77 1089.96 474.50 972.61 605.42 913.33 740.43 1077.32 725.14
00005164 00000147 768.09 237.59 464.53 652.45 861.49 490.64 1088.22 473.09 969.63 606.11 912.91 742.11 1078.73 725.75
00005165 00000148 767.70 243.10 462.37 645.56 858.24 490.75 1085.14 474.72 964.36 606.22 906.68 740.20 1075.96 725.03
00005166 00000149 765.67 246.88 462.99 639.83 856.18 490.43 1080.94 475.39 961.96 604.01 902.16 735.91 1072.58 721.53
00005167 00000150 764.82 239.06 458.48 652.39 855.37 486.72 1075.52 471.92 953.85 604.69 894.21 735.52 1071.62 722.83
00005168 00000151 765.35 245.35 462.23 641.58 852.43 489.89 1078.26 474.27 955.48 603.40 896.66 735.78 1069.39 721.32
00005169 00000152 766.03 247.31 462.68 637.94 853.19 489.44 1079.60 474.06 956.45 602.77 896.78 734.72 1069.69 720.45
00005170 00000153 767.45 245.45 464.30 638.83 854.06 487.22 1081.76 473.21 956.74 601.86 897.34 733.45 1071.31 720.14
00005171 00000154 765.12 240.11 463.16 645.36 852.47 482.08 1077.12 467.11 950.05 601.86 894.81 729.24 1074.63 716.08
00005172 00000155 764.28 240.70 462.94 640.82 852.01 480.53 1076.04 465.46 950.02 600.75 895.41 726.79 1074.28 713.48
00005173 00000156 764.09 239.13 462.59 639.52 851.28 479.60 1074.60 464.12 949.79 599.98 896.44 724.89 1073.66 711.17
00005174 00000157 764.72 235.56 462.03 640.81 851.81 476.69 1074.92 460.65 950.97 597.46 899.15 726.36 1071.39 712.20
00005175 00000158 765.25 230.82 461.81 649.42 851.79 473.61 1076.89 457.57 951.58 594.92 895.55 727.40 1069.87 713.24
00005176 00000159 764.59 228.29 462.32 653.50 852.69 471.42 1077.84 456.06 953.28 592.57 894.48 725.17 1069.94 711.42
00005177 00000160 765.44 231.22 460.50 646.03 851.99 470.63 1077.55 456.17 952.57 590.80 891.65 721.00 1069.28 708.06
00005178 00000161 764.51 224.65 461.41 652.91 853.45 467.36 1078.04 455.80 953.52 587.99 887.88 715.40 1068.17 704.73
00005179 00000162 764.04 221.31 461.94 656.23 854.08 465.57 1078.21 453.34 954.35 585.50 887.89 713.10 1069.23 701.76
00005180 00000163 763.26 215.33 463.54 663.18 856.40 464.55 1078.28 451.98 954.69 581.59 887.28 707.64 1070.35 695.71
00005181 00000164 764.64 212.68 462.00 665.16 856.75 463.08 1077.11 450.86 953.52 576.22 886.17 705.31 1071.05 693.56
00005182 00000165 763.76 205.93 461.80 669.65 857.18 462.80 1076.52 449.87 954.26 571.45 886.92 702.80 1072.78 690.41
00005183 00000166 763.08 204.38 461.88 668.81 856.68 461.76 1075.45 448.93 953.39 569.07 885.54 699.67 1073.78 687.36
00005184 00000167 763.28 207.26 461.27 663.38 856.20 459.37 1075.33 447.67 951.79 568.26 883.24 695.77 1074.78 684.33
00005185 00000168 762.57 206.33 462.64 665.46 855.17 456.65 1075.77 444.69 951.97 566.18 883.05 695.24 1075.25 683.49
00005186 00000169 764.38 204.25 460.02 655.56 855.06 451.95 1074.99 439.11 952.44 563.30 886.89 690.89 1073.69 678.54
00005187 00000170 765.15 197.19 460.75 649.27 853.73 450.39 1075.02 436.97 952.56 560.78 887.86 684.75 1075.04 671.39
00005188 00000171 766.19 196.82 461.11 645.90 853.66 448.17 1075.76 433.66 952.65 559.01 889.33 682.41 1078.65 667.90
00005189 00000172 765.78 195.89 462.15 646.94 853.95 448.31 1076.12 433.09 953.44 557.55 889.82 681.40 1080.10 666.12
00005190 00000173 765.57 197.86 462.23 643.67 853.68 448.06 1077.55 433.15 953.54 557.26 889.19 681.71 1081.14 666.58
00005191 00000174 765.30 197.67 462.58 642.42 853.10 446.97 1077.49 431.15 952.83 555.51 889.64 680.88 1081.09 664.96
00005192 00000175 764.90 198.11 464.11 638.40 853.33 444.27 1077.53 427.86 953.08 551.41 891.17 677.93 1081.34 661.69
00005193 00000176 766.53 192.72 463.65 639.04 854.07 441.70 1077.51 424.02 952.21 548.56 894.24 676.50 1081.11 659.11
00005194 00000177 766.44 191.67 463.40 639.45 854.68 441.52 1077.88 423.25 952.80 546.75 894.43 674.76 1081.94 656.81
00005195 00000178 765.61 193.98 462.44 631.16 852.81 441.88 1075.90 424.51 950.65 548.07 893.19 673.56 1082.26 656.13
00005196 00000179 769.47 187.16 455.09 637.15 851.45 436.69 1075.94 421.37 946.57 551.22 882.19 668.74 1076.63 655.02
00005197 00000180 769.59 184.43 455.65 639.92 851.11 434.71 1074.25 419.38 945.20 549.17 881.99 667.20 1075.11 653.45
00005198 00000181 769.81 184.62 454.68 635.18 852.05 434.34 1075.42 418.62 946.33 545.37 881.25 663.01 1075.75 648.94
00005199 00000182 769.13 182.94 455.87 634.77 852.52 433.61 1075.95 418.36 947.21 544.71 882.40 661.59 1075.73 647.85
00005200 00000183 769.51 183.22 453.24 630.55 852.22 434.28 1076.06 421.26 946.09 547.08 881.49 660.58 1073.23 648.74
00005201 00000184 768.03 184.15 453.01 627.84 850.38 433.19 1074.88 422.74 943.30 548.11 878.24 659.64 1069.84 649.91
00005202 00000185 768.27 189.96 454.33 625.87 849.57 434.71 1074.06 423.93 942.35 551.92 877.15 662.41 1069.98 652.46
00005203 00000186 768.32 193.44 453.32 622.35 850.31 435.92 1073.04 425.93 942.33 552.40 878.02 662.93 1068.70 653.65
00005204 00000187 769.73 191.67 452.64 625.58 850.92 436.64 1073.97 426.56 942.48 552.79 878.37 664.54 1069.21 655.25
00005205 00000188 769.02 189.43 453.34 629.23 850.80 436.64 1074.70 426.83 942.73 553.52 877.30 664.27 1070.25 655.11
00005206 00000189 769.54 192.31 453.91 629.14 850.16 438.09 1074.58 427.65 941.85 554.79 877.10 666.08 1070.52 656.45
00005207 00000190 768.57 193.47 454.68 629.11 849.79 438.02 1074.35 427.84 941.59 555.74 877.08 666.18 1070.45 656.74
00005208 00000191 768.26 191.08 455.04 630.45 849.62 437.59 1072.76 427.46 941.39 555.78 876.66 664.24 1070.38 654.89
00005209 00000192 767.86 190.69 456.12 630.50 850.52 435.85 1072.93 426.32 941.71 553.53 877.25 663.39 1068.52 654.53
00005210 00000193 767.01 186.71 456.96 633.88 850.61 434.46 1071.28 425.17 941.26 553.10 877.96 662.76 1067.00 654.06
00005211 00000194 766.88 189.93 458.00 629.98 850.76 434.18 1071.13 424.01 941.81 553.11 879.59 662.49 1067.66 653.06
00005212 00000195 766.48 182.35 457.76 635.34 850.56 432.96 1069.67 424.31 939.95 552.32 879.54 661.20 1064.48 653.14
00005213 00000196 766.33 191.80 459.13 628.13 848.22 436.82 1070.39 428.31 939.19 549.73 879.62 665.31 1065.69 656.07
00005214 00000197 766.16 178.75 456.94 640.64 849.21 431.69 1067.48 424.35 935.86 550.44 876.89 662.90 1057.29 655.95
00005215 00000198 766.62 178.72 455.62 640.54 847.28 432.23 1067.96 423.59 933.97 549.88 874.77 664.66 1056.91 656.71
00005216 00000199 765.41 178.56 454.99 644.02 845.22 431.66 1066.25 421.95 932.92 551.39 875.02 668.80 1057.35 660.18
00005217 00000200 763.85 175.42 454.05 660.31 841.49 432.89 1062.46 420.85 930.50 555.21 874.09 677.49 1056.66 666.95
00005218 00000201 760.95 177.04 457.59 661.33 836.53 438.15 1059.98 423.99 924.50 552.04 871.96 682.14 1052.71 669.16
00005219 00000202 759.43 182.73 455.95 656.66 835.46 438.59 1055.85 422.50 923.31 551.65 873.95 682.68 1051.04 668.05
00005220 00000203 759.24 183.58 455.48 655.40 834.99 438.71 1056.52 421.35 923.83 550.13 872.90 681.82 1054.12 666.06
00005221 00000204 760.66 181.46 455.53 653.28 835.65 438.57 1057.62 421.71 924.93 550.04 873.92 679.82 1053.86 664.64
00005222 00000205 760.07 174.94 456.21 657.26 838.56 433.32 1057.75 420.63 926.82 550.88 872.41 675.21 1054.26 664.08
00005223 00000206 762.56 177.42 454.65 650.59 840.22 433.10 1059.27 420.99 928.33 552.45 874.05 674.02 1055.14 663.44
00005224 00000207 766.52 179.11 453.87 651.61 844.05 441.05 1065.27 425.90 934.18 552.32 876.50 678.93 1060.57 664.90
00005225 00000208 768.57 187.75 456.58 640.09 847.03 439.33 1069.32 426.00 937.54 550.19 880.23 677.93 1063.49 665.12
00005226 00000209 770.58 170.44 454.38 660.68 851.21 431.22 1073.18 419.87 940.68 550.32 880.15 671.33 1067.05 661.06
00005227 00000210 777.83 165.22 449.68 662.63 855.20 425.59 1076.16 415.49 941.57 542.63 879.66 664.69 1069.76 655.32
00005228 00000211 785.26 157.39 454.97 667.49 868.85 424.34 1083.13 413.58 948.57 529.88 892.10 655.67 1077.52 647.15
00005229 00000212 791.97 151.84 456.01 676.01 877.42 420.56 1088.98 411.41 954.47 527.36 897.20 652.37 1082.21 645.27
00005230 00000213 797.58 155.30 455.35 672.75 883.16 418.00 1094.46 411.63 960.69 528.42 899.53 648.86 1086.92 644.18
00005231 00000214 804.47 155.72 452.78 663.06 886.67 416.30 1099.38 409.70 967.62 527.61 904.24 647.45 1090.52 642.82
00005232 DELETE   817.01 122.14 440.58 665.16 890.46 388.11 1110.36 381.76 975.81 500.69 909.06 624.50 1098.70 619.17
00005233 00000216 808.91 124.87 449.36 647.71 887.99 385.30 1109.24 379.42 977.77 492.34 908.01 613.70 1097.71 608.74
00005234 00000217 810.83 124.81 443.57 656.27 893.87 381.15 1114.22 376.26 982.72 495.75 907.14 612.38 1100.59 607.96
00005235 00000218 808.10 130.96 446.47 662.67 888.75 383.59 1106.20 377.86 970.38 498.17 902.26 620.67 1093.34 615.53
00005236 00000219 805.24 136.62 452.30 653.01 891.81 383.31 1112.62 381.67 975.50 498.37 902.78 618.87 1093.92 617.00
00005237 00000220 806.89 128.51 448.17 658.70 896.07 385.77 1115.83 383.43 982.57 496.31 905.79 618.64 1096.04 616.43
00005238 00000221 804.90 130.98 443.15 649.22 888.91 384.50 1112.21 383.47 978.21 494.48 899.74 617.60 1087.31 617.21
00005239 00000222 783.36 133.62 460.94 634.16 881.75 378.94 1099.74 386.90 967.52 487.64 892.65 608.00 1071.90 612.35
00005240 00000223 776.49 128.66 458.13 637.66 875.42 374.70 1090.10 385.31 958.79 486.02 887.21 607.36 1056.72 614.05
00005241 00000224 772.92 131.53 455.02 644.61 873.06 376.35 1084.23 386.73 954.02 486.13 883.24 614.02 1045.99 621.45
00005242 00000225 772.85 147.31 452.08 638.50 866.94 381.34 1079.97 389.24 946.71 494.70 879.05 624.29 1038.61 630.70
00005243 00000226 774.23 150.63 446.95 654.48 864.11 393.74 1076.37 401.10 942.14 515.59 876.08 640.42 1044.76 645.95
00005244 00000227 772.08 146.59 446.04 658.71 860.29 407.37 1077.18 414.25 942.37 525.49 871.74 643.45 1053.84 648.42
00005245 00000228 771.08 150.00 443.51 653.72 860.58 408.98 1076.17 419.69 942.28 529.49 867.84 643.18 1049.55 651.05
00005246 00000229 770.38 151.26 442.56 651.47 855.70 411.20 1074.76 422.53 938.80 532.95 863.82 646.16 1045.63 654.59
00005247 00000230 770.47 153.47 441.32 653.32 854.84 413.52 1072.75 426.24 936.57 537.65 860.73 649.36 1041.66 659.05
00005248 00000231 769.61 169.15 442.36 641.23 853.92 414.56 1073.25 428.07 935.40 540.17 858.67 651.77 1039.96 662.16
00005249 00000232 768.72 173.74 443.60 644.26 850.79 417.23 1072.12 429.35 932.36 544.06 856.85 658.02 1039.45 667.26
00005250 00000233 768.35 165.30 442.29 652.90 850.63 420.33 1073.32 432.75 934.44 547.77 856.31 661.98 1039.47 671.44
00005251 00000234 766.63 168.91 444.58 652.40 850.39 422.37 1073.26 435.73 933.56 550.09 854.42 664.34 1037.40 674.55
00005252 00000235 765.15 177.16 449.32 642.11 850.10 428.15 1073.68 442.86 934.31 552.63 853.67 667.52 1037.80 678.32
00005253 00000236 768.75 183.01 445.96 638.59 852.50 432.71 1077.23 447.00 936.56 553.31 854.69 671.05 1041.01 681.30
00005254 00000237 770.67 184.40 451.73 639.91 856.36 434.76 1080.93 450.30 937.86 553.59 855.44 673.34 1042.82 684.48
00005255 00000238 771.68 184.68 450.93 640.48 858.53 436.71 1082.52 452.23 939.52 554.83 856.90 673.75 1044.30 684.82
00005256 00000239 772.10 187.22 451.78 637.51 859.68 439.29 1082.96 453.62 940.73 557.26 859.26 674.91 1046.31 684.81
00005257 00000240 775.39 186.69 454.16 640.14 864.18 441.76 1088.43 457.57 944.65 558.61 866.30 675.63 1050.18 686.69
00005258 00000241 778.99 191.66 457.31 636.10 872.43 444.24 1094.48 461.80 951.51 560.49 873.92 675.81 1055.55 688.10
00005259 00000242 784.18 188.95 457.77 646.04 873.14 446.42 1095.47 463.00 961.50 570.14 885.53 680.36 1057.66 695.05
00005260 00000243 796.50 184.39 446.95 650.05 880.74 447.65 1101.72 462.85 966.42 570.79 890.85 680.25 1064.13 694.17
00005261 00000244 805.14 184.47 446.93 648.61 886.84 448.90 1106.75 462.92 972.96 571.93 896.78 681.81 1070.60 695.01
00005262 00000245 810.06 190.45 446.52 641.12 891.17 448.35 1108.96 463.15 974.22 571.65 899.98 680.95 1070.55 694.94
00005263 00000246 814.23 188.85 445.12 638.92 894.00 447.33 1111.04 461.79 975.99 570.07 902.66 679.52 1071.30 693.39
00005264 00000247 818.51 181.98 445.30 639.70 896.92 439.35 1114.89 454.64 978.95 566.39 903.06 673.90 1076.20 688.61
00005265 00000248 821.40 179.81 448.27 640.52 899.90 434.92 1121.40 449.65 985.63 564.10 907.15 672.54 1081.15 686.86
00005266 00000249 829.49 187.27 442.62 638.85 908.70 430.79 1134.24 448.80 987.57 560.90 909.22 674.47 1088.77 689.05
00005267 00000250 832.19 186.41 444.47 640.41 913.05 431.27 1137.37 450.76 988.68 559.81 910.67 673.39 1089.87 688.90
00005268 00000251 834.33 183.29 442.47 642.37 915.81 432.93 1138.91 453.18 991.48 559.70 913.36 673.18 1089.80 689.38
00005269 00000252 835.31 186.46 442.25 639.04 916.28 434.58 1136.53 453.38 990.98 560.34 916.28 674.97 1087.10 690.31
00005270 00000253 831.53 190.29 447.68 636.12 910.36 439.87 1132.94 456.29 989.13 563.06 911.73 673.37 1086.52 686.51
00005271 DELETE   825.10 195.15 442.87 625.42 907.82 434.22 1120.01 452.17 976.16 557.31 912.07 668.91 1070.78 683.66
00005272 DELETE   828.36 203.82 438.52 614.67 891.24 433.79 1097.49 446.66 954.74 554.86 903.86 670.15 1053.88 681.95
00005273 00000256 815.20 195.41 449.93 630.12 879.20 437.61 1083.80 446.18 940.75 557.10 892.47 670.57 1056.14 678.25
00005274 00000257 805.15 194.95 451.33 634.33 865.92 437.58 1078.29 445.46 932.12 558.52 883.06 674.77 1047.47 683.28
00005275 00000258 799.22 192.11 449.73 634.70 863.17 442.09 1076.45 452.22 931.48 562.08 878.64 674.43 1042.39 684.67
00005276 00000259 790.47 195.98 453.09 630.72 857.16 442.63 1071.46 456.51 923.16 561.34 868.23 674.13 1032.23 686.97
00005277 00000260 785.09 196.40 450.46 637.37 853.72 448.76 1063.91 460.96 914.61 561.79 860.80 677.45 1024.21 688.60
00005278 00000261 780.75 196.96 447.68 636.19 844.08 450.02 1054.39 460.50 903.70 567.02 854.65 681.95 1016.68 691.42
00005279 00000262 774.45 205.58 448.97 629.22 839.08 450.57 1049.09 460.34 901.06 571.10 853.14 682.72 1015.78 690.96
00005280 00000263 771.45 196.09 449.05 640.22 836.18 452.05 1043.52 460.08 895.53 571.34 851.34 681.60 1015.91 688.41
00005281 00000264 769.03 193.25 449.31 645.33 833.23 453.31 1040.57 458.53 890.28 565.81 846.07 682.35 1013.55 686.87
00005282 00000265 766.52 188.93 448.33 652.72 831.59 454.86 1039.58 458.36 885.80 564.88 846.38 685.52 1011.33 688.04
00005283 00000266 761.28 189.29 452.88 655.73 828.60 457.48 1036.10 460.00 883.41 564.75 842.29 687.80 1008.45 689.60
00005284 00000267 759.58 198.36 451.78 646.84 823.12 462.34 1034.94 464.94 882.28 571.09 835.48 690.31 1005.64 692.26
00005285 00000268 762.50 211.96 447.37 635.97 825.26 464.65 1035.21 467.71 882.93 575.49 838.80 694.17 1003.36 696.30
00005286 00000269 761.58 216.13 450.14 646.65 823.01 465.14 1027.40 461.61 877.93 576.33 838.97 697.31 1010.44 693.26
00005287 00000270 761.51 217.42 449.42 647.48 823.91 464.07 1026.96 460.44 878.15 576.37 839.69 696.17 1012.72 691.96
00005288 00000271 760.78 220.98 449.91 641.41 820.51 464.64 1026.28 461.74 874.91 578.53 837.27 697.72 1010.22 694.16
00005289 00000272 760.34 224.12 450.51 638.72 816.32 465.03 1024.28 463.95 869.85 581.13 832.48 700.38 1006.09 698.38
00005290 00000273 763.64 220.14 447.47 636.06 815.64 467.64 1017.03 468.87 869.63 584.22 832.77 700.62 999.20 702.34
00005291 00000274 761.08 224.07 445.93 631.03 812.23 470.64 1015.22 472.75 866.70 588.76 829.75 703.12 996.00 705.76
00005292 00000275 759.95 223.57 443.62 638.81 810.63 475.06 1008.71 475.08 860.75 591.80 827.18 707.64 989.73 709.13
00005293 00000276 758.02 222.76 445.03 641.15 809.77 481.16 1007.44 478.99 859.64 593.88 825.90 710.62 988.55 710.37
00005294 00000277 756.41 222.46 443.71 642.24 808.12 484.30 1005.11 482.69 856.14 595.69 823.13 711.25 985.90 711.52
00005295 00000278 755.49 222.74 443.44 642.87 806.58 485.10 1004.50 483.29 855.75 596.75 821.98 712.21 985.02 712.42
00005296 00000279 755.83 220.28 444.87 646.84 806.07 484.95 1003.56 483.00 854.77 596.68 821.50 712.06 985.00 712.17
00005297 00000280 756.13 221.14 447.75 645.50 806.94 485.49 1002.67 482.79 854.13 597.28 823.53 711.58 985.68 710.92
00005298 00000281 757.36 222.23 445.78 642.08 807.89 485.83 1003.33 483.84 855.75 598.04 824.43 711.80 986.27 711.70
00005299 00000282 756.86 218.90 447.62 647.28 808.12 485.53 1004.03 485.81 855.37 598.44 822.21 708.61 987.33 710.50
00005300 00000283 756.83 216.87 448.49 650.57 808.13 485.20 1004.50 486.30 854.37 598.52 822.03 708.56 987.10 711.06
00005301 00000284 757.53 223.50 451.08 643.11 809.20 484.35 1007.18 485.16 857.94 599.52 824.26 709.72 989.11 711.91
00005302 00000285 760.28 228.75 450.82 635.63 811.72 480.88 1008.15 481.16 860.65 598.94 829.32 709.18 991.08 710.74
00005303 00000286 763.43 228.84 450.74 637.97 815.41 481.04 1010.93 479.83 863.44 597.30 833.52 711.59 993.02 711.84
00005304 00000287 761.83 237.30 458.39 630.98 824.95 483.01 1026.36 483.73 875.35 597.16 841.58 713.87 1003.04 714.06
00005305 00000288 765.51 239.08 448.02 633.46 818.34 481.91 1022.67 482.09 870.65 600.41 838.65 717.14 1006.82 716.47
00005306 00000289 768.48 236.15 446.98 642.29 823.42 482.82 1025.08 480.33 874.93 598.57 845.38 720.86 1008.75 718.38
00005307 00000290 773.65 239.61 444.61 639.59 825.64 484.59 1026.21 478.46 877.18 598.87 849.98 722.43 1015.24 716.86
00005308 00000291 777.75 237.95 444.40 643.63 829.30 485.94 1028.82 477.90 880.01 598.91 853.92 723.52 1020.17 716.27
00005309 00000292 784.53 235.16 441.60 647.86 838.00 489.01 1035.82 480.56 887.36 599.57 861.59 722.97 1028.21 715.10
00005310 00000293 786.83 221.64 453.11 658.41 846.84 491.91 1048.12 485.42 896.27 598.00 865.27 722.61 1033.19 717.74
00005311 00000294 793.08 213.29 454.73 665.99 853.89 487.24 1054.55 482.66 902.75 598.13 869.88 719.95 1041.89 716.79
00005312 00000295 797.23 222.35 458.21 651.18 858.96 480.38 1058.93 478.15 907.32 596.96 876.29 714.58 1047.51 713.66
00005313 00000296 800.11 221.25 459.06 646.11 862.27 476.36 1058.97 475.10 908.41 592.87 879.73 709.51 1047.42 709.28
00005314 00000297 801.55 225.48 458.33 640.12 862.73 475.55 1061.35 474.32 910.90 591.94 881.33 707.61 1050.06 707.30
00005315 00000298 805.15 222.05 457.30 644.03 865.26 476.61 1062.29 474.42 912.04 592.51 883.38 707.94 1052.26 706.91
00005316 00000299 809.52 215.92 454.37 643.32 868.15 477.03 1064.66 475.83 916.72 593.30 886.09 706.27 1052.24 706.32
00005317 00000300 814.39 221.58 451.81 636.23 871.75 475.26 1068.70 474.06 920.55 590.33 889.54 705.03 1053.63 705.17
00005318 00000301 819.57 219.42 451.47 640.97 872.73 474.61 1070.43 473.01 923.63 589.41 891.72 706.76 1054.63 706.71
00005319 00000302 823.02 221.42 449.07 638.26 873.26 475.09 1070.23 472.08 923.74 589.18 893.47 708.34 1054.06 707.19
00005320 00000303 821.28 221.90 450.12 637.34 872.99 476.19 1069.38 472.24 923.06 589.33 893.42 709.89 1053.12 708.04
00005321 00000304 823.82 222.83 445.52 642.89 873.36 479.34 1067.87 474.75 921.20 591.09 891.91 713.70 1051.13 711.63
00005322 00000305 823.55 221.10 446.55 644.02 875.26 482.43 1070.41 478.55 924.05 594.38 893.52 715.35 1052.39 713.94
00005323 00000306 825.43 222.23 445.61 643.81 876.63 483.54 1071.49 478.11 925.35 594.38 896.25 716.99 1053.18 714.35
00005324 00000307 826.42 217.88 445.20 647.51 877.23 480.28 1072.46 475.80 926.06 592.45 896.45 714.72 1054.29 712.80
00005325 00000308 827.52 221.64 445.04 638.06 875.14 473.98 1071.75 470.60 924.94 588.81 896.34 710.89 1053.83 709.68
00005326 00000309 820.42 213.21 451.26 644.55 873.07 471.78 1069.81 468.92 922.71 586.34 893.26 706.38 1052.43 705.43
00005327 00000310 815.18 217.10 453.85 637.68 870.68 468.86 1068.71 468.55 920.45 586.85 890.85 703.46 1051.47 704.28
00005328 00000311 811.25 213.00 455.76 641.54 869.17 469.52 1065.77 468.84 917.95 585.43 888.16 702.59 1048.59 703.02
00005329 00000312 809.93 210.27 455.23 642.54 869.11 467.58 1065.58 467.58 917.36 584.06 887.75 700.49 1048.64 701.36
00005330 00000313 808.75 201.76 458.61 646.59 867.84 463.02 1065.72 464.22 919.09 581.23 886.08 696.89 1046.86 698.62
00005331 00000314 810.59 201.31 454.33 644.19 868.27 459.86 1067.84 460.41 921.76 575.60 885.46 695.50 1045.07 696.78
00005332 00000315 809.26 204.28 455.50 637.75 870.65 458.87 1069.64 458.14 925.52 572.66 891.32 693.37 1047.90 693.46
00005333 00000316 809.70 201.79 449.19 642.18 865.01 456.79 1073.22 459.33 921.88 569.65 887.80 697.01 1041.63 700.65
00005334 00000317 805.68 194.16 450.39 646.17 864.61 452.23 1070.97 458.16 919.47 564.96 885.41 690.51 1036.68 697.06
00005335 00000318 801.34 185.73 454.30 649.87 860.65 449.44 1067.34 453.72 915.56 561.32 881.42 689.06 1031.99 694.18
00005336 00000319 799.11 186.39 451.29 647.89 858.89 444.80 1062.05 449.09 913.92 560.02 879.50 685.29 1027.24 690.57
00005337 00000320 796.74 185.81 450.35 647.77 856.76 444.32 1060.91 447.65 911.64 557.43 875.70 682.63 1028.27 686.97
00005338 00000321 795.06 191.30 451.42 638.26 854.76 443.00 1057.81 449.05 910.00 558.25 870.82 678.04 1024.37 684.67
00005339 00000322 794.12 190.62 453.47 632.90 853.53 439.57 1057.38 448.10 907.68 555.52 866.13 673.80 1018.83 682.59
00005340 00000323 790.48 197.01 459.53 624.86 859.15 443.63 1058.78 450.77 912.34 559.12 867.11 672.47 1024.88 679.50
00005341 00000324 791.91 183.38 451.34 648.29 853.83 440.69 1058.57 451.46 907.64 558.00 864.18 674.01 1021.31 684.52
00005342 00000325 788.23 179.18 451.12 656.27 852.53 443.71 1057.98 453.28 907.74 556.63 862.87 677.50 1020.38 686.96
00005343 00000326 786.05 179.32 449.98 664.17 848.25 449.43 1057.51 454.66 904.15 558.75 862.14 684.69 1029.00 689.97
00005344 00000327 784.45 180.86 449.56 665.71 847.66 449.14 1056.03 456.30 902.39 558.41 859.63 682.72 1030.87 689.14
00005345 00000328 784.02 179.00 451.58 661.77 847.50 446.25 1057.48 455.06 905.60 559.39 861.25 678.03 1033.84 685.90
00005346 00000329 784.06 178.81 452.82 658.32 848.15 444.34 1058.93 456.11 906.64 558.26 859.41 673.11 1031.94 683.76
00005347 00000330 784.96 181.73 455.29 651.87 846.76 442.54 1058.70 453.40 907.45 560.43 859.99 671.24 1034.57 681.22
00005348 00000331 786.30 183.11 452.04 648.77 851.21 440.38 1059.24 454.08 909.21 560.03 863.52 670.59 1029.41 683.08
00005349 00000332 785.47 187.42 453.82 649.45 851.49 440.79 1059.87 453.96 908.88 560.78 865.49 674.70 1027.62 686.78
00005350 00000333 783.14 183.43 454.72 654.58 846.96 444.69 1056.48 458.61 904.11 563.65 857.82 673.66 1030.90 685.71
00005351 00000334 779.73 182.41 457.97 654.16 844.75 444.22 1056.96 461.24 903.44 564.65 854.46 671.10 1029.05 685.62
00005352 00000335 781.32 186.25 454.63 650.21 849.97 445.03 1061.89 462.31 908.30 561.57 858.71 669.80 1031.99 684.43
00005353 00000336 787.90 180.97 448.96 655.59 854.81 445.49 1062.09 459.00 910.45 558.48 867.65 672.92 1034.23 684.44
00005354 00000337 788.79 190.69 449.19 649.86 853.49 444.52 1064.87 452.51 914.79 558.63 872.18 678.52 1040.89 685.44
00005355 00000338 790.11 182.57 448.41 657.51 853.82 445.32 1064.20 452.09 914.20 557.75 870.89 677.82 1041.67 683.85
00005356 00000339 789.61 185.86 449.04 650.33 853.64 445.00 1062.93 454.11 912.71 559.09 867.53 676.95 1033.16 685.46
00005357 00000340 790.25 188.40 449.12 645.19 855.45 443.69 1061.84 453.98 913.96 558.34 867.94 677.30 1027.45 687.09
00005358 00000341 790.82 190.46 450.42 645.23 857.00 442.66 1062.39 453.91 913.31 558.32 869.17 677.19 1025.74 687.76
00005359 00000342 790.59 188.19 450.45 646.54 857.23 440.78 1063.35 454.49 913.19 558.96 868.33 674.84 1025.99 687.43
00005360 00000343 788.92 186.25 452.06 646.94 854.22 439.39 1062.44 455.46 910.85 559.86 863.90 672.43 1027.30 686.83
00005361 00000344 787.65 190.45 452.23 642.45 851.88 441.86 1061.42 456.43 908.48 558.56 860.83 673.60 1025.19 686.72
00005362 00000345 787.59 189.79 451.47 641.82 852.71 443.14 1060.52 459.13 906.06 558.21 860.19 675.00 1019.31 689.21
00005363 00000346 784.42 188.37 454.09 647.56 848.71 444.11 1060.01 462.43 901.66 560.29 854.55 676.20 1019.20 692.39
00005364 00000347 783.88 196.80 451.64 638.70 850.37 442.63 1061.24 461.25 908.15 564.07 858.15 676.04 1020.62 692.28
00005365 00000348 784.83 192.27 453.69 645.59 854.06 441.74 1066.97 458.57 916.14 564.34 865.29 678.36 1028.95 693.40
00005366 00000349 783.71 195.04 455.18 644.47 853.06 442.19 1066.87 458.16 916.26 566.08 865.34 677.23 1034.85 691.37
00005367 00000350 781.61 194.00 451.45 642.61 847.79 442.76 1056.90 460.66 901.81 559.79 854.07 670.91 1025.64 686.09
00005368 00000351 777.83 192.35 450.07 647.42 838.02 440.22 1043.23 457.45 881.73 560.53 846.49 668.78 1020.73 682.62
00005369 00000352 776.64 194.04 449.18 648.18 833.39 438.94 1033.77 448.42 871.05 559.47 842.41 671.78 1016.06 677.91
00005370 00000353 778.14 180.96 446.44 664.55 838.22 441.35 1043.45 453.18 883.29 555.35 849.08 673.24 1025.42 682.70
00005371 00000354 780.37 182.27 450.23 655.37 847.04 441.55 1055.64 452.74 902.88 553.57 858.03 672.97 1026.85 682.96
00005372 00000355 783.06 180.89 451.99 653.46 846.69 439.13 1058.67 452.87 904.74 555.03 855.15 671.18 1024.26 683.55
00005373 00000356 783.94 185.04 449.21 643.88 844.44 438.92 1052.03 453.14 894.95 552.62 850.80 667.55 1018.91 680.02
00005374 00000357 786.27 186.30 442.22 640.71 841.76 436.46 1042.03 451.65 882.46 553.56 849.91 666.13 1009.64 678.77
00005375 00000358 784.09 188.63 442.28 636.67 839.53 437.09 1041.20 451.21 881.86 554.63 849.38 666.84 1010.70 678.41
00005376 00000359 785.05 185.16 444.34 639.85 845.05 437.36 1050.35 452.52 895.42 553.93 853.00 667.13 1015.69 680.34
00005377 00000360 785.89 188.17 448.57 636.89 850.67 438.30 1059.89 450.91 912.14 556.66 862.50 670.67 1023.77 682.32
00005378 00000361 786.77 188.54 449.37 640.51 850.26 437.44 1062.50 449.98 913.30 557.23 862.08 671.40 1029.24 683.02
00005379 00000362 788.79 184.80 448.70 646.61 850.01 434.99 1059.65 450.76 906.03 556.36 858.46 669.65 1024.59 683.91
00005380 00000363 786.23 180.50 448.16 645.26 846.49 431.35 1051.06 449.85 892.39 552.20 852.67 662.97 1018.92 678.99
00005381 00000364 784.78 171.36 449.07 653.31 843.97 431.42 1046.11 446.07 885.53 549.34 853.87 661.55 1022.12 673.77
00005382 00000365 785.54 183.78 450.05 653.68 848.78 425.88 1053.88 438.86 895.08 544.25 859.64 659.18 1035.96 670.31
00005383 00000366 787.11 181.09 450.93 658.99 855.51 419.87 1065.04 433.03 909.22 536.72 863.93 655.50 1045.84 667.08
00005384 00000367 787.60 179.35 454.30 657.08 856.45 416.95 1067.80 428.78 913.47 533.38 864.52 651.78 1050.00 662.30
00005385 00000368 789.54 173.01 452.69 658.55 857.86 416.81 1066.25 430.76 910.58 532.94 863.79 649.56 1045.72 661.87
00005386 00000369 788.36 180.64 450.91 646.67 853.52 414.70 1062.23 430.58 905.72 536.39 860.88 649.86 1040.75 663.60
00005387 00000370 787.27 177.33 452.27 643.53 852.78 417.64 1061.26 435.33 904.42 542.10 859.91 649.24 1037.94 664.55
00005388 00000371 789.12 181.93 451.06 632.01 854.43 420.44 1061.51 438.69 908.27 546.04 863.34 648.65 1036.27 664.56
00005389 00000372 789.62 173.72 451.14 634.15 855.30 422.73 1062.90 440.67 909.94 546.21 863.04 648.55 1035.45 664.37
00005390 00000373 787.91 178.25 451.70 632.05 852.12 422.47 1061.65 441.10 908.46 548.76 861.25 650.87 1031.97 667.12
00005391 00000374 785.70 175.98 453.48 636.10 849.56 424.30 1057.97 443.22 903.85 550.23 858.24 653.45 1027.77 669.95
00005392 00000375 784.98 170.04 452.94 641.21 847.48 426.66 1056.42 443.77 900.61 550.76 855.84 656.24 1026.01 671.14
00005393 00000376 785.99 171.72 448.33 638.09 846.56 429.30 1054.56 445.37 898.97 550.50 856.48 656.33 1023.94 670.17
00005394 00000377 788.22 177.93 443.99 628.83 847.18 428.58 1054.11 444.63 900.58 551.02 858.96 655.54 1022.47 669.11
00005395 00000378 787.14 174.78 444.76 635.47 846.21 428.93 1053.96 443.50 899.21 551.10 858.33 657.40 1022.60 669.90
00005396 00000379 785.14 172.50 448.22 638.28 845.04 428.74 1054.44 445.27 898.45 550.05 856.37 656.11 1023.60 670.32
00005397 00000380 789.05 180.58 436.46 638.36 837.79 429.56 1046.40 434.63 889.08 550.26 848.30 665.31 1022.18 668.58
00005398 00000381 786.72 184.05 438.24 632.24 836.64 428.10 1046.85 433.81 887.74 549.13 845.80 663.50 1021.30 667.19
00005399 00000382 786.76 181.70 438.91 636.05 836.12 425.93 1044.99 432.20 886.18 549.00 845.32 663.07 1020.21 667.08
00005400 00000383 787.57 174.18 438.44 644.90 837.50 424.24 1043.87 430.23 886.33 548.63 848.19 662.18 1020.88 665.83
00005401 00000384 784.56 166.74 451.33 652.26 845.13 415.32 1052.61 431.69 895.46 543.87 857.19 653.65 1026.40 667.55
00005402 00000385 786.14 166.13 441.75 653.05 839.99 417.54 1041.04 421.23 887.74 540.35 853.50 656.48 1022.70 658.04
00005403 00000386 787.07 157.42 443.29 660.06 841.85 415.26 1042.07 418.75 889.82 535.22 854.96 652.86 1024.50 654.05
00005404 00000387 785.98 147.11 452.80 659.49 851.61 410.63 1053.14 423.02 897.68 528.71 858.83 642.56 1027.29 653.08
00005405 00000388 789.67 163.83 439.84 639.71 841.07 414.27 1046.96 420.94 890.80 534.28 850.61 648.91 1023.45 652.80
00005406 00000389 789.88 166.31 440.92 639.82 840.74 413.79 1048.54 421.53 891.71 537.88 850.26 650.89 1023.82 655.92
00005407 00000390 790.57 168.02 440.09 639.80 841.40 414.98 1049.08 423.89 891.27 539.87 849.26 652.18 1022.94 658.26
00005408 00000391 790.43 166.74 437.53 636.63 840.99 415.29 1048.96 427.24 889.82 539.43 845.18 650.50 1016.63 659.14
00005409 00000392 790.42 174.60 434.52 629.45 839.70 416.71 1048.15 428.76 887.99 539.10 841.78 651.14 1013.78 660.00
00005410 00000393 784.29 165.83 449.68 639.79 846.51 414.68 1054.36 436.30 897.32 542.46 853.66 646.77 1018.81 664.97
00005411 00000394 785.49 177.57 440.13 641.64 836.94 423.06 1045.27 431.03 886.43 548.68 844.94 660.06 1019.52 665.59
00005412 00000395 782.68 181.64 447.96 637.21 839.16 428.39 1043.93 437.52 882.95 548.10 848.28 657.47 1021.26 663.58
00005413 00000396 779.87 180.29 449.70 639.14 835.21 430.83 1042.47 437.53 880.04 548.37 846.48 660.02 1023.11 663.90
00005414 00000397 780.59 177.71 443.17 641.78 831.36 429.38 1039.84 433.85 880.89 550.08 842.14 662.19 1020.45 664.76
00005415 00000398 779.89 178.03 443.41 638.01 831.94 429.86 1042.16 434.57 882.62 549.81 842.19 661.03 1021.93 663.69
00005416 00000399 780.06 185.73 445.73 630.66 838.56 432.98 1049.06 437.36 892.85 549.96 848.57 662.04 1025.31 664.99
00005417 00000400 784.77 184.37 442.29 631.07 845.12 432.49 1058.52 434.58 905.31 546.84 854.07 659.43 1033.51 660.73
00005418 00000401 785.19 181.52 443.04 635.67 849.07 428.07 1063.66 430.99 910.47 543.69 857.43 657.94 1037.18 659.87
00005419 00000402 779.56 167.56 454.29 659.30 852.52 421.87 1062.75 434.19 909.57 539.00 863.69 655.20 1040.20 665.68
00005420 00000403 779.86 183.22 451.07 649.61 848.47 432.58 1057.20 433.44 900.55 533.96 859.75 660.99 1038.08 659.62
00005421 00000404 777.25 189.89 452.90 642.82 846.61 433.91 1054.39 434.35 898.30 536.85 857.81 659.32 1036.87 657.66
00005422 00000405 778.22 184.51 450.80 647.62 846.28 436.37 1053.23 438.28 898.15 541.66 856.37 660.62 1036.64 660.15
00005423 00000406 780.22 191.69 448.84 631.06 843.95 436.97 1055.17 440.59 899.12 546.35 852.77 662.51 1033.86 663.79
00005424 00000407 781.26 190.22 443.39 627.17 842.21 436.26 1056.23 441.89 900.39 552.19 849.16 663.61 1026.90 667.63
00005425 00000408 781.88 190.00 445.23 630.28 839.67 437.65 1053.64 443.62 894.84 552.36 844.97 666.08 1022.21 670.30
00005426 00000409 775.42 184.52 453.86 637.66 839.44 435.54 1054.99 449.95 901.05 555.87 849.80 665.28 1019.63 677.72
00005427 00000410 776.62 179.95 452.65 644.58 842.19 437.16 1055.55 452.20 902.22 557.27 853.94 668.44 1019.56 681.34
00005428 00000411 775.35 181.88 453.39 645.94 842.59 439.50 1055.87 452.33 903.20 558.06 855.59 670.94 1021.70 682.19
00005429 00000412 775.75 180.28 453.63 648.79 842.75 438.13 1055.29 451.71 902.80 558.66 855.46 671.32 1021.21 683.20
00005430 00000413 774.75 187.49 455.14 644.80 843.06 438.50 1055.12 453.26 902.34 560.18 855.23 674.07 1017.62 687.07
00005431 00000414 774.31 184.74 455.05 649.46 843.00 440.19 1054.22 455.51 900.33 560.98 854.79 677.30 1015.49 690.74
00005432 00000415 774.26 184.55 453.33 649.91 842.91 440.55 1053.84 456.31 898.68 560.81 853.22 676.56 1016.17 690.24
00005433 00000416 776.33 190.92 453.23 642.29 841.74 441.23 1047.66 452.77 893.97 561.82 849.26 672.65 1019.42 680.82
00005434 00000417 777.39 188.79 453.84 644.13 841.59 437.09 1050.01 448.46 892.71 558.15 847.16 668.10 1024.49 675.91
00005435 00000418 777.84 188.00 451.94 641.56 840.43 436.54 1049.97 446.78 891.83 556.13 847.71 666.91 1027.27 673.72
00005436 00000419 778.57 192.86 450.80 634.13 839.46 436.30 1049.15 445.91 889.45 554.91 847.24 666.80 1026.59 673.13
00005437 00000420 777.11 191.92 453.24 636.38 838.90 436.53 1048.15 447.88 889.28 557.66 845.33 666.27 1025.80 673.85
00005438 00000421 775.15 186.83 453.76 643.14 839.40 440.10 1048.17 453.56 892.37 562.42 844.33 666.21 1025.33 675.36
00005439 00000422 775.53 195.54 451.76 635.05 839.29 441.39 1047.80 453.60 893.03 562.88 844.85 667.21 1024.13 675.49
00005440 00000423 775.61 190.13 453.37 638.57 838.83 440.53 1048.32 453.19 892.77 562.24 844.88 667.27 1025.16 675.78
00005441 00000424 777.59 189.07 453.16 638.01 839.07 436.14 1050.18 447.48 891.49 558.07 846.34 668.16 1025.55 675.90
00005442 00000425 779.03 189.91 450.97 633.09 839.48 437.85 1051.11 447.04 892.15 555.25 847.17 668.16 1027.59 673.93
00005443 00000426 779.62 187.52 451.24 635.83 840.26 438.96 1052.33 448.26 892.14 556.22 846.65 670.12 1026.31 676.17
00005444 00000427 781.53 190.56 449.38 633.68 842.19 440.50 1052.83 449.35 893.82 555.69 846.66 671.75 1023.71 677.57
00005445 00000428 781.04 191.21 450.23 637.18 842.87 440.43 1052.50 451.78 894.10 558.65 846.29 672.16 1020.10 680.36
00005446 00000429 779.26 181.98 451.04 654.84 846.72 435.90 1059.54 451.69 905.62 557.37 855.03 672.79 1022.64 686.87
00005447 00000430 781.36 192.08 454.37 641.15 847.95 437.75 1057.53 446.87 900.28 557.45 855.39 671.76 1030.47 677.80
00005448 00000431 782.10 195.15 453.60 640.96 852.99 437.22 1058.75 445.70 904.71 557.00 859.41 668.17 1035.14 673.30
00005449 00000432 783.67 195.19 454.03 637.66 856.81 438.71 1064.53 449.18 907.99 555.45 860.81 669.02 1034.07 676.06
00005450 00000433 782.02 194.82 452.34 634.33 852.74 437.61 1070.32 455.14 919.56 558.46 862.96 667.26 1035.80 682.48
00005451 00000434 782.82 192.02 453.44 634.25 853.42 437.99 1070.15 459.65 919.90 561.36 861.26 665.52 1033.40 684.16
00005452 00000435 782.06 191.08 453.36 636.84 853.97 438.70 1070.31 459.22 920.76 560.80 861.95 665.95 1034.19 683.61
00005453 00000436 785.20 195.54 450.83 639.60 854.33 439.96 1069.03 456.99 918.91 560.47 866.06 671.31 1036.33 686.04
00005454 00000437 782.82 201.59 453.92 632.12 858.97 440.28 1066.64 450.79 912.71 556.39 862.52 667.71 1035.69 674.71
00005455 00000438 783.33 195.72 451.83 632.39 851.69 435.35 1068.18 454.00 916.89 558.29 862.18 666.57 1034.10 682.71
00005456 00000439 783.01 190.38 451.28 628.88 850.19 434.40 1067.45 455.70 915.15 558.41 858.27 663.40 1026.75 681.48
00005457 00000440 782.64 188.45 451.85 635.49 849.87 433.88 1067.85 454.90 914.64 560.14 860.10 665.74 1027.31 683.69
00005458 00000441 783.25 188.19 450.74 637.16 850.24 435.30 1066.12 454.49 915.19 561.71 862.03 667.47 1029.46 683.98
00005459 00000442 781.97 189.10 452.19 640.62 849.45 435.80 1065.24 453.73 914.83 562.78 862.68 669.07 1032.29 684.58
00005460 00000443 782.08 193.26 452.41 635.55 854.42 438.13 1064.28 449.24 909.15 556.56 857.14 666.35 1033.80 673.62
00005461 00000444 781.96 192.88 453.29 634.82 854.16 437.51 1065.24 448.74 908.77 556.50 857.46 665.85 1034.05 673.33
00005462 00000445 782.15 189.05 451.00 630.76 852.50 440.56 1065.99 454.29 909.26 559.61 856.85 665.28 1036.12 674.52
00005463 00000446 782.03 182.17 453.08 643.79 852.22 440.03 1068.49 459.60 918.55 564.93 863.16 669.45 1033.68 686.35
00005464 00000447 781.39 183.54 452.83 644.55 852.00 440.91 1069.32 460.54 920.55 568.30 862.92 671.33 1034.28 688.41
00005465 00000448 781.39 183.71 452.50 647.18 850.89 440.65 1068.98 459.94 919.94 567.92 862.52 672.54 1036.26 689.28
00005466 00000449 781.21 180.31 453.85 651.01 852.62 439.97 1068.79 459.01 919.17 564.06 862.88 671.49 1035.92 687.95
00005467 00000450 781.28 181.32 454.03 647.71 852.86 438.82 1069.68 458.97 920.09 563.53 862.38 669.55 1034.64 687.01
00005468 00000451 780.34 183.63 453.18 644.39 852.66 439.25 1069.77 458.73 921.23 564.31 863.75 669.13 1036.09 685.93
00005469 00000452 779.78 183.34 452.65 646.21 853.11 440.84 1069.97 459.03 922.08 562.90 863.55 670.17 1036.73 685.97
00005470 00000453 779.37 182.41 453.64 652.66 851.98 441.04 1069.06 458.61 920.51 565.57 862.35 672.62 1037.55 687.91
00005471 00000454 778.29 182.37 454.71 655.08 850.47 440.88 1069.61 460.43 920.56 570.96 862.43 674.20 1039.68 690.99
00005472 00000455 777.47 182.70 455.09 655.76 849.18 441.35 1068.30 461.24 920.04 574.86 862.74 675.14 1041.13 692.03
00005473 00000456 776.99 184.23 455.37 655.31 849.14 441.89 1068.78 461.65 920.53 575.45 862.98 675.48 1042.89 692.06
00005474 00000457 777.43 201.62 453.94 639.96 854.18 447.76 1064.51 460.36 916.33 572.95 857.92 675.09 1039.17 683.93
00005475 00000458 774.60 192.08 457.73 658.02 848.30 448.83 1066.86 466.60 917.47 581.36 861.72 680.56 1044.81 695.12
00005476 00000459 775.69 201.50 455.84 651.34 845.26 451.12 1065.08 468.44 914.40 586.20 861.11 684.40 1043.24 698.34
00005477 00000460 776.03 202.23 453.28 651.79 846.00 456.23 1063.44 476.03 913.53 589.87 860.59 686.14 1040.35 702.18
00005478 00000461 775.31 205.42 450.81 647.18 845.13 461.64 1063.29 480.22 915.38 592.88 859.95 687.72 1041.10 702.72
00005479 00000462 773.37 211.91 449.64 635.81 845.34 466.02 1063.86 484.03 919.52 596.79 861.74 687.19 1042.25 701.58
00005480 00000463 771.14 210.20 450.41 636.75 845.29 471.17 1064.25 488.35 922.24 599.40 862.02 688.75 1044.00 702.37
00005481 00000464 770.92 212.29 450.09 634.85 845.72 475.28 1066.19 492.40 924.10 602.05 861.79 691.77 1043.96 705.27
00005482 00000465 775.52 203.38 446.40 652.82 848.03 475.76 1061.19 492.97 926.15 606.23 862.64 694.44 1045.39 708.59
00005483 00000466 770.31 213.89 450.33 634.48 842.73 480.20 1066.61 497.38 925.01 611.52 860.22 697.31 1044.33 710.82
00005484 00000467 768.73 216.21 450.29 634.79 839.21 481.21 1063.98 497.65 922.09 615.28 858.97 700.85 1043.78 713.33
00005485 00000468 766.25 225.00 451.97 636.22 841.02 487.67 1055.69 504.59 909.63 621.54 852.16 703.67 1042.27 715.79
00005486 00000469 764.42 226.09 454.30 637.09 838.14 489.09 1053.18 506.67 905.59 622.71 849.44 703.88 1040.63 716.50
00005487 00000470 764.08 231.20 453.69 633.85 836.43 489.85 1049.79 507.60 901.08 622.91 846.33 706.90 1036.52 719.76
00005488 00000471 764.13 231.85 452.09 637.08 832.65 494.59 1046.40 510.39 897.90 626.31 843.37 710.54 1035.90 721.77
00005489 00000472 764.17 232.37 449.54 640.83 830.60 498.15 1041.16 511.35 892.93 629.76 844.40 715.48 1033.79 724.83
00005490 00000473 762.21 228.51 451.10 648.87 830.05 500.34 1039.60 513.14 892.07 632.51 844.90 719.27 1032.43 728.01
00005491 00000474 761.44 228.63 450.57 650.83 829.15 500.65 1037.98 513.54 890.85 633.53 844.94 721.49 1031.35 730.22
00005492 00000475 761.16 225.93 450.20 653.43 830.41 500.78 1037.59 514.54 891.57 633.20 845.81 721.84 1029.37 731.21
00005493 00000476 762.21 229.61 449.33 648.32 830.02 504.13 1036.52 516.59 890.98 633.46 846.90 724.13 1028.41 732.39
00005494 00000477 757.55 225.36 461.55 647.58 827.14 501.69 1040.87 521.30 893.79 640.93 844.21 717.27 1027.53 731.45
00005495 00000478 759.71 223.85 457.78 650.80 825.62 504.98 1038.50 523.71 891.08 642.73 843.07 722.01 1026.36 735.40
00005496 00000479 758.33 226.44 457.69 648.34 823.25 507.51 1039.03 525.37 890.98 644.82 841.81 726.11 1025.33 738.75
00005497 00000480 758.14 230.26 454.12 642.93 821.56 509.48 1039.03 525.84 891.13 645.08 840.29 727.25 1024.04 738.72
00005498 00000481 757.85 228.20 452.35 646.63 820.31 510.37 1036.21 525.09 888.46 645.98 840.08 728.06 1023.01 738.13
00005499 00000482 759.27 230.77 444.73 650.47 820.44 514.15 1030.48 522.89 885.15 641.15 841.16 733.12 1024.49 738.64
00005500 00000483 759.31 233.00 443.09 648.08 819.63 514.34 1029.81 522.93 883.98 641.09 839.85 734.00 1022.22 739.52
00005501 00000484 758.85 234.43 445.39 645.14 819.41 515.11 1028.82 523.73 883.43 639.80 839.00 733.50 1020.92 738.98
00005502 00000485 755.25 233.88 454.45 638.54 815.85 509.66 1032.31 524.23 884.94 646.98 838.11 729.24 1018.01 739.56
00005503 00000486 754.77 232.97 454.51 637.93 816.07 509.59 1032.33 523.57 885.08 646.43 838.46 728.65 1018.39 738.42
00005504 00000487 754.11 232.75 454.66 639.41 815.26 509.79 1031.89 523.82 885.06 648.42 838.92 729.70 1018.99 739.41
00005505 00000488 755.05 226.91 454.32 645.30 816.39 510.79 1031.27 524.58 883.98 647.98 838.40 728.80 1019.20 738.16
00005506 00000489 754.90 224.68 457.56 647.01 815.45 510.23 1031.25 524.29 883.63 648.20 838.56 728.92 1018.38 738.60
00005507 00000490 755.33 225.31 457.62 645.41 815.47 509.79 1030.50 523.46 883.07 646.63 838.57 728.47 1018.12 737.85
00005508 00000491 755.11 229.60 457.02 640.59 814.24 509.32 1031.10 522.50 883.70 647.66 838.25 727.92 1019.32 736.73
00005509 00000492 755.57 228.91 456.22 643.04 815.31 508.06 1031.12 522.16 884.76 647.99 838.77 727.21 1019.44 736.90
00005510 00000493 755.77 226.92 454.93 645.41 815.96 509.15 1030.89 524.41 884.26 649.62 839.88 728.78 1018.67 739.53
00005511 00000494 758.58 231.89 448.43 652.77 818.36 515.48 1028.16 523.23 882.29 644.23 842.49 735.12 1025.13 739.66
00005512 00000495 754.98 229.94 456.17 644.47 815.62 509.49 1031.28 525.88 883.27 650.13 839.00 728.15 1019.50 739.56
00005513 00000496 758.57 233.82 445.81 647.41 818.05 512.78 1027.38 521.29 880.00 640.38 839.56 731.23 1024.52 736.32
00005514 00000497 756.89 226.89 452.23 640.50 815.99 502.80 1032.36 518.14 882.49 643.81 836.33 720.17 1021.52 730.67
00005515 00000498 756.91 228.08 454.91 635.43 816.53 499.24 1032.70 516.57 882.52 641.66 835.81 716.75 1019.61 729.16
00005516 00000499 756.49 228.49 455.93 637.24 816.00 498.96 1032.30 515.63 882.26 641.93 836.54 718.02 1020.19 729.92
00005517 00000500 756.04 228.53 455.33 635.58 815.25 500.83 1031.89 517.47 881.74 644.19 835.86 718.21 1020.35 729.88
00005518 00000501 756.53 227.64 454.12 635.69 815.22 501.47 1031.51 516.08 882.31 644.44 836.93 718.85 1021.08 728.79
00005519 00000502 756.10 231.91 457.19 627.44 815.82 497.38 1031.08 514.07 882.96 642.14 837.88 714.92 1019.24 726.80
00005520 00000503 754.93 237.18 459.92 620.71 817.14 493.18 1032.54 509.49 884.60 635.85 839.33 711.17 1019.81 723.09
00005521 00000504 754.28 225.93 462.20 630.45 817.31 489.72 1032.04 504.24 884.17 631.63 840.47 710.07 1021.54 720.67
00005522 00000505 754.11 223.95 461.44 630.47 818.20 490.01 1032.74 504.61 885.15 631.01 841.26 709.50 1020.97 720.29
00005523 00000506 754.08 231.44 460.20 623.76 816.90 491.28 1032.70 506.34 885.13 633.45 840.22 711.12 1020.20 722.24
00005524 00000507 753.65 230.25 459.84 624.52 815.17 491.41 1032.54 505.97 883.81 635.05 839.61 711.40 1020.80 722.11
00005525 00000508 753.90 230.17 459.28 624.74 816.21 490.69 1032.29 505.07 883.97 634.13 840.42 710.80 1020.89 721.38
00005526 00000509 752.21 229.59 460.62 625.34 816.54 489.40 1031.90 502.96 884.12 633.18 840.50 709.46 1021.80 719.30
00005527 00000510 752.24 221.05 460.91 632.03 819.34 488.17 1034.00 503.82 886.82 631.47 840.54 706.00 1021.40 717.57
00005528 00000511 751.79 220.02 460.66 633.55 819.01 486.46 1034.98 502.59 886.37 630.44 839.14 704.53 1022.23 716.48
00005529 00000512 751.72 219.23 454.42 645.83 820.09 492.43 1034.63 506.94 884.31 628.48 838.29 712.57 1025.32 722.37
00005530 00000513 749.97 222.43 462.37 631.63 819.64 487.45 1036.53 500.83 892.02 629.19 841.78 705.97 1023.21 715.97
00005531 00000514 749.25 221.46 453.28 629.96 815.48 483.70 1039.70 500.48 892.87 631.33 842.86 708.12 1021.25 720.16
00005532 00000515 749.32 222.48 451.47 627.68 815.33 483.66 1039.56 499.53 893.73 630.81 842.88 707.24 1022.24 718.36
00005533 00000516 749.53 223.64 453.32 627.51 817.06 483.51 1041.65 501.49 894.60 632.25 844.48 707.00 1023.20 720.06
00005534 00000517 750.22 228.87 453.85 624.07 815.89 484.19 1042.01 500.59 894.47 633.05 843.65 707.65 1024.84 719.42
00005535 00000518 751.67 227.26 456.51 636.85 822.17 492.93 1040.43 507.17 890.84 628.06 841.18 711.65 1031.15 721.63
00005536 00000519 749.57 222.10 456.89 633.42 818.91 485.77 1046.75 503.52 898.74 635.51 846.90 707.83 1031.32 720.57
00005537 00000520 756.25 217.87 451.71 641.57 822.27 488.52 1037.76 501.17 899.45 631.52 851.65 711.67 1029.15 721.25
00005538 00000521 756.81 215.88 451.30 643.41 823.76 487.30 1038.05 501.70 901.03 631.47 853.26 709.43 1029.94 720.61
00005539 00000522 758.37 214.82 450.90 642.75 825.47 487.86 1037.96 500.64 902.19 627.99 853.56 709.08 1029.39 718.99
00005540 00000523 759.06 213.48 449.70 643.73 826.45 487.81 1039.34 501.40 903.57 627.85 853.47 708.79 1029.52 719.37
00005541 00000524 758.31 214.23 450.52 643.74 826.70 487.43 1039.58 501.06 904.75 627.94 853.25 708.13 1029.56 718.81
00005542 00000525 758.98 209.44 451.46 651.60 828.07 486.55 1040.01 501.64 905.21 629.39 854.01 707.87 1030.03 719.77
00005543 00000526 762.51 219.09 447.66 638.45 830.23 487.28 1042.48 500.78 909.38 630.00 858.15 708.90 1034.06 719.54
00005544 00000527 762.41 215.11 448.05 643.86 834.76 488.03 1045.33 502.31 912.77 628.84 860.80 708.31 1035.32 719.63
00005545 00000528 762.77 218.78 448.30 639.31 833.73 487.61 1045.60 499.96 913.41 628.99 860.33 708.59 1037.04 718.30
00005546 00000529 762.32 212.56 449.56 645.54 835.10 488.18 1044.00 501.74 913.21 626.56 860.59 707.22 1034.52 717.97
00005547 00000530 761.58 204.66 450.94 654.55 834.76 487.66 1044.56 501.75 913.26 626.34 860.12 707.14 1034.71 718.46
00005548 00000531 762.78 210.40 450.54 649.20 836.51 487.16 1046.54 502.82 914.47 627.33 861.08 707.47 1035.40 720.07
00005549 00000532 763.79 221.39 447.77 637.74 838.00 487.69 1048.48 503.08 916.56 628.42 862.39 708.29 1036.63 720.70
00005550 00000533 762.58 219.71 448.75 644.14 838.75 487.79 1049.72 502.15 918.33 629.14 864.30 710.51 1039.58 721.82
00005551 00000534 762.98 210.27 449.37 652.83 839.28 487.67 1049.54 503.08 919.50 628.19 864.70 709.04 1039.49 721.48
00005552 00000535 762.82 203.92 451.68 656.88 840.92 486.23 1051.01 502.76 919.93 626.40 864.06 708.11 1037.29 721.71
00005553 00000536 763.31 199.90 450.79 660.83 841.73 485.13 1049.80 501.48 920.16 626.87 865.94 707.60 1037.19 721.06
00005554 00000537 763.90 199.74 449.85 663.47 842.46 486.71 1051.28 502.77 921.37 626.65 865.60 708.57 1039.39 721.79
00005555 00000538 766.06 202.15 447.19 660.45 843.30 487.58 1052.02 503.75 921.83 627.73 867.00 709.71 1039.38 723.14
00005556 00000539 765.28 206.93 448.11 657.21 844.52 489.04 1051.37 505.09 921.26 627.58 868.36 709.79 1039.55 722.96
00005557 00000540 765.43 212.08 447.27 652.14 843.99 489.30 1052.38 504.44 922.88 628.34 868.65 711.27 1040.29 723.72
00005558 00000541 765.97 206.93 447.39 656.54 846.11 489.57 1053.26 505.83 923.89 628.46 869.53 709.95 1041.10 723.34
00005559 00000542 766.25 215.33 447.74 645.36 846.04 488.59 1055.44 506.15 925.47 628.87 868.43 709.43 1041.58 723.86
00005560 00000543 766.73 217.35 448.56 644.27 846.66 488.28 1057.51 505.29 926.51 630.01 869.88 710.40 1044.37 724.25
00005561 00000544 768.46 219.11 447.49 640.77 847.71 487.88 1059.43 505.81 928.21 630.32 870.39 710.70 1043.83 725.45
00005562 00000545 760.07 213.10 455.96 649.89 844.18 494.40 1059.53 512.18 919.52 634.18 862.09 711.59 1050.25 724.63
00005563 00000546 760.93 215.65 455.35 648.67 844.00 494.50 1060.19 511.97 919.76 634.30 861.51 712.08 1050.46 724.99
00005564 00000547 760.63 215.47 455.10 648.46 844.49 495.21 1060.99 512.45 921.39 634.69 862.31 712.05 1051.54 724.73
00005565 00000548 761.07 216.78 454.43 649.40 845.27 496.25 1061.13 512.58 923.17 633.92 863.25 713.52 1052.02 725.55
00005566 00000549 761.78 217.24 453.17 649.96 846.17 496.84 1061.95 514.07 923.80 634.59 862.86 714.85 1051.09 727.65
00005567 00000550 760.96 218.69 454.64 650.28 846.86 498.39 1061.00 515.49 923.28 635.42 864.41 716.14 1050.94 728.84
00005568 00000551 760.22 217.54 456.54 653.98 847.16 499.10 1061.66 517.08 923.91 636.63 863.26 716.23 1051.59 729.74
00005569 00000552 760.89 219.84 456.29 654.23 847.78 501.12 1059.72 519.22 923.53 636.99 863.53 718.76 1048.37 732.19
00005570 00000553 760.85 219.36 455.70 658.18 847.00 502.61 1060.24 521.81 922.42 640.43 861.62 719.79 1049.07 733.92
00005571 00000554 762.05 214.05 455.12 665.52 847.08 503.75 1061.40 523.68 922.35 641.73 862.50 723.09 1048.85 737.60
00005572 00000555 762.15 212.87 454.09 668.29 846.38 504.66 1058.60 524.56 920.20 642.51 861.74 724.30 1046.63 738.74
00005573 00000556 761.45 220.86 453.94 662.60 845.24 506.08 1056.84 524.30 919.19 642.63 860.80 725.55 1045.84 738.76
00005574 00000557 762.26 222.55 453.53 661.37 845.35 506.38 1056.85 524.75 918.75 642.65 859.86 725.56 1045.67 738.89
00005575 00000558 761.99 223.78 453.95 660.73 845.28 506.34 1056.94 524.31 919.00 642.51 860.06 725.95 1045.86 739.02
00005576 00000559 761.91 223.43 453.87 660.39 845.32 506.51 1056.91 524.67 918.97 642.39 860.10 725.61 1045.53 738.80
00005577 00000560 762.25 221.98 453.44 662.10 845.32 506.02 1056.55 524.54 918.73 642.20 860.42 725.55 1045.34 738.98
00005578 00000561 761.30 223.85 454.22 659.73 844.55 505.07 1057.47 523.66 918.55 641.94 858.90 725.58 1045.07 739.16
00005579 00000562 761.01 223.31 454.76 660.43 844.21 505.58 1057.08 524.08 918.65 642.44 858.30 725.29 1044.97 738.77
00005580 00000563 760.28 223.41 455.01 658.55 843.18 506.63 1055.41 524.72 917.44 643.50 858.55 725.82 1044.13 738.95
00005581 00000564 760.07 220.47 456.21 663.37 842.41 506.79 1056.06 524.65 916.36 644.48 857.28 726.95 1044.33 739.97
00005582 00000565 760.29 220.43 456.71 662.95 841.69 506.82 1055.81 524.76 916.17 644.76 856.91 726.95 1044.30 739.97
00005583 00000566 760.28 220.48 455.70 661.92 842.85 507.03 1055.66 524.98 917.11 644.42 857.54 725.61 1044.61 738.68
00005584 00000567 760.96 219.99 456.07 661.53 844.19 505.71 1057.63 524.06 918.46 641.62 858.99 725.29 1044.95 738.58
00005585 00000568 760.54 219.55 458.32 655.87 845.71 502.13 1061.09 519.58 922.32 638.42 861.46 721.15 1049.32 733.85
00005586 00000569 760.92 221.62 457.27 652.10 847.00 501.49 1061.40 518.57 923.76 636.53 861.95 718.89 1049.63 731.44
00005587 00000570 759.77 222.59 457.63 650.90 845.44 500.32 1060.30 518.31 921.36 636.43 860.39 717.76 1049.20 731.12
00005588 00000571 765.61 221.33 451.45 644.12 848.89 494.55 1060.14 512.83 928.88 633.32 870.68 713.94 1045.15 728.58
00005589 00000572 764.79 218.85 451.51 647.86 848.53 493.79 1059.49 511.61 927.28 632.74 870.01 713.80 1045.23 728.14
00005590 00000573 764.58 215.23 452.03 652.01 847.11 493.37 1057.78 510.51 926.24 632.03 869.98 714.64 1043.79 728.60
00005591 00000574 765.12 215.71 450.86 651.86 846.66 493.37 1057.26 511.01 925.10 631.32 869.22 714.09 1043.40 728.36
00005592 00000575 765.17 215.08 450.87 652.86 845.13 490.74 1056.80 508.58 923.98 631.02 867.71 713.88 1043.23 728.41
00005593 00000576 764.54 216.15 450.36 651.69 843.39 488.07 1056.77 505.81 924.00 630.90 865.85 712.47 1043.65 726.97
00005594 00000577 764.07 214.46 449.48 650.56 842.16 488.66 1055.08 505.63 923.80 629.68 865.40 713.46 1040.49 727.36
00005595 00000578 764.01 211.84 448.48 653.59 841.24 489.25 1052.22 503.18 922.68 628.90 865.51 713.07 1039.47 724.58
00005596 00000579 763.32 215.79 448.03 648.25 837.31 486.31 1049.63 499.95 919.16 627.90 861.69 712.80 1036.14 724.05
00005597 00000580 763.01 211.98 449.22 648.51 835.69 485.30 1047.45 499.97 916.45 627.36 859.69 710.43 1034.44 722.46
00005598 00000581 761.48 205.42 450.10 655.90 836.24 484.28 1047.02 499.67 917.34 627.19 859.68 707.85 1035.25 720.43
00005599 00000582 761.76 210.34 448.89 651.23 835.52 482.97 1046.30 497.86 916.66 625.92 858.23 706.54 1034.66 718.74
00005600 00000583 761.15 204.66 449.71 655.00 834.50 482.35 1044.74 498.37 915.75 623.59 856.36 703.67 1032.74 716.77
00005601 00000584 760.21 207.70 449.00 648.30 833.33 481.37 1041.42 497.18 913.36 622.00 855.83 699.45 1031.54 712.27
00005602 00000585 760.69 203.74 448.42 650.71 831.95 479.22 1041.20 496.61 913.00 621.22 854.06 698.66 1029.81 712.87
00005603 00000586 760.53 207.64 448.12 647.44 832.77 479.27 1041.42 495.63 913.39 620.10 854.66 697.89 1030.90 711.28
00005604 00000587 758.87 202.43 448.77 650.12 831.36 479.54 1040.23 494.74 912.79 617.41 853.71 697.94 1028.82 710.39
00005605 00000588 757.73 196.69 447.96 652.68 829.46 480.41 1038.72 495.02 910.86 615.79 853.01 697.71 1029.07 709.44
00005606 00000589 758.10 201.69 447.53 644.66 827.43 480.09 1037.82 494.15 908.44 613.55 851.62 697.15 1027.27 708.46
00005607 00000590 755.90 198.98 450.01 646.26 824.42 479.87 1036.34 490.36 907.33 613.10 850.59 698.09 1026.84 706.50
00005608 00000591 755.52 198.07 449.67 647.26 824.40 477.78 1035.58 489.96 905.78 611.68 849.76 696.77 1025.06 706.55
00005609 00000592 755.07 201.39 449.69 641.99 822.52 475.19 1035.40 488.28 905.19 610.42 848.05 695.40 1024.97 706.00
00005610 00000593 755.03 203.60 449.68 639.86 822.77 474.81 1035.05 487.83 904.72 611.21 848.72 694.99 1025.14 705.42
00005611 00000594 753.66 203.60 450.89 639.53 822.93 476.47 1034.15 488.55 903.90 611.40 849.97 694.77 1025.57 704.38
00005612 00000595 753.41 202.94 451.88 639.22 822.21 475.46 1034.21 488.63 903.59 609.80 848.52 693.34 1025.51 703.80
00005613 00000596 752.27 201.15 452.52 638.84 821.71 475.86 1034.48 487.72 904.64 608.50 847.95 691.87 1025.86 701.22
00005614 00000597 751.84 197.89 453.64 642.64 822.31 474.56 1035.22 487.56 904.04 608.34 848.57 691.33 1026.65 701.45
00005615 00000598 752.49 201.38 452.52 640.06 821.03 475.10 1034.94 487.57 903.81 608.87 847.57 692.58 1025.97 702.36
00005616 00000599 753.98 200.49 450.62 641.97 821.22 476.81 1033.48 489.64 902.40 610.35 847.83 695.23 1023.54 705.42
00005617 00000600 753.70 209.63 449.34 633.64 818.33 476.11 1034.30 488.65 903.43 613.84 845.42 697.12 1022.93 707.37
00005618 00000601 753.09 204.59 448.19 639.72 818.03 480.23 1033.15 491.58 902.32 614.06 844.54 699.77 1021.42 708.94
00005619 00000602 754.35 201.23 446.25 642.39 816.35 482.07 1031.96 492.11 900.48 614.42 844.13 702.26 1020.31 710.30
00005620 00000603 754.42 204.12 445.29 641.31 814.82 480.97 1031.74 490.95 899.28 614.52 843.33 702.88 1020.27 710.87
00005621 00000604 752.94 209.25 445.41 634.46 813.00 479.85 1030.50 490.49 897.86 615.05 841.83 702.83 1018.71 711.10
00005622 00000605 751.35 210.41 445.28 634.71 811.45 478.82 1028.96 489.88 895.83 616.26 840.79 702.54 1017.69 711.20
00005623 00000606 750.46 211.94 444.78 633.44 809.37 479.47 1027.47 489.87 894.52 618.06 840.36 703.38 1017.60 711.39
00005624 00000607 749.13 207.84 445.79 637.10 807.91 477.79 1027.39 488.29 893.65 617.07 839.00 703.59 1017.34 711.64
00005625 00000608 749.42 209.37 445.50 634.29 807.16 477.60 1027.73 488.81 893.54 617.66 837.93 703.81 1015.56 712.50
00005626 00000609 748.23 210.01 445.81 633.82 807.27 478.51 1026.64 488.27 892.26 617.75 838.32 704.37 1016.05 711.79
00005627 00000610 747.52 213.12 445.01 628.01 806.78 477.28 1025.54 488.85 892.31 618.39 837.66 702.87 1013.23 711.88
00005628 00000611 747.55 213.21 445.92 627.13 805.32 476.70 1024.26 488.36 890.45 616.23 836.12 701.92 1011.28 711.05
00005629 00000612 746.54 206.57 446.84 634.77 806.62 477.17 1024.66 489.11 890.01 615.86 836.78 699.70 1013.45 708.93
00005630 00000613 746.64 209.80 446.07 630.24 805.61 475.64 1022.84 488.58 888.51 616.22 836.20 699.31 1011.34 709.38
00005631 00000614 746.14 214.63 442.09 628.22 813.43 481.99 1025.76 492.50 887.38 619.76 837.17 703.83 1010.71 711.47
00005632 00000615 741.67 208.98 449.44 629.99 803.08 475.11 1020.49 488.68 887.56 618.69 835.80 700.79 1008.41 711.54
00005633 00000616 739.83 205.22 448.69 634.24 800.14 475.36 1019.82 486.58 885.44 622.24 834.86 705.16 1009.39 713.50
00005634 00000617 739.13 207.95 450.82 644.71 801.72 485.27 1022.39 495.84 885.00 631.15 836.72 710.54 1015.36 717.81
00005635 DELETE   734.18 204.76 455.81 655.60 814.29 499.38 1029.06 521.06 888.12 651.94 840.51 713.69 1016.38 728.78
00005636 DELETE   730.66 231.39 455.94 651.75 800.42 513.88 1021.33 532.21 878.11 671.24 831.25 736.56 1021.65 750.31
00005637 00000620 722.63 269.02 459.09 618.46 799.01 527.05 1022.42 539.98 884.72 679.50 829.77 742.26 1019.29 752.48
00005638 00000621 723.38 269.19 457.63 618.92 799.66 528.92 1024.10 542.63 885.53 677.96 827.66 742.49 1019.06 753.20
00005639 00000622 725.66 260.38 455.74 623.67 799.95 526.27 1023.72 540.76 883.98 675.32 828.43 740.71 1018.32 751.84
00005640 00000623 725.50 263.97 454.84 620.95 797.07 520.99 1020.63 537.74 878.47 675.53 826.31 739.11 1016.15 752.11
00005641 00000624 724.40 258.16 456.15 629.86 796.51 520.28 1021.39 537.20 878.28 674.75 824.01 740.66 1014.92 753.75
00005642 00000625 727.00 263.40 446.29 627.39 794.80 527.10 1017.98 542.10 879.02 678.22 823.19 747.36 1012.41 758.88
00005643 00000626 723.55 265.56 453.71 612.27 793.58 524.83 1021.03 540.94 880.33 685.44 822.70 746.66 1009.66 761.93
00005644 00000627 729.24 263.85 445.74 630.98 797.67 529.31 1017.72 546.65 881.43 688.41 824.89 752.91 1011.23 766.48
00005645 00000628 728.51 272.11 445.55 623.94 796.76 528.75 1016.68 547.76 879.82 689.57 822.54 752.49 1010.14 767.33
00005646 00000629 726.92 267.44 445.93 627.66 795.33 532.24 1015.21 549.40 879.76 688.65 823.36 753.39 1009.95 766.61
00005647 00000630 724.38 263.61 447.43 635.00 793.24 531.48 1015.36 548.40 879.10 689.96 820.94 755.65 1009.25 768.70
00005648 00000631 721.18 267.55 446.98 634.08 791.94 533.30 1013.06 550.23 876.76 691.01 819.04 755.45 1007.93 768.71
00005649 00000632 718.41 282.44 450.04 620.12 787.65 534.65 1012.99 551.98 877.84 698.36 816.61 759.13 1008.32 772.70
00005650 00000633 720.11 290.18 448.91 613.72 790.08 542.18 1012.37 558.41 877.31 702.30 818.49 762.94 1005.19 775.62
00005651 00000634 720.51 300.61 447.99 604.12 789.35 545.19 1011.43 560.17 872.77 705.60 819.07 765.53 1003.14 777.48
00005652 00000635 720.38 304.35 448.60 600.83 789.17 544.29 1012.29 559.07 873.62 706.06 819.08 766.17 1002.88 777.90
00005653 00000636 715.59 297.30 454.04 601.51 781.61 536.00 1014.20 554.70 874.55 703.91 819.43 761.17 1004.92 775.25
00005654 00000637 716.28 289.45 456.27 609.68 783.14 536.49 1015.54 555.56 876.01 702.37 817.89 759.80 1005.77 774.26
00005655 00000638 716.31 287.81 456.41 611.70 782.76 537.23 1013.86 554.45 875.26 702.84 819.40 761.31 1006.16 774.27
00005656 00000639 715.72 291.00 457.14 609.45 783.78 538.45 1013.87 557.58 874.29 705.82 820.13 763.33 1003.69 777.96
00005657 00000640 717.74 294.33 455.05 606.33 786.63 539.93 1015.78 559.85 877.16 707.13 821.65 763.85 1004.77 779.05
00005658 00000641 721.44 292.97 451.00 606.18 787.71 539.46 1015.90 559.38 877.69 706.38 823.36 762.63 1005.93 777.97
00005659 00000642 724.53 291.56 455.44 604.67 792.69 535.22 1016.83 556.35 875.26 704.78 823.98 761.64 1007.53 777.75
00005660 00000643 727.03 294.56 455.26 600.31 794.10 534.26 1017.60 557.33 875.27 703.73 824.23 758.71 1009.81 776.38
00005661 00000644 732.75 303.95 443.80 597.61 797.17 539.59 1018.44 556.34 879.89 702.16 826.55 764.68 1008.64 777.77
00005662 00000645 732.15 302.61 448.20 600.52 800.46 543.21 1021.24 561.82 880.41 706.61 829.23 765.55 1009.72 780.13
00005663 00000646 733.22 297.53 448.77 606.32 800.83 544.29 1021.78 563.68 881.18 708.09 831.07 767.72 1010.16 782.90
00005664 00000647 733.08 297.58 449.97 606.72 801.82 543.12 1022.82 564.08 881.16 707.90 830.24 766.05 1011.25 782.55
00005665 00000648 732.95 289.38 449.93 613.22 802.55 543.09 1023.08 562.01 884.12 705.04 828.85 764.48 1011.63 779.44
00005666 00000649 735.14 280.32 450.09 622.65 803.22 538.11 1025.08 556.95 886.47 700.51 828.59 763.84 1014.45 778.70
00005667 00000650 737.18 272.62 448.54 631.72 804.35 535.87 1024.07 554.81 887.32 698.12 829.16 762.62 1015.88 777.55
00005668 00000651 737.27 273.72 448.23 631.20 804.61 535.94 1024.32 554.88 887.11 698.55 829.53 762.54 1016.61 777.42
00005669 00000652 737.03 272.41 449.61 632.32 805.25 536.27 1024.49 555.53 887.32 698.27 830.38 761.92 1017.62 777.05
00005670 00000653 737.10 270.49 450.23 634.68 805.46 534.19 1026.03 552.91 888.31 695.46 830.52 760.45 1020.09 775.06
00005671 00000654 737.84 269.09 451.59 636.47 806.91 533.60 1026.72 552.32 888.50 694.84 832.25 759.06 1022.46 773.56
00005672 00000655 736.80 262.19 455.82 642.35 808.50 532.82 1029.18 550.48 889.49 690.86 832.61 755.91 1025.86 769.51
00005673 00000656 738.54 251.92 453.71 651.15 809.74 532.85 1027.46 549.90 889.83 689.62 834.73 755.80 1024.78 768.63
00005674 00000657 738.47 248.47 454.39 653.15 809.25 533.22 1027.59 548.87 891.02 688.71 834.90 756.11 1025.23 767.78
00005675 00000658 738.44 253.98 455.44 646.08 809.55 532.39 1029.33 548.12 892.53 687.95 835.32 755.57 1024.71 767.52
00005676 00000659 738.27 253.81 456.27 643.46 810.99 530.74 1031.90 547.28 894.49 686.06 835.59 753.40 1025.01 765.99
00005677 00000660 740.13 244.32 455.93 653.94 812.37 532.66 1031.96 548.82 893.83 685.19 836.47 754.99 1024.62 767.06
00005678 00000661 738.81 258.57 456.24 636.56 812.77 532.15 1034.30 547.92 895.19 683.34 836.11 752.32 1025.16 764.37
00005679 00000662 738.19 257.74 457.63 636.76 812.13 530.16 1034.38 545.71 895.69 680.55 836.04 751.70 1023.99 763.67
00005680 00000663 738.40 251.10 458.98 642.73 812.72 526.77 1033.79 545.29 893.61 680.04 837.00 749.21 1024.33 763.39
00005681 00000664 739.81 252.33 457.53 638.22 814.00 527.06 1035.15 545.41 894.25 678.58 838.74 747.88 1024.31 761.83
00005682 00000665 741.55 251.65 456.19 639.56 815.65 525.86 1035.22 544.31 894.26 677.97 839.31 748.14 1024.65 762.09
00005683 00000666 742.18 249.12 456.70 640.26 814.54 523.65 1034.11 540.31 894.11 677.21 841.34 748.12 1025.31 760.46
00005684 00000667 740.46 249.20 458.57 638.34 814.55 522.02 1034.63 539.67 893.24 675.28 840.74 746.65 1023.91 759.96
00005685 00000668 742.88 251.53 457.24 637.59 814.85 519.80 1033.72 537.88 892.74 675.48 841.36 746.16 1025.12 759.76
00005686 00000669 744.23 247.54 455.73 640.93 814.57 518.45 1034.32 534.95 893.47 674.40 841.87 747.12 1025.69 759.40
00005687 00000670 744.61 243.96 456.44 644.41 814.72 516.83 1033.82 535.69 890.81 673.73 840.60 744.88 1025.06 758.95
00005688 00000671 744.87 238.16 458.94 648.97 814.93 515.38 1033.29 534.07 889.93 671.28 839.92 744.50 1024.17 758.52
00005689 00000672 746.62 237.84 454.82 646.22 814.73 513.64 1030.77 532.40 889.22 669.45 841.08 744.15 1021.92 758.15
00005690 00000673 745.20 244.52 457.48 638.79 814.05 512.88 1032.39 532.74 888.94 669.32 838.98 742.81 1021.07 757.91
00005691 00000674 745.41 242.18 456.15 640.03 814.90 512.56 1032.38 532.51 889.65 667.98 839.97 741.45 1021.52 756.51
00005692 00000675 744.51 244.69 456.41 638.20 814.68 512.55 1033.48 532.11 890.22 668.37 839.03 741.10 1022.10 755.97
00005693 00000676 745.16 245.86 454.76 636.44 814.55 512.02 1033.17 532.07 890.00 668.32 838.47 740.78 1021.77 756.04
00005694 00000677 744.19 242.76 455.67 637.99 814.66 511.91 1033.84 532.09 889.77 667.53 837.54 740.17 1021.33 755.56
00005695 00000678 743.26 246.39 458.25 633.61 814.21 511.67 1034.79 531.11 890.89 666.98 837.39 739.67 1022.39 754.58
00005696 00000679 743.93 243.80 457.07 636.88 813.93 510.68 1033.36 530.23 889.39 665.72 837.31 739.18 1022.13 754.18
00005697 00000680 743.91 242.62 456.56 637.43 813.53 511.07 1033.39 530.61 888.86 665.78 837.05 739.35 1022.17 754.24
00005698 00000681 743.22 245.26 456.01 635.58 813.39 511.60 1032.73 530.36 889.16 665.98 836.98 739.80 1021.65 754.17
00005699 00000682 744.14 242.41 455.53 637.93 812.96 511.75 1031.94 530.19 888.93 666.11 837.59 740.31 1022.12 754.20
00005700 00000683 743.81 240.38 455.70 640.09 813.52 511.56 1032.71 530.17 889.22 665.67 837.75 740.27 1022.12 754.36
00005701 00000684 744.63 239.46 454.30 641.52 814.18 510.90 1032.09 528.67 888.37 664.36 838.17 740.05 1021.80 753.39
00005702 00000685 744.07 237.60 454.12 643.46 813.30 510.55 1032.96 528.62 888.46 665.16 837.31 739.90 1022.81 753.45
00005703 00000686 744.44 236.47 453.74 644.25 813.51 510.62 1032.96 528.58 888.84 665.05 837.52 739.93 1022.77 753.40
00005704 00000687 744.30 237.42 454.15 643.42 813.60 510.60 1032.44 528.53 888.48 665.30 837.69 740.06 1022.14 753.55
00005705 00000688 744.16 243.00 455.44 636.10 812.65 511.13 1031.04 529.63 888.58 666.37 836.60 740.89 1019.37 754.96
00005706 00000689 743.96 244.31 454.77 635.35 811.99 511.33 1029.89 529.51 887.50 666.54 836.99 740.49 1020.33 754.32
00005707 00000690 743.37 240.92 454.61 638.85 812.24 510.98 1029.06 529.60 887.09 665.21 836.36 740.10 1018.64 754.27
00005708 00000691 743.42 237.59 454.17 642.26 812.13 511.33 1029.87 529.18 887.12 664.67 836.36 740.25 1020.00 753.70
00005709 00000692 743.99 238.82 452.36 641.20 812.49 511.01 1029.49 529.77 886.91 665.32 835.66 739.28 1019.31 753.47
00005710 00000693 743.36 244.57 452.35 635.97 811.97 510.50 1031.13 529.80 886.64 664.94 834.01 738.82 1019.55 753.58
00005711 00000694 743.37 241.26 452.46 639.44 812.16 511.44 1030.20 529.92 887.17 664.71 834.87 739.73 1019.26 753.72
00005712 00000695 744.03 242.83 452.26 636.91 811.28 512.52 1030.44 530.99 887.34 665.86 834.41 741.52 1018.51 755.58
00005713 00000696 742.99 243.21 453.52 638.50 810.49 513.78 1028.17 533.66 885.27 667.06 833.42 742.79 1016.08 757.99
00005714 00000697 740.08 250.85 452.54 637.17 808.07 519.56 1026.75 539.31 883.11 673.87 831.71 746.84 1016.73 762.03
00005715 00000698 738.98 255.15 450.13 633.61 807.58 522.56 1026.09 542.19 884.42 673.99 829.84 747.24 1014.71 762.43
00005716 00000699 738.67 255.85 449.98 633.54 807.47 523.04 1025.69 543.07 884.03 674.03 829.01 746.99 1014.23 762.47
00005717 00000700 732.81 256.42 459.45 623.18 803.97 523.59 1029.29 543.57 884.23 677.32 823.86 744.22 1010.71 762.45
00005718 00000701 732.93 254.16 460.19 627.44 805.28 524.12 1030.18 545.47 883.85 677.03 823.56 743.69 1010.49 763.08
00005719 00000702 732.12 253.44 460.93 628.88 804.90 525.34 1029.53 546.30 884.06 678.11 823.23 744.56 1009.55 763.77
00005720 00000703 732.01 252.30 460.91 629.41 804.79 525.51 1029.02 546.51 883.34 678.07 822.85 744.44 1009.57 763.54
00005721 00000704 738.80 253.39 450.32 638.05 808.61 525.59 1024.34 545.32 883.70 674.09 830.05 749.12 1011.91 764.36
00005722 00000705 739.16 253.01 450.33 638.63 809.34 526.07 1025.06 545.35 884.12 673.66 830.65 748.71 1013.43 763.56
00005723 00000706 732.81 253.50 460.33 629.51 806.29 524.92 1030.03 545.34 884.72 676.81 824.46 743.94 1010.73 762.30
00005724 00000707 738.78 252.80 450.42 637.95 808.97 526.11 1024.92 545.37 884.24 673.83 830.93 748.87 1013.32 763.68
00005725 00000708 737.93 255.54 451.05 636.85 808.79 525.30 1025.34 545.40 884.20 674.89 830.40 748.94 1013.55 764.48
00005726 00000709 738.99 252.21 450.02 638.61 808.88 525.92 1024.64 545.58 884.24 674.28 831.52 749.25 1013.05 764.39
00005727 00000710 733.53 255.51 460.07 624.96 806.33 525.27 1030.07 544.60 885.71 675.23 823.79 744.63 1010.57 762.23
00005728 00000711 738.46 256.97 450.62 635.16 807.99 524.76 1024.82 543.74 885.34 672.93 829.92 749.84 1012.23 764.64
00005729 00000712 732.80 259.22 459.71 621.42 805.14 524.61 1029.29 543.43 884.68 674.90 823.74 744.82 1010.16 762.09
00005730 00000713 732.04 257.62 459.03 622.03 804.35 523.25 1027.87 541.75 884.80 674.40 824.45 743.77 1009.51 760.96
00005731 00000714 739.58 250.08 446.25 639.29 806.22 523.61 1023.03 540.18 882.70 669.94 829.15 749.11 1011.22 761.97
00005732 00000715 739.09 246.63 447.87 641.68 805.98 520.92 1022.69 538.11 881.69 668.44 829.01 747.95 1011.57 761.30
00005733 00000716 739.70 246.44 449.52 641.30 805.28 519.28 1022.27 536.63 880.18 666.51 827.60 748.37 1010.02 762.02
00005734 00000717 739.65 246.08 449.84 642.67 804.80 516.96 1024.00 534.72 880.01 666.09 826.61 747.15 1011.57 761.01
00005735 00000718 738.55 252.12 449.77 634.25 804.78 514.48 1024.81 534.05 880.44 665.24 825.58 745.11 1010.68 760.46
00005736 00000719 738.99 246.25 448.00 637.32 804.05 515.02 1025.52 533.87 881.64 662.89 824.96 745.18 1009.39 759.77
00005737 00000720 738.26 243.50 448.23 638.97 802.67 513.87 1021.68 529.28 879.62 659.68 824.84 744.78 1007.87 756.56
00005738 00000721 736.99 242.33 448.85 638.29 801.95 512.59 1020.38 526.85 879.29 657.19 824.96 742.54 1006.87 753.41
00005739 00000722 736.99 235.64 448.91 644.26 801.21 508.61 1019.26 523.92 877.05 657.35 825.20 740.47 1007.56 752.30
00005740 00000723 736.50 225.84 450.33 654.21 803.20 507.13 1016.62 522.98 876.85 655.42 827.55 738.12 1007.18 750.15
00005741 00000724 735.83 224.50 449.18 654.70 802.56 505.53 1014.99 522.69 875.13 654.00 826.46 736.60 1005.28 749.70
00005742 00000725 734.77 221.95 449.41 658.44 802.80 503.45 1014.69 521.33 874.48 651.71 825.56 734.91 1004.10 748.65
00005743 00000726 735.61 210.16 448.26 667.81 802.27 501.25 1011.78 517.87 871.44 648.20 826.35 733.18 1002.91 745.68
00005744 00000727 730.32 219.12 453.20 647.52 799.10 499.82 1003.69 519.45 866.84 650.36 821.97 723.18 989.73 739.69
00005745 00000728 728.78 221.63 453.83 643.81 798.12 498.12 1004.12 518.55 867.69 650.41 821.46 721.60 990.33 738.73
00005746 00000729 728.96 218.50 452.77 646.37 796.94 498.51 1002.30 518.34 865.24 650.60 820.03 721.26 989.63 737.98
00005747 00000730 726.90 219.69 453.42 645.02 794.69 498.77 1002.05 518.08 863.87 650.56 818.14 721.59 989.60 737.82
00005748 00000731 722.52 219.08 457.54 643.06 794.89 498.49 1003.45 518.05 865.43 646.16 817.28 719.29 990.75 735.40
00005749 00000732 722.39 219.31 459.10 633.79 794.22 494.81 1010.90 511.88 868.60 644.18 817.06 715.36 991.74 727.55
00005750 00000733 721.99 225.08 458.58 629.13 795.72 490.21 1012.09 508.15 869.48 639.89 816.40 710.76 993.88 723.56
00005751 00000734 722.88 222.88 458.63 628.89 795.33 487.90 1010.72 505.82 867.97 638.90 817.55 709.51 993.38 722.49
00005752 00000735 721.93 220.86 458.25 629.97 794.85 491.15 1011.08 508.98 868.81 640.05 815.27 709.51 993.02 722.44
00005753 00000736 720.44 215.25 458.25 633.86 792.93 493.04 1009.60 509.70 867.77 641.66 815.64 711.33 991.69 723.42
00005754 00000737 721.21 215.42 457.14 633.57 791.23 488.21 1009.57 505.47 865.57 639.79 813.26 709.48 992.41 722.02
00005755 00000738 720.54 209.17 457.08 633.26 789.55 482.96 1007.09 500.31 861.12 636.27 812.67 707.37 988.18 720.46
00005756 00000739 719.29 219.70 452.95 622.70 786.33 477.61 1001.40 498.24 862.55 628.38 815.68 703.00 986.57 718.78
00005757 00000740 718.81 216.24 452.25 624.92 784.18 477.97 1000.60 497.47 861.28 628.79 814.63 705.12 985.15 720.00
00005758 00000741 717.15 212.12 453.37 631.23 783.64 480.66 1000.55 499.82 860.37 631.89 814.62 708.14 984.84 722.61
00005759 00000742 714.90 213.74 454.57 630.84 781.90 480.29 1000.26 499.45 859.92 632.49 813.79 708.15 984.80 722.39
00005760 00000743 712.29 216.84 455.08 624.37 779.46 477.72 997.46 496.23 859.31 630.35 812.86 705.72 984.14 719.45
00005761 00000744 712.25 210.97 453.33 625.71 777.03 474.46 997.26 491.08 861.49 626.12 809.86 703.40 982.86 716.19
00005762 00000745 713.07 203.54 452.17 631.58 778.52 473.29 998.18 491.20 862.51 622.29 808.56 700.72 983.19 714.64
00005763 00000746 712.67 201.37 452.08 632.20 778.32 471.83 998.06 490.81 861.36 622.41 807.09 700.00 982.04 714.87
00005764 00000747 711.14 207.64 451.60 626.10 777.29 471.29 996.83 491.23 860.63 622.92 806.11 699.03 980.07 714.82
00005765 00000748 708.01 210.19 454.12 625.80 776.92 472.37 997.73 489.89 861.14 621.40 806.51 698.96 981.88 712.71
00005766 00000749 707.03 203.03 455.58 633.13 777.56 469.99 997.70 487.34 860.42 616.11 804.78 696.57 982.36 710.15
00005767 00000750 708.12 201.50 453.79 631.34 778.83 470.54 996.81 487.01 860.01 612.21 804.83 693.97 980.99 706.97
00005768 00000751 709.51 200.61 452.56 630.63 779.72 468.71 996.60 485.82 859.27 609.89 805.17 692.26 980.08 705.77
00005769 00000752 707.28 202.72 453.96 627.78 778.66 469.88 996.51 486.67 859.71 611.35 804.90 692.77 979.65 706.01
00005770 00000753 708.15 202.08 452.71 628.16 779.19 469.51 995.40 485.69 858.34 609.38 805.27 691.97 979.06 704.71
00005771 00000754 708.17 202.28 453.01 628.65 779.91 468.76 995.84 485.22 858.81 607.17 805.11 690.45 978.74 703.64
00005772 00000755 710.26 201.91 452.42 628.07 780.57 466.03 997.56 482.51 859.89 605.33 807.25 689.29 981.22 702.36
00005773 00000756 711.64 201.96 453.40 625.16 781.94 466.91 999.10 482.14 861.18 602.80 809.90 689.09 983.26 701.05
00005774 00000757 711.92 202.97 455.51 624.49 782.52 465.85 999.54 480.24 862.57 601.90 812.40 689.05 984.35 700.32
00005775 00000758 711.90 200.71 457.68 623.73 783.20 465.44 1000.28 480.60 864.14 601.70 813.27 689.15 983.52 701.22
00005776 00000759 713.04 199.67 455.78 624.05 783.57 464.16 1000.76 476.91 865.96 601.08 814.86 689.29 985.01 699.45
00005777 00000760 712.62 197.10 457.79 626.58 784.59 463.72 1003.00 477.17 867.49 599.28 814.33 688.35 985.77 699.27
00005778 00000761 712.03 195.07 458.64 628.68 785.62 462.21 1003.37 476.23 867.28 598.08 814.82 686.67 986.38 697.95
00005779 00000762 717.03 182.48 449.14 655.54 785.21 455.19 1003.91 472.01 865.57 595.43 805.73 687.51 987.08 701.53
00005780 00000763 710.39 192.20 460.53 635.80 782.64 454.00 1002.52 473.08 861.58 595.53 807.91 681.07 983.26 696.98
00005781 00000764 713.54 170.47 453.08 668.20 785.71 446.16 1000.86 459.42 861.91 583.75 806.55 681.03 987.85 692.50
00005782 00000765 709.99 159.01 459.88 679.12 786.30 450.46 1003.03 462.46 859.85 578.33 809.35 680.08 986.22 690.16
00005783 00000766 710.70 155.66 460.03 679.28 789.69 448.16 1005.40 458.58 866.69 575.62 814.16 677.81 988.29 686.48
00005784 00000767 714.75 162.47 458.55 666.21 794.71 441.30 1007.98 453.03 871.47 569.43 817.29 671.03 988.52 681.07
00005785 00000768 717.30 152.17 459.86 671.92 798.87 433.96 1013.73 444.51 877.45 565.11 821.93 670.12 992.38 679.26
00005786 00000769 718.95 154.73 459.20 658.69 801.29 430.06 1018.05 443.72 881.25 565.12 823.18 663.57 995.98 675.27
00005787 00000770 721.20 158.39 460.62 658.82 803.90 430.21 1021.92 442.27 883.04 564.79 824.71 662.57 1002.89 672.79
00005788 00000771 725.32 162.26 455.80 655.80 804.06 428.66 1026.02 438.53 885.03 562.10 824.67 662.93 1006.40 671.40
00005789 00000772 731.15 163.24 452.55 656.74 809.03 427.11 1030.04 436.25 887.95 556.81 825.64 661.68 1007.91 669.82
00005790 00000773 733.10 155.80 454.84 671.50 811.46 419.79 1033.75 430.97 889.22 554.14 827.10 659.12 1013.00 668.91
00005791 00000774 734.16 148.97 455.64 680.38 813.73 420.53 1036.43 431.75 892.24 550.84 829.50 658.69 1012.35 668.72
00005792 00000775 735.54 141.18 455.03 685.61 816.58 417.96 1036.70 428.69 893.16 547.12 830.89 655.47 1014.16 665.07
00005793 00000776 736.97 137.30 455.69 687.80 820.96 413.66 1037.38 425.55 895.11 542.38 832.41 651.17 1014.08 661.84
00005794 00000777 739.80 133.38 451.72 688.47 824.58 412.36 1038.97 425.26 898.34 537.33 832.83 649.56 1012.01 661.38
00005795 00000778 740.12 134.26 454.94 678.57 824.37 412.38 1039.39 424.69 900.78 536.66 834.84 647.85 1011.46 659.43
00005796 00000779 740.83 131.33 453.91 672.17 825.40 409.21 1041.21 426.17 905.02 534.54 830.77 639.60 1007.34 655.17
00005797 00000780 746.12 139.85 445.76 652.78 827.24 404.90 1049.56 420.07 908.04 529.12 833.03 636.48 1011.33 648.71
00005798 00000781 742.39 141.82 450.30 655.04 825.45 403.77 1045.06 424.26 911.06 527.68 837.00 638.07 1005.61 655.76
00005799 00000782 749.02 135.63 445.65 652.93 831.08 404.41 1051.75 422.84 909.98 527.11 833.85 633.57 1010.81 648.64
00005800 00000783 746.20 136.83 447.48 664.38 827.55 402.94 1047.02 425.55 910.35 526.39 836.11 638.81 1007.96 658.15
00005801 00000784 747.71 135.38 446.41 662.28 828.20 403.88 1046.16 425.03 911.05 526.33 840.57 641.67 1004.86 660.01
00005802 00000785 751.50 133.99 444.98 664.80 829.31 403.62 1049.16 423.04 913.95 526.34 841.67 643.94 1011.67 660.96
00005803 00000786 749.57 136.17 448.64 669.68 830.49 401.64 1053.34 421.51 915.50 526.13 840.76 642.59 1020.12 659.31
00005804 00000787 752.93 128.22 455.01 686.21 834.94 396.02 1057.67 417.88 918.37 527.41 843.99 641.63 1027.31 659.87
00005805 00000788 756.18 126.20 460.94 688.22 845.48 396.48 1059.30 408.49 925.00 523.47 850.59 637.57 1031.61 648.44
00005806 00000789 757.87 128.12 463.42 692.07 848.27 397.31 1069.09 415.36 926.43 520.43 856.93 638.47 1038.34 653.91
00005807 00000790 771.94 126.09 455.46 682.39 861.05 398.30 1073.57 420.33 940.95 527.46 869.57 642.37 1038.14 661.03
00005808 00000791 773.89 134.91 452.61 667.37 863.91 399.37 1078.39 421.11 934.12 525.69 862.98 635.71 1042.28 652.92
00005809 00000792 778.40 142.48 462.00 651.46 862.40 392.34 1085.15 416.95 939.46 522.33 874.99 633.82 1044.38 654.64
00005810 00000793 783.33 128.17 470.88 662.38 872.14 387.98 1084.13 406.59 941.19 517.85 875.02 623.96 1051.54 640.30
00005811 00000794 791.60 125.80 466.53 660.12 879.61 381.80 1088.75 402.28 943.03 508.17 878.13 614.91 1052.49 632.87
00005812 00000795 797.35 126.40 464.33 657.41 885.79 380.47 1090.92 400.88 945.86 505.08 885.02 612.35 1052.39 630.37
00005813 00000796 800.32 128.92 460.22 655.72 878.37 381.02 1097.27 411.91 945.65 514.88 881.24 621.56 1055.66 648.14
00005814 00000797 800.34 119.25 464.95 670.55 885.12 385.38 1096.50 409.20 949.91 512.77 879.50 619.10 1055.02 640.65
00005815 00000798 798.51 120.11 466.99 681.76 887.61 384.59 1101.49 412.37 951.07 512.97 876.08 620.43 1056.85 645.22
00005816 00000799 794.54 120.79 470.51 685.49 885.63 389.27 1099.93 412.10 953.00 517.54 881.71 630.58 1060.09 651.09
00005817 00000800 791.83 123.58 473.82 692.50 884.66 390.82 1101.33 415.66 953.61 522.90 879.55 632.70 1065.08 654.75
00005818 00000801 791.97 126.29 472.17 689.75 884.12 392.04 1101.19 416.74 953.85 526.26 880.42 635.46 1064.42 657.40
00005819 00000802 793.41 126.19 470.70 689.11 884.80 392.82 1103.83 417.31 957.66 527.61 882.18 636.60 1066.86 658.36
00005820 00000803 795.84 112.75 470.37 708.70 892.28 393.30 1108.63 419.81 962.89 529.02 882.73 634.82 1070.16 658.35
00005821 00000804 793.31 104.60 472.98 719.29 893.64 394.98 1110.13 423.02 965.68 533.16 883.91 636.16 1072.95 660.69
00005822 00000805 788.78 110.14 475.77 716.41 891.55 397.45 1110.54 426.76 966.50 539.50 882.50 638.93 1070.54 664.76
00005823 00000806 781.89 110.45 477.06 717.07 884.41 400.04 1104.85 428.58 960.37 542.78 877.83 643.35 1065.64 668.40
00005824 00000807 769.30 117.16 482.58 715.74 872.73 402.89 1094.79 431.33 946.29 544.72 866.27 644.79 1057.47 669.30
00005825 00000808 763.32 116.03 475.68 720.63 858.46 405.79 1081.98 435.95 933.84 543.99 859.39 644.51 1052.26 669.24
CROP_BBOX: 148 0 1467 1080
