Video ID: 	E93emGfYA_c
H: 	1080
W: 	1920
FPS: 	29.97002997002997

FRAME INDEX X0 Y0 W H [Landmarks (5 Points)]

00000401 00000000 780.02 69.42 382.51 593.29 871.99 309.46 1060.39 309.62 965.75 436.05 904.62 540.81 1033.78 541.07
00000402 00000001 781.00 70.78 382.92 590.70 872.65 311.95 1061.96 312.55 965.63 439.11 905.21 539.92 1037.09 540.46
00000403 00000002 780.76 71.17 382.91 588.69 871.28 314.08 1061.55 315.44 962.61 441.92 902.91 537.62 1039.17 538.39
00000404 00000003 779.20 72.08 384.58 589.81 871.52 315.81 1061.14 317.78 963.60 446.37 904.03 541.23 1036.36 542.55
00000405 00000004 777.27 74.28 386.71 593.12 872.69 318.31 1059.74 321.36 963.62 451.14 904.55 546.83 1032.17 549.08
00000406 00000005 776.36 75.14 388.32 599.05 872.73 320.96 1059.77 323.40 963.26 453.46 903.93 549.75 1033.21 551.28
00000407 00000006 776.09 75.43 388.22 597.33 873.98 321.49 1059.35 325.67 964.28 455.96 905.33 550.69 1031.92 553.56
00000408 00000007 774.68 77.94 388.96 594.83 873.88 322.20 1059.38 326.46 965.18 456.52 905.26 551.07 1031.66 554.04
00000409 00000008 774.78 77.07 389.07 598.98 874.39 322.64 1059.64 328.11 965.29 459.05 903.20 552.10 1029.41 556.21
00000410 00000009 773.08 78.19 389.83 603.39 873.79 324.21 1057.98 328.18 964.21 459.81 902.85 556.48 1027.56 559.62
00000411 00000010 771.29 79.12 388.72 612.47 875.53 324.46 1053.84 329.89 964.01 459.59 905.55 562.57 1019.03 567.78
00000412 00000011 769.94 81.35 388.88 606.63 875.81 326.92 1052.06 333.74 965.11 463.19 904.29 566.26 1014.44 573.25
00000413 00000012 768.65 83.70 388.73 596.65 876.75 327.75 1053.85 336.01 967.12 464.51 904.05 564.43 1015.87 572.44
00000414 00000013 768.79 83.24 390.30 593.63 875.22 329.25 1058.19 338.44 967.84 468.21 900.43 562.18 1023.76 570.32
00000415 00000014 768.57 83.92 390.72 592.62 874.74 330.11 1060.47 341.45 967.47 469.39 895.65 558.88 1025.61 568.64
00000416 00000015 766.70 87.49 390.24 586.63 875.27 332.38 1059.24 344.17 968.93 469.09 897.00 559.62 1024.19 569.76
00000417 00000016 766.69 88.02 388.03 591.38 876.14 333.60 1056.02 346.17 968.71 468.83 899.90 559.32 1020.03 570.79
00000418 00000017 766.24 88.30 388.94 592.64 874.73 334.27 1057.44 347.15 967.13 470.18 896.09 556.08 1021.98 567.64
00000419 00000018 765.97 90.15 388.17 590.79 873.28 334.43 1055.74 347.88 964.35 469.97 893.54 554.76 1019.68 567.00
00000420 00000019 765.41 88.64 387.95 591.96 871.95 333.67 1055.38 347.05 963.17 470.63 891.41 554.79 1017.82 567.03
00000421 00000020 764.36 87.93 386.80 591.63 870.90 333.37 1053.32 346.31 962.53 469.05 891.78 556.22 1015.78 568.06
00000422 00000021 762.79 87.27 387.78 594.33 868.84 333.42 1050.04 345.36 961.14 468.76 892.38 556.26 1013.54 567.53
00000423 00000022 762.28 87.25 386.87 596.33 866.17 332.15 1046.39 342.46 957.92 469.11 890.77 559.52 1010.26 569.51
00000424 00000023 761.01 86.55 386.21 595.69 863.84 331.62 1044.71 340.41 956.40 469.23 889.85 562.09 1008.49 570.77
00000425 00000024 758.96 87.98 387.16 590.87 862.44 331.86 1045.01 339.81 956.76 469.15 887.28 561.54 1008.52 569.54
00000426 00000025 758.00 87.72 386.93 589.71 861.67 330.37 1045.02 338.98 956.40 465.88 887.01 558.24 1007.12 567.00
00000427 00000026 758.94 83.12 387.91 601.76 857.36 328.57 1045.55 333.36 950.45 460.76 882.07 550.95 1017.96 555.48
00000428 00000027 759.47 79.81 387.89 618.54 856.85 326.11 1044.86 331.17 946.92 455.71 875.65 547.43 1022.74 551.78
00000429 00000028 758.75 78.39 387.25 619.56 855.87 324.54 1044.15 329.41 945.38 453.44 873.54 547.02 1020.03 551.40
00000430 00000029 756.96 79.59 383.63 599.11 849.45 330.85 1033.92 325.92 936.24 463.11 880.47 556.10 1016.79 551.90
00000431 00000030 753.95 77.44 386.56 588.67 845.09 334.91 1031.90 327.12 935.82 468.53 882.42 556.23 1017.67 549.63
00000432 00000031 752.93 78.48 387.33 588.00 846.11 335.22 1028.63 326.84 935.40 470.69 887.49 560.53 1014.02 553.20
00000433 00000032 754.57 84.61 385.92 588.94 852.55 329.97 1035.02 330.84 947.50 457.59 888.25 557.63 1003.44 559.94
00000434 00000033 755.64 84.22 388.27 593.01 854.16 330.58 1036.04 330.99 947.76 459.45 890.40 559.39 1006.55 561.17
00000435 00000034 756.77 83.64 390.14 594.64 854.56 330.96 1038.45 329.86 948.65 460.47 890.27 557.37 1012.58 557.56
00000436 00000035 759.01 83.56 389.04 589.37 856.58 328.39 1043.90 328.66 951.05 456.82 889.81 553.85 1016.12 554.70
00000437 00000036 761.34 80.26 390.49 596.69 857.19 325.26 1048.07 326.54 950.98 455.56 888.14 548.97 1021.65 550.29
00000438 00000037 763.09 76.63 389.26 599.95 857.41 324.90 1050.93 325.20 950.59 455.40 885.99 547.82 1027.25 548.01
00000439 00000038 764.46 74.39 388.90 601.12 857.77 323.80 1053.16 324.94 950.74 454.36 884.60 544.22 1028.79 545.08
00000440 00000039 765.91 76.12 387.17 597.70 859.78 322.79 1054.55 324.77 952.32 451.86 885.07 544.10 1028.28 545.56
00000441 00000040 766.51 75.50 388.25 602.08 859.78 322.34 1054.81 324.26 951.44 452.01 885.51 544.16 1027.70 545.51
00000442 00000041 767.29 75.62 388.54 603.17 859.76 323.46 1054.41 324.73 950.45 452.79 885.67 543.97 1029.03 544.70
00000443 00000042 766.79 77.43 389.62 601.30 859.32 323.70 1053.66 324.76 949.48 454.32 886.14 544.73 1028.78 545.27
00000444 00000043 766.01 79.18 391.67 599.73 859.08 324.74 1052.32 325.87 950.05 457.38 887.61 546.74 1027.88 547.51
00000445 00000044 765.59 79.84 391.56 599.58 858.72 325.90 1050.89 326.87 950.38 459.06 888.54 549.38 1026.00 550.25
00000446 00000045 764.14 81.81 393.32 596.52 856.61 328.32 1048.82 328.50 948.27 461.71 887.53 551.73 1025.59 552.04
00000447 00000046 763.83 83.94 393.71 594.58 854.72 330.83 1046.89 331.06 945.73 464.26 886.50 554.01 1024.68 554.41
00000448 00000047 764.10 85.53 392.41 592.96 856.19 333.61 1046.13 334.32 946.87 467.29 887.21 557.81 1023.42 558.73
00000449 00000048 764.79 89.09 389.67 590.67 858.14 335.99 1045.90 337.85 947.96 469.13 890.51 561.58 1021.26 563.98
00000450 00000049 764.05 91.60 388.46 589.05 860.48 339.40 1044.50 340.89 949.74 470.64 894.70 568.81 1018.54 571.35
00000451 00000050 764.19 93.97 389.75 584.25 862.51 340.99 1045.02 343.09 951.41 471.61 895.99 569.69 1018.82 572.67
00000452 00000051 764.97 95.28 389.87 583.86 862.29 343.37 1046.19 345.17 950.75 473.59 895.67 570.72 1020.37 573.45
00000453 00000052 766.12 93.97 391.39 583.90 861.30 346.55 1048.13 348.67 949.80 476.97 893.53 569.44 1025.86 572.03
00000454 00000053 766.79 92.96 393.02 589.45 859.49 347.49 1049.20 350.28 948.25 479.87 891.87 565.63 1031.30 568.38
00000455 00000054 767.80 93.03 393.57 594.66 859.29 348.82 1046.88 350.23 947.16 479.46 893.06 563.87 1033.38 565.34
00000456 00000055 767.90 92.92 394.00 599.87 859.63 347.89 1045.13 348.20 947.53 477.21 895.25 564.76 1032.90 565.49
00000457 00000056 767.50 92.44 394.57 601.41 859.40 346.39 1045.45 346.58 947.63 476.38 895.09 565.11 1032.71 565.73
00000458 00000057 765.84 92.73 396.80 589.51 856.95 346.55 1047.71 344.68 947.10 476.25 893.36 563.29 1037.39 561.47
00000459 00000058 764.93 91.20 396.27 585.97 855.94 344.15 1049.15 341.51 947.76 474.70 890.43 558.55 1039.92 555.83
00000460 00000059 765.38 90.87 396.54 589.02 855.51 343.37 1047.64 341.73 945.64 473.52 885.37 549.73 1041.50 547.55
00000461 00000060 765.89 90.70 395.52 587.99 854.58 343.78 1048.88 342.05 944.60 472.35 879.12 543.54 1047.47 540.88
00000462 00000061 765.70 90.27 395.16 588.64 853.82 344.64 1048.47 341.82 945.38 472.59 877.75 540.55 1051.38 536.94
00000463 00000062 763.90 87.46 396.09 608.23 855.23 339.26 1046.36 338.97 943.84 467.53 873.74 539.63 1051.41 537.67
00000464 00000063 764.41 86.85 394.85 607.73 854.67 339.73 1047.09 339.39 943.79 468.20 872.90 538.88 1053.16 536.73
00000465 00000064 763.84 87.21 394.51 600.58 854.38 340.31 1048.02 340.20 945.12 467.65 873.11 538.11 1051.71 536.25
00000466 00000065 763.24 87.27 393.71 595.28 853.94 339.81 1048.52 340.78 945.06 467.55 871.48 537.10 1049.79 536.20
00000467 00000066 763.28 86.82 392.99 592.00 855.70 338.10 1048.76 339.94 946.12 464.84 872.10 536.84 1046.47 536.89
00000468 00000067 763.69 86.45 391.50 588.59 858.17 335.17 1049.15 335.54 950.31 461.50 879.94 541.43 1041.68 540.50
00000469 00000068 765.44 83.44 388.75 590.74 860.24 327.74 1050.16 328.03 953.95 460.59 887.71 547.84 1033.20 547.37
00000470 00000069 765.34 83.92 385.64 584.81 863.16 323.83 1051.45 325.62 958.40 459.90 893.06 550.77 1025.34 552.30
00000471 00000070 765.22 85.21 381.73 573.97 866.18 323.24 1050.84 327.04 961.35 459.06 894.88 551.48 1020.97 555.06
00000472 00000071 765.46 83.57 377.95 574.90 867.66 321.19 1049.30 326.65 962.07 456.86 895.27 550.10 1016.02 555.36
00000473 00000072 762.84 82.73 377.92 575.07 866.52 319.05 1045.81 324.82 961.33 452.78 894.95 550.20 1008.47 555.86
00000474 00000073 761.25 78.91 380.87 585.60 863.29 317.24 1044.31 323.18 957.05 445.66 892.42 545.75 1007.61 551.58
00000475 00000074 761.44 74.87 379.85 595.08 858.73 315.95 1043.69 321.05 952.20 442.79 887.17 540.99 1010.66 545.87
00000476 00000075 758.83 72.89 381.93 591.85 855.50 317.76 1037.73 316.55 944.85 448.26 884.91 539.57 1018.28 537.97
00000477 00000076 757.74 71.70 380.74 589.86 852.89 316.08 1035.81 314.38 942.18 445.31 882.59 538.16 1015.67 536.39
00000478 00000077 755.64 70.73 380.91 590.06 850.89 314.19 1033.09 312.28 940.14 443.37 881.96 537.63 1013.11 535.74
00000479 00000078 755.22 71.01 377.27 587.61 850.27 311.85 1030.76 309.61 940.28 442.44 884.11 538.63 1009.71 536.94
00000480 00000079 754.03 72.58 375.66 579.53 848.75 310.93 1028.44 308.24 941.21 441.51 886.52 537.40 1008.52 535.41
00000481 00000080 752.05 73.20 376.35 577.58 847.78 310.21 1026.80 307.46 940.01 439.46 885.90 537.27 1006.04 535.11
00000482 00000081 751.29 72.71 375.07 577.47 847.75 309.04 1024.04 305.63 939.83 439.51 888.55 538.75 1003.68 536.09
00000483 00000082 750.96 71.29 374.98 578.41 847.78 307.71 1024.70 304.86 940.37 437.22 886.81 537.76 1002.56 535.73
00000484 00000083 750.51 70.85 375.13 577.82 846.79 307.42 1024.68 304.10 940.41 434.80 885.80 536.34 1004.15 534.01
00000485 00000084 751.21 68.77 375.45 578.64 846.20 306.07 1025.91 304.37 941.05 436.87 882.78 531.63 1006.70 530.37
00000486 00000085 750.27 67.92 377.71 582.57 845.00 305.35 1028.65 303.95 940.77 435.18 878.90 529.08 1011.90 527.60
00000487 00000086 748.52 68.37 380.34 589.97 844.69 308.05 1029.21 305.27 939.65 434.79 876.77 529.66 1015.20 526.67
00000488 00000087 747.98 69.41 381.52 591.59 843.25 312.38 1028.45 307.64 937.47 438.27 876.34 532.92 1016.41 528.33
00000489 00000088 746.90 71.11 382.39 592.18 843.08 318.34 1026.81 313.03 936.36 442.94 877.43 537.30 1015.03 532.42
00000490 00000089 745.66 75.16 383.78 587.56 842.92 324.00 1025.18 315.59 936.49 450.54 881.83 544.58 1012.92 537.49
00000491 00000090 745.38 78.30 385.20 587.60 845.56 327.85 1021.32 321.07 936.20 460.22 885.19 548.76 1008.99 542.62
00000492 00000091 745.62 80.54 384.68 586.65 845.42 330.61 1019.03 324.67 934.06 465.84 887.08 553.42 1005.52 547.81
00000493 00000092 747.11 82.77 384.50 585.61 845.77 332.59 1020.40 327.03 934.67 468.31 887.63 556.46 1005.66 551.35
00000494 00000093 747.69 85.28 384.09 578.47 845.82 335.02 1021.50 327.98 936.35 469.38 889.12 557.90 1007.17 551.69
00000495 00000094 749.87 82.54 382.99 581.50 844.62 336.82 1026.08 328.61 937.22 471.40 889.11 560.31 1013.46 552.96
00000496 00000095 750.97 82.91 383.53 578.03 845.37 336.66 1029.05 329.52 938.53 471.68 887.46 558.01 1015.27 551.65
00000497 00000096 751.11 82.60 384.45 580.84 845.75 336.74 1030.59 329.70 938.28 471.56 886.35 558.17 1016.27 551.94
00000498 00000097 752.26 84.09 383.51 583.19 847.90 336.29 1030.78 328.73 939.63 470.87 888.93 560.78 1015.55 554.10
00000499 00000098 753.12 84.62 383.81 584.48 848.64 335.06 1030.90 327.72 938.97 468.69 887.94 559.33 1015.55 552.76
00000500 00000099 754.64 84.07 383.10 586.31 849.73 334.58 1032.04 328.04 939.96 468.49 887.05 558.12 1016.70 552.33
00000501 00000100 755.74 84.58 382.58 582.33 850.43 334.66 1032.50 327.97 941.01 467.15 887.73 556.06 1017.13 550.20
00000502 00000101 755.31 83.40 382.60 580.52 850.10 334.46 1031.92 328.01 940.50 466.38 888.35 555.90 1015.71 550.19
00000503 00000102 757.58 81.22 381.68 581.76 851.04 332.73 1032.82 326.59 941.12 467.32 888.15 554.14 1016.41 548.75
00000504 00000103 758.28 79.68 381.67 582.71 851.96 330.85 1032.92 325.02 941.72 464.85 888.38 552.74 1015.71 547.65
00000505 00000104 757.87 84.06 382.15 586.26 857.77 322.21 1040.06 327.87 952.95 451.52 888.08 546.25 1006.04 552.02
00000506 00000105 759.67 82.88 379.05 598.58 860.27 323.58 1037.70 330.16 953.17 451.32 890.69 552.37 998.98 560.13
00000507 00000106 760.30 83.94 377.73 601.63 860.94 324.45 1037.05 330.51 952.88 453.88 892.06 560.30 997.53 567.47
00000508 00000107 760.94 85.80 377.21 598.16 862.39 324.80 1037.33 331.97 955.30 454.66 893.80 561.09 997.02 569.16
00000509 00000108 758.18 91.46 377.85 573.37 864.67 327.59 1038.79 333.54 959.69 456.39 894.77 560.81 999.65 567.46
CROP_BBOX: 513 0 1396 824
