Video ID: 	7VsfoJbjgqg
H: 	1080
W: 	1920
FPS: 	23.976023976023978

FRAME INDEX X0 Y0 W H [Landmarks (5 Points)]

00002286 00000000 870.06 215.86 364.29 580.12 906.37 461.93 1001.93 455.26 884.65 559.20 932.65 656.80 1013.42 650.93
00002287 00000001 877.43 215.20 364.74 580.00 908.52 458.75 1010.27 453.44 890.70 562.72 940.35 659.17 1025.03 655.12
00002288 DELETE   881.22 224.41 363.57 575.24 912.27 465.40 1011.75 460.50 896.68 574.68 949.79 664.57 1032.10 661.39
00002289 00000003 876.10 232.95 366.40 565.79 914.48 477.62 1011.88 470.03 899.60 587.14 955.71 679.22 1023.13 671.36
00002290 DELETE   864.87 242.60 369.15 567.64 908.58 486.62 999.44 477.76 896.21 595.72 953.21 691.25 1024.32 682.49
00002291 DELETE   848.94 252.34 378.14 569.14 894.07 501.73 988.06 490.17 891.23 611.45 955.97 707.26 1020.66 695.91
00002292 DELETE   836.14 271.26 375.63 571.30 885.06 522.88 974.44 503.38 890.02 639.55 958.38 714.53 1037.66 695.56
00002293 00000007 827.46 276.39 379.51 595.07 878.28 532.81 961.55 515.61 880.43 654.16 963.64 732.59 1029.79 716.16
00002294 00000008 824.41 293.87 370.75 571.54 875.54 548.01 949.86 525.87 878.03 666.76 954.41 740.25 1026.41 719.03
00002295 00000009 808.73 302.86 373.09 571.77 859.79 555.32 936.48 534.04 863.08 677.35 951.12 759.82 1013.83 739.98
00002296 00000010 792.03 305.28 376.30 578.40 845.83 562.89 928.47 542.32 857.71 685.43 945.53 767.55 1008.82 748.57
00002297 00000011 786.80 303.82 374.39 586.71 840.88 569.54 922.57 545.96 852.16 689.55 945.50 772.08 1008.20 750.07
00002298 00000012 785.12 304.91 372.85 587.33 837.42 573.78 922.74 545.92 850.50 693.13 947.81 775.06 1013.74 748.94
00002299 00000013 783.22 306.85 374.07 585.99 834.68 575.00 921.76 545.31 847.49 693.56 945.05 775.91 1012.75 748.05
00002300 00000014 782.59 305.61 374.26 586.25 833.74 574.80 920.23 544.57 845.96 691.54 942.79 775.66 1009.78 747.54
00002301 00000015 782.10 304.12 372.89 587.13 833.37 572.76 919.52 543.23 843.52 688.22 938.31 773.04 1006.05 745.54
00002302 00000016 787.92 306.13 368.45 582.33 833.77 572.76 920.46 540.97 841.16 684.88 933.92 770.31 1004.37 741.15
00002303 00000017 790.23 305.07 371.87 584.60 837.68 568.01 919.69 540.66 842.85 684.28 937.20 768.08 1004.43 742.84
00002304 00000018 789.95 303.42 374.98 585.29 840.59 562.53 920.67 539.59 845.89 681.74 937.01 767.27 1001.55 746.23
00002305 00000019 791.07 298.83 373.94 590.21 840.70 560.63 920.06 538.07 845.21 680.00 935.99 767.11 1000.95 746.22
00002306 00000020 791.61 295.03 377.91 594.91 843.97 557.32 922.57 535.28 847.06 677.39 936.20 766.74 1000.91 746.39
00002307 00000021 798.89 293.08 372.32 593.54 848.38 553.30 925.56 531.57 847.99 671.28 935.42 762.48 999.96 742.72
00002308 00000022 808.43 284.72 370.61 594.07 859.21 548.64 934.43 524.90 857.10 661.43 934.39 747.74 1006.66 723.65
00002309 00000023 809.43 273.79 370.10 593.26 856.57 535.05 942.31 513.63 858.51 655.61 939.00 730.95 1011.16 710.62
00002310 00000024 816.18 269.72 375.31 582.48 859.63 532.92 941.90 508.26 859.40 640.35 932.06 723.91 1005.84 699.23
00002311 00000025 818.29 266.40 373.10 569.89 853.23 518.93 944.64 497.88 855.06 624.35 925.75 712.39 1000.08 693.82
00002312 00000026 818.87 258.79 370.82 570.73 856.52 510.16 947.59 486.82 856.02 611.84 919.65 701.65 996.38 681.54
00002313 DELETE   821.15 247.94 375.33 574.01 861.89 509.26 952.47 477.46 864.20 603.88 929.66 698.82 1000.49 669.20
00002314 00000028 827.97 242.77 366.67 577.41 866.00 498.71 952.40 472.13 861.38 597.04 926.06 695.04 990.41 670.20
00002315 00000029 828.44 225.68 365.50 589.58 867.51 484.50 952.77 462.11 847.85 589.33 914.84 688.75 988.98 667.71
00002316 00000030 824.86 216.03 373.33 606.14 846.79 486.85 958.23 451.33 845.98 586.16 908.45 700.61 985.51 670.43
00002317 00000031 827.01 213.22 373.74 607.34 847.44 482.01 959.01 444.35 846.92 577.97 908.59 697.69 983.94 666.24
00002318 00000032 832.13 202.20 366.73 608.08 864.51 472.08 957.03 441.08 849.41 560.68 909.65 672.28 981.44 645.02
00002319 DELETE   833.75 193.88 367.12 600.59 865.04 465.13 961.94 427.46 854.56 544.38 913.96 660.22 990.39 627.01
00002320 00000034 837.05 204.58 369.28 579.44 867.07 461.81 963.02 418.31 860.54 534.63 921.00 653.37 1001.62 615.82
00002321 DELETE   840.38 212.98 364.77 575.72 870.42 468.06 961.90 425.29 864.15 549.56 931.85 657.98 1016.41 620.42
00002322 00000036 831.67 206.88 370.16 593.75 870.20 475.56 963.24 438.52 863.19 563.15 933.51 662.37 1012.12 629.01
00002323 00000037 830.97 207.21 367.20 593.45 868.77 479.73 960.40 439.81 863.18 565.62 933.47 664.57 1011.13 628.99
00002324 00000038 836.34 213.90 365.66 573.58 864.58 478.63 952.74 429.58 860.52 557.75 931.43 664.12 1015.81 620.93
00002325 00000039 835.11 212.63 365.49 569.12 864.86 472.42 955.48 426.29 862.01 551.42 929.61 655.74 1014.42 614.79
00002326 00000040 836.23 212.25 368.08 562.25 866.31 465.56 956.25 421.00 862.49 546.36 929.14 649.33 1012.49 609.60
00002327 00000041 837.45 206.54 366.91 562.10 866.12 465.90 957.68 419.20 862.51 542.10 927.99 646.30 1013.16 604.67
00002328 00000042 839.45 208.95 364.62 558.55 867.80 464.40 960.17 417.64 865.12 540.18 930.38 645.41 1015.01 603.63
00002329 00000043 841.53 209.31 363.97 555.30 870.05 463.62 963.80 415.62 869.21 536.38 932.89 644.17 1016.76 601.50
00002330 00000044 843.86 208.37 364.07 556.14 873.25 460.45 966.03 413.58 870.87 532.90 936.04 642.26 1018.98 600.53
00002331 00000045 848.43 205.70 361.80 557.85 876.42 458.94 967.75 412.29 871.48 528.24 938.71 640.42 1020.56 598.76
00002332 00000046 844.82 192.94 360.88 572.99 875.16 451.10 975.25 416.84 871.70 530.85 933.81 637.47 1013.14 607.21
00002333 00000047 845.40 189.96 359.96 574.61 875.47 450.04 976.41 416.50 873.53 530.30 934.70 636.64 1014.81 607.03
00002334 00000048 845.42 189.14 362.12 573.73 875.68 449.58 976.00 416.38 873.60 530.30 935.42 635.89 1014.88 606.54
00002335 00000049 845.57 188.59 361.69 573.07 875.87 448.76 976.12 416.32 873.25 529.46 934.81 635.05 1013.94 606.31
00002336 00000050 845.98 188.54 361.15 574.69 876.18 449.73 975.61 416.34 873.08 530.32 935.47 636.35 1014.16 606.88
00002337 00000051 846.12 190.99 360.46 574.50 875.84 450.92 975.60 416.81 872.90 531.72 935.38 637.92 1014.56 607.81
00002338 00000052 846.57 190.69 360.16 574.61 876.49 451.62 975.05 417.47 872.85 532.01 936.13 638.35 1014.13 608.22
00002339 00000053 846.73 190.46 360.27 576.05 876.87 451.66 976.46 417.67 872.66 531.93 935.56 638.99 1014.67 609.06
00002340 00000054 845.99 191.03 360.50 574.78 876.61 451.29 975.68 417.72 872.79 531.98 935.23 638.36 1013.76 608.74
00002341 00000055 845.42 191.83 361.30 574.59 876.31 452.22 975.44 418.13 872.05 532.79 934.18 638.65 1013.22 608.58
00002342 00000056 848.77 204.78 361.74 559.76 878.59 457.51 968.01 413.51 872.52 530.85 939.59 639.47 1020.91 600.16
00002343 00000057 847.26 207.73 362.39 558.00 877.71 458.11 967.94 414.39 872.29 532.54 938.28 640.97 1020.26 601.98
00002344 00000058 844.97 208.79 364.47 559.83 874.95 459.66 966.32 416.27 870.74 535.74 935.44 641.86 1019.35 603.33
00002345 00000059 842.93 211.72 365.38 558.73 871.54 460.71 965.63 416.07 869.30 538.46 932.97 644.00 1018.57 604.57
00002346 00000060 841.30 212.17 366.52 560.93 870.49 462.38 964.03 418.39 866.12 543.31 930.79 647.17 1016.92 608.35
00002347 00000061 836.88 207.44 368.49 570.10 866.30 467.49 963.13 423.31 864.43 546.97 925.80 649.74 1015.26 610.90
00002348 00000062 835.01 209.54 370.69 575.35 864.91 469.61 960.10 425.74 861.49 553.17 927.18 657.11 1014.65 618.40
00002349 00000063 835.27 214.15 368.63 585.00 864.20 475.21 954.96 427.14 860.43 560.47 935.66 666.30 1024.16 623.60
00002350 00000064 834.01 219.49 366.29 587.62 867.28 481.03 967.95 428.43 860.82 568.83 940.52 680.78 1039.59 632.38
00002351 00000065 831.65 221.23 377.45 591.28 862.02 479.61 963.17 434.04 866.01 569.79 939.52 670.76 1035.50 629.93
00002352 00000066 834.00 218.32 373.82 584.05 862.08 473.67 961.84 433.19 860.87 562.13 929.61 663.40 1021.34 627.89
00002353 00000067 827.33 208.79 370.06 596.14 865.79 474.83 957.16 435.24 857.41 563.35 929.10 662.54 1009.61 626.94
00002354 00000068 823.89 211.79 372.47 597.69 860.97 479.17 952.94 442.12 853.72 575.10 924.47 665.08 1008.64 631.90
00002355 00000069 821.78 224.90 367.14 585.99 858.64 484.34 948.15 449.48 844.47 580.17 916.36 677.03 1004.70 644.76
00002356 00000070 818.98 223.17 366.79 589.23 855.49 484.64 942.73 448.53 841.42 579.40 914.65 679.96 998.92 647.24
00002357 00000071 817.45 221.78 366.83 588.00 852.84 480.81 942.66 444.68 842.54 574.93 914.26 679.24 997.90 647.14
00002358 00000072 816.86 222.02 368.69 593.66 850.65 482.04 939.57 448.03 845.80 578.50 917.93 676.60 996.69 647.10
00002359 00000073 811.91 221.64 367.96 593.43 849.52 479.42 939.52 448.23 837.07 576.08 906.50 681.98 988.38 654.67
00002360 00000074 807.60 228.93 372.02 590.36 843.40 489.09 933.85 452.31 835.47 580.37 908.93 690.54 983.81 656.90
00002361 00000075 802.96 222.43 368.05 600.40 840.98 491.09 925.75 459.13 828.24 589.78 903.27 692.14 979.25 663.65
00002362 00000076 800.41 222.61 367.17 603.25 838.14 492.44 922.08 459.48 825.05 591.02 901.42 696.42 974.91 667.17
00002363 00000077 800.29 223.04 365.26 607.06 837.70 494.88 918.85 459.57 822.47 590.35 900.55 700.77 970.93 669.76
00002364 00000078 798.91 225.00 366.12 607.17 836.17 495.74 917.50 459.32 820.39 589.52 898.37 701.39 969.33 669.42
00002365 00000079 795.94 222.91 364.48 611.88 833.38 496.96 915.22 458.43 816.16 587.19 893.73 703.62 964.34 669.93
00002366 00000080 794.44 225.31 374.56 603.30 828.14 492.36 917.17 454.21 812.08 581.07 891.93 699.46 964.09 663.93
00002367 00000081 796.24 221.88 374.64 602.79 830.54 487.23 922.13 447.78 816.47 574.88 892.90 694.79 967.65 658.81
00002368 00000082 800.81 212.15 368.88 620.86 838.70 490.69 922.01 452.54 824.49 576.59 894.52 690.48 968.63 657.65
00002369 00000083 795.93 223.85 376.01 606.71 829.91 489.60 917.89 451.15 813.10 579.96 894.25 699.73 965.50 663.96
00002370 00000084 789.25 226.62 373.61 608.90 826.39 495.79 910.45 455.89 808.69 582.36 894.26 703.55 963.70 665.48
00002371 00000085 791.42 226.46 376.55 600.24 826.46 491.77 916.00 449.48 812.34 575.88 894.72 696.08 968.69 656.97
00002372 00000086 803.34 211.20 363.63 603.97 838.46 486.32 922.46 447.51 826.77 567.64 897.43 674.63 972.94 642.05
00002373 00000087 804.68 203.81 361.43 595.29 838.38 477.88 929.83 444.37 828.94 561.16 892.90 667.19 971.18 639.26
00002374 00000088 806.13 206.29 360.99 586.26 835.26 480.42 933.55 447.70 831.80 566.74 894.20 669.18 974.96 642.08
00002375 00000089 804.16 209.78 361.33 585.16 834.10 484.19 931.33 452.24 832.86 569.42 894.25 668.28 974.58 642.28
00002376 00000090 803.47 208.74 364.25 593.14 834.24 485.18 931.31 453.02 832.02 570.15 892.55 671.18 973.59 644.81
00002377 00000091 806.81 206.30 363.00 596.06 838.32 481.58 933.13 448.95 832.90 568.73 894.24 674.07 971.79 647.12
00002378 00000092 808.87 208.45 360.25 596.84 840.25 479.18 933.56 446.53 835.43 565.77 896.70 671.35 976.14 644.34
00002379 00000093 806.60 207.13 363.26 598.49 839.43 479.44 934.84 446.27 838.22 568.36 900.69 668.48 984.70 640.91
00002380 00000094 804.51 208.92 362.48 602.03 834.50 491.21 931.26 449.29 835.66 578.10 908.59 671.18 1000.92 635.37
00002381 00000095 801.22 207.53 360.50 598.95 829.60 490.20 924.74 443.06 830.75 573.12 907.51 666.65 1002.06 626.12
00002382 00000096 810.18 196.69 349.67 601.37 832.05 484.04 928.84 435.58 832.71 568.92 910.60 660.04 1009.37 617.73
00002383 00000097 813.92 195.50 348.37 595.42 832.99 475.04 934.96 426.27 835.46 561.05 910.25 651.92 1013.91 608.87
00002384 00000098 815.15 196.06 348.22 593.14 833.72 471.54 936.45 424.64 834.31 558.50 908.41 648.16 1013.18 606.67
00002385 00000099 814.02 194.63 349.21 589.96 833.20 472.18 934.97 427.06 834.91 557.64 906.86 649.47 1007.23 610.16
00002386 00000100 815.62 199.10 349.56 582.14 837.60 468.08 936.32 429.67 836.82 553.09 902.47 648.89 992.71 616.60
00002387 00000101 815.32 201.83 346.89 572.50 838.94 464.95 932.25 432.17 833.01 552.88 898.76 650.23 976.97 623.24
00002388 00000102 810.37 204.53 355.40 585.23 839.99 467.93 930.63 438.66 831.24 559.90 897.18 658.82 975.29 634.11
00002389 00000103 811.85 211.47 356.05 590.19 838.03 475.09 935.78 439.95 837.73 566.92 906.51 663.90 996.08 633.88
00002390 00000104 818.69 216.12 355.67 581.47 841.28 476.55 938.24 440.38 840.95 566.74 910.70 659.08 1002.25 628.13
00002391 00000105 822.01 214.95 363.14 580.97 844.67 473.63 945.06 441.00 843.99 564.97 910.09 655.12 1004.76 627.08
00002392 00000106 825.12 212.74 366.33 579.04 849.29 472.01 952.81 441.39 847.93 562.50 908.77 656.41 1001.47 630.48
00002393 00000107 829.11 207.54 366.85 579.48 858.92 473.81 953.74 435.96 854.52 562.72 916.96 660.06 1004.43 626.07
00002394 00000108 830.17 207.32 366.03 579.49 860.82 473.00 955.63 435.74 856.16 561.91 916.99 658.64 1005.17 625.35
00002395 00000109 829.86 198.77 369.62 597.86 864.29 472.09 960.48 443.30 857.46 561.68 918.67 655.85 1000.17 629.17
00002396 00000110 834.52 209.03 370.61 587.49 867.72 464.61 962.29 430.57 862.24 554.49 923.95 655.91 1012.41 625.31
00002397 00000111 834.03 199.71 368.50 600.30 868.75 460.38 969.00 431.70 862.42 552.78 929.99 649.03 1018.52 621.62
00002398 00000112 837.34 199.04 365.20 588.04 868.96 454.58 971.93 426.71 863.34 547.40 928.64 642.27 1020.44 615.58
00002399 00000113 837.96 194.62 366.47 584.28 868.78 451.37 974.62 421.83 864.49 540.13 924.56 639.60 1018.36 611.75
00002400 00000114 837.20 190.02 363.81 580.30 868.78 448.55 974.36 419.88 865.15 536.07 924.83 635.20 1017.07 608.15
00002401 00000115 836.62 186.85 362.58 575.13 866.93 447.84 975.16 419.17 866.62 533.24 922.56 631.91 1017.35 605.02
00002402 00000116 834.86 198.08 363.22 556.63 861.79 444.79 965.37 415.84 859.08 530.72 915.64 624.81 1008.79 600.35
00002403 00000117 835.01 197.44 361.21 554.69 862.19 443.51 962.92 413.90 858.28 530.13 915.86 622.18 1007.81 597.17
00002404 00000118 832.58 186.05 369.16 571.43 855.71 446.00 968.79 408.34 851.61 533.19 919.25 633.92 1017.70 599.82
00002405 00000119 832.73 183.65 367.84 573.60 854.99 444.33 966.78 406.25 849.65 530.35 918.70 632.74 1015.91 598.20
00002406 00000120 832.80 184.64 368.12 570.93 856.98 440.91 966.79 404.06 851.31 527.05 920.14 628.39 1016.76 594.81
00002407 00000121 833.33 183.82 368.22 569.57 857.76 439.27 966.69 401.47 851.10 524.61 921.38 626.18 1017.12 591.85
00002408 00000122 833.41 179.86 367.95 572.17 858.79 436.95 965.64 400.07 850.05 522.04 922.65 623.66 1016.01 589.94
00002409 00000123 833.70 180.74 368.47 571.94 858.26 435.90 966.58 399.66 850.29 521.16 920.64 623.62 1014.79 590.64
00002410 00000124 830.62 178.11 374.06 576.95 856.60 439.68 969.78 404.69 853.33 523.28 910.13 630.48 1001.30 600.19
00002411 00000125 833.46 188.66 368.85 573.48 868.16 443.40 960.85 415.24 861.29 528.64 914.73 628.49 994.81 602.44
00002412 DELETE   825.02 197.39 377.50 581.49 859.93 460.52 957.55 425.21 860.13 546.71 917.25 650.13 999.01 618.53
00002413 DELETE   815.23 207.98 372.62 594.67 853.58 475.75 947.56 443.63 858.93 575.11 919.04 674.66 1000.22 645.34
00002414 DELETE   799.55 218.81 369.90 608.17 843.48 492.76 929.12 462.22 841.62 596.86 916.68 696.46 990.73 668.77
00002415 00000129 783.12 221.31 378.99 608.01 827.95 499.45 922.66 467.75 834.37 600.55 906.81 700.69 984.54 671.73
00002416 00000130 774.39 225.36 386.87 606.91 820.44 503.85 915.02 472.11 825.41 600.88 899.27 706.69 973.13 678.18
00002417 00000131 768.89 236.03 381.70 589.71 814.07 506.03 908.32 480.91 823.48 606.23 890.65 705.18 962.05 682.47
00002418 00000132 763.60 244.54 380.98 581.14 811.75 517.59 904.91 488.12 826.08 613.09 892.52 701.95 970.02 673.95
00002419 00000133 759.57 247.32 380.09 574.68 808.08 521.08 900.69 488.80 822.45 614.76 887.78 701.62 966.16 671.50
00002420 00000134 758.05 248.97 377.34 572.46 805.55 522.75 900.42 487.16 820.76 612.73 886.79 699.75 968.58 666.90
00002421 00000135 758.44 247.43 379.05 573.84 805.82 525.76 898.88 485.53 821.31 611.12 889.89 700.41 971.84 663.64
00002422 00000136 759.97 247.69 377.59 573.80 807.97 526.63 898.42 485.00 823.38 609.09 893.20 698.82 975.47 660.63
00002423 00000137 762.18 247.69 378.27 574.73 808.66 525.54 898.47 481.92 824.73 607.39 898.25 696.90 980.59 656.72
00002424 00000138 763.93 239.89 371.27 581.44 803.20 514.66 902.09 478.69 818.76 609.06 891.90 697.85 972.99 665.50
00002425 00000139 768.85 237.68 368.68 583.57 807.47 511.18 905.45 473.92 821.00 605.97 896.39 697.16 976.68 663.87
CROP_BBOX: 511 0 1531 1038
