Video ID: 	DRMxlTag_5Y
H: 	1080
W: 	1920
FPS: 	25.0

FRAME INDEX X0 Y0 W H [Landmarks (5 Points)]

00024279 00000000 929.77 110.18 360.04 542.93 978.17 322.78 1082.03 325.74 942.32 415.55 977.80 514.50 1066.56 517.03
00024280 00000001 938.19 110.54 358.68 536.08 983.04 320.43 1089.92 324.57 949.37 413.80 984.71 514.14 1070.49 518.08
00024281 00000002 945.50 109.71 356.81 535.25 992.72 315.74 1091.56 321.51 967.07 411.92 996.03 513.65 1075.78 517.90
00024282 00000003 948.75 110.47 355.25 533.97 994.12 315.42 1096.74 321.67 973.79 414.11 998.96 513.32 1081.02 518.51
00024283 00000004 944.68 108.76 358.28 542.24 984.59 324.70 1104.67 325.77 971.95 418.32 992.83 516.86 1090.40 518.10
00024284 00000005 944.04 110.47 360.67 561.51 985.01 333.54 1112.35 333.18 979.63 430.90 1003.19 534.79 1103.04 534.17
00024285 00000006 945.79 126.03 360.88 560.01 989.73 337.53 1110.67 338.96 990.59 445.38 1014.86 541.16 1120.35 542.04
00024286 00000007 948.34 132.49 362.19 557.09 989.33 343.43 1113.99 344.78 993.14 453.45 1014.43 545.54 1125.65 546.37
00024287 00000008 948.27 137.51 362.15 556.16 989.95 344.77 1114.56 346.57 993.58 455.67 1013.79 548.59 1123.77 550.01
00024288 00000009 947.42 138.61 363.11 554.93 989.96 345.75 1113.47 346.52 991.91 453.53 1012.24 550.37 1120.13 551.00
00024289 00000010 947.28 133.46 362.82 551.42 994.09 343.12 1113.36 346.86 994.99 449.60 1013.65 542.45 1116.28 545.46
00024290 00000011 956.65 129.85 352.17 544.54 991.03 339.59 1120.14 348.61 988.52 446.28 1005.26 535.49 1112.07 541.95
00024291 00000012 956.63 128.89 352.47 538.32 990.02 338.20 1120.71 345.05 990.35 444.51 1003.36 533.94 1109.39 538.74
00024292 00000013 956.78 127.21 352.16 539.38 990.97 337.70 1119.46 343.26 990.51 442.47 1005.44 534.16 1108.11 538.00
00024293 00000014 954.83 127.49 352.17 543.26 988.29 339.63 1117.17 342.94 988.04 443.51 1003.33 540.13 1103.21 542.53
00024294 00000015 951.65 126.35 353.86 543.11 983.12 340.94 1112.29 346.97 981.94 449.81 1000.86 540.12 1103.10 544.40
00024295 00000016 945.71 130.91 356.16 537.49 979.44 341.19 1108.65 348.83 978.18 451.09 996.03 538.61 1098.78 544.21
00024296 00000017 941.19 132.62 358.86 538.17 974.73 342.25 1105.59 351.12 975.03 453.02 992.99 539.97 1096.60 546.42
00024297 00000018 938.41 134.60 360.89 539.34 971.82 344.15 1103.42 350.98 973.47 453.57 989.78 543.18 1091.43 548.23
00024298 00000019 938.22 131.62 360.68 539.98 970.99 344.35 1102.45 349.31 972.28 450.60 987.28 542.42 1089.39 546.05
00024299 00000020 939.02 130.48 360.68 541.38 971.79 343.01 1104.08 347.00 973.64 447.06 986.94 543.28 1085.68 546.31
00024300 00000021 942.79 126.34 358.61 543.56 975.76 342.13 1104.25 344.01 975.77 444.22 990.51 543.02 1085.83 544.40
00024301 00000022 944.74 124.16 357.56 544.93 977.05 340.37 1104.34 340.98 977.14 442.34 990.69 543.25 1082.73 543.82
00024302 00000023 945.58 122.39 356.94 546.26 977.36 341.21 1104.20 340.25 977.01 441.11 991.54 543.54 1083.66 542.85
00024303 00000024 944.84 123.82 358.33 543.84 977.68 341.65 1103.57 341.11 976.13 442.09 992.95 541.57 1087.49 541.05
00024304 00000025 942.60 122.92 360.23 544.81 975.14 343.72 1102.74 343.06 975.10 443.27 992.53 540.57 1091.94 539.79
00024305 00000026 941.78 126.80 360.30 545.85 976.05 343.19 1102.77 343.85 975.05 444.38 993.34 542.98 1088.74 543.17
00024306 00000027 941.73 128.24 360.03 546.27 977.46 344.15 1102.94 343.74 975.81 443.77 996.75 542.54 1093.38 541.74
00024307 00000028 941.52 127.86 360.03 544.27 977.47 344.08 1101.16 343.86 974.12 443.64 996.38 541.07 1092.46 540.28
00024308 00000029 942.58 125.57 359.46 542.91 977.03 344.76 1101.00 343.98 973.14 442.77 995.13 539.03 1093.63 537.83
00024309 00000030 944.52 122.80 358.64 543.43 977.59 344.29 1101.02 342.04 973.72 441.43 995.41 538.76 1093.13 536.57
00024310 00000031 945.84 121.82 357.34 542.58 978.77 344.45 1101.40 341.44 974.35 441.96 996.83 539.83 1095.66 537.06
00024311 00000032 944.51 120.97 357.48 542.32 977.15 343.78 1100.60 341.86 973.64 442.87 994.96 538.95 1094.95 537.04
00024312 00000033 940.88 126.11 358.94 539.40 975.38 342.74 1100.38 344.03 972.16 444.13 992.92 537.89 1093.60 538.52
00024313 00000034 938.37 129.76 360.10 542.44 972.73 345.24 1098.68 344.65 967.90 444.35 988.41 544.37 1085.27 543.64
00024314 00000035 936.38 132.02 359.60 546.31 970.40 348.41 1096.17 346.10 966.58 444.87 984.91 550.49 1077.65 548.30
00024315 00000036 936.58 132.56 358.97 545.72 969.88 348.87 1094.98 346.33 965.83 444.64 983.91 551.54 1074.63 549.13
00024316 00000037 936.46 132.37 359.49 545.85 969.86 349.27 1095.73 346.44 966.57 444.52 983.96 551.35 1075.50 548.76
00024317 00000038 937.96 130.21 358.77 546.28 970.52 346.30 1096.86 345.09 967.46 443.17 983.60 549.19 1076.24 548.02
00024318 00000039 939.17 128.39 359.80 546.93 971.36 343.69 1099.12 344.13 970.23 444.12 985.40 547.15 1079.09 547.42
00024319 00000040 940.56 126.85 358.23 547.16 972.51 343.62 1099.33 344.10 970.23 444.05 987.56 546.30 1080.69 546.58
00024320 00000041 942.55 126.09 357.42 549.33 976.48 343.31 1100.47 344.50 971.95 444.44 991.96 544.37 1085.35 545.15
00024321 00000042 944.83 128.63 355.46 541.47 987.94 348.64 1103.20 349.77 973.33 445.43 1005.80 540.49 1096.43 540.30
00024322 00000043 939.22 131.98 356.37 536.81 983.98 352.21 1096.42 352.01 966.95 446.13 1004.30 541.29 1092.72 539.85
00024323 00000044 934.92 133.92 350.49 533.39 978.60 348.21 1088.46 354.22 968.51 446.52 997.59 538.02 1086.62 541.48
00024324 DELETE   931.71 147.79 345.63 526.64 981.75 346.11 1085.50 361.75 953.69 449.03 990.45 536.22 1076.61 547.27
00024325 00000046 926.90 152.59 341.19 520.71 980.48 345.02 1080.07 365.50 948.48 449.55 984.80 532.37 1071.48 547.10
00024326 00000047 923.17 156.24 338.40 516.06 977.27 347.58 1073.14 368.46 942.87 447.37 980.87 532.04 1063.11 546.74
00024327 00000048 917.63 155.25 336.97 517.81 975.18 344.46 1066.64 371.76 940.18 448.24 975.74 526.56 1054.03 546.33
00024328 00000049 914.00 151.47 336.18 521.20 971.60 344.33 1060.94 373.91 934.79 448.43 971.19 526.29 1045.34 547.72
00024329 00000050 911.41 154.31 334.78 523.61 971.95 343.50 1056.34 375.97 930.65 450.79 971.43 528.18 1040.66 551.65
00024330 00000051 910.75 155.64 332.18 526.64 970.76 345.03 1048.68 375.66 926.45 451.33 975.59 530.66 1040.99 551.96
00024331 00000052 916.00 150.67 339.51 538.56 972.14 344.48 1039.78 363.12 924.74 457.46 984.96 544.85 1050.09 560.30
00024332 00000053 908.76 147.18 349.75 546.40 977.06 342.69 1042.29 360.46 926.49 459.69 984.24 547.63 1042.03 559.65
00024333 00000054 907.45 145.63 351.47 547.48 976.59 342.82 1040.21 360.53 924.34 460.07 985.08 548.67 1040.91 560.56
00024334 00000055 908.08 147.13 350.48 547.15 977.18 342.26 1040.46 360.37 924.19 460.31 985.53 549.00 1041.07 561.22
00024335 00000056 914.38 151.02 339.27 541.00 973.33 342.21 1035.15 362.67 922.55 459.08 988.22 545.40 1049.29 562.12
00024336 00000057 914.81 149.73 340.84 540.00 975.68 342.18 1037.73 362.68 924.35 457.59 985.72 544.04 1045.90 560.95
00024337 00000058 914.07 143.63 341.13 538.12 972.25 341.63 1040.68 365.53 926.35 456.75 977.60 537.48 1040.00 557.19
00024338 00000059 907.52 151.07 336.30 524.83 970.14 342.05 1048.04 377.01 922.28 447.61 967.85 524.50 1031.99 549.80
00024339 00000060 906.66 148.32 338.01 525.52 969.54 343.00 1047.53 378.06 921.51 446.29 964.21 525.40 1026.14 550.92
00024340 00000061 905.51 148.73 339.48 525.95 968.74 344.35 1047.05 378.56 920.76 445.57 959.89 529.59 1018.82 554.71
00024341 00000062 904.92 148.39 339.63 526.15 969.49 347.08 1046.31 380.36 921.19 444.90 958.58 531.03 1014.91 555.33
00024342 00000063 904.72 149.30 340.70 528.32 969.66 348.92 1046.15 381.88 920.34 447.16 958.28 535.15 1013.18 559.13
00024343 00000064 903.75 148.18 338.24 533.56 971.63 344.89 1041.82 379.30 916.68 445.26 961.43 533.86 1012.10 558.70
00024344 00000065 903.81 149.39 334.64 527.89 972.48 339.45 1039.20 374.55 914.41 444.32 964.73 528.09 1014.74 553.16
00024345 00000066 904.67 134.70 343.91 529.12 979.28 334.56 1038.30 360.87 925.41 448.50 968.23 530.55 1014.44 550.48
00024346 00000067 907.61 147.42 330.64 529.50 975.08 332.16 1040.98 367.04 917.30 439.06 968.83 523.68 1020.24 548.52
00024347 00000068 910.95 134.06 343.88 534.72 981.71 334.14 1043.28 358.18 931.02 448.61 979.38 531.07 1029.86 548.51
00024348 00000069 911.55 141.91 336.68 528.87 965.34 339.29 1040.51 368.24 919.07 450.22 973.73 523.85 1042.32 545.84
00024349 00000070 911.42 144.26 335.38 524.35 965.18 337.93 1040.20 365.85 918.27 446.71 969.63 522.14 1038.45 543.42
00024350 00000071 909.10 134.39 344.32 526.52 979.42 333.27 1042.20 358.56 928.94 444.67 972.75 524.50 1025.07 543.15
00024351 00000072 909.80 134.16 346.57 535.30 982.57 332.82 1045.11 358.55 930.14 447.41 980.07 526.42 1034.71 544.72
00024352 00000073 910.76 134.62 347.82 544.57 984.87 334.37 1041.47 355.94 928.21 450.85 989.98 537.02 1038.08 551.51
00024353 00000074 911.70 131.37 348.57 548.14 984.22 336.47 1042.38 358.45 929.53 453.00 991.60 537.01 1041.02 551.99
00024354 00000075 915.20 141.39 343.04 539.64 975.73 338.88 1044.47 359.47 931.20 453.02 990.17 534.60 1055.13 550.87
00024355 00000076 922.27 135.65 344.68 540.39 974.24 341.47 1054.26 360.90 932.77 448.25 991.89 531.47 1057.23 543.34
00024356 00000077 922.28 127.34 350.11 544.64 967.46 345.20 1057.87 357.81 938.11 449.60 988.19 533.03 1064.84 540.21
00024357 00000078 920.65 144.09 348.62 529.99 972.34 346.65 1064.41 357.82 938.51 444.53 985.96 533.16 1066.17 539.71
00024358 00000079 923.13 145.65 347.93 526.30 974.82 346.65 1065.98 353.93 942.57 444.89 991.64 533.35 1071.77 536.86
00024359 00000080 924.80 145.93 348.53 522.31 973.53 345.27 1066.35 349.67 943.79 443.86 992.77 532.67 1074.43 533.93
00024360 00000081 925.55 145.05 348.75 521.77 973.14 345.08 1068.94 347.99 945.41 443.27 992.18 532.44 1076.16 532.68
00024361 00000082 925.24 144.92 352.09 521.69 972.28 346.23 1070.63 348.05 947.61 443.78 992.32 532.78 1078.78 532.29
00024362 00000083 926.01 144.39 351.50 524.75 973.77 348.34 1071.42 349.09 950.28 446.64 995.00 535.89 1080.17 534.41
00024363 00000084 927.89 143.72 353.01 530.87 975.77 349.54 1071.90 349.18 950.54 448.04 999.07 538.63 1083.93 536.03
00024364 00000085 928.47 144.27 352.83 532.90 975.63 352.01 1072.72 350.09 950.84 449.31 1000.97 542.76 1086.97 538.78
00024365 00000086 925.72 136.38 356.95 539.18 968.11 350.74 1075.17 349.76 956.34 453.33 999.73 545.46 1089.24 542.66
00024366 00000087 925.44 139.53 356.36 537.92 967.43 352.40 1075.10 350.79 956.28 454.39 999.58 547.26 1089.40 543.91
00024367 00000088 924.66 139.59 357.89 539.23 966.80 351.96 1075.89 350.90 955.88 455.07 998.90 547.90 1089.98 544.96
00024368 00000089 927.52 148.39 355.61 535.20 972.92 353.87 1075.14 350.83 951.02 451.68 999.61 548.66 1089.09 543.67
00024369 00000090 927.57 149.53 356.36 532.27 972.23 353.12 1078.45 352.00 952.82 454.34 997.23 548.59 1086.81 545.53
00024370 00000091 926.49 145.67 357.45 527.41 969.15 351.84 1080.83 355.51 955.02 458.09 991.28 541.62 1083.94 543.09
00024371 00000092 926.76 146.25 358.34 525.34 970.06 350.40 1081.19 354.62 955.17 457.25 992.01 540.51 1083.38 542.46
00024372 00000093 927.01 145.67 359.22 525.26 968.88 350.54 1081.89 354.74 955.50 456.57 990.70 540.37 1082.72 542.32
00024373 00000094 927.77 143.85 357.65 526.18 968.63 350.27 1081.97 354.60 956.07 456.61 990.44 539.96 1082.10 542.11
00024374 00000095 928.40 144.40 357.69 526.45 970.01 350.65 1083.15 354.71 957.05 456.03 991.49 540.84 1082.74 542.74
00024375 00000096 929.04 144.53 358.45 526.27 970.06 350.89 1084.09 353.88 957.42 455.37 991.82 542.14 1083.86 543.19
00024376 00000097 929.29 145.64 358.55 526.38 970.51 350.52 1084.50 354.13 956.84 455.52 992.39 542.21 1085.62 543.66
00024377 00000098 927.82 144.30 358.84 531.25 970.08 351.59 1084.12 355.56 956.73 455.93 991.78 544.22 1083.80 545.77
00024378 00000099 927.97 147.89 358.23 530.53 969.90 352.48 1082.67 355.75 956.24 456.57 991.80 545.46 1083.51 546.24
00024379 00000100 927.88 149.70 356.67 529.84 969.31 354.20 1081.27 355.25 954.25 456.08 991.89 547.79 1083.01 546.67
00024380 00000101 927.67 150.67 358.60 531.89 969.41 354.86 1079.94 354.75 953.36 456.18 992.51 549.70 1083.57 547.55
00024381 00000102 927.72 151.63 357.73 533.04 970.44 354.29 1079.79 354.09 952.63 455.54 994.69 549.52 1087.79 547.06
00024382 00000103 926.11 145.69 359.23 535.60 968.32 352.82 1080.43 354.22 958.98 458.97 998.22 548.38 1092.34 547.39
00024383 00000104 926.01 145.91 360.02 537.62 968.19 352.88 1080.28 353.10 958.39 458.79 1000.06 549.53 1094.58 547.69
00024384 00000105 925.30 145.41 359.83 539.29 967.40 351.92 1080.43 351.49 957.25 457.73 1002.00 549.72 1097.91 547.33
00024385 00000106 925.30 144.23 358.86 541.10 967.74 350.55 1079.50 350.23 957.15 457.01 1002.28 550.04 1096.24 547.84
00024386 00000107 923.20 144.95 356.73 537.42 972.47 350.91 1076.65 355.01 951.91 453.97 994.00 547.08 1079.23 548.35
00024387 00000108 922.75 144.39 350.47 529.26 968.20 348.77 1071.78 355.70 945.81 453.06 984.65 541.44 1069.02 545.39
00024388 00000109 920.54 141.04 349.90 532.78 966.18 347.34 1069.79 355.78 945.29 450.43 979.96 540.34 1060.92 545.65
00024389 00000110 922.18 138.81 350.13 538.43 966.37 348.96 1072.18 354.71 949.57 449.13 980.61 545.80 1058.10 549.09
00024390 00000111 925.37 141.75 351.32 538.24 968.05 350.72 1074.63 354.22 952.15 450.87 982.78 549.94 1059.37 551.54
00024391 00000112 926.60 140.88 354.58 538.77 967.98 350.59 1080.58 353.40 955.34 451.19 982.81 550.49 1064.19 551.60
00024392 00000113 928.20 142.38 354.33 538.61 967.32 351.22 1081.78 351.88 957.00 451.30 983.57 551.55 1066.17 550.90
00024393 00000114 928.82 140.20 354.26 537.61 967.15 351.50 1079.90 352.00 954.87 450.95 981.97 550.77 1063.70 550.10
00024394 00000115 927.51 139.63 353.58 535.60 968.55 349.48 1077.81 351.52 952.41 449.60 983.02 547.69 1062.45 548.16
00024395 00000116 927.42 140.56 351.71 533.54 970.13 348.91 1075.22 352.34 950.75 449.65 985.28 545.86 1062.75 547.19
00024396 00000117 927.52 141.94 353.24 533.28 971.47 349.43 1074.28 352.11 951.27 449.83 989.45 544.77 1068.94 545.18
00024397 00000118 928.83 141.19 355.78 536.90 974.49 350.74 1077.66 351.78 953.31 449.34 993.87 544.18 1077.80 543.23
00024398 00000119 926.50 137.63 360.46 545.19 970.26 349.13 1082.15 349.76 958.12 451.24 997.53 544.75 1093.00 543.34
00024399 00000120 926.95 137.49 360.99 547.92 969.83 348.81 1083.01 347.52 958.10 451.48 1000.84 546.78 1097.63 543.86
00024400 00000121 926.25 137.40 360.39 546.70 969.26 350.67 1084.57 350.39 960.91 454.02 997.04 549.37 1092.77 547.34
00024401 00000122 928.13 142.47 353.75 530.75 968.57 349.59 1082.19 354.10 954.78 453.75 986.02 543.24 1077.60 545.61
00024402 00000123 928.66 140.43 352.47 530.56 969.11 349.09 1080.61 353.36 953.50 452.30 986.13 541.31 1075.53 543.57
00024403 00000124 930.28 142.11 351.75 530.25 967.26 350.07 1081.14 351.33 953.78 451.25 985.06 546.38 1073.12 546.22
00024404 00000125 930.75 140.80 351.69 527.34 967.93 350.20 1082.90 351.45 956.83 451.47 985.99 542.86 1074.59 542.88
00024405 00000126 930.56 141.04 352.72 528.32 967.34 352.23 1083.64 351.24 957.80 450.87 984.91 544.65 1073.77 542.96
00024406 00000127 929.78 140.73 354.61 530.47 967.27 353.17 1084.22 351.80 957.53 450.71 984.51 546.08 1074.23 544.11
00024407 00000128 928.17 141.29 355.62 532.86 967.06 352.37 1084.38 351.99 957.55 450.30 983.55 546.64 1071.55 545.40
00024408 00000129 928.44 141.75 355.41 533.36 968.29 351.65 1083.78 351.83 957.19 450.30 984.53 546.16 1071.53 545.26
00024409 00000130 928.50 142.13 354.99 534.86 968.89 350.90 1083.64 351.21 957.46 450.09 986.17 546.15 1072.90 545.21
00024410 00000131 929.51 140.97 354.06 535.20 968.88 351.21 1083.26 351.13 957.91 449.67 986.28 546.31 1072.70 545.04
00024411 00000132 929.66 141.12 354.27 535.13 968.90 350.83 1083.33 350.89 958.37 449.57 986.53 546.17 1073.00 545.00
00024412 00000133 929.48 139.92 355.29 532.27 967.66 352.38 1082.70 351.10 956.82 450.07 985.59 544.86 1073.54 542.74
00024413 00000134 927.91 139.85 356.73 533.30 968.10 350.99 1083.24 352.69 955.58 449.81 985.34 542.53 1075.27 542.75
00024414 00000135 927.80 136.41 353.55 538.06 969.38 358.18 1077.43 358.69 951.19 447.48 986.95 543.39 1073.14 541.93
00024415 00000136 925.72 141.66 348.58 528.86 970.69 352.80 1070.57 358.46 945.22 445.12 983.45 538.62 1062.98 541.13
00024416 00000137 917.11 141.54 345.73 526.65 970.78 342.48 1064.93 360.55 937.19 440.79 977.00 529.97 1052.01 542.57
00024417 DELETE   910.07 136.26 344.59 530.22 971.08 336.71 1055.21 360.40 930.27 434.92 972.25 520.71 1042.47 537.77
00024418 DELETE   903.93 126.72 350.45 536.41 974.93 331.23 1042.05 347.05 928.19 437.56 972.21 529.24 1028.19 540.47
00024419 DELETE   899.67 121.94 348.91 542.87 980.31 328.30 1036.91 347.70 923.29 435.94 971.95 528.88 1019.61 542.68
00024420 00000141 896.02 119.31 345.78 546.35 977.65 331.34 1030.48 352.46 917.97 436.90 970.24 528.93 1014.49 544.79
00024421 00000142 892.95 116.87 345.72 549.35 976.72 332.57 1026.62 355.06 914.38 436.48 967.07 528.34 1008.64 545.60
00024422 00000143 891.25 115.88 345.90 551.04 977.26 332.70 1024.82 356.88 913.27 435.13 964.20 528.02 1003.89 546.69
00024423 00000144 891.80 113.62 343.59 553.13 975.14 334.41 1025.90 360.68 912.59 435.29 961.79 527.33 1003.54 547.61
00024424 00000145 892.54 115.63 341.94 551.40 974.30 335.95 1027.34 363.09 913.05 437.71 961.43 528.30 1004.37 549.10
00024425 00000146 892.45 112.50 343.74 555.09 972.15 335.92 1028.45 364.46 912.98 440.24 961.40 528.59 1006.43 550.67
00024426 00000147 892.87 113.69 342.67 555.67 971.38 336.54 1028.74 364.81 913.74 442.47 963.76 530.36 1009.28 552.20
00024427 00000148 893.53 114.04 343.60 558.76 973.55 336.89 1029.51 363.70 914.38 445.04 967.47 534.51 1011.25 555.15
00024428 00000149 893.66 116.30 344.37 558.74 972.63 337.30 1029.72 364.12 912.90 446.78 967.74 534.82 1013.81 555.18
00024429 00000150 893.86 116.31 343.59 558.99 973.70 337.84 1029.72 364.62 913.63 447.46 967.76 535.03 1013.29 555.35
00024430 00000151 894.75 116.75 343.30 560.69 974.96 338.28 1030.09 363.94 914.35 447.73 968.92 536.66 1014.04 555.94
00024431 00000152 894.03 115.32 344.54 562.49 975.18 338.58 1029.80 363.12 914.79 446.92 968.77 537.15 1013.44 555.50
00024432 00000153 894.33 117.59 343.57 560.64 975.28 338.07 1029.51 363.51 915.04 447.83 970.64 536.36 1015.04 555.19
00024433 00000154 894.95 115.10 343.50 560.68 973.32 337.76 1030.40 364.16 914.72 448.59 969.18 534.80 1015.98 554.60
00024434 00000155 894.12 112.55 342.65 561.88 973.95 337.80 1029.96 363.88 916.09 447.74 968.48 534.89 1012.68 554.80
00024435 00000156 892.65 117.09 342.95 546.95 973.24 337.06 1028.76 365.37 916.27 445.69 962.47 532.61 1003.66 554.30
00024436 00000157 893.89 121.52 343.24 537.18 971.40 336.62 1029.90 367.93 915.63 445.68 958.86 527.19 1004.08 551.21
00024437 00000158 894.45 122.83 341.58 531.76 971.10 336.55 1029.41 368.59 915.26 445.52 956.85 525.60 1001.50 550.05
00024438 00000159 894.21 123.63 342.47 530.02 970.80 336.57 1029.15 368.63 914.90 445.39 956.03 525.36 1000.59 549.79
00024439 00000160 894.18 124.14 342.13 527.78 970.82 336.45 1029.68 368.61 915.50 445.33 956.15 524.12 1001.36 548.56
00024440 00000161 893.89 123.94 342.05 529.16 971.22 336.37 1029.96 368.41 915.53 445.20 956.26 523.65 1001.81 547.97
00024441 00000162 895.18 125.13 340.83 529.24 970.85 336.81 1030.47 367.81 916.46 446.05 958.24 524.56 1004.40 548.29
00024442 00000163 896.25 124.48 339.36 532.60 968.37 336.50 1031.77 368.16 916.21 448.26 961.74 525.23 1011.11 549.68
00024443 00000164 896.53 122.24 340.26 536.76 968.84 336.60 1032.08 367.97 915.82 448.15 963.00 526.47 1012.55 550.53
00024444 00000165 895.17 121.24 342.03 538.84 969.01 337.41 1030.58 367.82 915.67 445.95 961.30 526.18 1009.73 549.60
00024445 00000166 893.72 124.63 344.42 532.16 967.13 338.48 1028.88 369.47 913.36 443.70 955.75 525.13 1003.94 549.04
00024446 00000167 894.20 121.97 342.53 534.46 967.37 339.13 1027.91 369.30 913.16 442.37 955.32 526.34 1001.78 549.62
00024447 00000168 894.49 124.22 342.30 531.55 966.16 339.87 1028.02 369.98 912.88 443.18 955.82 526.04 1003.38 549.19
00024448 00000169 893.57 123.09 343.70 534.35 965.06 339.26 1029.70 369.71 912.94 443.72 955.10 526.45 1005.44 550.00
00024449 00000170 894.38 120.49 343.76 539.37 967.28 339.01 1030.10 369.51 913.93 443.87 956.42 528.53 1004.65 552.18
00024450 00000171 894.85 121.12 342.42 538.47 966.60 338.85 1029.82 368.74 914.65 444.01 956.51 528.83 1004.92 552.06
00024451 00000172 895.96 119.96 341.34 539.19 966.88 338.91 1029.91 369.28 914.79 443.87 956.82 528.61 1005.03 552.13
00024452 00000173 894.56 125.39 342.28 532.87 965.93 341.11 1028.28 370.84 914.16 444.99 956.00 528.08 1004.32 551.06
00024453 00000174 893.14 127.45 343.55 531.07 963.62 342.88 1026.25 373.62 912.33 446.88 953.43 528.51 1001.18 552.17
00024454 00000175 892.84 122.86 340.61 537.41 960.74 345.65 1024.46 376.78 912.04 448.71 953.47 528.81 1001.63 553.03
00024455 00000176 892.84 124.45 338.64 535.97 960.70 344.44 1024.40 374.89 911.56 447.71 952.19 528.99 999.84 552.68
00024456 00000177 892.34 124.48 342.03 534.79 962.69 341.80 1024.61 373.26 911.14 446.04 952.66 526.41 1000.19 550.88
00024457 00000178 895.05 125.31 341.35 531.22 966.31 338.65 1028.61 370.93 913.63 442.32 952.36 523.03 1001.37 547.95
00024458 00000179 896.28 123.32 342.44 530.89 970.90 336.86 1029.71 367.74 916.86 438.87 953.52 522.79 999.77 546.45
00024459 00000180 897.01 122.99 341.20 530.92 973.33 337.02 1029.58 366.86 917.66 436.94 953.76 521.90 998.23 544.86
00024460 00000181 896.74 122.98 341.84 531.31 971.05 336.65 1030.46 367.29 916.96 437.50 953.12 521.47 1000.44 545.10
00024461 00000182 895.10 123.39 343.27 532.42 968.63 336.05 1029.51 367.77 915.28 439.44 954.66 522.09 1003.60 546.42
00024462 00000183 893.82 124.50 344.57 533.99 966.00 337.85 1027.28 369.81 911.84 443.28 953.72 524.06 1002.24 548.74
00024463 00000184 893.53 124.34 342.75 534.60 964.70 340.24 1024.96 371.94 910.42 444.78 953.82 525.11 1000.46 549.68
00024464 00000185 893.16 126.58 341.71 531.94 963.65 341.48 1024.89 373.34 910.38 445.73 953.62 525.73 1000.58 550.24
00024465 00000186 893.64 126.58 341.22 531.53 963.13 341.82 1024.99 373.23 910.91 445.82 953.37 525.98 1000.90 550.26
00024466 00000187 892.86 125.94 345.23 532.19 965.05 339.16 1025.49 371.03 909.67 443.78 954.65 524.36 1001.74 548.84
00024467 00000188 894.68 125.25 342.92 531.53 967.63 337.37 1028.23 370.19 911.49 442.28 954.14 523.13 1001.93 548.28
00024468 00000189 893.89 127.03 343.37 529.21 967.31 337.05 1028.69 368.83 912.15 441.53 953.87 522.76 1002.53 547.11
00024469 00000190 893.10 123.90 344.41 534.65 966.91 336.39 1028.98 368.42 911.29 442.48 954.95 523.61 1004.18 548.31
00024470 00000191 892.39 124.34 343.76 536.40 966.60 337.70 1026.08 368.76 910.04 444.69 957.53 525.76 1003.94 549.58
00024471 00000192 893.38 123.33 342.67 540.04 967.79 338.09 1025.58 368.71 910.46 444.28 959.11 526.09 1004.80 549.63
00024472 00000193 892.02 121.53 342.26 549.61 970.43 340.22 1023.69 364.75 911.60 445.06 963.37 537.02 1001.62 555.89
00024473 00000194 892.63 118.48 342.44 556.66 969.69 339.79 1025.70 364.11 911.21 449.12 968.90 538.89 1010.90 557.58
00024474 00000195 893.00 111.38 344.78 564.45 971.24 338.49 1024.72 360.59 912.08 449.16 972.20 538.24 1014.34 554.83
00024475 00000196 894.30 110.09 342.26 565.11 970.72 339.44 1021.94 357.36 912.42 449.73 975.48 538.74 1017.99 551.81
00024476 00000197 893.43 111.40 339.52 559.01 969.99 339.87 1017.82 357.53 913.60 448.17 974.78 536.96 1011.74 550.52
00024477 00000198 890.50 111.89 337.20 554.44 966.39 337.65 1013.79 357.08 911.75 447.11 971.49 534.21 1007.24 549.15
00024478 00000199 890.06 102.76 334.90 564.45 965.12 335.51 1013.68 356.26 911.39 447.50 973.62 533.81 1010.62 549.87
00024479 00000200 889.11 100.30 336.60 569.69 960.97 335.89 1013.39 354.77 909.01 448.21 975.37 534.01 1018.34 548.10
00024480 00000201 890.30 98.30 334.88 577.16 963.05 333.31 1012.94 350.29 906.26 445.53 980.82 535.18 1024.04 547.35
00024481 00000202 890.93 101.61 337.92 566.07 960.42 335.35 1017.04 352.57 907.98 445.05 974.76 532.22 1021.44 544.92
00024482 00000203 891.33 103.62 340.83 560.69 967.33 335.53 1019.00 354.90 912.81 445.45 973.26 531.64 1014.18 546.16
00024483 00000204 889.83 114.58 342.96 549.41 962.99 338.13 1018.32 358.11 911.97 448.52 970.84 533.29 1014.18 548.16
00024484 00000205 890.16 121.78 344.92 543.64 958.95 339.23 1016.42 359.34 908.83 452.87 971.07 534.54 1016.04 549.38
00024485 00000206 888.40 121.56 346.09 555.69 959.94 337.97 1012.30 353.86 903.34 454.36 978.40 539.17 1024.22 549.35
00024486 00000207 890.46 125.10 345.55 550.65 959.16 339.67 1013.60 353.82 904.58 454.61 979.95 539.44 1026.92 548.12
00024487 00000208 890.58 123.51 346.99 552.12 957.93 340.11 1016.86 354.29 905.29 454.65 975.31 539.76 1024.99 548.84
00024488 00000209 890.04 126.60 346.28 546.46 955.86 341.62 1016.82 357.17 905.72 454.59 969.24 540.43 1017.09 551.46
00024489 00000210 887.62 129.73 348.91 538.14 954.10 339.07 1016.27 358.15 904.86 453.80 963.16 539.71 1008.79 553.83
00024490 00000211 886.91 128.58 347.43 538.82 951.37 338.26 1016.18 358.34 903.30 453.66 960.76 538.96 1009.12 553.81
00024491 00000212 889.25 130.78 347.78 536.14 950.58 338.73 1018.24 357.92 905.23 453.30 963.58 538.65 1014.59 553.02
00024492 00000213 891.13 128.67 353.11 551.81 959.24 340.95 1018.81 350.82 908.22 453.13 975.99 546.78 1024.02 552.92
00024493 00000214 894.78 132.59 352.37 550.72 963.67 339.11 1020.75 346.54 909.77 453.73 986.39 548.68 1035.30 551.58
00024494 00000215 896.29 133.49 350.79 547.72 964.97 339.32 1021.64 346.66 911.23 453.00 988.64 547.13 1037.01 549.79
00024495 00000216 897.22 127.24 350.54 553.76 966.70 340.71 1022.22 346.35 913.38 450.19 988.69 545.40 1036.99 546.79
00024496 00000217 897.56 128.43 352.19 549.60 965.13 341.08 1024.00 346.17 913.55 449.93 985.27 544.66 1035.32 545.93
00024497 00000218 898.68 129.54 353.27 541.61 967.04 339.75 1027.32 347.00 915.99 448.84 983.74 537.89 1036.86 540.78
00024498 00000219 899.48 128.22 354.13 536.04 965.78 339.94 1029.28 348.91 917.28 448.62 978.00 533.18 1034.19 538.08
00024499 00000220 899.92 126.70 356.44 535.55 963.58 340.76 1029.89 346.69 918.58 444.86 977.51 532.04 1036.42 534.61
00024500 00000221 900.06 127.20 358.40 534.91 962.14 344.69 1029.10 344.08 920.55 444.72 979.92 536.99 1036.88 534.64
00024501 00000222 903.35 126.62 356.26 539.36 961.03 347.38 1028.88 341.51 921.93 445.43 986.06 537.78 1046.85 530.84
00024502 00000223 904.75 122.56 352.91 539.72 959.84 346.66 1029.64 340.96 924.79 446.44 988.83 534.67 1053.41 527.71
00024503 00000224 906.60 123.10 353.49 535.48 958.57 345.82 1030.97 340.10 924.97 444.88 983.84 532.62 1050.51 526.05
00024504 00000225 901.62 121.97 354.48 535.87 959.03 340.96 1028.67 335.88 923.48 442.84 981.45 532.88 1044.11 526.57
00024505 00000226 897.26 118.47 356.49 538.59 963.77 332.87 1027.92 331.55 922.67 438.25 978.58 532.20 1033.31 528.79
00024506 00000227 902.82 105.93 349.50 554.72 951.96 334.47 1031.09 325.58 917.41 433.00 971.63 535.36 1030.94 527.71
00024507 00000228 901.79 105.81 349.87 555.34 948.65 334.52 1032.32 325.41 914.94 432.51 965.76 536.73 1027.51 529.17
00024508 00000229 896.50 115.51 352.32 539.82 966.14 327.91 1029.42 333.39 922.02 434.14 972.50 528.58 1024.19 531.38
00024509 00000230 898.47 118.05 343.71 541.57 960.56 340.45 1023.02 347.35 906.77 435.36 963.18 528.51 1009.96 531.82
00024510 DELETE   894.30 124.09 343.26 539.08 956.84 342.61 1022.18 351.72 904.22 442.09 957.98 534.00 1005.25 539.22
00024511 00000232 886.07 128.87 349.34 532.91 947.44 339.12 1016.76 351.33 907.83 450.95 959.22 536.65 1011.77 545.30
00024512 00000233 884.33 127.80 348.62 536.98 942.32 339.95 1014.89 351.00 904.66 452.32 958.15 538.41 1014.06 546.20
00024513 00000234 883.08 128.44 353.30 547.10 943.98 341.12 1014.06 347.68 902.98 452.50 963.04 543.51 1018.48 547.18
CROP_BBOX: 682 0 1570 853
