Video ID: 	T1FROaSBHRE
H: 	1080
W: 	1920
FPS: 	25.0

FRAME INDEX X0 Y0 W H [Landmarks (5 Points)]

00004371 00000000 1056.33 144.89 439.37 614.87 1167.23 393.71 1383.94 362.80 1301.98 477.62 1227.29 620.85 1405.98 592.72
00004372 00000001 1058.77 149.65 440.41 612.01 1175.64 400.50 1388.88 373.17 1309.53 488.85 1234.68 623.80 1407.82 599.21
00004373 00000002 1070.37 163.62 432.40 607.05 1183.95 414.10 1392.20 378.32 1313.28 505.15 1239.23 640.84 1405.14 607.78
00004374 00000003 1074.55 175.46 436.48 609.05 1185.84 425.61 1396.13 391.29 1314.12 521.58 1236.63 647.05 1413.12 615.10
00004375 00000004 1074.54 183.22 439.33 617.71 1185.92 434.08 1393.22 398.14 1313.13 530.44 1238.15 658.05 1410.44 625.05
00004376 00000005 1072.94 184.08 438.75 624.98 1180.58 444.91 1389.39 410.40 1304.62 537.29 1234.50 671.14 1404.67 639.63
00004377 00000006 1071.09 192.44 435.46 614.15 1176.05 450.22 1385.09 419.24 1298.44 546.58 1230.78 674.40 1400.96 645.68
00004378 00000007 1070.03 196.46 434.81 611.60 1169.31 456.75 1380.29 424.51 1290.96 555.33 1225.99 681.26 1396.74 652.14
00004379 00000008 1066.09 206.14 436.90 608.23 1164.40 458.13 1372.70 429.07 1282.95 564.75 1225.43 686.53 1386.02 660.29
00004380 00000009 1062.31 213.59 438.24 608.50 1159.41 463.22 1366.04 433.29 1277.76 572.17 1224.07 693.07 1382.17 666.15
00004381 00000010 1060.61 219.36 439.24 606.99 1153.99 470.13 1358.92 439.67 1268.51 582.24 1220.20 698.34 1378.66 671.32
00004382 00000011 1058.33 227.00 441.34 601.57 1150.16 476.93 1354.47 446.32 1259.66 590.37 1215.04 700.75 1377.28 673.63
00004383 00000012 1057.19 231.92 442.61 602.01 1150.13 482.49 1352.96 451.59 1257.39 596.98 1211.86 704.69 1377.38 676.88
00004384 00000013 1058.07 237.73 443.85 596.98 1154.67 485.57 1356.57 454.60 1263.80 601.70 1216.18 706.58 1378.98 678.77
00004385 00000014 1059.99 239.80 445.38 595.59 1161.12 489.01 1362.28 459.87 1272.10 604.39 1220.78 707.79 1380.16 681.31
00004386 00000015 1061.45 241.29 446.76 598.07 1166.43 493.04 1371.28 464.03 1281.53 610.70 1224.81 712.83 1385.23 686.62
00004387 00000016 1067.19 237.10 443.72 604.01 1173.75 498.39 1379.49 468.34 1292.97 617.04 1231.74 719.45 1392.46 692.56
00004388 00000017 1071.15 238.46 444.43 610.67 1181.30 506.03 1383.96 473.60 1302.16 622.52 1243.26 729.71 1398.32 700.78
00004389 00000018 1078.06 238.48 444.55 618.43 1182.95 506.73 1400.03 472.51 1309.81 625.03 1248.58 731.09 1418.07 703.45
00004390 00000019 1080.33 241.58 443.51 616.10 1186.92 511.22 1404.30 476.15 1314.68 629.50 1253.79 734.25 1424.45 705.77
00004391 00000020 1081.77 245.43 442.73 615.41 1188.98 514.14 1404.41 480.50 1314.95 634.41 1254.22 734.37 1424.41 707.39
00004392 00000021 1080.70 249.29 443.74 614.61 1190.12 516.31 1403.04 485.46 1312.62 638.22 1252.01 733.73 1420.82 709.41
00004393 00000022 1079.46 252.61 444.05 615.47 1187.75 519.77 1399.38 488.36 1308.58 639.70 1247.98 736.41 1417.65 711.70
00004394 00000023 1074.72 265.27 443.01 598.94 1182.73 528.36 1391.14 495.80 1306.84 644.91 1239.36 745.64 1406.41 715.64
00004395 00000024 1068.60 267.20 446.38 606.99 1184.48 528.04 1386.80 495.41 1305.37 647.01 1241.34 746.43 1400.14 717.78
00004396 00000025 1066.94 266.68 448.17 607.11 1183.13 528.14 1385.86 495.68 1303.75 647.07 1239.90 745.53 1399.05 717.09
00004397 00000026 1067.40 261.69 448.32 611.01 1183.35 526.30 1386.45 494.12 1303.93 644.17 1239.21 743.76 1399.31 715.59
00004398 00000027 1067.53 260.38 448.20 610.38 1183.59 524.71 1386.95 493.19 1303.92 642.68 1239.54 742.32 1399.52 714.63
00004399 00000028 1066.93 259.18 448.54 609.37 1183.75 521.47 1387.99 490.27 1304.57 640.53 1239.43 739.57 1400.35 712.06
00004400 00000029 1066.10 254.15 449.01 611.77 1182.30 517.29 1388.03 485.82 1304.64 637.47 1237.43 734.99 1401.78 707.24
00004401 00000030 1065.27 251.95 449.80 612.23 1181.33 514.03 1387.75 483.35 1303.97 635.05 1236.15 732.56 1401.56 705.34
00004402 00000031 1064.71 248.81 451.40 616.53 1180.85 511.97 1386.47 481.21 1303.17 632.24 1234.93 731.38 1400.49 704.20
00004403 00000032 1064.95 244.58 452.14 622.59 1180.40 510.14 1385.81 478.42 1304.13 630.48 1235.86 732.10 1399.92 703.84
00004404 00000033 1065.93 244.32 450.90 626.75 1179.30 507.35 1384.50 474.65 1304.16 628.28 1238.86 737.09 1397.20 708.38
00004405 00000034 1065.54 239.74 449.96 634.28 1177.85 502.06 1382.40 471.42 1301.72 623.80 1239.93 740.84 1391.47 714.16
00004406 00000035 1067.47 238.18 450.79 637.70 1178.72 497.28 1383.97 465.78 1302.58 618.79 1241.17 739.32 1393.81 711.66
00004407 00000036 1067.88 230.88 451.38 635.44 1179.21 492.23 1385.97 461.06 1304.28 613.27 1239.77 731.30 1396.57 703.62
00004408 00000037 1067.35 224.61 451.14 630.13 1179.00 483.96 1386.01 453.90 1303.56 606.49 1239.60 722.21 1396.43 695.00
00004409 00000038 1063.63 221.54 452.68 626.13 1176.43 477.24 1384.16 448.97 1302.25 600.47 1238.34 715.23 1394.21 689.13
00004410 00000039 1060.75 212.71 451.83 623.15 1172.91 471.83 1380.48 445.58 1297.13 594.70 1236.39 708.73 1389.50 684.25
00004411 00000040 1058.19 209.19 451.28 629.35 1171.27 468.99 1377.38 442.32 1296.64 591.86 1236.32 708.86 1385.92 684.41
00004412 00000041 1057.22 208.14 451.84 629.27 1169.71 467.53 1376.97 440.65 1294.93 590.57 1235.39 708.91 1384.16 684.33
00004413 00000042 1056.89 207.89 452.72 624.98 1170.98 470.59 1378.45 444.40 1294.86 587.30 1235.57 707.21 1385.39 683.21
00004414 00000043 1058.56 207.87 449.82 623.61 1173.29 473.28 1380.49 448.15 1297.12 587.04 1234.41 706.23 1386.96 683.53
00004415 00000044 1057.50 208.21 448.86 631.82 1171.39 472.60 1379.97 445.20 1295.89 584.50 1230.46 706.33 1389.04 681.59
00004416 00000045 1056.64 212.73 449.57 639.46 1170.70 475.54 1379.67 446.46 1294.68 583.43 1228.47 706.73 1395.31 679.97
00004417 00000046 1055.97 210.66 448.67 649.03 1168.07 472.96 1378.90 445.30 1291.94 582.87 1223.25 706.46 1395.72 680.55
00004418 00000047 1053.86 211.94 448.34 647.52 1164.87 471.18 1376.50 444.84 1288.66 581.09 1215.03 699.93 1395.18 675.16
00004419 00000048 1051.05 209.02 449.13 638.01 1159.44 471.14 1371.51 443.89 1282.78 579.73 1209.94 694.37 1391.32 669.15
00004420 00000049 1049.55 212.16 448.26 625.06 1152.07 469.13 1363.29 442.07 1271.21 577.63 1203.83 691.07 1383.29 666.21
00004421 00000050 1046.08 216.01 447.57 617.03 1145.29 469.10 1356.88 443.98 1263.17 581.74 1197.80 691.28 1375.44 668.61
00004422 00000051 1045.13 218.61 446.11 614.09 1143.15 469.18 1353.63 444.69 1259.20 582.54 1195.88 692.32 1369.58 670.49
00004423 00000052 1044.91 218.25 446.94 615.57 1144.36 468.63 1354.20 444.23 1261.20 582.02 1197.58 693.16 1368.49 671.43
00004424 00000053 1045.57 216.95 445.97 616.91 1147.09 466.42 1357.19 443.96 1265.04 582.17 1200.61 694.48 1368.27 674.34
00004425 00000054 1048.64 213.28 444.83 621.50 1150.14 468.21 1360.26 445.26 1268.41 582.01 1204.53 697.59 1371.07 677.00
00004426 00000055 1049.79 216.42 443.33 619.73 1152.98 469.96 1362.29 448.14 1270.99 583.34 1208.03 699.59 1370.67 679.88
00004427 00000056 1052.27 220.26 441.82 613.23 1156.98 479.90 1365.62 458.79 1273.16 585.90 1209.62 701.25 1375.34 682.09
00004428 00000057 1054.23 222.17 439.88 613.04 1160.18 485.90 1368.09 465.08 1275.78 590.18 1211.92 705.38 1375.99 686.37
00004429 00000058 1053.74 219.70 442.03 631.84 1163.11 487.56 1369.40 466.25 1281.23 592.89 1214.21 713.52 1375.80 694.36
00004430 00000059 1054.27 221.46 441.46 627.81 1164.95 487.32 1371.96 465.69 1284.02 594.41 1214.97 712.91 1377.27 693.57
00004431 DELETE   1056.60 221.52 440.13 615.77 1166.63 487.26 1375.96 467.37 1286.02 593.73 1215.08 708.21 1380.38 690.15
00004432 00000061 1059.59 222.23 437.86 605.57 1169.77 486.26 1381.11 468.07 1290.10 591.66 1214.56 701.62 1385.83 684.97
00004433 00000062 1062.27 220.35 437.57 602.61 1172.48 486.00 1386.44 468.94 1294.63 588.92 1214.83 697.43 1391.97 681.76
00004434 00000063 1064.27 219.35 438.01 600.52 1176.55 484.57 1391.55 467.74 1300.25 587.46 1216.85 694.47 1397.06 679.24
00004435 00000064 1066.94 218.01 436.81 599.99 1181.01 484.66 1394.43 467.57 1304.74 585.70 1220.82 692.71 1400.41 677.43
00004436 00000065 1067.77 217.03 436.61 599.58 1183.87 485.24 1396.83 468.80 1308.48 584.72 1223.21 692.41 1402.31 677.64
00004437 00000066 1066.61 216.63 437.62 602.82 1183.55 484.38 1396.49 467.86 1308.31 584.12 1223.09 692.84 1402.25 677.99
00004438 00000067 1063.77 216.38 437.90 604.89 1180.06 483.48 1394.60 466.42 1306.30 585.16 1220.15 693.31 1400.68 678.13
00004439 00000068 1060.11 218.27 440.61 609.57 1178.15 483.09 1391.25 466.16 1303.74 587.44 1221.92 701.04 1393.27 685.77
00004440 00000069 1057.73 221.38 442.32 616.44 1174.88 486.38 1385.79 467.00 1299.15 593.27 1223.07 710.95 1387.83 693.58
00004441 00000070 1055.58 225.59 442.26 614.33 1171.13 490.41 1381.93 470.78 1294.64 599.23 1217.53 713.23 1384.08 695.99
00004442 00000071 1052.10 228.26 439.25 611.83 1165.55 490.99 1376.42 468.97 1290.70 599.28 1211.40 711.11 1381.15 692.71
00004443 00000072 1047.61 227.81 437.17 615.92 1156.36 489.13 1369.66 467.23 1280.42 596.32 1201.07 707.52 1379.01 689.20
00004444 DELETE   1039.49 231.75 441.04 618.20 1147.31 489.48 1358.94 463.87 1270.68 595.91 1189.93 702.36 1377.52 681.10
00004445 00000074 1031.10 225.99 442.55 630.36 1134.67 491.12 1347.79 461.48 1256.63 602.54 1176.88 702.35 1373.70 677.80
00004446 00000075 1020.02 220.65 444.88 638.40 1118.68 489.03 1333.82 459.43 1238.69 604.51 1163.36 704.12 1363.83 678.74
00004447 00000076 1002.28 224.21 447.45 630.60 1105.91 492.00 1321.26 461.36 1228.45 607.03 1148.10 703.97 1347.14 675.95
00004448 00000077 989.87 221.20 454.47 629.21 1095.07 487.08 1308.38 459.05 1215.37 605.95 1144.26 706.30 1328.17 680.43
00004449 00000078 984.73 219.50 457.90 630.28 1088.13 483.03 1298.11 455.79 1204.43 601.77 1146.08 712.49 1310.23 687.82
00004450 00000079 982.57 220.20 455.72 632.58 1084.30 478.96 1293.47 454.07 1199.64 601.81 1142.03 714.52 1301.44 692.28
00004451 00000080 981.50 218.45 454.79 636.39 1084.75 477.54 1293.68 453.35 1200.46 601.95 1141.96 714.55 1301.20 692.93
00004452 00000081 981.44 218.74 453.82 634.65 1085.99 476.42 1295.34 452.81 1202.84 601.76 1142.50 713.80 1302.22 692.38
00004453 00000082 982.46 217.20 451.78 633.79 1086.79 476.36 1296.21 453.89 1203.89 602.04 1142.02 713.17 1302.29 692.66
00004454 00000083 980.67 215.32 451.20 631.85 1084.63 474.24 1295.67 452.41 1202.14 601.93 1140.39 712.80 1301.10 692.73
00004455 00000084 978.08 213.97 449.63 628.63 1080.47 471.55 1293.14 450.09 1197.68 599.03 1134.87 709.06 1299.32 689.39
00004456 00000085 976.23 208.84 447.36 630.12 1076.88 466.96 1290.72 446.14 1194.18 593.00 1130.70 705.09 1296.43 686.05
00004457 00000086 973.14 209.06 444.75 626.23 1072.73 461.80 1287.88 442.42 1192.44 586.44 1126.16 700.60 1293.34 682.93
00004458 00000087 969.62 209.06 444.92 626.68 1070.28 460.32 1284.51 440.06 1191.39 580.57 1121.11 695.44 1292.27 677.21
00004459 00000088 966.27 207.26 444.16 629.65 1065.87 459.20 1280.18 437.81 1187.17 577.85 1115.69 692.59 1287.32 673.78
00004460 00000089 958.09 206.51 444.02 630.49 1058.89 460.22 1275.72 437.31 1180.93 576.28 1108.85 691.01 1285.66 671.09
00004461 00000090 946.97 195.45 450.14 636.25 1054.65 463.47 1264.78 435.47 1170.79 581.21 1105.54 686.95 1278.88 664.42
00004462 00000091 941.65 195.82 446.67 633.48 1048.89 466.28 1259.11 438.39 1164.26 583.32 1098.59 686.36 1272.13 664.19
00004463 00000092 936.50 196.41 445.71 633.20 1043.59 465.63 1254.40 439.16 1159.08 582.40 1093.97 686.59 1266.41 665.70
00004464 00000093 928.54 209.05 446.53 616.50 1037.41 470.68 1249.12 444.90 1156.88 580.78 1086.53 688.60 1265.00 663.71
00004465 00000094 922.28 209.13 448.97 618.57 1033.97 471.87 1244.78 445.76 1154.77 580.77 1085.03 690.19 1261.12 665.18
00004466 00000095 918.97 209.66 449.11 636.55 1030.29 471.42 1240.64 444.36 1151.16 578.38 1082.37 696.98 1257.10 671.41
00004467 00000096 915.65 213.19 444.54 638.35 1024.53 473.36 1234.33 445.94 1145.37 579.41 1077.77 699.52 1253.66 673.88
00004468 00000097 912.41 216.20 444.69 633.77 1019.23 475.21 1228.02 446.65 1138.56 582.09 1074.65 700.04 1248.69 673.89
00004469 00000098 909.94 215.29 445.69 631.43 1014.88 477.08 1222.03 447.78 1132.29 584.48 1073.06 700.48 1243.62 673.93
00004470 00000099 910.69 215.39 445.75 628.21 1013.87 477.31 1220.08 448.33 1129.51 584.17 1072.17 699.30 1242.31 673.02
00004471 00000100 911.29 211.85 449.10 624.83 1013.43 473.65 1223.43 445.94 1129.86 582.31 1071.40 696.09 1244.23 670.53
00004472 00000101 915.34 208.42 450.39 621.46 1017.33 468.25 1229.35 441.96 1133.82 579.00 1073.62 691.00 1247.48 666.18
00004473 00000102 919.69 200.30 450.41 621.51 1021.16 466.36 1234.86 438.51 1138.00 572.85 1077.87 687.35 1253.05 660.95
00004474 00000103 926.25 193.28 446.02 621.07 1026.17 463.17 1239.77 434.31 1143.67 569.52 1081.14 681.48 1257.72 654.51
00004475 00000104 934.38 181.91 447.70 632.33 1033.60 457.01 1248.24 426.65 1148.28 566.70 1084.78 674.30 1264.19 650.01
00004476 00000105 939.47 185.43 449.73 626.99 1040.20 457.26 1255.02 428.45 1154.19 567.78 1088.60 673.03 1270.50 649.70
00004477 00000106 942.34 188.02 453.69 627.33 1047.54 460.23 1265.06 432.73 1163.68 575.52 1094.37 675.57 1278.31 653.22
00004478 00000107 947.51 190.96 453.63 628.51 1054.18 462.13 1272.35 435.90 1170.99 581.37 1100.42 680.68 1281.36 659.49
00004479 00000108 951.82 201.41 452.10 630.04 1061.03 462.47 1276.94 438.51 1176.93 586.78 1110.79 694.80 1277.57 676.15
00004480 00000109 956.46 204.42 446.39 643.55 1062.51 458.98 1279.73 436.45 1187.83 586.27 1121.67 712.73 1272.84 694.20
00004481 00000110 961.86 201.52 445.26 647.36 1067.67 455.74 1283.64 433.66 1194.07 582.18 1127.40 713.89 1274.32 695.64
00004482 00000111 966.62 201.59 442.44 643.30 1073.43 451.89 1288.24 432.28 1201.15 575.70 1132.41 709.63 1277.88 693.27
00004483 00000112 971.60 191.77 443.78 651.22 1079.99 447.39 1296.60 429.53 1209.02 569.66 1135.52 703.24 1287.70 687.35
00004484 00000113 977.49 190.29 441.14 647.27 1085.74 445.19 1303.01 427.38 1216.60 563.66 1139.38 699.09 1295.77 682.45
00004485 00000114 979.75 187.76 444.81 642.35 1092.01 443.04 1310.72 426.40 1225.19 560.91 1143.85 693.38 1305.12 676.86
00004486 00000115 982.57 186.72 447.13 638.71 1097.57 445.08 1317.73 428.78 1230.46 560.36 1147.96 692.35 1314.40 675.55
00004487 00000116 983.41 189.34 448.23 633.70 1101.16 447.86 1322.80 431.29 1235.04 563.37 1152.21 693.47 1321.05 675.99
00004488 00000117 984.91 191.34 448.69 631.37 1105.55 453.22 1325.37 436.29 1239.39 567.93 1154.74 692.74 1327.26 675.16
00004489 00000118 988.92 203.00 444.80 620.60 1109.49 459.40 1328.28 441.89 1242.58 573.24 1157.99 694.94 1332.03 677.23
00004490 00000119 989.66 205.29 446.37 626.31 1110.07 463.69 1332.06 446.28 1243.40 578.31 1156.51 698.96 1337.45 681.54
00004491 00000120 988.67 206.47 446.83 634.20 1109.99 471.76 1332.27 453.48 1244.26 590.87 1154.52 704.97 1339.46 687.02
00004492 00000121 987.66 216.20 447.59 633.33 1107.59 474.97 1328.92 456.84 1239.69 596.76 1149.85 707.99 1336.26 690.49
00004493 00000122 986.81 216.72 447.02 635.84 1104.50 477.49 1326.20 458.40 1235.68 599.13 1146.85 711.52 1332.49 693.34
00004494 00000123 986.81 220.06 445.06 628.15 1101.65 479.63 1323.01 460.17 1231.09 602.67 1143.17 707.52 1332.70 689.31
00004495 00000124 987.37 224.21 444.94 629.29 1100.21 482.14 1320.63 461.32 1228.63 604.85 1142.65 711.05 1330.64 691.48
00004496 00000125 988.57 227.38 445.40 629.91 1100.93 485.05 1320.41 463.88 1228.03 606.86 1144.50 714.62 1330.27 694.69
00004497 00000126 990.93 230.88 445.44 630.46 1103.02 488.52 1320.33 466.03 1229.14 610.18 1146.81 717.13 1331.10 696.28
00004498 00000127 995.78 232.59 444.34 627.53 1105.53 491.09 1321.62 467.98 1228.31 613.88 1151.93 722.96 1328.37 701.90
00004499 00000128 999.94 232.97 443.76 624.57 1107.18 492.59 1321.42 467.53 1227.88 613.10 1156.52 724.75 1327.34 702.12
00004500 00000129 1003.36 235.26 442.64 621.76 1107.77 493.72 1320.92 467.55 1226.44 613.19 1157.41 724.21 1327.90 700.69
00004501 00000130 1003.63 235.14 443.10 620.41 1105.76 493.15 1318.07 466.91 1221.60 610.88 1155.60 722.24 1325.74 698.54
00004502 00000131 1003.97 233.75 443.58 620.25 1104.64 491.42 1316.98 465.90 1217.45 608.09 1154.07 719.74 1324.76 696.64
00004503 00000132 1005.33 233.51 443.53 617.50 1104.53 490.89 1315.92 465.29 1215.03 606.43 1153.99 718.16 1323.18 694.89
00004504 00000133 1007.50 232.59 444.35 622.05 1104.68 490.00 1316.64 464.18 1214.41 605.06 1153.65 718.29 1324.19 694.69
00004505 00000134 1007.10 230.17 444.78 622.86 1104.83 488.30 1317.26 462.67 1214.51 604.75 1151.96 713.92 1326.90 690.44
00004506 00000135 1008.10 229.14 444.52 618.89 1104.69 486.49 1317.21 461.66 1213.37 603.59 1150.41 708.56 1328.38 685.57
00004507 00000136 1009.59 227.06 443.63 611.63 1105.30 486.36 1318.26 461.75 1213.47 603.07 1150.66 704.31 1328.88 681.49
00004508 00000137 1012.97 228.72 444.66 609.37 1109.46 486.57 1320.41 463.47 1216.10 601.67 1153.36 702.32 1328.66 680.79
00004509 00000138 1016.11 223.25 448.98 619.08 1107.90 479.34 1331.62 456.65 1223.64 599.05 1156.33 704.78 1333.25 685.49
00004510 00000139 1018.00 220.53 448.66 629.58 1110.82 478.64 1331.18 455.27 1226.15 598.38 1163.25 709.59 1333.72 689.95
00004511 00000140 1020.85 222.64 448.07 631.87 1112.28 478.09 1332.41 454.12 1226.49 599.00 1166.09 712.82 1336.39 692.56
00004512 00000141 1023.86 221.74 449.47 635.89 1115.68 478.64 1333.44 453.00 1228.56 598.98 1170.73 714.16 1340.42 692.50
00004513 00000142 1025.76 221.30 450.59 639.42 1117.45 479.00 1333.49 452.03 1229.80 600.67 1173.47 714.87 1343.09 692.23
00004514 00000143 1026.84 221.69 453.01 639.77 1117.73 479.43 1333.98 451.69 1228.95 600.80 1173.26 714.60 1346.28 691.17
00004515 00000144 1029.01 220.96 454.36 639.48 1118.50 480.21 1334.18 452.92 1227.46 600.59 1173.12 713.25 1347.50 690.05
00004516 00000145 1030.54 221.58 452.90 636.78 1119.01 490.89 1332.05 458.88 1226.25 597.09 1173.34 713.14 1349.39 686.59
00004517 00000146 1030.76 220.15 455.11 635.62 1118.86 490.04 1331.50 456.97 1224.82 597.14 1175.06 711.54 1350.02 684.00
00004518 00000147 1030.91 217.01 458.24 637.06 1120.08 484.44 1332.36 453.33 1224.23 596.26 1176.53 708.66 1350.64 682.26
00004519 00000148 1031.13 212.91 460.12 638.56 1118.23 479.21 1330.56 449.06 1221.47 597.51 1176.90 706.50 1349.37 680.81
00004520 00000149 1031.04 212.22 461.18 640.28 1116.06 477.41 1328.48 446.39 1218.82 597.23 1175.92 706.03 1348.46 679.25
00004521 00000150 1031.12 211.46 461.23 632.92 1113.18 476.38 1328.04 448.97 1214.65 600.32 1170.90 705.14 1344.48 680.97
00004522 00000151 1032.00 213.15 461.24 634.10 1112.44 476.12 1329.19 451.98 1212.42 601.90 1165.03 705.98 1340.26 684.72
00004523 00000152 1032.92 215.58 461.29 635.28 1113.63 476.27 1328.70 455.09 1211.32 603.67 1162.41 706.03 1336.75 687.43
00004524 00000153 1033.09 221.41 461.47 633.37 1112.91 478.72 1328.43 458.54 1209.57 607.04 1160.91 709.21 1334.76 691.74
00004525 00000154 1032.49 223.53 461.54 631.77 1111.69 481.68 1329.91 460.92 1210.24 610.66 1162.71 716.09 1332.49 698.69
00004526 00000155 1034.92 225.33 461.03 635.32 1113.17 485.69 1328.49 462.57 1211.67 613.26 1166.87 721.73 1333.25 702.59
00004527 00000156 1035.14 228.01 462.15 636.26 1114.95 488.68 1328.18 464.49 1212.50 614.76 1169.73 724.55 1335.40 704.57
00004528 00000157 1035.10 227.27 464.60 643.19 1116.75 488.93 1328.76 462.97 1214.44 614.64 1173.71 726.70 1338.18 705.44
00004529 00000158 1035.21 226.84 463.69 644.23 1116.95 489.30 1328.15 461.43 1214.22 612.08 1174.76 727.25 1339.95 704.34
00004530 00000159 1035.11 225.88 464.24 644.44 1117.93 488.68 1328.91 461.07 1216.02 610.91 1175.04 725.45 1340.43 702.74
00004531 00000160 1035.08 225.84 463.97 644.23 1118.38 488.27 1329.67 460.90 1216.62 610.46 1173.99 723.77 1341.42 701.20
00004532 00000161 1034.73 223.27 463.80 644.40 1117.75 486.61 1330.35 459.79 1216.95 609.16 1171.56 720.21 1342.13 697.90
00004533 00000162 1034.19 219.19 463.40 645.50 1114.75 480.18 1329.24 455.62 1211.61 602.71 1165.26 713.78 1340.86 692.66
00004534 00000163 1033.06 209.03 459.94 651.82 1109.80 473.12 1324.02 448.57 1202.94 593.37 1158.86 711.10 1328.65 690.20
00004535 00000164 1029.90 203.49 462.44 643.60 1102.72 466.42 1318.35 442.10 1193.32 577.30 1148.75 705.79 1305.86 685.61
00004536 00000165 1029.53 192.01 460.63 641.80 1104.00 460.27 1314.50 437.09 1185.76 569.47 1145.50 697.76 1302.33 680.15
00004537 00000166 1032.13 190.26 460.51 644.11 1105.42 458.91 1313.41 434.44 1185.75 567.63 1148.98 697.62 1304.57 678.78
00004538 00000167 1037.98 198.16 457.37 639.98 1102.95 463.12 1318.99 434.54 1187.45 567.60 1148.94 703.00 1311.55 678.76
00004539 00000168 1041.38 202.78 459.75 640.77 1106.26 468.00 1321.13 437.68 1188.68 570.90 1153.47 704.27 1322.13 677.95
00004540 00000169 1040.07 207.81 463.66 634.69 1108.86 473.11 1323.86 440.65 1192.28 572.35 1155.17 701.68 1331.43 672.90
00004541 00000170 1042.89 208.92 464.41 635.90 1113.50 478.15 1325.92 449.23 1196.71 580.20 1159.66 704.26 1332.92 678.36
00004542 00000171 1047.84 212.36 461.75 640.43 1120.68 478.95 1328.02 451.30 1201.17 583.13 1166.02 709.52 1331.22 685.34
00004543 00000172 1054.63 215.75 459.33 641.33 1126.74 480.01 1330.51 454.58 1204.77 587.97 1172.76 711.65 1334.49 689.49
00004544 00000173 1056.07 220.98 459.08 635.20 1131.95 483.35 1333.61 457.22 1212.79 591.63 1180.85 711.19 1342.21 688.37
00004545 00000174 1057.16 224.39 458.76 629.23 1134.58 484.95 1334.19 460.09 1215.06 595.30 1184.24 709.08 1346.03 687.12
00004546 00000175 1056.10 227.05 459.47 626.17 1132.69 486.17 1333.43 461.93 1213.62 598.69 1180.86 706.48 1348.02 684.77
00004547 00000176 1055.55 227.42 459.38 627.56 1130.71 489.19 1331.71 464.53 1210.53 600.61 1176.52 706.42 1350.00 684.02
00004548 00000177 1055.01 230.92 459.76 627.10 1130.27 491.43 1329.87 467.88 1208.53 602.61 1174.94 706.53 1349.25 685.16
00004549 00000178 1054.68 235.62 459.89 624.74 1131.16 494.97 1330.60 471.19 1210.41 607.49 1176.68 709.27 1350.26 687.82
00004550 00000179 1054.52 238.59 460.41 629.15 1132.73 502.05 1330.91 473.03 1215.70 611.72 1183.45 717.79 1354.13 692.24
00004551 00000180 1052.59 238.44 461.38 642.76 1129.08 505.68 1327.42 471.64 1213.16 616.23 1185.88 731.21 1354.38 702.00
00004552 00000181 1046.86 242.90 461.94 634.57 1122.22 506.71 1320.90 473.11 1205.83 616.40 1177.81 728.12 1348.67 699.46
00004553 00000182 1042.31 246.54 458.15 625.80 1114.31 505.37 1312.49 473.05 1196.36 615.69 1168.65 724.07 1342.16 696.60
00004554 00000183 1040.12 247.19 454.77 621.84 1108.37 505.09 1305.68 473.63 1187.73 616.57 1163.71 723.15 1336.95 696.32
00004555 00000184 1034.10 245.64 456.64 624.91 1103.36 506.73 1299.13 474.52 1182.43 617.41 1159.71 725.29 1329.09 698.26
00004556 00000185 1030.01 244.16 457.47 629.48 1099.07 508.51 1292.42 475.03 1176.19 617.34 1156.17 728.06 1321.88 700.12
00004557 00000186 1026.89 242.94 458.13 630.26 1095.98 506.50 1288.40 474.19 1171.79 615.52 1153.01 726.78 1315.69 699.79
00004558 00000187 1025.46 245.22 456.55 628.14 1094.16 506.36 1286.66 474.90 1170.57 617.25 1150.73 726.32 1313.83 700.04
00004559 00000188 1021.50 239.01 465.88 632.20 1090.70 513.57 1280.87 478.32 1164.97 623.19 1146.08 726.93 1306.77 697.84
00004560 00000189 1019.69 242.00 463.11 631.23 1088.19 515.66 1279.32 482.42 1160.72 627.68 1142.63 729.31 1302.63 701.80
00004561 00000190 1015.43 245.23 463.99 630.41 1084.12 519.90 1276.17 486.37 1157.42 632.11 1140.73 734.38 1299.83 706.49
00004562 00000191 1012.61 248.35 462.32 627.63 1080.63 523.79 1274.96 491.28 1155.74 637.56 1136.83 737.50 1296.98 710.48
00004563 00000192 1009.10 252.00 462.09 623.37 1078.73 525.72 1274.47 494.96 1155.96 641.01 1135.18 739.66 1294.77 714.22
00004564 00000193 1005.42 257.88 462.92 618.55 1076.94 527.52 1274.36 498.19 1156.54 643.70 1134.28 741.90 1293.31 717.54
00004565 00000194 1009.16 263.35 451.43 620.89 1081.50 526.47 1277.13 501.35 1158.17 639.53 1130.67 739.87 1294.00 719.19
00004566 00000195 1009.09 268.79 450.88 618.21 1082.17 528.37 1276.68 503.00 1157.95 640.16 1131.31 742.80 1293.13 722.12
00004567 00000196 1010.70 271.29 449.94 621.85 1084.08 529.88 1277.87 503.32 1160.30 641.64 1134.90 746.41 1296.76 724.78
00004568 00000197 1013.61 269.81 447.88 628.83 1088.11 531.50 1279.18 503.56 1164.63 643.13 1141.55 750.19 1300.61 727.57
00004569 00000198 1014.45 269.21 449.53 632.33 1090.39 531.24 1281.29 503.76 1167.82 645.76 1146.22 753.53 1302.85 731.35
00004570 00000199 1016.25 269.13 450.48 635.57 1093.61 532.84 1284.89 504.01 1173.74 648.12 1151.74 756.76 1307.95 733.51
00004571 00000200 1019.70 270.65 448.32 631.37 1097.14 532.73 1288.61 503.64 1178.19 646.28 1154.58 755.76 1310.89 732.42
00004572 00000201 1024.86 270.39 446.30 626.09 1101.37 532.26 1292.82 504.05 1180.15 644.15 1155.77 754.04 1312.55 731.63
00004573 00000202 1028.91 269.46 444.68 618.40 1104.18 529.69 1297.55 502.33 1183.54 642.19 1157.31 750.49 1314.89 728.63
00004574 00000203 1031.51 268.31 444.55 609.67 1107.40 524.19 1300.42 499.82 1186.84 637.04 1159.36 743.88 1315.30 724.27
00004575 00000204 1038.52 260.76 436.62 610.71 1113.30 521.51 1303.03 496.59 1190.12 622.66 1158.83 740.79 1308.46 721.18
00004576 DELETE   1039.48 263.19 438.97 605.28 1117.37 516.68 1311.92 488.20 1201.04 611.17 1163.67 732.85 1318.10 710.53
00004577 DELETE   1042.54 259.01 438.48 610.29 1126.60 511.02 1321.64 482.48 1215.56 609.68 1173.41 727.17 1332.40 704.26
00004578 DELETE   1046.29 259.09 436.07 614.20 1136.17 513.97 1328.93 481.72 1228.20 611.13 1186.68 727.63 1347.07 701.39
00004579 00000208 1047.05 260.21 434.25 612.29 1142.53 516.00 1340.24 485.61 1243.65 617.19 1192.57 728.79 1358.14 703.64
00004580 DELETE   1055.48 268.30 425.70 607.45 1145.62 522.22 1345.64 495.25 1253.55 629.14 1198.21 738.31 1360.41 715.69
00004581 00000210 1053.06 280.02 427.36 601.61 1144.07 532.47 1344.89 504.27 1256.38 639.94 1202.76 747.78 1364.23 723.48
00004582 DELETE   1047.51 289.55 430.28 602.49 1137.81 536.98 1341.46 507.09 1252.75 649.93 1199.32 755.02 1365.36 729.00
00004583 00000212 1041.85 289.24 431.56 612.00 1131.29 537.87 1333.71 506.77 1245.08 649.84 1192.98 756.48 1358.80 729.71
00004584 00000213 1029.04 281.57 436.91 605.78 1125.86 530.47 1323.09 498.22 1230.50 637.09 1180.28 741.56 1345.58 715.18
00004585 00000214 1026.58 273.09 431.31 598.09 1113.07 521.52 1315.97 494.11 1213.45 625.26 1159.63 729.06 1335.68 706.75
00004586 00000215 1023.95 266.27 427.77 597.70 1103.69 516.61 1308.03 493.17 1199.53 620.32 1146.77 724.13 1325.39 704.74
00004587 00000216 1019.14 261.96 429.81 606.75 1098.19 517.27 1299.65 492.93 1191.29 620.57 1143.40 728.90 1315.35 709.08
00004588 00000217 1012.44 263.03 432.02 612.94 1094.24 520.35 1295.96 494.88 1189.45 627.28 1143.42 737.93 1308.32 717.91
00004589 00000218 1007.51 271.41 433.24 600.46 1092.76 528.01 1292.19 499.92 1193.50 638.68 1146.23 743.56 1307.75 719.06
00004590 00000219 1006.47 274.76 432.81 599.60 1091.44 529.20 1289.10 500.43 1191.93 643.17 1148.02 746.61 1306.06 721.24
00004591 00000220 1006.26 278.48 433.82 606.68 1091.17 534.48 1282.82 502.94 1188.04 647.76 1151.31 753.50 1303.87 725.70
00004592 00000221 1005.14 282.26 432.68 600.94 1087.85 535.11 1276.63 506.46 1182.71 651.60 1148.81 754.47 1294.84 729.84
00004593 00000222 1005.67 286.94 431.53 591.92 1085.90 535.62 1273.54 510.91 1175.80 652.67 1142.53 751.78 1287.83 730.39
00004594 00000223 1005.92 289.38 431.44 587.68 1085.21 539.24 1271.44 516.73 1171.36 655.25 1139.10 751.88 1284.48 732.27
00004595 00000224 1006.14 293.83 430.86 582.84 1085.10 542.22 1270.51 519.36 1169.68 656.47 1138.52 752.42 1283.92 732.34
00004596 00000225 1003.18 293.52 430.65 581.17 1081.13 541.43 1268.12 519.77 1166.12 658.00 1134.47 752.21 1280.92 732.96
00004597 00000226 1000.65 291.35 429.23 582.75 1076.24 540.76 1265.39 517.34 1163.22 657.26 1132.38 753.97 1280.99 733.47
00004598 00000227 1000.97 289.75 426.62 585.42 1074.39 540.01 1264.25 514.06 1162.45 655.80 1131.35 753.90 1284.04 731.36
00004599 00000228 1000.49 294.01 429.05 584.00 1075.34 543.67 1266.49 516.28 1165.87 658.75 1131.77 753.02 1291.08 729.15
00004600 00000229 999.82 295.46 430.26 585.88 1076.40 544.24 1268.40 516.06 1167.30 658.47 1132.32 752.85 1296.10 727.96
00004601 00000230 1001.26 295.74 427.98 583.95 1078.49 543.91 1269.76 516.48 1170.26 656.43 1133.06 750.65 1296.81 726.26
00004602 00000231 1001.64 294.11 427.70 584.33 1080.55 543.31 1271.59 516.97 1172.85 654.92 1131.71 747.38 1297.86 723.92
00004603 00000232 1002.54 291.30 426.37 584.91 1081.80 540.33 1273.63 515.79 1174.99 654.28 1129.63 744.14 1297.55 722.43
00004604 00000233 1003.96 289.07 426.22 583.37 1083.34 535.83 1275.92 512.01 1176.80 649.91 1130.60 741.20 1296.23 720.06
00004605 00000234 1005.12 286.25 428.90 585.86 1085.71 531.09 1279.97 506.92 1179.14 643.93 1130.34 736.56 1298.83 715.20
00004606 00000235 1009.29 281.40 425.07 592.31 1090.90 526.23 1284.42 500.98 1183.25 636.77 1132.62 732.56 1301.45 710.76
00004607 00000236 1012.40 274.57 426.67 596.12 1095.97 520.93 1290.95 496.61 1188.91 630.24 1139.88 733.76 1299.82 712.66
00004608 00000237 1017.83 268.30 426.04 592.32 1102.15 516.25 1298.87 494.37 1196.97 625.72 1144.22 727.91 1305.85 708.71
00004609 00000238 1020.28 260.88 422.41 581.12 1103.50 499.20 1309.12 484.86 1201.28 620.11 1149.16 716.69 1307.36 705.16
00004610 00000239 1017.08 266.35 417.41 576.08 1103.22 513.37 1298.60 491.37 1204.15 624.34 1151.88 729.62 1299.72 710.20
00004611 00000240 1000.96 283.47 420.71 571.87 1088.49 525.39 1275.98 500.12 1192.30 643.83 1145.70 741.89 1282.20 721.52
00004612 00000241 988.71 290.63 421.03 564.39 1073.50 530.82 1264.61 506.71 1175.48 648.54 1135.72 744.20 1276.52 724.31
00004613 00000242 971.86 283.71 428.03 572.65 1066.60 523.09 1252.85 496.58 1162.03 637.09 1125.51 725.99 1274.86 704.23
00004614 00000243 963.81 283.94 428.54 569.78 1062.74 519.50 1248.98 491.63 1161.04 632.91 1118.15 714.80 1277.76 691.64
00004615 00000244 960.73 283.54 427.47 571.38 1061.03 521.93 1246.71 491.17 1161.92 634.30 1117.09 714.38 1281.14 688.69
00004616 00000245 959.55 288.83 427.64 568.06 1059.98 527.44 1244.84 493.65 1161.91 640.28 1118.86 718.54 1282.68 690.36
00004617 00000246 959.20 294.39 424.10 563.73 1057.59 528.85 1243.92 497.24 1158.73 642.42 1114.27 721.29 1276.28 695.50
00004618 00000247 957.93 295.33 423.94 565.36 1054.08 527.57 1243.36 499.08 1153.25 638.81 1108.32 722.26 1269.95 699.27
00004619 00000248 955.55 290.10 422.96 571.13 1048.31 525.71 1239.69 498.24 1146.75 635.48 1100.76 722.75 1264.39 700.75
00004620 00000249 955.21 282.59 421.87 580.55 1044.80 523.81 1236.07 494.92 1143.25 631.81 1100.02 725.15 1262.97 702.03
00004621 00000250 955.51 279.11 423.59 584.67 1046.61 522.55 1237.03 492.65 1146.29 630.48 1104.98 726.91 1263.96 703.06
00004622 00000251 955.90 279.53 427.78 577.30 1051.89 521.33 1242.96 491.46 1153.60 632.95 1111.84 724.69 1267.95 700.81
00004623 00000252 959.08 279.19 429.58 572.22 1055.52 525.66 1243.90 490.67 1157.90 632.57 1119.93 723.13 1276.17 694.62
00004624 00000253 962.23 275.88 432.23 576.15 1059.46 527.89 1244.66 488.96 1162.94 633.57 1126.77 723.49 1283.91 691.27
00004625 00000254 960.50 281.24 439.38 589.95 1063.93 531.90 1246.49 487.65 1170.59 638.76 1136.27 732.30 1293.67 695.47
00004626 00000255 962.01 291.05 443.19 604.31 1058.21 547.56 1247.02 496.92 1172.00 652.84 1140.77 755.40 1304.60 710.76
00004627 00000256 958.32 294.24 445.54 610.76 1050.62 554.38 1238.38 504.54 1158.50 663.25 1132.62 762.95 1296.86 719.14
00004628 00000257 954.46 298.85 447.72 613.08 1045.39 557.02 1235.46 511.80 1151.25 668.89 1119.06 765.00 1287.34 725.68
00004629 00000258 956.28 301.69 447.66 600.61 1041.59 557.57 1236.01 518.37 1143.15 670.29 1110.44 763.94 1277.05 729.49
00004630 00000259 958.79 306.31 445.94 585.04 1041.21 554.05 1234.34 519.59 1136.03 668.92 1106.86 759.97 1268.53 729.50
00004631 00000260 961.84 301.65 444.99 584.08 1039.76 546.20 1230.31 516.52 1129.67 663.32 1103.67 756.40 1257.05 730.06
00004632 00000261 962.75 287.41 448.78 594.21 1041.77 538.68 1223.83 510.71 1116.29 654.36 1104.41 748.51 1251.19 725.47
00004633 00000262 960.52 285.88 453.06 592.68 1039.22 533.93 1223.01 506.57 1114.58 654.04 1103.87 747.86 1250.10 725.26
00004634 00000263 957.82 279.68 453.57 596.21 1037.79 530.48 1222.56 504.60 1115.52 655.75 1104.42 749.90 1246.34 729.07
00004635 00000264 951.45 271.86 456.45 604.14 1031.51 527.29 1217.28 503.96 1109.14 656.42 1096.97 748.57 1239.63 730.14
00004636 00000265 944.78 266.47 455.06 610.56 1023.90 524.31 1207.66 503.09 1098.06 654.85 1087.84 746.71 1225.33 730.50
00004637 00000266 934.19 264.17 458.66 615.67 1012.46 519.69 1199.22 501.68 1085.08 656.36 1075.60 746.35 1211.92 733.02
00004638 00000267 925.31 262.28 456.80 616.72 1002.77 522.25 1192.66 503.66 1075.14 656.20 1062.78 745.86 1200.21 731.29
00004639 00000268 916.43 259.75 461.15 619.77 994.43 521.62 1181.25 504.50 1064.84 659.97 1057.35 746.46 1189.42 732.81
00004640 00000269 909.13 255.83 469.89 620.08 982.39 522.52 1177.32 502.47 1065.24 658.65 1051.93 752.82 1190.90 735.96
00004641 00000270 907.92 254.48 472.78 620.78 983.01 519.65 1178.87 499.67 1064.84 656.26 1052.07 746.75 1196.44 729.72
00004642 00000271 913.09 254.07 467.73 620.14 991.55 515.65 1186.15 497.13 1066.02 650.20 1051.47 733.82 1201.73 718.46
00004643 00000272 918.59 249.13 461.94 618.54 996.94 512.41 1197.94 495.27 1075.10 644.51 1048.37 726.55 1207.14 712.21
00004644 00000273 924.57 246.72 456.53 623.61 1000.02 511.77 1205.75 496.05 1082.07 645.59 1049.26 727.26 1214.68 714.58
00004645 00000274 926.31 257.97 454.90 620.18 1004.21 513.79 1212.51 502.22 1090.06 653.66 1050.43 732.77 1220.15 724.32
00004646 00000275 930.86 270.49 451.53 615.33 1009.82 518.22 1219.07 511.23 1095.42 665.81 1054.63 741.56 1223.49 736.95
00004647 00000276 940.00 284.10 444.42 613.84 1022.30 527.94 1228.82 521.87 1110.14 671.75 1059.19 751.53 1227.73 747.87
00004648 DELETE   943.71 288.59 446.46 607.15 1022.48 533.92 1239.07 529.56 1118.84 683.79 1060.13 761.96 1231.89 759.47
00004649 00000278 949.60 298.14 441.26 601.56 1027.87 538.48 1246.53 538.25 1124.16 689.69 1059.66 763.34 1237.78 764.28
00004650 00000279 945.60 305.38 437.26 601.48 1037.38 548.85 1246.24 546.40 1130.53 695.64 1061.89 761.11 1245.34 757.41
00004651 00000280 936.43 309.50 442.16 602.51 1033.68 551.69 1243.19 546.88 1131.58 696.67 1059.06 764.56 1243.79 759.06
00004652 00000281 927.97 309.79 446.80 598.66 1026.87 551.03 1235.56 545.63 1124.26 692.31 1055.35 764.16 1236.65 758.12
00004653 00000282 918.54 300.41 452.70 599.93 1020.86 541.98 1228.09 531.63 1122.67 676.95 1054.81 759.52 1227.88 748.96
00004654 DELETE   915.12 288.82 446.06 598.15 1014.90 532.03 1223.01 522.33 1121.81 660.72 1050.76 749.96 1219.92 740.56
00004655 DELETE   910.06 265.38 447.19 610.06 1006.83 514.09 1217.12 499.91 1117.81 646.31 1050.95 738.53 1217.86 725.75
00004656 DELETE   899.83 248.42 452.35 613.35 997.46 496.30 1206.55 474.81 1104.50 627.50 1048.45 722.64 1218.01 704.06
00004657 00000286 891.07 233.34 452.04 611.46 984.49 484.20 1198.36 455.56 1095.86 607.24 1044.39 710.74 1212.93 686.51
00004658 00000287 882.92 220.50 449.62 611.89 970.27 474.48 1186.46 444.44 1083.63 597.34 1034.18 702.65 1199.34 677.63
00004659 00000288 871.52 208.13 452.26 615.53 963.01 469.10 1171.43 435.37 1067.98 587.09 1026.19 692.80 1188.78 665.71
00004660 00000289 861.88 199.85 451.17 620.16 950.64 462.23 1162.26 427.35 1056.28 571.49 1013.46 687.08 1180.86 659.17
00004661 00000290 858.00 189.20 449.19 625.10 943.63 457.32 1156.67 420.24 1051.05 561.77 1006.85 682.51 1175.74 652.94
CROP_BBOX: 637 0 1716 1066
