Video ID: 	LV1dv0xjYQk
H: 	1080
W: 	1920
FPS: 	25.0

FRAME INDEX X0 Y0 W H [Landmarks (5 Points)]

00014160 00000000 810.99 331.93 498.63 686.20 907.73 594.19 1126.58 592.35 1003.50 761.59 932.75 823.00 1147.22 820.45
00014161 00000001 816.42 332.70 496.39 682.21 915.76 594.28 1132.37 591.51 1012.29 758.50 941.33 822.50 1153.23 819.39
00014162 00000002 819.24 332.02 498.07 678.70 919.03 590.96 1135.38 582.11 1017.53 754.55 948.42 817.68 1159.55 808.88
00014163 00000003 823.40 327.25 496.47 677.60 923.03 583.58 1138.89 578.19 1019.48 744.47 947.29 808.82 1159.23 802.75
00014164 00000004 824.81 327.27 499.90 667.86 926.64 574.21 1146.11 570.48 1024.98 739.50 950.23 805.01 1158.22 800.85
00014165 00000005 825.47 331.25 500.01 654.94 928.72 570.47 1150.50 565.72 1029.21 732.59 957.19 805.42 1153.66 801.07
00014166 00000006 823.73 325.27 498.47 656.93 929.67 568.18 1153.30 565.96 1032.94 732.94 956.67 807.54 1151.71 805.31
00014167 00000007 821.40 321.50 493.63 662.79 930.85 564.41 1153.42 567.95 1035.48 732.18 956.84 810.78 1148.00 814.38
00014168 00000008 822.56 324.37 496.15 657.86 926.82 568.54 1151.24 565.95 1030.20 732.97 959.29 815.33 1143.43 813.12
00014169 00000009 819.79 323.99 493.34 662.16 927.99 565.37 1148.65 569.54 1030.36 732.23 954.44 812.11 1141.33 816.32
00014170 00000010 821.11 328.28 495.44 654.84 926.48 567.16 1147.46 565.82 1027.16 731.49 951.62 807.04 1144.20 805.57
00014171 00000011 821.18 322.70 495.14 664.71 924.11 560.70 1146.93 561.58 1024.40 729.35 943.86 800.78 1147.01 801.18
00014172 00000012 821.21 318.28 494.69 663.81 921.73 553.97 1146.45 556.32 1022.04 722.97 938.26 791.42 1147.43 793.19
00014173 00000013 823.60 312.15 490.92 663.06 923.10 547.91 1146.10 554.51 1020.57 716.99 935.15 783.67 1141.34 789.37
00014174 00000014 818.53 311.31 493.32 666.09 925.09 541.50 1141.20 551.75 1016.68 708.29 932.74 779.30 1138.79 787.46
00014175 00000015 817.93 306.54 493.63 669.81 923.72 537.73 1139.73 550.46 1013.70 706.85 930.31 777.04 1136.87 787.17
00014176 00000016 817.25 306.50 493.73 666.49 921.37 535.11 1138.11 547.61 1010.54 703.62 931.45 777.24 1134.04 787.19
00014177 00000017 817.96 304.69 490.87 658.06 921.02 530.76 1137.06 546.47 1008.89 701.33 930.26 770.79 1130.69 783.48
00014178 00000018 816.94 300.36 490.99 655.02 921.76 528.64 1137.12 543.45 1009.42 693.11 931.52 765.90 1129.18 777.84
00014179 00000019 819.29 296.08 489.34 650.98 921.02 522.58 1136.69 535.63 1008.51 687.20 935.20 762.77 1128.34 773.44
00014180 00000020 819.89 283.79 487.92 657.89 921.60 513.35 1136.85 525.00 1009.97 678.10 938.19 756.91 1127.72 766.26
00014181 00000021 821.95 261.37 480.00 660.08 923.67 511.89 1135.84 526.59 1010.66 668.23 940.34 746.25 1124.26 759.29
00014182 00000022 823.29 268.88 474.66 638.57 921.03 505.57 1135.39 508.24 1013.78 643.28 937.07 737.25 1124.95 737.16
00014183 00000023 824.80 270.29 469.62 630.84 918.76 488.35 1134.55 494.12 1008.82 631.52 933.12 727.45 1117.37 730.20
00014184 00000024 820.88 244.75 483.16 641.09 917.12 471.43 1131.72 479.82 1006.03 630.47 936.65 711.93 1121.45 719.50
00014185 00000025 823.20 236.50 484.63 641.79 923.96 461.83 1134.29 467.32 1011.95 615.38 944.90 701.66 1127.25 706.12
00014186 00000026 824.67 228.41 485.22 642.29 925.93 452.80 1138.85 455.98 1017.36 606.49 946.95 693.22 1131.29 695.53
00014187 00000027 825.50 207.12 476.83 652.58 927.55 443.42 1137.22 446.75 1020.41 596.01 949.81 684.34 1129.37 686.75
00014188 00000028 830.51 216.27 468.07 629.54 928.87 441.47 1138.88 442.16 1021.17 574.22 943.41 678.65 1125.70 677.56
00014189 00000029 828.92 211.43 467.31 630.09 928.21 439.54 1136.55 441.27 1020.64 570.43 939.89 672.58 1126.46 672.34
00014190 00000030 826.98 218.68 465.31 620.06 928.18 437.77 1139.78 438.24 1023.60 565.10 941.59 667.71 1132.64 666.27
00014191 00000031 828.51 221.60 463.08 619.48 934.65 438.29 1147.11 439.24 1032.42 560.85 946.45 667.53 1139.70 666.61
00014192 00000032 831.71 226.35 459.99 619.55 939.19 436.32 1151.93 436.15 1039.12 559.34 950.82 667.71 1147.36 665.97
00014193 00000033 830.30 222.20 461.31 625.77 940.26 428.36 1155.79 426.92 1045.86 556.01 955.69 668.63 1149.86 665.55
00014194 00000034 829.54 215.60 461.45 625.01 942.30 425.61 1153.46 422.40 1048.99 552.63 962.89 663.60 1149.78 658.71
00014195 00000035 830.31 217.92 460.99 615.98 941.99 419.37 1152.90 417.36 1045.96 548.31 963.72 659.90 1142.76 655.96
00014196 00000036 828.96 213.83 462.12 618.29 939.63 417.83 1149.25 415.49 1043.15 547.14 961.99 656.79 1140.44 652.81
00014197 00000037 827.15 216.71 463.08 612.36 936.27 417.49 1146.05 413.80 1040.01 544.98 959.73 654.25 1140.03 649.34
00014198 00000038 825.51 213.09 462.72 613.45 931.56 418.17 1141.40 411.85 1036.30 543.24 957.33 652.90 1141.69 645.62
00014199 00000039 822.68 214.40 462.99 610.07 928.59 419.74 1136.85 412.58 1032.71 543.34 952.82 649.76 1140.80 641.81
00014200 00000040 818.93 208.73 464.38 617.00 925.32 420.88 1131.81 413.95 1029.66 543.80 949.15 649.72 1136.45 641.80
00014201 00000041 815.05 212.58 464.18 614.15 921.43 421.74 1126.89 415.55 1023.74 547.16 944.00 649.72 1132.30 642.37
00014202 00000042 811.43 210.29 462.09 616.66 916.48 422.32 1122.99 417.34 1019.58 547.87 936.75 651.45 1127.39 645.20
00014203 00000043 806.89 213.50 464.84 613.61 913.79 423.66 1121.54 418.36 1018.17 552.02 936.04 652.83 1123.29 646.41
00014204 00000044 802.26 215.85 467.41 613.21 909.95 425.45 1120.10 417.09 1015.70 554.56 935.79 658.48 1121.49 649.45
00014205 00000045 798.25 220.52 470.19 611.69 905.77 428.15 1119.24 418.43 1012.42 559.64 937.32 668.35 1115.95 658.19
00014206 00000046 793.63 214.42 472.99 623.52 902.29 430.71 1114.24 419.33 1010.51 565.52 939.14 673.84 1111.70 662.34
00014207 00000047 788.89 211.51 477.16 635.91 894.95 437.18 1109.71 424.15 999.16 572.26 937.33 677.30 1105.41 664.14
00014208 00000048 783.20 205.54 478.43 642.01 883.17 435.34 1098.82 423.94 982.44 573.60 921.92 674.02 1096.84 661.91
00014209 00000049 773.78 216.05 481.53 623.54 865.36 430.63 1072.80 416.78 957.27 569.05 906.81 670.46 1074.31 658.91
00014210 00000050 766.13 216.77 481.72 629.88 859.38 430.37 1058.33 418.10 944.22 563.99 901.65 670.22 1072.56 659.48
00014211 00000051 759.60 203.89 484.33 641.70 850.35 428.71 1056.90 409.81 934.96 554.94 888.04 666.71 1065.10 650.17
00014212 00000052 757.38 211.71 478.53 640.32 848.83 420.97 1051.43 410.40 928.34 551.25 882.43 664.02 1060.77 652.97
00014213 00000053 754.59 209.37 479.52 633.16 846.27 418.88 1047.96 411.05 925.85 552.23 879.08 658.72 1055.25 650.19
00014214 00000054 754.28 211.90 479.34 627.11 844.11 418.08 1045.33 411.73 921.95 552.09 876.26 657.00 1052.83 649.65
00014215 00000055 758.76 218.10 468.08 616.15 839.77 427.08 1041.74 411.43 916.30 545.67 873.02 661.52 1052.11 646.04
00014216 00000056 754.22 213.08 478.26 627.77 841.11 421.22 1036.90 415.60 911.57 553.59 873.88 658.99 1046.12 652.46
00014217 00000057 751.04 215.02 479.11 629.62 830.73 430.28 1025.95 417.94 898.61 557.41 868.12 667.91 1042.80 655.37
00014218 00000058 751.98 209.45 473.61 636.54 831.93 442.01 1021.78 435.38 894.55 562.02 862.48 665.90 1033.34 658.98
00014219 00000059 747.78 212.95 476.03 638.40 825.16 438.68 1017.42 429.29 887.69 561.98 859.98 671.12 1032.50 661.47
00014220 00000060 743.40 221.69 479.26 636.54 817.72 436.07 1013.25 424.04 882.61 561.86 856.97 675.08 1032.27 663.12
00014221 00000061 738.37 224.61 479.00 634.31 812.95 429.17 1008.23 421.35 877.17 560.30 849.39 672.52 1027.04 664.27
00014222 00000062 732.03 222.15 475.71 632.98 806.85 425.19 999.92 420.09 867.60 558.28 841.35 669.18 1018.22 663.79
00014223 00000063 726.22 222.48 473.77 629.86 800.00 428.78 992.99 420.75 861.67 557.47 833.65 667.24 1011.65 659.65
00014224 00000064 720.64 218.99 476.96 631.92 793.31 429.64 987.89 418.72 856.85 559.08 828.74 667.04 1006.14 657.05
00014225 00000065 714.67 218.86 479.11 631.04 787.50 432.43 983.30 417.80 854.64 561.62 826.32 668.60 1005.17 655.52
00014226 00000066 710.74 213.73 482.41 636.11 784.87 434.50 981.89 418.96 853.52 563.41 823.91 669.00 1003.87 655.18
00014227 00000067 710.01 219.34 483.78 629.99 783.47 439.28 981.27 421.88 854.14 567.69 824.46 670.36 1006.11 655.06
00014228 00000068 708.36 217.37 485.93 633.14 782.61 443.01 981.07 425.06 854.95 570.44 825.01 672.54 1007.68 656.84
00014229 00000069 708.49 215.54 486.98 639.67 784.12 444.73 980.90 427.13 855.33 572.96 828.21 676.47 1007.81 661.04
00014230 00000070 709.89 221.24 487.81 636.10 787.11 445.18 986.49 428.77 859.66 575.32 830.96 679.88 1012.53 665.34
00014231 00000071 712.26 222.36 486.88 637.13 791.38 445.08 990.23 428.08 865.78 577.40 837.39 684.79 1014.36 669.84
00014232 00000072 717.36 216.55 482.54 644.36 796.90 446.30 993.87 428.37 872.03 577.48 844.54 687.56 1018.02 671.57
00014233 00000073 721.97 218.79 482.46 643.61 802.77 444.79 998.45 427.21 876.74 576.69 853.05 690.10 1022.30 674.30
00014234 00000074 722.95 217.59 482.67 648.84 809.37 440.83 1005.25 423.36 887.29 578.22 866.21 695.62 1022.58 680.02
00014235 00000075 723.92 217.19 485.96 650.20 813.37 441.86 1010.54 423.07 893.61 577.65 872.66 698.78 1024.80 682.18
00014236 00000076 726.43 211.37 486.60 655.54 812.81 444.26 1013.76 428.16 893.87 585.12 869.25 699.49 1028.40 685.12
00014237 00000077 728.64 214.75 486.04 649.73 810.28 449.40 1013.90 433.10 893.34 592.03 864.32 697.99 1034.48 683.24
00014238 00000078 728.40 219.25 484.38 642.39 808.13 450.40 1012.29 436.50 891.13 599.51 861.16 698.06 1032.22 685.49
00014239 00000079 727.97 215.49 480.99 645.82 806.38 447.39 1008.72 435.64 885.94 595.78 857.78 695.51 1027.94 684.69
00014240 00000080 724.20 211.67 479.90 647.77 805.94 444.84 1003.94 436.03 880.72 588.23 850.09 689.59 1017.54 681.73
00014241 00000081 716.05 214.24 483.81 644.39 800.26 448.90 1002.25 440.01 878.57 587.34 839.95 687.77 1012.87 680.13
00014242 00000082 711.11 213.89 485.78 644.26 801.75 457.02 1004.21 452.44 879.15 589.37 829.72 685.07 1007.42 681.19
00014243 00000083 704.51 215.73 488.80 647.01 797.45 450.40 1003.62 446.54 877.61 587.51 824.43 683.37 1007.30 680.02
00014244 00000084 696.31 219.29 491.14 647.60 792.78 446.06 1000.83 439.13 878.57 585.93 825.55 686.41 1005.94 680.42
00014245 00000085 692.14 219.70 488.65 648.34 786.43 446.82 992.38 438.78 871.98 588.33 819.93 688.60 1001.58 681.69
00014246 00000086 688.45 221.40 484.23 652.24 783.82 444.45 989.60 437.59 868.46 584.67 813.24 687.11 999.74 679.61
00014247 00000087 684.20 224.98 487.00 645.58 779.05 444.61 986.05 435.66 864.15 583.47 811.55 686.82 996.70 677.38
00014248 00000088 682.65 224.32 487.40 643.19 776.99 445.76 982.76 436.37 860.93 583.22 810.09 685.99 994.50 676.07
00014249 00000089 681.44 223.44 488.82 642.46 775.97 445.87 980.86 436.47 859.90 583.97 810.66 684.40 994.62 674.30
00014250 00000090 681.56 223.11 490.11 642.17 774.67 445.29 980.22 435.26 858.52 582.84 810.63 683.19 995.46 672.31
00014251 00000091 682.99 224.42 490.74 640.81 774.09 446.12 979.16 434.84 857.01 583.29 812.21 683.76 996.29 671.69
00014252 00000092 682.39 223.29 492.80 643.89 773.47 445.70 977.50 434.48 855.41 584.36 811.99 684.47 995.81 672.42
00014253 00000093 687.53 215.61 489.94 651.55 770.02 454.19 977.20 431.84 853.75 588.81 815.57 689.60 999.19 669.59
00014254 00000094 688.55 219.54 490.39 648.09 769.45 455.54 977.06 431.46 853.02 587.08 815.78 690.30 999.72 668.80
00014255 00000095 689.94 216.23 489.76 654.49 767.18 455.92 973.64 432.27 847.54 589.54 814.40 691.72 998.33 670.33
00014256 00000096 685.26 220.26 492.77 651.29 767.96 451.94 963.08 437.66 839.82 591.08 814.46 690.04 988.89 675.31
00014257 00000097 686.92 220.04 490.20 654.43 763.36 453.57 953.91 437.81 827.96 590.79 812.14 692.77 983.05 677.13
00014258 00000098 686.05 222.35 490.54 655.02 758.96 453.64 948.29 437.04 819.13 590.25 807.73 694.29 978.44 677.96
00014259 00000099 682.77 221.74 492.35 661.00 755.23 455.39 943.72 438.59 814.47 593.20 806.27 696.86 976.64 680.54
00014260 00000100 680.99 222.62 495.18 663.50 753.58 459.66 943.09 441.19 814.15 598.00 806.16 700.89 977.54 683.07
00014261 00000101 681.59 227.42 496.18 659.26 755.10 463.46 946.35 445.85 818.37 603.74 806.91 701.72 979.02 684.71
00014262 00000102 686.32 229.63 493.41 650.41 759.84 463.05 952.50 446.21 825.22 602.84 812.11 699.56 982.81 683.29
00014263 00000103 687.76 222.05 493.64 650.50 766.17 458.50 961.01 443.17 836.03 599.48 815.86 693.47 988.60 677.85
00014264 00000104 689.00 208.47 495.73 661.61 766.71 458.80 970.41 431.84 846.57 595.79 820.33 694.06 1002.50 669.92
00014265 00000105 695.37 215.12 495.33 646.25 781.52 448.23 984.15 431.03 863.33 583.81 829.68 680.95 1010.67 665.72
00014266 00000106 704.99 214.57 495.50 634.60 798.63 451.97 1009.67 429.63 894.12 572.40 839.38 675.38 1028.81 655.43
00014267 DELETE   728.98 220.86 477.71 626.22 835.98 455.14 1044.55 436.14 941.78 567.51 864.39 667.53 1065.49 649.61
00014268 00000108 740.49 220.46 471.80 627.45 867.18 457.01 1071.61 443.81 981.97 572.83 890.06 670.48 1083.56 658.37
00014269 DELETE   746.73 207.08 471.54 641.47 893.69 462.74 1103.56 442.59 1030.23 577.61 923.33 682.14 1111.23 664.47
00014270 00000110 765.18 194.83 460.72 660.12 921.55 470.38 1129.19 451.51 1058.75 584.58 956.49 687.93 1131.28 673.12
00014271 00000111 772.75 208.28 458.08 648.30 930.83 475.30 1137.90 451.51 1071.51 589.93 974.01 693.64 1143.87 675.02
00014272 00000112 768.70 208.27 461.28 647.90 932.05 470.29 1132.21 448.80 1066.99 588.29 960.06 694.66 1135.11 676.87
00014273 00000113 764.61 205.98 461.76 654.46 925.22 466.73 1130.92 449.16 1063.37 581.76 959.92 689.02 1131.18 675.56
00014274 00000114 758.17 211.95 458.98 642.21 914.95 459.72 1112.94 440.07 1048.84 570.52 948.01 689.89 1115.37 672.42
00014275 00000115 753.64 216.18 461.47 636.15 911.01 458.44 1110.69 440.22 1044.96 568.96 939.49 683.15 1114.42 667.16
00014276 00000116 754.02 218.93 458.68 629.72 907.70 460.52 1110.09 437.75 1045.61 570.68 934.24 679.16 1119.43 659.80
00014277 00000117 754.27 219.84 458.85 628.18 908.61 463.73 1111.91 436.32 1049.92 572.29 937.06 679.62 1124.89 656.37
00014278 00000118 754.24 220.14 457.86 630.88 911.62 466.78 1111.59 437.20 1054.26 574.18 940.06 680.71 1126.30 655.60
00014279 00000119 752.84 223.43 459.09 627.07 911.08 468.68 1112.26 438.73 1054.99 577.61 935.09 678.22 1126.52 653.10
00014280 00000120 752.21 224.27 461.13 622.30 908.53 468.21 1112.75 439.37 1051.67 578.48 929.85 674.40 1126.26 650.26
00014281 00000121 752.00 223.34 460.68 624.44 905.90 466.52 1111.38 438.29 1049.76 578.28 927.60 675.27 1124.99 651.65
00014282 00000122 750.40 222.48 462.82 633.53 903.33 463.00 1111.24 432.89 1051.46 577.27 925.37 678.33 1127.83 653.30
00014283 00000123 749.90 222.07 463.55 633.41 901.59 459.80 1110.26 426.77 1050.41 578.75 925.26 677.34 1129.20 649.65
00014284 00000124 749.81 221.91 463.29 627.67 902.84 457.17 1109.62 426.49 1049.43 576.38 925.46 672.21 1127.63 646.35
00014285 00000125 751.66 222.16 462.42 623.83 905.07 455.84 1110.21 426.29 1049.45 574.54 928.29 670.37 1127.61 645.21
00014286 00000126 752.07 222.10 462.50 623.81 907.75 455.30 1111.47 426.02 1052.18 575.20 931.44 670.68 1127.80 645.55
00014287 00000127 753.55 219.29 460.09 629.56 909.90 454.83 1112.51 426.64 1054.24 575.22 933.95 671.72 1128.85 647.26
00014288 00000128 755.00 216.69 460.47 637.37 914.27 454.09 1115.72 425.66 1059.47 577.52 936.75 673.85 1131.21 649.14
00014289 00000129 756.64 222.71 461.15 634.10 916.99 454.62 1119.82 426.54 1064.42 579.97 939.30 676.69 1133.76 652.30
00014290 00000130 760.38 220.31 461.62 637.18 922.77 456.24 1124.71 428.24 1068.04 580.72 946.03 677.43 1138.56 652.62
00014291 00000131 771.68 213.38 457.22 639.89 928.66 454.90 1128.35 428.68 1070.75 578.03 950.37 678.28 1146.36 656.10
00014292 00000132 778.03 209.98 457.25 644.85 934.99 455.35 1135.13 429.42 1077.50 582.17 955.46 678.57 1152.49 656.69
00014293 00000133 783.92 215.23 458.27 639.29 940.53 454.13 1141.91 429.05 1084.00 579.58 960.89 679.32 1158.33 658.41
00014294 00000134 791.24 217.74 454.82 637.48 946.09 453.76 1148.56 431.05 1090.54 580.56 964.45 677.95 1162.63 659.41
00014295 00000135 794.50 215.32 457.64 641.14 956.31 451.67 1156.45 429.88 1102.64 579.75 970.62 674.30 1169.70 656.62
00014296 00000136 799.60 219.91 459.58 636.55 962.87 450.06 1163.15 427.59 1108.48 580.50 977.92 672.75 1177.37 654.46
00014297 00000137 811.31 214.71 457.44 639.06 968.60 447.41 1172.41 424.82 1113.89 579.03 986.18 672.40 1183.65 653.59
00014298 00000138 816.79 218.68 462.32 629.69 975.34 445.25 1181.13 423.55 1118.88 578.68 990.96 669.09 1188.18 651.14
00014299 00000139 823.82 214.02 461.45 633.89 987.34 442.84 1188.24 422.83 1127.97 573.94 1002.88 669.04 1190.78 652.27
00014300 00000140 827.10 208.47 458.24 641.22 993.38 443.00 1194.39 424.82 1136.29 574.95 1005.78 668.37 1195.42 653.00
00014301 00000141 830.24 213.94 457.75 634.22 999.20 445.96 1199.49 429.90 1140.98 579.54 1010.33 668.87 1198.75 655.32
00014302 00000142 836.14 210.96 453.84 630.86 1002.46 446.95 1204.10 436.30 1142.35 583.49 1013.73 666.16 1193.88 660.24
00014303 00000143 833.87 214.71 454.90 631.65 1001.03 446.35 1203.42 437.62 1140.94 585.67 1005.63 665.81 1191.48 661.43
00014304 00000144 822.20 219.97 462.28 633.66 990.80 446.48 1196.23 433.82 1132.88 585.45 997.40 672.49 1192.84 662.31
00014305 00000145 816.03 217.11 462.24 633.94 984.64 445.08 1189.43 439.92 1120.84 586.86 986.70 668.60 1182.36 664.56
00014306 00000146 808.50 213.73 465.17 634.40 980.24 442.77 1180.58 443.06 1108.96 589.30 980.77 666.63 1166.10 668.46
00014307 00000147 798.51 213.39 467.92 639.46 959.61 457.00 1168.11 446.41 1095.42 596.53 967.34 674.66 1168.51 666.54
00014308 DELETE   795.41 229.56 469.78 623.41 945.43 469.99 1149.64 456.36 1069.96 604.67 957.35 679.82 1153.71 669.51
00014309 DELETE   781.22 225.52 475.52 634.09 921.66 475.98 1132.79 461.50 1044.54 611.06 939.10 686.97 1137.48 675.18
00014310 DELETE   769.64 223.97 475.37 638.72 896.32 479.01 1111.09 468.52 1012.56 615.52 918.12 689.43 1117.06 679.94
00014311 00000151 759.07 221.42 478.65 645.17 878.31 482.39 1088.28 470.69 986.53 617.16 909.82 699.02 1097.05 688.22
00014312 00000152 755.41 222.74 473.31 644.34 862.09 488.84 1068.49 478.52 963.11 615.34 897.43 706.25 1075.13 696.23
00014313 00000153 749.26 225.41 473.97 648.45 844.21 488.10 1052.91 481.88 937.54 618.36 880.16 711.69 1057.59 705.48
00014314 00000154 739.89 222.41 484.12 657.52 833.90 488.12 1042.05 483.22 920.82 631.00 871.13 715.90 1047.63 710.89
00014315 00000155 735.77 231.00 482.53 654.79 828.19 491.84 1036.22 488.75 914.45 638.35 864.05 716.91 1045.32 713.38
00014316 00000156 729.08 247.51 482.68 644.87 820.95 494.53 1031.53 490.99 911.43 642.74 852.79 714.18 1045.54 710.21
00014317 00000157 718.98 245.01 486.91 651.36 813.50 496.65 1025.94 491.08 908.01 648.58 845.14 715.01 1045.08 709.21
00014318 00000158 710.64 249.54 490.77 646.09 807.02 504.82 1021.51 495.24 905.45 651.83 841.12 720.19 1042.19 710.88
00014319 00000159 706.49 246.23 492.28 649.65 804.12 509.08 1017.91 498.02 902.78 653.10 839.26 722.99 1039.10 712.29
00014320 00000160 703.87 256.09 492.54 639.57 804.14 513.29 1017.04 500.13 904.46 655.40 841.98 727.46 1037.52 715.08
00014321 00000161 701.89 264.00 494.07 634.23 802.73 516.56 1016.97 502.96 904.73 658.47 842.31 731.52 1037.07 718.70
00014322 00000162 701.81 264.38 492.91 637.93 801.46 521.25 1018.85 507.02 905.75 663.33 840.53 737.13 1039.43 723.69
00014323 00000163 703.65 268.39 489.88 635.46 802.60 524.49 1020.79 509.22 908.77 667.28 841.38 739.84 1042.98 725.72
00014324 00000164 706.36 262.28 483.99 648.12 809.39 525.07 1026.37 510.39 914.93 664.47 845.39 737.60 1050.42 725.62
00014325 00000165 708.12 265.30 484.07 643.40 813.46 523.45 1029.32 508.10 919.88 663.55 850.84 737.62 1052.80 725.10
00014326 00000166 713.30 269.61 481.82 634.91 817.50 522.80 1032.51 507.13 923.66 660.66 855.30 735.57 1056.35 722.67
00014327 00000167 715.01 268.82 486.21 632.19 821.64 518.55 1037.78 502.24 927.69 656.84 858.98 732.79 1057.75 719.58
00014328 00000168 720.16 260.37 483.79 640.06 826.47 514.00 1040.25 499.08 929.94 650.04 861.50 728.31 1058.80 716.22
00014329 00000169 726.09 258.46 481.38 635.13 830.69 509.16 1042.52 495.35 932.82 646.29 864.76 722.49 1061.12 711.34
00014330 00000170 733.93 255.99 482.58 633.83 836.28 506.18 1050.87 493.12 937.31 646.55 869.69 723.23 1066.16 712.63
00014331 00000171 739.02 247.64 483.43 636.32 841.19 504.90 1058.95 493.32 943.86 646.46 873.06 719.74 1071.67 710.19
00014332 00000172 744.84 251.21 483.70 632.66 846.28 502.55 1064.28 490.40 947.90 644.19 881.18 722.03 1075.67 711.93
00014333 00000173 749.93 244.37 486.49 643.93 850.77 494.43 1066.98 484.68 953.42 642.57 891.52 723.76 1080.25 715.40
00014334 00000174 755.55 240.65 483.48 642.24 856.71 493.18 1076.98 484.42 962.29 643.07 894.36 723.25 1087.04 715.85
00014335 00000175 756.92 235.15 483.90 646.52 862.45 492.98 1081.87 483.67 969.72 641.61 898.73 722.11 1090.57 714.14
00014336 00000176 759.78 233.75 486.36 648.18 867.31 490.87 1089.22 482.18 975.63 641.43 903.94 725.54 1093.47 718.27
00014337 00000177 765.46 235.51 480.98 647.25 874.64 490.94 1094.17 482.82 983.68 639.85 911.97 728.30 1093.87 722.05
00014338 00000178 769.20 236.53 480.95 648.49 881.41 493.45 1100.29 486.74 991.15 641.39 914.00 726.89 1097.62 722.12
00014339 00000179 771.80 243.32 481.39 646.43 885.95 498.63 1107.74 490.47 997.41 642.39 914.82 727.98 1107.80 721.97
00014340 00000180 773.14 252.63 480.21 646.08 893.12 507.09 1113.33 496.07 1006.46 646.11 918.67 730.89 1117.67 722.49
00014341 00000181 774.90 263.13 480.91 639.57 898.56 513.69 1120.48 502.02 1015.80 651.91 925.11 734.85 1124.95 726.21
00014342 00000182 775.48 271.63 483.41 634.39 903.93 521.16 1126.87 507.70 1024.71 658.32 931.66 738.05 1131.84 727.84
00014343 00000183 780.14 288.26 482.40 623.63 905.75 529.26 1128.90 512.11 1027.82 669.33 936.65 744.01 1134.93 730.29
00014344 00000184 779.87 294.81 484.49 623.33 908.26 536.38 1129.37 519.60 1029.80 678.34 937.36 750.51 1133.32 736.92
00014345 00000185 779.94 289.27 481.96 638.18 907.51 543.07 1126.96 526.33 1029.26 684.93 936.63 757.13 1135.12 743.29
00014346 00000186 779.99 294.10 484.99 640.19 906.80 544.84 1127.58 528.43 1028.37 684.20 936.03 760.15 1136.86 746.38
00014347 00000187 781.02 294.88 484.74 639.29 906.92 546.02 1128.20 528.70 1029.07 686.55 937.11 760.24 1139.18 745.76
00014348 00000188 781.74 295.15 486.19 638.20 908.44 544.90 1130.62 529.67 1029.09 686.38 935.36 757.95 1138.42 745.36
00014349 00000189 783.84 291.48 486.70 642.66 909.36 544.27 1132.98 531.80 1029.18 688.32 933.50 757.25 1139.39 747.03
00014350 00000190 784.41 299.35 489.17 639.82 909.57 548.86 1133.99 536.40 1029.60 691.93 933.96 760.70 1141.83 750.55
00014351 00000191 782.42 302.97 489.58 638.88 911.26 553.93 1135.52 541.25 1033.29 695.92 932.11 768.84 1143.52 758.07
00014352 00000192 778.14 303.26 488.95 648.49 908.25 558.41 1134.49 549.20 1030.41 708.04 928.09 777.40 1139.42 770.02
00014353 00000193 769.02 313.59 487.94 649.42 900.55 568.17 1126.35 558.33 1022.68 719.36 921.81 787.68 1129.81 780.27
00014354 00000194 756.61 331.16 489.54 639.70 890.76 578.93 1113.97 566.05 1013.85 726.51 914.64 799.02 1117.30 789.34
00014355 00000195 747.94 326.14 487.37 645.43 879.06 585.96 1102.25 572.89 1002.47 732.32 898.01 802.86 1104.96 792.69
00014356 00000196 734.83 340.96 487.75 631.96 864.56 590.10 1083.72 576.59 986.82 737.45 887.27 804.39 1090.75 793.70
00014357 00000197 713.57 332.43 485.18 637.88 846.68 596.57 1067.87 577.38 972.94 740.95 871.95 801.93 1080.33 787.38
00014358 00000198 697.57 337.56 487.27 637.36 829.74 594.55 1054.67 576.50 954.64 740.12 857.08 805.97 1061.80 792.50
00014359 00000199 680.97 331.64 485.87 643.61 809.69 593.00 1032.95 572.38 934.59 735.18 837.69 807.99 1042.83 791.75
00014360 00000200 666.15 338.52 489.35 635.67 794.10 594.23 1013.89 572.13 918.49 736.75 828.33 808.73 1027.28 790.75
00014361 00000201 648.73 334.48 485.46 635.27 779.59 600.98 995.09 570.73 907.66 741.12 823.43 813.09 1013.21 789.02
00014362 00000202 637.52 336.87 486.66 632.43 766.68 598.49 987.16 566.20 898.14 737.26 815.64 815.91 1005.97 789.87
00014363 00000203 624.27 322.84 488.81 644.80 753.48 593.44 976.19 561.66 885.41 731.35 801.32 811.38 997.11 785.95
00014364 00000204 613.05 312.88 485.71 650.43 737.77 585.30 961.14 553.01 871.42 722.03 787.40 806.20 988.43 779.88
00014365 DELETE   606.01 296.99 491.23 657.73 726.92 580.58 951.18 547.58 858.68 715.20 777.65 801.01 979.85 773.30
00014366 00000206 601.88 311.93 487.66 637.20 718.70 581.36 931.42 541.46 846.61 709.64 777.12 798.54 964.75 765.06
00014367 00000207 592.35 307.41 485.38 639.83 711.33 580.20 921.04 540.19 838.99 704.86 768.79 794.37 956.01 760.98
00014368 00000208 587.85 301.12 480.07 639.12 705.32 579.12 912.78 539.05 831.06 695.32 761.60 786.86 950.59 752.79
00014369 00000209 581.82 302.16 478.12 634.83 698.12 573.75 904.87 533.42 822.87 688.87 755.36 783.45 943.34 749.26
00014370 00000210 577.58 300.17 478.81 634.88 690.62 568.72 900.39 530.47 814.41 685.78 746.64 779.27 937.98 746.62
00014371 00000211 573.54 296.74 482.03 637.20 686.16 567.02 896.34 528.68 809.52 684.65 739.84 775.97 936.45 743.17
00014372 00000212 571.40 299.31 481.36 634.84 684.21 564.27 894.38 525.20 807.00 683.31 735.62 772.62 935.57 739.05
00014373 00000213 569.22 295.95 481.84 637.31 681.72 562.93 892.99 523.71 805.34 680.62 732.31 771.18 934.82 737.37
00014374 00000214 570.01 292.32 480.04 640.90 681.09 562.01 893.69 523.98 803.97 677.91 728.70 768.66 934.75 735.66
00014375 00000215 568.66 291.59 480.59 640.50 680.26 561.76 894.46 523.42 804.19 678.42 726.19 766.96 934.48 733.61
00014376 00000216 565.45 296.87 483.38 639.05 678.17 559.76 896.52 523.20 802.93 679.81 726.22 763.42 932.25 732.70
00014377 00000217 563.89 294.39 482.25 640.55 678.12 559.98 895.18 523.38 802.59 680.04 723.83 761.33 930.00 730.73
00014378 00000218 561.39 296.66 482.24 638.39 676.17 559.59 893.71 522.53 801.08 680.04 722.34 762.04 928.04 731.05
00014379 00000219 559.06 298.19 483.13 635.86 674.48 560.67 890.75 522.22 799.35 679.95 722.84 762.11 925.86 729.91
00014380 00000220 556.39 295.04 483.23 638.40 672.15 559.91 888.22 520.29 797.44 679.42 722.13 761.87 923.71 728.74
00014381 00000221 555.63 294.28 482.67 637.61 670.88 559.72 886.79 519.12 796.07 678.52 721.92 762.29 922.53 728.41
00014382 00000222 555.81 291.40 483.17 641.16 670.68 559.42 887.03 518.91 796.54 678.72 722.46 762.40 923.89 728.54
00014383 00000223 557.82 293.58 483.02 638.08 672.85 560.33 888.63 520.45 798.33 678.69 725.91 763.56 924.81 730.12
00014384 00000224 560.63 291.83 483.04 637.09 676.87 561.38 892.04 522.07 801.46 678.12 728.92 762.61 926.28 729.66
00014385 00000225 564.37 291.13 479.65 636.02 682.08 561.90 896.20 525.36 805.16 677.68 729.93 760.62 926.40 730.06
00014386 00000226 566.97 287.93 480.24 640.10 683.53 563.21 897.06 526.99 805.73 676.94 732.20 761.05 928.27 730.47
00014387 00000227 569.20 294.29 481.43 631.33 686.99 560.36 900.12 523.23 809.44 676.37 735.42 758.93 930.83 727.72
00014388 00000228 570.86 289.94 483.28 633.74 687.41 557.71 901.96 519.58 811.23 675.49 739.15 758.31 935.70 726.40
00014389 00000229 573.89 281.37 480.58 639.49 689.08 552.76 901.50 513.30 813.53 670.06 744.40 756.22 939.91 723.08
00014390 00000230 581.45 281.06 477.71 633.15 694.56 551.53 905.41 511.73 821.07 666.70 745.62 755.32 948.84 719.96
00014391 00000231 584.91 282.95 479.88 631.45 698.95 547.70 910.92 509.19 825.09 664.23 751.94 753.84 953.40 719.33
00014392 00000232 589.36 283.82 482.71 628.11 705.78 544.58 917.78 508.41 831.75 662.58 754.59 750.24 957.38 717.76
00014393 00000233 597.48 283.68 480.51 625.54 711.51 543.34 922.50 509.08 836.64 662.77 753.06 744.72 960.48 714.06
00014394 00000234 605.86 264.92 483.53 640.18 721.00 529.76 935.18 500.57 838.27 652.98 759.89 735.43 963.42 711.18
00014395 00000235 614.47 265.00 483.34 639.71 732.33 522.92 951.79 493.53 853.73 647.99 772.44 735.29 977.59 711.11
00014396 00000236 626.09 244.94 478.09 653.62 743.38 513.19 959.77 484.18 866.95 636.37 785.02 727.18 991.58 703.41
00014397 00000237 642.64 241.39 478.40 641.21 755.52 496.49 971.41 475.62 871.61 626.78 793.73 715.94 995.29 698.63
00014398 00000238 652.04 236.39 479.81 633.53 763.85 482.35 985.84 459.98 885.24 614.78 803.96 707.65 1002.25 689.02
00014399 00000239 660.28 218.81 478.77 644.62 770.02 470.05 985.62 448.93 889.09 603.17 812.05 700.73 1000.87 682.72
00014400 00000240 667.95 220.97 476.25 636.78 777.28 461.88 990.05 441.97 892.19 595.60 815.34 692.53 1005.66 674.43
00014401 00000241 672.75 213.86 477.00 644.62 780.19 457.76 994.40 439.33 893.94 589.27 814.47 690.70 1009.14 673.66
00014402 00000242 673.66 208.12 488.24 656.58 788.54 447.98 1003.62 438.22 897.34 596.09 816.95 684.69 1015.59 675.08
00014403 00000243 680.67 215.13 485.44 649.41 793.46 447.75 1010.62 438.23 902.10 596.23 821.06 685.03 1022.13 675.74
00014404 00000244 686.51 209.49 482.09 656.18 799.18 448.68 1017.84 438.42 909.81 598.02 826.18 687.27 1027.86 677.70
00014405 00000245 695.04 209.94 481.98 647.24 805.84 453.55 1020.24 441.71 913.34 599.92 836.78 684.71 1027.65 674.74
00014406 00000246 700.62 220.03 483.24 632.89 812.64 452.96 1030.21 443.33 921.86 599.30 843.00 683.42 1031.51 675.99
00014407 00000247 704.45 210.56 486.62 642.03 817.56 452.31 1033.57 441.60 927.58 597.78 849.10 681.68 1038.09 673.03
00014408 00000248 711.28 210.41 488.76 641.43 824.74 449.30 1040.87 441.43 933.35 597.52 851.45 677.78 1045.80 671.39
00014409 00000249 720.15 209.16 485.10 643.90 832.08 450.24 1047.38 443.83 938.66 597.23 856.59 676.16 1053.84 670.92
00014410 00000250 728.12 208.56 482.28 652.01 840.90 453.52 1057.77 442.29 955.54 593.29 861.53 680.34 1070.70 669.41
00014411 00000251 734.31 216.62 481.28 646.58 846.94 454.93 1061.53 443.85 959.09 593.35 863.61 681.79 1075.07 670.99
00014412 00000252 737.19 219.01 485.56 651.16 853.82 453.83 1065.70 450.60 959.25 604.66 867.63 681.07 1075.35 677.40
00014413 00000253 740.85 220.04 484.13 651.10 857.45 456.20 1071.40 452.78 964.75 607.80 871.01 682.94 1080.90 679.24
00014414 00000254 743.00 227.86 484.63 644.06 858.89 458.95 1071.46 455.16 965.18 609.40 872.91 684.41 1081.57 680.54
00014415 00000255 741.99 227.15 487.38 647.02 856.49 459.61 1069.39 455.98 961.35 610.66 872.07 686.62 1077.57 682.96
00014416 00000256 741.78 229.56 488.00 648.38 851.01 461.21 1067.17 460.06 952.75 611.68 865.92 689.82 1073.42 688.40
00014417 00000257 743.33 227.51 477.68 644.88 851.53 476.85 1064.64 470.87 953.16 611.05 863.36 691.14 1071.97 685.38
00014418 00000258 740.34 224.66 477.90 648.91 848.71 480.78 1060.04 477.46 946.45 611.03 860.23 691.35 1066.95 687.51
00014419 00000259 739.26 219.40 479.28 657.30 841.50 477.81 1052.31 476.81 935.12 615.63 853.69 693.67 1060.66 692.27
00014420 00000260 736.66 221.15 482.33 653.34 835.45 477.08 1050.02 474.45 931.15 617.16 852.56 695.52 1058.87 692.83
00014421 00000261 733.71 230.82 481.70 638.64 834.24 474.07 1052.78 469.62 933.47 611.98 856.46 695.78 1061.03 690.93
00014422 00000262 727.68 224.20 489.30 643.42 826.28 467.88 1044.59 464.06 924.50 613.64 851.58 692.04 1053.95 688.21
00014423 00000263 726.95 222.55 489.74 646.21 823.36 465.10 1041.13 461.28 920.68 614.94 850.86 691.22 1052.68 687.34
00014424 00000264 726.18 223.43 488.28 647.45 821.59 465.90 1038.30 463.48 917.20 615.97 847.63 691.34 1048.96 688.56
00014425 00000265 727.04 225.83 486.56 644.01 820.19 466.48 1035.94 465.61 912.94 617.49 845.12 692.32 1044.51 691.10
00014426 00000266 726.30 223.09 484.66 644.82 818.67 466.76 1033.83 467.04 910.53 617.93 843.98 692.83 1042.58 692.64
00014427 00000267 725.27 225.12 485.95 641.62 819.34 467.08 1034.10 468.25 910.45 618.30 844.73 693.27 1040.76 693.91
00014428 00000268 725.76 228.68 485.21 638.70 820.93 467.49 1035.28 469.27 911.67 618.48 845.28 693.63 1040.12 694.96
00014429 00000269 726.54 228.84 484.35 640.18 822.05 468.31 1035.80 470.84 912.81 618.82 845.32 693.28 1040.86 695.14
CROP_BBOX: 364 0 1516 1080
