Video ID: 	dFLdUVBs7Sc
H: 	1080
W: 	1920
FPS: 	29.97002997002997

FRAME INDEX X0 Y0 W H [Landmarks (5 Points)]

00000690 00000000 766.63 143.27 491.52 686.38 836.48 465.72 1017.59 401.49 897.20 550.74 907.61 685.86 1061.83 631.36
00000691 00000001 766.41 142.72 491.79 682.50 835.85 465.00 1016.97 401.27 896.37 550.20 905.53 681.75 1062.81 627.62
00000692 00000002 766.82 143.46 491.87 679.15 835.75 464.52 1016.64 400.70 895.75 549.43 905.00 677.22 1065.83 622.90
00000693 00000003 766.83 144.24 492.07 679.26 835.75 464.79 1015.39 400.54 894.48 549.14 905.01 674.16 1068.63 619.18
00000694 00000004 766.38 144.22 492.22 679.11 834.72 465.86 1014.31 400.59 893.67 549.51 903.78 673.22 1069.59 617.27
00000695 00000005 766.52 145.60 491.64 677.80 834.62 466.15 1013.58 401.19 893.22 549.98 903.90 673.26 1069.39 617.56
00000696 00000006 766.48 146.36 491.00 678.16 834.80 465.57 1013.10 402.27 892.82 551.23 903.92 673.32 1068.32 619.03
00000697 00000007 765.31 147.59 492.29 678.87 833.93 465.91 1012.70 403.39 891.98 553.02 903.29 674.46 1068.24 620.81
00000698 00000008 764.74 150.27 491.77 678.16 834.40 465.87 1012.59 406.59 891.22 556.52 903.07 676.54 1065.04 625.66
00000699 00000009 764.30 150.84 489.10 679.48 833.73 466.68 1012.98 411.02 889.90 558.51 900.00 679.42 1060.11 631.62
00000700 00000010 762.92 151.99 488.22 679.37 831.36 468.53 1010.40 414.40 887.17 560.92 898.28 683.83 1052.04 637.77
00000701 00000011 762.65 152.52 487.16 679.56 830.00 467.51 1010.01 413.75 885.06 560.47 896.94 686.36 1048.42 640.90
00000702 00000012 762.87 153.10 487.34 680.75 830.11 466.44 1009.28 412.63 883.51 558.75 898.18 688.17 1044.70 642.96
00000703 00000013 762.49 151.46 488.97 683.63 830.50 467.11 1010.23 411.79 884.91 557.93 900.55 691.75 1044.14 645.22
00000704 00000014 762.57 152.49 489.99 685.78 831.18 467.73 1010.29 413.01 885.60 559.28 902.06 695.57 1043.09 649.70
00000705 00000015 763.14 151.74 489.38 687.62 831.87 470.09 1010.85 415.23 886.27 561.38 903.76 696.72 1045.13 650.49
00000706 00000016 763.27 155.94 488.68 683.80 831.69 474.17 1008.68 419.73 886.07 564.57 904.80 698.76 1044.41 652.85
00000707 00000017 763.84 159.15 487.29 680.00 830.49 475.78 1008.35 422.12 884.56 567.22 903.42 701.75 1042.71 656.48
00000708 00000018 764.30 158.51 486.57 680.24 829.54 475.91 1007.85 422.94 881.83 568.65 899.95 701.66 1041.74 656.84
00000709 00000019 764.22 158.42 487.05 681.97 830.00 475.54 1007.57 423.51 881.85 569.23 900.76 702.74 1041.03 658.74
00000710 00000020 763.31 158.36 488.47 687.44 830.54 476.46 1008.69 424.25 883.15 570.74 902.23 703.93 1045.19 659.53
00000711 00000021 763.35 160.05 488.97 687.16 830.61 476.86 1008.96 424.61 883.18 573.27 903.23 704.53 1048.22 659.77
00000712 00000022 763.88 161.50 488.70 684.95 831.01 476.31 1009.71 424.99 883.14 573.62 902.73 703.61 1048.10 659.63
00000713 00000023 764.55 161.07 487.76 686.78 831.77 476.40 1010.68 425.33 883.73 572.60 901.66 703.59 1047.41 659.92
00000714 00000024 765.20 158.70 486.40 690.52 832.21 475.77 1011.06 425.52 883.40 570.68 899.60 702.72 1045.80 659.76
00000715 00000025 766.46 156.58 486.37 690.45 833.88 474.74 1011.70 425.50 884.52 568.76 898.70 699.63 1044.21 657.53
00000716 00000026 765.63 158.07 486.90 690.44 833.62 473.68 1014.26 425.36 886.30 569.22 898.40 699.19 1046.80 657.83
00000717 00000027 765.05 160.78 490.37 690.85 833.55 474.55 1016.02 424.93 887.60 570.08 900.94 701.94 1051.08 659.40
00000718 00000028 765.03 162.16 490.82 690.40 834.44 473.75 1017.75 425.84 890.56 571.57 902.59 704.15 1049.16 663.38
00000719 00000029 764.69 161.99 491.55 691.38 834.13 474.03 1018.87 426.42 891.35 573.69 902.29 704.68 1051.09 664.05
00000720 00000030 764.65 163.32 491.81 690.78 834.25 474.70 1019.64 426.31 892.46 574.71 902.91 704.83 1053.42 663.47
00000721 00000031 764.16 163.05 492.60 691.22 833.95 474.86 1019.29 425.88 892.12 574.55 902.55 704.19 1054.91 662.15
00000722 00000032 764.49 162.86 492.92 690.23 834.38 474.81 1019.47 425.14 892.59 573.88 904.25 704.43 1055.75 661.68
00000723 00000033 764.20 163.80 491.71 691.76 834.43 475.23 1018.51 425.45 890.93 573.65 903.72 703.19 1057.37 660.15
00000724 00000034 764.65 161.92 491.64 696.02 833.77 476.83 1015.71 426.65 887.18 574.84 901.73 702.03 1058.75 658.20
00000725 00000035 763.01 164.19 491.83 694.04 831.81 478.90 1013.26 427.02 884.28 576.41 900.84 703.55 1058.98 658.20
00000726 00000036 760.96 164.85 493.08 692.37 829.74 480.78 1012.25 427.27 883.44 577.76 899.20 703.71 1061.05 656.86
00000727 00000037 760.07 167.92 492.54 685.28 829.04 481.00 1011.54 427.72 883.57 578.52 898.93 701.93 1061.71 655.16
00000728 00000038 759.28 168.68 491.10 680.89 829.07 480.89 1011.85 428.31 884.73 579.62 898.87 699.60 1061.64 653.42
00000729 00000039 758.11 169.51 492.58 678.67 827.62 480.80 1011.91 429.26 884.18 580.74 896.62 699.44 1059.95 654.27
00000730 00000040 757.91 170.60 490.06 676.83 826.16 481.59 1010.70 430.05 882.12 580.59 893.34 700.04 1056.94 654.90
00000731 00000041 756.32 170.94 486.05 678.25 822.10 485.04 1007.24 432.32 878.77 582.25 889.52 702.11 1053.89 655.97
00000732 00000042 754.28 172.38 481.72 676.83 819.51 487.38 1002.75 435.54 873.55 582.70 886.71 704.31 1048.09 658.87
00000733 00000043 757.02 170.26 484.59 685.74 823.40 489.47 995.26 438.57 871.88 586.30 891.95 699.79 1044.03 655.24
00000734 DELETE   754.69 172.64 484.94 682.21 820.41 491.05 990.23 440.80 867.95 587.80 890.53 699.39 1040.08 655.34
00000735 00000045 754.50 173.67 480.30 680.91 819.40 494.43 983.84 442.12 863.06 586.63 888.61 699.82 1033.94 654.09
00000736 00000046 752.81 173.74 480.14 682.18 817.81 497.82 979.41 442.55 859.53 587.10 888.18 702.51 1031.72 654.23
00000737 00000047 750.82 174.20 479.49 685.46 815.27 498.44 976.14 442.47 854.53 586.99 885.11 706.04 1027.82 657.16
00000738 DELETE   746.04 172.41 478.84 688.95 811.78 504.60 974.17 446.28 853.51 587.59 880.23 710.41 1024.68 659.64
00000739 DELETE   741.80 170.72 478.11 691.44 808.40 506.14 970.86 449.52 851.70 590.04 877.20 711.18 1021.94 661.58
00000740 00000050 738.50 172.08 479.76 690.55 806.19 504.55 970.36 449.12 851.90 591.74 876.55 712.13 1021.93 663.45
00000741 DELETE   734.94 174.80 482.94 689.62 803.38 504.64 967.13 449.07 849.54 593.90 875.78 713.71 1020.66 664.81
00000742 DELETE   730.33 175.40 484.01 691.04 799.59 507.73 962.89 447.46 847.93 595.97 875.67 716.92 1021.05 664.01
00000743 00000053 728.20 175.32 484.31 692.79 795.19 510.03 959.19 446.60 843.56 595.43 872.57 719.63 1018.80 664.08
00000744 00000054 725.33 175.75 485.99 693.92 791.75 511.05 955.82 446.65 839.37 596.41 869.89 721.72 1015.75 665.36
00000745 DELETE   722.10 177.72 486.71 693.15 787.74 513.03 953.59 447.40 836.61 597.67 866.76 722.77 1014.78 665.26
00000746 00000056 719.17 179.01 489.87 692.60 785.46 515.45 952.00 449.43 835.04 598.58 865.43 725.97 1012.21 668.22
00000747 00000057 719.30 181.94 489.75 692.50 784.35 519.09 950.77 451.12 834.25 600.11 865.03 730.07 1009.77 670.79
00000748 00000058 717.94 183.71 491.62 694.56 783.05 521.25 950.45 453.71 833.71 602.18 864.23 733.05 1008.53 674.10
00000749 00000059 717.87 184.70 492.13 697.87 783.19 524.01 949.02 456.09 832.59 604.34 864.42 735.96 1008.33 676.64
00000750 00000060 718.69 185.76 490.74 700.50 783.63 524.21 949.72 458.76 832.12 606.16 863.48 737.32 1008.05 679.98
00000751 00000061 718.79 188.54 490.95 699.75 783.77 524.66 950.24 461.24 831.79 607.30 862.11 738.29 1006.85 682.66
00000752 00000062 719.33 189.67 490.45 699.37 784.59 524.54 951.10 461.69 832.74 607.86 863.13 738.77 1007.17 683.66
00000753 00000063 720.57 189.44 489.31 700.37 785.63 525.03 952.24 462.06 833.60 608.02 863.71 739.13 1008.03 683.88
00000754 00000064 721.42 189.07 488.65 700.17 786.96 524.22 952.80 461.60 835.21 608.37 865.39 738.17 1009.14 683.16
00000755 00000065 723.38 190.21 488.22 699.66 788.77 523.46 953.17 460.69 835.43 608.05 867.27 737.18 1010.35 682.06
00000756 00000066 724.74 187.56 488.46 703.51 790.24 522.63 953.56 459.82 835.64 607.34 868.21 736.65 1011.32 681.48
00000757 00000067 725.68 187.40 488.59 704.17 793.01 520.93 954.96 459.37 837.48 606.15 869.85 735.25 1011.87 681.15
00000758 00000068 727.12 184.68 488.35 704.62 795.14 519.74 955.91 458.28 838.30 604.93 872.78 733.75 1013.46 679.69
00000759 00000069 728.38 184.06 488.12 703.73 796.63 517.54 957.07 457.67 839.16 603.91 874.21 730.99 1014.89 678.20
00000760 00000070 728.81 183.24 488.56 702.64 797.27 516.45 958.77 456.53 840.35 602.37 874.56 729.50 1016.10 676.73
00000761 00000071 730.36 179.46 488.52 703.09 798.62 513.59 959.63 454.11 840.89 600.72 875.99 727.14 1016.57 674.83
00000762 00000072 732.39 180.35 488.26 699.40 800.00 511.92 960.84 452.72 841.98 598.51 876.67 725.82 1015.78 673.98
00000763 00000073 734.23 179.97 487.84 696.64 801.70 511.05 961.81 451.44 842.90 596.36 877.24 724.56 1014.79 672.58
00000764 00000074 736.20 178.92 487.43 697.14 803.49 509.18 963.56 450.46 843.78 596.11 878.13 723.12 1015.56 671.99
00000765 00000075 737.94 176.82 484.65 697.26 804.66 507.95 964.05 449.30 844.81 595.45 878.24 721.87 1015.06 670.97
00000766 00000076 739.57 175.81 482.69 694.46 806.18 505.93 964.77 448.39 845.79 593.98 878.53 720.15 1013.64 670.28
00000767 00000077 740.27 175.01 481.65 691.27 806.81 504.21 964.69 447.62 846.78 592.90 877.97 717.81 1010.72 669.02
00000768 00000078 740.59 174.97 481.53 688.15 807.82 502.61 965.72 447.25 847.97 591.62 878.07 717.16 1007.37 669.72
00000769 00000079 742.84 173.61 479.48 687.00 808.82 501.70 966.55 448.14 847.98 590.58 876.43 717.22 1002.21 671.75
00000770 00000080 742.02 173.32 478.57 685.37 808.39 500.76 967.29 449.06 848.66 590.30 874.81 718.71 997.30 675.21
00000771 00000081 741.66 173.88 477.90 682.81 807.36 499.85 966.95 449.31 848.31 590.48 873.35 719.91 992.42 677.75
00000772 00000082 739.13 175.44 478.36 682.04 805.14 499.53 965.96 449.77 847.04 591.79 872.39 722.31 990.24 680.77
00000773 00000083 736.83 177.11 480.38 685.82 802.88 501.31 964.17 451.72 844.90 594.13 872.13 727.73 988.47 686.21
00000774 00000084 733.73 179.36 481.13 687.42 801.42 503.59 963.54 455.39 844.78 598.01 871.94 730.77 988.88 689.95
00000775 00000085 733.13 180.07 480.00 686.57 800.03 503.98 961.92 460.08 842.86 601.84 868.77 732.47 982.17 695.33
00000776 00000086 731.08 182.12 480.18 684.94 796.79 505.97 961.02 463.28 840.60 605.10 865.70 736.66 978.38 700.50
00000777 00000087 729.48 187.32 481.50 689.52 795.61 509.15 961.17 464.83 840.31 608.56 865.61 742.43 979.16 704.90
00000778 00000088 728.22 190.30 480.71 687.23 792.21 510.49 959.70 464.58 838.89 611.58 865.60 745.52 981.27 706.50
00000779 00000089 727.01 189.69 480.23 684.20 788.64 510.62 958.17 465.15 835.99 612.07 861.09 744.95 978.90 706.19
00000780 00000090 724.98 189.70 480.33 680.53 784.64 508.81 957.20 464.79 834.48 612.31 855.97 742.05 977.45 704.44
00000781 00000091 721.88 188.60 482.78 682.60 781.22 509.08 954.91 461.68 830.98 608.53 853.74 742.96 977.63 702.48
00000782 00000092 719.18 182.41 486.57 687.14 779.20 505.72 954.47 456.97 829.99 604.45 851.62 739.35 976.78 698.07
00000783 00000093 717.28 179.02 488.80 689.90 779.89 505.55 953.86 454.02 831.30 599.86 854.26 736.43 979.67 692.89
00000784 00000094 715.48 176.18 490.70 690.54 778.95 503.37 952.38 450.38 831.02 597.87 855.03 732.03 982.66 687.10
00000785 00000095 714.58 174.50 491.43 691.52 777.25 502.98 951.81 447.73 829.03 597.16 854.56 729.89 987.97 682.64
00000786 00000096 713.88 177.07 492.36 691.26 774.52 503.39 949.60 446.33 825.20 596.15 853.01 729.87 990.72 680.74
00000787 00000097 711.78 178.40 493.07 688.26 772.28 506.29 947.30 445.29 822.27 594.53 850.99 728.62 994.40 675.82
00000788 00000098 708.11 178.94 493.86 685.08 770.60 511.89 947.39 445.70 823.49 593.90 849.24 729.29 999.81 671.89
00000789 00000099 707.32 176.77 495.86 688.51 771.70 515.98 949.16 448.36 827.38 594.55 849.00 730.36 1000.35 671.87
00000790 00000100 705.27 176.77 497.25 686.47 770.79 512.97 953.13 445.90 832.12 593.99 847.98 728.49 999.22 670.89
00000791 00000101 711.39 169.37 487.56 695.71 775.77 504.85 957.96 447.66 836.28 593.92 846.15 719.15 997.11 671.08
00000792 00000102 712.56 172.36 488.13 688.08 778.92 501.01 962.69 443.28 843.40 591.50 851.04 715.31 1003.65 667.07
00000793 00000103 715.46 169.36 486.36 692.74 781.42 495.44 966.06 438.87 847.27 589.22 853.23 714.07 1008.85 666.85
00000794 00000104 716.35 169.65 486.40 693.66 784.31 492.34 968.27 437.81 848.95 587.08 854.89 713.50 1008.40 668.19
00000795 00000105 717.08 169.51 483.51 691.45 785.36 491.50 969.76 439.21 850.72 587.25 854.24 713.96 1004.32 670.77
00000796 00000106 717.90 169.34 481.70 693.36 785.22 493.06 968.11 442.44 848.20 590.08 852.90 715.80 1000.47 674.16
00000797 00000107 717.40 174.00 480.89 693.27 783.96 499.33 966.16 449.11 846.19 595.22 850.65 721.90 995.33 680.65
00000798 00000108 713.60 188.79 489.77 682.70 781.96 510.50 962.38 449.55 841.47 598.27 855.87 733.86 997.50 682.03
00000799 00000109 712.83 191.23 489.46 684.06 779.58 513.01 960.20 451.92 837.65 599.84 853.03 736.62 996.81 684.39
00000800 00000110 712.80 190.17 491.02 687.34 779.14 512.83 958.65 451.00 835.05 598.70 853.44 736.55 997.32 683.69
00000801 00000111 714.30 186.23 489.89 690.23 779.60 510.29 959.89 449.80 834.34 596.83 851.96 733.52 999.16 681.58
00000802 00000112 715.63 186.48 489.79 685.99 780.09 507.87 961.57 448.54 835.52 596.30 852.28 728.36 1004.59 677.21
00000803 00000113 721.51 176.09 482.45 697.32 783.24 495.55 969.09 445.49 842.48 594.12 847.83 719.15 1005.76 677.39
00000804 00000114 727.03 177.97 480.98 688.24 790.56 489.01 977.53 440.45 848.38 586.96 850.49 709.35 1013.09 668.95
00000805 00000115 737.51 172.87 481.73 687.07 802.95 490.11 976.96 431.70 848.06 575.40 866.28 702.74 1022.63 652.23
00000806 00000116 755.98 160.01 475.19 694.00 813.42 480.01 982.20 422.74 850.79 563.31 870.11 692.74 1025.11 643.21
00000807 DELETE   762.37 157.72 467.19 680.63 815.55 467.52 999.76 415.67 858.74 550.54 868.11 693.31 1027.16 648.41
00000808 00000118 768.83 144.37 472.22 681.52 825.47 452.72 1009.64 402.72 869.02 536.67 874.38 679.23 1028.84 637.45
00000809 00000119 771.37 138.41 474.07 673.73 836.21 442.26 1018.38 397.85 883.51 524.13 881.99 663.74 1027.48 627.46
00000810 00000120 774.40 131.76 476.42 679.55 840.51 438.40 1023.00 392.73 886.33 519.88 884.20 660.09 1033.32 622.60
00000811 00000121 775.18 128.64 479.41 683.92 839.85 436.85 1027.59 387.67 888.90 516.89 883.58 662.48 1039.31 621.91
00000812 00000122 773.56 128.13 480.69 683.52 839.33 434.40 1027.61 384.75 889.93 514.90 883.35 659.34 1043.99 618.26
00000813 DELETE   770.18 125.81 481.87 685.14 836.21 431.70 1024.64 381.81 886.65 513.44 881.56 656.06 1048.38 614.46
00000814 DELETE   767.35 126.14 478.85 687.39 831.23 430.16 1019.16 379.92 879.16 513.75 877.43 656.33 1047.86 613.65
00000815 DELETE   769.87 127.92 471.43 687.70 826.64 430.96 1005.18 374.73 865.13 505.71 872.62 648.00 1040.93 598.69
00000816 00000126 764.15 126.88 472.22 685.52 821.40 431.32 997.83 370.16 860.17 502.75 870.88 645.14 1042.35 591.42
00000817 00000127 761.37 126.71 473.04 684.66 817.20 430.81 994.52 367.05 857.44 500.36 869.32 641.66 1043.47 585.48
00000818 00000128 757.46 124.13 475.11 679.61 814.74 432.16 991.98 365.44 858.35 499.02 869.90 638.04 1044.67 579.27
00000819 00000129 754.44 125.20 476.40 675.72 812.24 433.57 987.91 364.52 857.04 498.44 869.73 636.02 1044.12 575.16
00000820 00000130 751.79 125.51 478.08 674.72 810.62 437.11 985.25 365.73 857.43 501.02 869.73 634.66 1046.26 571.63
00000821 00000131 750.18 127.97 480.10 675.09 808.82 440.33 983.94 368.60 858.98 504.54 869.43 635.10 1049.12 571.65
00000822 00000132 745.13 134.41 474.98 673.64 804.05 439.03 989.87 368.72 859.65 512.53 867.99 642.59 1055.00 579.40
00000823 00000133 748.20 138.41 473.16 670.83 806.19 441.42 991.80 370.49 863.42 516.34 870.77 644.14 1059.35 580.45
00000824 00000134 750.47 139.35 475.08 672.23 809.20 441.55 996.73 370.42 868.93 517.57 874.05 644.89 1065.15 581.16
00000825 00000135 753.06 136.83 477.12 674.55 813.67 438.56 1003.52 370.18 875.30 515.10 877.15 639.97 1072.61 578.20
00000826 00000136 756.22 135.19 476.10 675.57 817.06 435.95 1009.95 369.39 880.65 513.31 877.48 636.20 1077.13 576.18
CROP_BBOX: 538 0 1705 1080
