Video ID: 	QK1EZpW8HtQ
H: 	1080
W: 	1920
FPS: 	23.976023976023978

FRAME INDEX X0 Y0 W H [Landmarks (5 Points)]

00005152 00000000 959.60 238.90 434.82 640.62 1003.32 506.39 1131.63 504.20 998.04 637.54 1042.59 733.85 1140.58 731.22
00005153 00000001 962.94 233.65 433.44 648.51 1005.71 507.31 1132.14 503.58 999.26 636.77 1044.11 734.29 1145.18 730.52
00005154 00000002 963.41 231.42 433.25 650.66 1005.17 505.09 1134.17 501.56 998.84 633.88 1041.68 731.91 1147.30 728.28
00005155 00000003 964.33 228.00 435.14 653.43 1006.54 505.23 1136.44 500.90 1000.46 631.61 1041.30 731.37 1147.53 727.55
00005156 00000004 966.20 222.64 434.35 659.05 1008.50 504.67 1137.00 499.48 1004.22 629.50 1043.59 731.60 1147.06 727.20
00005157 00000005 968.95 220.01 434.80 661.21 1009.17 504.32 1137.54 498.47 1006.43 629.23 1045.12 733.03 1146.63 728.24
00005158 00000006 971.34 216.43 431.72 663.18 1011.38 503.53 1138.54 498.91 1008.33 628.44 1046.86 731.71 1147.17 727.96
00005159 00000007 972.47 216.52 430.94 660.32 1012.52 500.26 1139.73 496.98 1009.75 627.63 1048.19 729.63 1147.96 727.13
00005160 00000008 973.08 214.44 431.43 662.18 1012.29 499.59 1139.32 496.26 1010.07 627.24 1047.81 728.20 1148.77 725.75
00005161 00000009 974.75 212.78 431.69 664.08 1013.70 497.39 1140.64 495.51 1010.01 627.80 1049.13 726.89 1152.14 725.73
00005162 00000010 977.66 209.92 426.93 666.03 1013.75 496.05 1142.75 495.34 1010.84 628.03 1048.80 725.21 1155.88 724.98
00005163 00000011 981.22 209.70 425.58 666.15 1014.58 495.01 1144.60 495.26 1011.07 628.18 1048.20 722.33 1159.20 723.11
00005164 00000012 981.17 208.89 428.01 663.90 1014.47 493.66 1146.55 494.14 1012.70 629.01 1047.33 720.33 1160.63 721.43
00005165 00000013 985.00 208.53 424.09 661.47 1014.99 492.76 1146.00 489.10 1014.76 624.20 1049.05 725.15 1154.33 723.19
00005166 00000014 986.99 207.77 422.53 662.02 1014.94 491.13 1146.70 487.83 1015.54 622.08 1046.37 725.64 1149.59 724.33
00005167 00000015 988.54 208.86 420.88 659.20 1017.45 490.97 1148.18 486.89 1017.73 620.19 1047.50 725.82 1147.51 724.14
00005168 00000016 990.04 208.45 420.19 660.64 1017.24 490.76 1149.06 487.23 1019.22 621.14 1047.71 727.35 1146.79 725.98
00005169 00000017 992.10 206.91 418.10 659.56 1018.90 491.63 1150.61 487.41 1021.55 621.66 1050.08 728.28 1147.87 726.23
00005170 00000018 994.69 206.71 420.34 661.24 1020.44 488.10 1153.07 485.23 1021.71 620.40 1050.14 727.29 1147.83 726.49
00005171 00000019 996.44 206.92 418.30 660.10 1025.40 484.48 1157.82 485.48 1026.82 617.71 1053.05 722.81 1151.32 725.09
00005172 00000020 996.82 202.08 422.55 666.15 1028.59 483.53 1162.46 483.56 1030.83 616.90 1056.47 722.33 1156.07 723.90
00005173 00000021 1001.15 205.27 429.09 666.91 1033.56 482.47 1171.14 482.47 1031.50 615.76 1061.75 716.57 1171.84 717.56
00005174 00000022 1003.96 208.86 430.85 662.38 1037.70 481.44 1178.95 482.84 1035.90 612.63 1061.12 712.96 1176.97 714.96
00005175 00000023 1005.58 206.72 433.14 659.54 1040.65 481.06 1183.22 479.68 1042.50 607.84 1066.84 708.84 1185.01 707.90
00005176 00000024 1007.75 201.71 430.91 661.05 1043.58 478.63 1187.29 479.10 1048.77 608.25 1070.51 703.86 1192.10 704.08
00005177 00000025 1008.44 196.80 437.29 661.52 1044.40 476.50 1197.72 476.73 1059.12 604.55 1071.14 706.40 1192.41 707.09
00005178 00000026 1011.90 197.40 437.08 658.30 1046.85 475.28 1203.65 477.12 1065.08 603.73 1072.84 706.91 1191.37 709.15
00005179 00000027 1013.89 197.94 440.26 658.63 1051.21 475.56 1208.45 476.52 1067.96 603.77 1078.27 708.68 1196.52 709.64
00005180 00000028 1015.04 195.30 440.24 668.27 1055.65 478.17 1211.97 476.03 1073.09 602.91 1084.23 712.05 1202.10 709.85
00005181 00000029 1014.83 199.67 441.89 666.74 1057.93 478.70 1214.38 476.24 1077.20 602.42 1085.39 709.96 1209.20 706.85
00005182 00000030 1013.94 202.26 441.88 658.49 1059.25 478.69 1215.11 476.56 1079.62 602.51 1090.78 706.45 1214.90 703.42
00005183 00000031 1014.42 202.94 441.33 656.36 1060.56 478.95 1215.85 476.55 1080.87 602.88 1094.33 704.51 1217.93 700.98
00005184 00000032 1013.57 201.93 440.92 655.43 1060.02 478.75 1217.11 476.94 1082.91 604.36 1094.19 703.19 1218.56 700.01
00005185 00000033 1013.38 202.86 441.28 654.55 1059.99 479.19 1216.94 476.60 1082.65 603.32 1093.53 703.17 1217.82 699.44
00005186 00000034 1012.56 201.36 440.73 656.54 1058.36 478.55 1216.06 475.34 1082.03 602.55 1091.40 703.89 1214.95 699.94
00005187 00000035 1011.47 201.79 442.45 657.83 1056.25 478.00 1213.82 475.28 1079.03 602.82 1088.29 703.86 1213.84 700.49
00005188 00000036 1010.81 205.34 442.33 658.45 1053.99 473.38 1209.02 472.59 1071.00 602.23 1084.26 699.32 1213.19 697.89
00005189 00000037 1008.98 203.81 442.24 658.42 1050.78 474.16 1206.42 473.38 1069.30 603.13 1081.46 699.98 1209.37 698.54
00005190 00000038 1007.49 202.32 442.86 662.56 1047.99 474.26 1204.29 471.46 1066.67 602.67 1078.60 702.61 1207.68 699.71
00005191 00000039 1007.56 201.71 442.05 663.96 1048.11 474.91 1201.04 472.89 1064.08 602.40 1077.98 701.65 1206.26 699.35
00005192 00000040 1007.39 201.10 441.87 664.51 1048.12 474.93 1199.34 472.53 1062.79 601.88 1078.81 700.76 1206.32 698.17
00005193 00000041 1006.74 203.08 442.80 665.89 1048.66 474.51 1198.15 472.46 1061.62 602.29 1079.55 700.88 1207.51 698.48
00005194 00000042 1006.72 203.57 442.97 667.16 1049.41 474.74 1197.15 471.99 1060.72 602.55 1081.48 700.56 1210.62 697.52
00005195 00000043 1007.77 203.97 440.25 666.00 1050.30 475.49 1197.35 471.73 1061.86 603.04 1082.87 699.38 1213.65 695.48
00005196 00000044 1009.28 204.86 440.53 659.23 1050.88 476.26 1199.47 473.66 1063.23 603.08 1082.77 696.16 1214.81 693.11
00005197 00000045 1011.33 205.00 439.24 653.19 1053.78 473.65 1204.55 474.06 1066.22 602.11 1083.60 691.50 1214.41 690.61
00005198 00000046 1012.99 203.02 438.76 649.76 1056.33 471.78 1208.08 475.00 1069.51 600.47 1084.52 687.43 1213.23 688.94
00005199 00000047 1010.84 199.09 444.51 652.21 1052.65 466.88 1208.64 467.27 1062.10 602.24 1082.21 692.16 1216.38 690.76
00005200 00000048 1017.01 195.56 435.69 655.29 1062.09 464.19 1213.48 468.99 1070.89 592.62 1088.67 680.45 1218.92 682.44
00005201 00000049 1019.11 187.29 437.07 668.28 1062.02 460.48 1209.98 463.11 1063.00 590.78 1089.20 682.63 1222.45 682.91
00005202 00000050 1021.63 186.52 435.90 667.71 1063.59 458.39 1210.67 459.72 1062.30 586.17 1091.10 681.70 1221.61 680.99
00005203 00000051 1021.74 183.28 439.03 670.26 1063.58 457.46 1211.48 456.56 1063.43 583.21 1093.33 683.58 1221.50 681.20
00005204 00000052 1022.30 181.68 436.72 661.17 1064.09 457.63 1212.31 456.41 1065.57 580.62 1091.13 680.31 1214.46 677.82
00005205 00000053 1022.56 180.09 435.29 662.01 1063.54 457.73 1211.81 455.60 1064.74 580.07 1090.38 681.20 1213.42 678.07
00005206 00000054 1021.41 180.93 437.05 660.38 1062.33 456.30 1211.10 455.21 1061.70 578.79 1088.13 681.54 1209.65 679.32
00005207 00000055 1019.03 186.09 437.12 655.53 1060.24 455.84 1208.90 456.61 1056.91 578.70 1084.12 682.69 1203.04 682.03
00005208 00000056 1017.09 185.87 436.68 654.14 1057.04 455.11 1207.33 455.66 1052.15 577.90 1078.71 685.32 1196.09 684.65
00005209 00000057 1016.00 174.15 424.61 672.12 1052.81 459.39 1205.20 459.52 1057.99 575.61 1072.28 687.79 1191.66 689.07
00005210 00000058 1013.73 173.97 424.28 671.91 1051.40 458.33 1199.55 457.81 1054.26 573.92 1071.17 686.40 1190.05 687.09
00005211 00000059 1013.99 169.45 426.44 683.96 1050.60 459.81 1188.15 453.30 1042.97 576.55 1078.36 689.03 1190.87 683.06
00005212 00000060 1010.78 172.82 421.25 674.56 1048.97 455.76 1193.48 452.16 1045.24 568.60 1072.67 683.21 1194.36 680.63
00005213 00000061 1010.54 173.71 420.05 668.10 1046.52 455.73 1193.00 451.71 1045.87 568.13 1068.95 682.83 1191.24 680.45
00005214 00000062 1009.52 175.15 419.65 663.83 1045.42 455.67 1190.59 452.26 1043.99 567.45 1066.42 680.59 1187.50 678.90
00005215 00000063 1008.13 174.46 420.55 662.81 1043.78 456.37 1188.82 452.72 1043.53 568.12 1064.22 680.46 1183.90 678.76
00005216 00000064 1006.92 174.41 420.80 662.81 1042.31 457.37 1185.94 452.67 1042.58 569.25 1063.21 682.38 1180.62 679.91
00005217 00000065 1007.02 173.84 421.63 667.16 1041.96 459.74 1184.52 454.83 1041.13 571.59 1062.79 684.51 1179.87 681.86
00005218 00000066 1009.07 175.15 426.92 670.48 1041.66 466.97 1175.26 459.73 1034.84 581.85 1068.77 690.16 1176.59 683.92
00005219 00000067 1007.97 173.07 431.51 675.54 1042.07 469.77 1176.15 463.08 1036.41 586.35 1070.57 691.69 1179.79 685.58
00005220 00000068 1008.36 174.64 429.67 675.58 1041.76 470.19 1179.35 464.24 1038.69 588.64 1070.37 693.04 1182.41 687.62
00005221 00000069 1010.06 176.23 426.41 672.89 1042.65 469.38 1190.61 462.23 1047.21 581.12 1065.69 694.47 1182.27 689.99
00005222 00000070 1011.74 176.64 429.98 674.36 1043.88 471.17 1193.99 462.40 1051.79 581.14 1068.23 696.22 1184.93 690.09
00005223 00000071 1009.59 183.73 438.19 659.25 1043.83 467.17 1200.32 461.25 1047.36 585.96 1070.89 700.44 1187.66 694.97
00005224 00000072 1009.72 185.29 438.47 657.70 1044.94 468.21 1201.20 461.43 1049.65 585.93 1072.14 700.34 1189.53 694.17
00005225 00000073 1009.63 187.10 437.19 655.59 1044.30 468.66 1198.92 460.26 1048.35 586.03 1072.30 700.39 1189.10 692.83
00005226 00000074 1010.02 177.95 435.60 675.24 1044.23 477.16 1186.23 465.35 1049.18 592.61 1073.97 700.03 1186.04 690.17
00005227 00000075 1008.92 180.43 432.82 672.26 1043.05 477.25 1182.50 465.99 1046.07 593.76 1073.25 699.52 1184.17 690.15
00005228 00000076 1008.63 182.68 431.61 666.69 1041.64 476.39 1179.28 465.70 1043.38 594.15 1073.00 698.75 1182.27 689.77
00005229 00000077 1007.56 182.93 423.95 665.61 1038.49 473.10 1182.02 463.30 1042.80 587.74 1066.25 697.40 1180.96 690.65
00005230 00000078 1006.42 185.62 432.20 667.59 1040.51 475.90 1174.44 464.95 1037.49 595.59 1072.92 699.87 1181.38 690.50
00005231 00000079 1005.82 184.21 423.60 668.02 1036.16 474.32 1176.43 464.43 1034.63 589.91 1063.19 699.18 1177.56 692.23
00005232 00000080 1003.60 185.90 428.78 666.61 1037.50 476.76 1169.18 464.89 1033.35 596.27 1070.95 700.56 1177.78 690.62
00005233 00000081 1002.15 184.44 421.68 666.39 1031.89 475.53 1170.72 465.45 1030.95 590.95 1058.75 700.25 1171.54 693.24
00005234 00000082 1001.63 183.44 418.51 664.88 1030.60 475.47 1170.44 465.99 1030.08 591.25 1056.18 699.98 1169.94 693.46
00005235 00000083 1001.34 183.58 418.95 658.82 1027.86 474.11 1168.69 465.58 1029.53 592.64 1051.87 699.42 1165.21 693.95
00005236 00000084 1000.91 184.14 417.82 655.67 1028.63 469.69 1168.23 463.02 1030.56 591.58 1052.12 696.90 1163.96 692.96
00005237 00000085 998.92 182.39 418.16 656.92 1026.71 465.87 1168.65 457.81 1030.95 588.47 1052.18 697.71 1162.18 692.62
00005238 00000086 999.21 178.55 426.72 660.71 1031.28 463.69 1168.67 456.41 1032.83 588.84 1062.59 697.27 1162.30 692.11
00005239 00000087 1001.37 180.76 428.91 659.06 1032.05 463.22 1171.96 453.66 1034.76 586.47 1063.16 698.36 1164.04 691.48
00005240 00000088 1004.03 178.06 427.43 660.70 1033.70 460.94 1175.22 451.24 1038.34 584.77 1067.13 697.13 1169.60 689.94
00005241 00000089 1005.54 175.88 429.82 666.69 1037.87 462.15 1178.04 449.52 1040.38 581.40 1072.81 693.78 1179.20 683.72
00005242 00000090 1008.20 172.06 429.95 671.84 1040.79 462.55 1179.46 447.09 1041.68 578.20 1076.65 692.04 1184.07 679.30
00005243 00000091 1008.22 173.27 431.16 671.51 1041.28 462.97 1179.51 446.49 1042.23 578.45 1078.46 691.35 1187.54 677.50
00005244 00000092 1008.11 173.47 427.93 669.98 1042.05 462.11 1177.12 446.85 1041.00 577.21 1079.29 687.90 1188.07 674.91
00005245 00000093 1006.77 174.22 428.02 668.10 1041.78 461.44 1175.76 445.69 1040.58 576.17 1079.86 685.38 1189.48 671.87
00005246 00000094 1005.95 176.20 427.02 665.01 1041.24 460.60 1173.88 444.30 1039.57 574.97 1080.52 682.13 1191.23 668.23
00005247 00000095 1005.60 177.78 427.54 661.21 1042.53 459.29 1174.14 443.29 1040.06 573.48 1081.95 677.23 1195.24 663.17
00005248 00000096 1004.70 176.76 427.49 660.05 1042.37 456.56 1174.71 442.46 1040.83 573.60 1081.88 674.12 1196.15 661.61
00005249 00000097 1005.24 176.17 428.70 658.94 1041.94 457.28 1173.84 442.05 1038.92 570.81 1079.70 673.22 1194.27 659.81
00005250 00000098 1004.98 175.30 428.33 657.60 1041.77 456.13 1171.57 441.44 1037.20 568.89 1078.61 669.95 1192.75 657.10
00005251 00000099 1003.68 176.07 430.98 656.90 1040.44 456.59 1170.97 442.46 1034.82 569.26 1076.29 668.97 1193.11 656.48
00005252 00000100 1002.13 176.30 427.89 656.62 1039.81 454.72 1168.55 442.43 1033.14 569.38 1075.65 667.18 1191.13 656.26
00005253 00000101 1000.49 177.50 429.52 655.72 1037.87 455.53 1167.50 443.36 1030.98 570.96 1073.69 667.72 1190.62 656.91
00005254 00000102 999.12 177.44 428.17 655.18 1035.91 454.57 1166.21 442.20 1029.25 571.52 1072.65 668.12 1189.89 657.14
00005255 00000103 998.67 176.25 428.77 656.85 1034.61 456.32 1164.34 441.74 1029.13 570.85 1070.46 671.11 1184.85 658.68
00005256 00000104 998.16 174.49 427.69 657.53 1031.33 457.60 1162.53 441.95 1026.68 570.36 1065.63 673.67 1179.22 660.84
00005257 00000105 996.93 173.69 427.44 655.39 1029.77 456.93 1161.26 441.59 1025.70 569.44 1062.86 675.14 1173.95 662.95
00005258 00000106 996.54 173.06 426.83 654.92 1027.39 455.98 1160.73 441.80 1023.08 569.06 1058.01 676.52 1168.55 665.69
00005259 00000107 997.21 172.48 425.92 655.55 1025.27 455.50 1160.95 441.46 1023.69 569.71 1053.82 682.25 1160.33 671.96
00005260 00000108 997.85 171.84 425.01 656.47 1024.25 455.31 1160.49 441.06 1022.76 569.95 1052.28 685.12 1156.37 674.75
00005261 00000109 997.78 171.31 424.57 657.55 1024.62 454.95 1160.46 441.11 1023.05 570.33 1052.35 685.59 1155.53 675.60
00005262 00000110 998.34 172.06 425.28 657.08 1025.25 456.67 1159.36 441.88 1022.27 570.79 1054.68 684.62 1158.17 673.70
00005263 00000111 997.25 172.72 426.09 657.09 1025.15 457.34 1159.36 442.05 1022.67 572.13 1056.27 684.91 1160.38 673.50
00005264 00000112 997.38 175.10 424.27 652.09 1028.16 457.62 1159.12 442.70 1022.10 570.36 1059.08 679.63 1164.96 668.28
00005265 00000113 997.36 174.60 423.66 652.14 1027.47 457.43 1160.89 442.26 1023.12 569.95 1058.66 678.93 1167.19 667.39
00005266 00000114 997.48 174.07 424.30 653.17 1028.42 457.39 1161.68 442.79 1024.57 570.35 1059.30 678.83 1167.93 667.75
00005267 00000115 997.89 173.08 423.36 656.14 1029.58 457.47 1162.44 442.90 1025.75 570.74 1062.28 678.48 1171.70 667.24
00005268 00000116 998.99 175.48 424.82 656.46 1030.74 458.69 1162.53 442.70 1025.78 570.57 1064.66 677.39 1175.73 664.67
00005269 00000117 998.57 176.79 424.20 655.76 1031.21 458.57 1162.44 443.62 1026.37 572.39 1066.41 675.13 1179.32 663.02
00005270 00000118 998.11 177.92 425.11 654.19 1031.68 458.27 1163.03 443.51 1026.91 572.35 1067.55 674.43 1180.70 662.31
00005271 00000119 998.30 178.73 426.71 653.90 1032.34 458.33 1163.00 443.75 1026.94 573.35 1068.75 674.27 1181.99 662.17
00005272 00000120 998.33 178.97 426.86 654.39 1032.57 458.40 1163.22 443.67 1027.27 573.46 1069.17 674.31 1182.67 662.07
00005273 00000121 998.03 178.33 426.35 655.65 1032.85 458.25 1163.34 443.74 1027.09 573.35 1069.40 673.99 1183.39 661.88
00005274 00000122 997.86 178.57 427.13 656.44 1032.97 458.43 1163.61 443.80 1026.91 573.42 1069.67 674.18 1183.94 661.88
00005275 00000123 997.47 179.56 428.06 655.25 1032.97 458.73 1163.56 443.62 1027.13 573.60 1070.26 674.54 1184.16 661.76
00005276 00000124 997.24 177.68 428.21 656.55 1032.52 459.20 1162.44 443.61 1026.83 573.11 1070.34 674.16 1183.78 661.01
00005277 00000125 996.04 177.74 428.63 654.02 1031.28 459.58 1160.94 442.98 1026.25 572.69 1069.65 673.83 1182.76 659.92
00005278 00000126 995.15 177.08 426.46 651.86 1028.88 458.34 1157.44 441.15 1022.83 570.97 1066.99 672.74 1179.74 658.49
00005279 00000127 990.36 174.23 428.09 650.07 1024.15 453.85 1154.53 437.50 1017.61 569.18 1060.85 671.38 1174.86 658.24
00005280 00000128 987.81 173.88 424.17 648.24 1015.90 453.63 1148.22 434.97 1011.35 565.55 1050.73 672.92 1162.58 658.57
00005281 00000129 980.46 172.96 424.69 648.98 1009.86 454.83 1141.78 434.68 1006.39 566.36 1044.92 674.03 1155.69 658.44
00005282 00000130 976.74 166.84 426.42 654.21 1008.21 454.57 1131.55 429.55 995.81 554.55 1042.40 672.08 1141.81 649.17
00005283 00000131 973.88 172.15 426.62 648.57 1004.70 456.79 1124.70 428.90 991.97 555.86 1041.12 674.44 1136.47 649.31
00005284 00000132 972.59 174.00 424.86 647.32 1002.91 459.14 1123.23 429.44 991.45 557.26 1041.68 676.28 1136.47 649.75
00005285 00000133 972.90 179.30 428.57 641.95 1002.19 466.27 1127.35 426.58 996.49 561.16 1044.24 684.48 1146.30 652.21
CROP_BBOX: 708 0 1710 1025
