Video ID: 	_V0daf9nFxY
H: 	1080
W: 	1920
FPS: 	25.0

FRAME INDEX X0 Y0 W H [Landmarks (5 Points)]

00001230 00000000 620.55 194.86 652.40 734.06 753.32 522.58 1054.51 588.03 853.08 764.66 758.26 755.17 1000.60 807.66
00001231 00000001 595.49 194.11 683.08 735.85 732.33 513.82 1055.97 588.07 839.50 778.95 738.58 751.31 995.26 811.23
00001232 00000002 598.90 190.95 683.02 740.22 726.22 517.56 1042.62 586.89 826.79 772.21 730.35 745.30 994.65 802.49
00001233 00000003 594.69 208.97 672.13 720.93 733.05 508.77 1040.38 576.52 830.07 769.91 732.36 737.05 978.17 793.88
00001234 00000004 590.44 195.78 684.36 732.24 718.47 515.71 1036.62 582.52 821.48 769.77 725.03 741.65 986.09 796.67
00001235 00000005 596.00 198.74 661.02 726.82 718.27 515.24 1023.04 574.08 818.64 761.71 730.25 743.61 975.66 791.69
00001236 00000006 593.74 208.45 660.46 713.80 717.97 516.54 1026.30 572.64 821.64 758.14 731.23 746.21 975.05 792.06
00001237 00000007 593.34 198.21 655.66 723.68 721.60 520.20 1021.04 574.40 823.44 757.15 741.21 750.08 972.24 794.05
00001238 00000008 598.75 211.47 649.23 710.67 725.35 515.74 1022.62 572.75 822.90 750.03 742.62 752.61 964.57 799.23
00001239 00000009 600.18 189.68 645.24 725.61 725.30 512.43 1025.47 565.15 827.14 747.47 744.62 755.00 966.19 797.83
00001240 00000010 605.40 194.42 642.89 723.45 727.73 516.37 1027.42 568.17 829.17 749.58 747.34 759.20 967.73 801.27
00001241 00000011 601.14 205.68 647.00 719.59 724.90 520.08 1023.22 576.85 824.33 756.71 744.33 760.86 968.16 806.78
00001242 00000012 594.72 199.44 652.46 717.61 718.09 517.14 1020.93 575.43 818.79 757.06 736.79 759.41 963.94 806.39
00001243 00000013 594.56 203.43 654.86 708.52 717.32 516.54 1023.86 575.88 820.10 757.13 736.29 757.10 966.15 805.10
00001244 00000014 595.41 215.36 651.83 699.63 715.59 516.26 1022.59 575.63 818.15 758.56 732.96 758.12 962.02 806.32
00001245 00000015 593.96 214.01 652.78 712.21 719.28 516.06 1021.62 578.18 818.39 759.02 730.35 748.70 968.33 799.63
00001246 00000016 599.71 203.58 644.11 733.70 727.17 522.03 1024.20 583.41 822.34 751.51 720.90 744.27 960.07 793.21
00001247 00000017 596.79 194.46 649.73 743.74 724.80 523.60 1023.81 583.74 822.20 754.56 721.37 749.54 958.34 797.48
00001248 00000018 600.30 207.34 641.34 724.70 727.13 522.92 1020.39 582.14 821.86 747.19 722.23 743.99 957.10 791.10
00001249 00000019 587.61 205.45 660.08 717.21 713.68 512.72 1020.35 577.06 815.44 758.36 724.75 745.39 969.13 797.58
00001250 00000020 579.63 177.25 667.48 755.10 709.63 509.50 1023.54 577.60 813.01 760.01 715.08 751.46 962.96 806.95
00001251 00000021 580.07 201.41 674.90 723.02 709.11 510.01 1024.70 579.35 813.26 761.21 718.81 744.73 972.23 801.13
00001252 00000022 577.46 202.05 677.38 728.69 710.67 511.38 1027.49 581.13 815.56 764.62 715.10 744.55 972.99 801.73
00001253 00000023 582.83 194.68 670.06 739.52 712.74 513.82 1025.25 581.38 815.84 762.69 719.16 746.27 973.83 801.47
00001254 00000024 580.12 203.89 666.16 734.12 710.69 512.80 1018.98 583.59 808.96 763.76 714.86 752.01 958.14 810.17
00001255 00000025 579.66 188.18 661.09 745.41 709.33 516.86 1016.08 581.95 808.68 765.76 716.99 759.58 952.69 813.25
00001256 00000026 580.97 193.59 658.94 737.97 705.41 518.96 1012.27 584.89 802.69 765.29 714.87 764.81 946.66 818.90
00001257 00000027 579.36 189.05 659.77 745.23 707.65 520.88 1010.36 587.08 803.54 765.96 716.62 764.76 947.96 818.57
00001258 00000028 576.86 184.66 659.98 753.66 708.48 522.85 1008.92 590.82 803.47 767.65 714.41 763.58 947.99 818.85
00001259 00000029 581.77 189.62 651.00 756.41 710.02 523.51 1008.09 588.67 804.26 768.43 716.89 767.06 946.27 820.34
00001260 00000030 580.12 211.21 645.31 744.84 704.18 525.37 999.56 596.69 793.58 771.34 709.68 764.57 943.17 822.80
00001261 00000031 574.26 217.58 648.62 734.95 696.96 531.84 999.76 601.12 790.90 777.73 703.72 770.80 944.99 826.53
00001262 00000032 577.86 203.50 639.81 751.31 702.17 541.63 996.18 608.34 792.17 781.13 706.62 777.40 941.06 830.80
00001263 00000033 572.74 244.95 637.96 717.57 692.01 553.91 997.03 619.77 789.98 796.76 696.03 789.49 947.37 841.78
00001264 00000034 576.68 278.75 624.48 689.61 694.53 564.12 988.90 615.50 796.42 791.06 702.38 782.74 942.11 825.97
00001265 00000035 576.58 259.43 631.24 708.56 698.63 562.92 991.33 613.74 799.25 789.10 704.56 779.19 944.99 821.71
00001266 00000036 570.00 230.58 644.85 728.63 692.00 547.36 998.53 605.95 794.73 789.23 704.76 782.87 954.89 829.31
00001267 00000037 569.63 231.03 652.04 726.07 693.67 546.37 1001.73 606.32 795.95 788.22 702.75 779.42 956.58 827.22
00001268 00000038 572.44 234.37 648.34 721.60 694.79 545.20 1002.10 605.78 796.76 788.06 704.11 778.15 958.52 826.65
00001269 00000039 572.84 231.71 649.43 725.45 696.25 544.26 1005.00 605.49 798.94 786.62 704.30 776.52 961.27 825.73
00001270 00000040 577.08 227.13 644.45 731.15 697.04 554.09 1005.14 608.51 806.31 786.73 706.74 779.35 950.38 822.70
00001271 00000041 587.37 255.43 632.11 704.57 700.13 557.27 1001.53 613.62 800.85 788.32 710.49 783.07 945.60 828.35
00001272 00000042 587.71 268.41 628.58 693.01 697.68 561.08 999.97 613.23 799.59 789.27 711.69 791.62 941.60 833.73
00001273 00000043 586.75 259.98 624.39 703.18 695.94 566.66 995.17 613.88 800.29 791.05 712.23 796.08 943.79 834.08
00001274 00000044 585.76 245.15 624.07 711.74 697.77 556.76 996.67 609.86 800.11 793.01 716.34 791.93 943.97 834.67
00001275 00000045 586.03 242.92 625.53 719.42 697.19 554.56 995.99 607.08 799.23 795.65 717.74 794.85 945.43 837.12
00001276 00000046 584.22 246.59 631.43 714.51 695.25 551.87 998.25 609.48 796.72 797.63 709.54 787.69 946.45 834.37
00001277 00000047 574.89 258.27 642.05 713.30 703.73 564.70 998.84 617.67 805.28 793.99 708.14 783.28 950.62 826.53
00001278 00000048 575.20 235.74 644.54 731.93 691.53 554.84 1004.54 621.34 793.20 802.90 695.42 789.47 957.97 842.38
00001279 00000049 572.26 246.08 645.55 720.07 690.01 554.84 1004.21 624.17 791.90 805.45 693.06 789.51 956.50 844.90
00001280 00000050 572.47 240.61 647.96 726.46 689.82 553.58 1004.65 624.95 791.22 805.54 691.59 788.38 958.22 845.14
00001281 00000051 564.96 259.76 646.63 713.38 694.67 564.81 995.28 621.33 797.46 797.82 694.68 781.83 943.95 827.97
00001282 00000052 566.82 265.01 642.80 708.45 695.98 567.24 995.29 626.61 796.11 796.62 692.24 781.10 939.77 829.89
00001283 00000053 558.29 266.18 650.05 707.90 692.17 568.72 993.23 629.44 794.33 798.91 687.58 781.72 936.88 831.63
00001284 00000054 557.73 264.43 647.83 710.65 690.80 566.45 993.01 626.34 794.90 799.96 687.80 782.07 939.46 831.44
00001285 00000055 560.18 262.72 647.06 710.61 697.27 568.65 993.76 628.36 798.51 795.17 692.19 779.29 939.20 828.15
00001286 00000056 564.10 261.69 645.93 707.84 701.02 570.38 995.85 631.31 800.46 794.76 694.94 778.40 940.11 829.11
00001287 00000057 561.35 272.88 643.83 698.71 696.28 568.59 992.77 629.78 796.61 794.79 690.96 777.29 937.89 827.53
00001288 00000058 558.06 263.81 647.62 711.00 691.31 566.15 994.60 628.59 794.50 798.41 683.89 784.18 936.33 835.22
00001289 00000059 559.11 259.40 642.39 718.39 691.51 569.09 991.67 628.17 795.20 796.39 686.25 786.38 934.99 834.77
00001290 00000060 568.79 264.97 638.09 707.63 696.67 566.44 994.60 622.60 794.36 800.70 696.75 798.85 923.27 844.54
00001291 00000061 565.54 257.72 631.74 716.42 690.13 572.65 986.29 628.81 792.97 799.90 693.69 797.47 927.82 843.50
00001292 00000062 573.71 233.62 630.31 725.41 687.50 560.48 993.13 622.26 787.64 802.83 696.98 808.70 916.23 858.02
00001293 00000063 572.83 239.57 628.62 724.23 689.85 562.16 991.81 622.78 789.85 803.05 700.09 809.55 917.01 858.06
00001294 00000064 569.59 257.21 632.53 723.50 695.27 570.21 990.51 625.09 791.90 799.94 697.92 805.94 919.66 850.29
00001295 00000065 563.92 239.07 640.56 737.64 688.39 566.14 994.27 626.45 793.64 809.70 697.19 804.95 929.98 853.43
00001296 00000066 567.97 248.92 639.90 719.05 686.78 568.49 995.61 640.29 784.40 808.63 689.05 802.66 942.58 859.23
00001297 00000067 567.27 251.24 641.28 712.47 686.70 566.42 997.16 639.95 784.47 808.01 687.95 797.88 943.46 855.71
00001298 00000068 564.76 250.30 645.37 711.33 683.48 567.19 999.48 639.69 784.65 810.33 685.02 795.89 948.84 852.84
00001299 00000069 554.99 237.22 659.91 727.20 679.37 568.03 999.04 640.71 782.99 815.22 680.48 793.86 953.99 850.57
00001300 00000070 556.70 241.32 653.77 725.35 681.48 566.98 997.30 638.87 783.53 812.99 681.37 792.97 951.06 849.34
00001301 00000071 556.46 238.35 655.06 729.65 681.85 565.63 998.20 638.64 783.91 812.38 683.01 796.02 949.79 853.27
00001302 00000072 563.59 244.29 645.49 724.54 686.38 564.24 997.00 638.28 784.81 808.39 686.53 797.85 943.91 856.07
00001303 00000073 567.06 251.34 637.64 719.25 687.80 566.54 995.40 639.73 784.40 808.16 688.57 800.94 940.46 858.48
00001304 00000074 571.06 251.11 632.21 718.11 690.44 566.67 997.38 641.06 786.27 807.97 689.67 801.93 939.46 860.52
00001305 00000075 563.99 278.20 631.23 700.34 695.80 571.24 989.51 631.14 791.86 809.29 688.48 794.87 923.51 843.05
00001306 00000076 563.13 282.97 632.41 695.94 696.46 571.62 989.71 631.85 792.28 809.40 689.15 794.05 924.93 842.47
00001307 00000077 565.32 260.18 634.79 709.65 688.91 568.22 994.64 640.60 784.90 809.42 686.08 796.10 942.49 852.95
00001308 00000078 559.74 236.73 643.47 730.53 680.50 566.50 990.33 638.63 778.02 809.50 683.00 792.63 944.24 848.65
00001309 00000079 560.04 245.75 635.78 717.58 676.61 562.70 989.87 635.08 776.81 806.10 680.59 791.65 940.23 847.78
00001310 00000080 560.39 274.24 628.39 697.62 686.63 565.40 982.33 626.03 782.74 805.57 682.55 791.10 917.90 840.10
00001311 00000081 559.73 238.41 641.01 720.54 676.80 561.73 991.36 633.22 777.41 805.71 680.99 795.32 937.10 850.89
00001312 00000082 557.02 257.50 640.37 712.73 686.59 565.02 987.01 624.43 785.54 802.09 682.13 791.15 920.35 839.32
00001313 00000083 557.33 263.12 639.07 714.81 686.97 566.49 985.98 621.26 786.53 800.36 686.47 796.07 921.24 840.13
00001314 00000084 553.25 223.81 649.75 741.56 673.00 563.61 987.74 631.75 775.03 804.74 681.28 795.80 940.45 847.82
00001315 00000085 556.81 235.22 645.20 735.69 673.00 561.45 986.18 629.82 772.89 803.86 680.56 793.22 940.95 845.19
00001316 00000086 553.51 231.90 646.79 735.54 669.53 560.48 983.35 627.36 769.80 805.96 678.57 793.82 937.78 844.65
00001317 00000087 549.97 220.44 656.34 746.09 669.11 557.88 986.29 626.56 771.03 802.53 679.05 790.18 942.89 842.11
00001318 00000088 552.84 247.44 647.52 722.07 681.51 558.62 982.65 616.04 779.70 798.33 680.33 784.31 922.37 830.64
00001319 00000089 551.58 214.45 653.79 753.05 672.52 560.54 984.72 628.62 772.36 803.93 679.97 788.60 943.06 840.34
00001320 00000090 550.45 253.69 649.86 717.98 680.76 560.49 983.90 619.47 778.97 802.52 678.03 783.15 921.74 830.76
00001321 00000091 550.79 257.96 648.80 711.32 680.37 560.04 984.35 618.22 779.31 802.75 678.62 783.24 921.21 830.18
00001322 00000092 551.32 250.43 650.04 716.29 679.92 560.19 985.61 617.74 779.63 802.08 679.41 783.13 923.28 829.62
00001323 00000093 551.19 259.03 650.95 704.36 680.02 557.38 987.72 617.13 780.23 801.67 678.33 780.48 924.02 828.87
00001324 00000094 551.01 255.38 648.09 702.55 678.67 552.18 986.92 611.58 780.04 795.42 677.82 781.05 923.49 829.79
00001325 00000095 560.94 267.70 635.09 683.84 685.20 548.37 982.76 607.54 779.89 788.38 685.21 775.29 921.90 823.58
00001326 00000096 558.49 260.53 637.69 684.47 685.23 550.88 985.98 607.97 783.85 788.57 686.17 776.62 924.45 823.03
00001327 00000097 562.88 267.99 635.50 676.66 691.42 553.60 990.72 612.31 789.46 790.07 692.19 777.43 926.66 824.86
00001328 00000098 560.90 267.07 641.64 678.47 689.35 552.29 991.38 612.54 787.65 793.35 689.60 776.51 927.60 825.35
00001329 00000099 558.07 265.56 648.06 675.18 685.79 549.12 990.06 610.93 783.06 792.36 686.69 771.97 926.07 822.16
00001330 00000100 553.38 266.52 647.08 672.39 679.56 547.91 984.44 607.70 777.22 791.39 683.56 772.47 922.89 821.17
00001331 00000101 550.02 242.05 650.38 699.13 673.72 542.33 982.87 603.20 773.29 794.57 677.60 767.26 923.52 817.24
00001332 00000102 539.92 223.17 668.01 715.75 667.79 538.61 983.07 598.76 770.27 792.96 672.30 764.35 926.05 813.82
00001333 00000103 538.93 230.18 665.06 708.38 670.26 537.42 985.55 597.61 773.73 791.25 671.23 761.25 926.65 810.97
00001334 00000104 547.67 226.37 650.07 712.62 672.71 539.13 984.78 595.92 777.17 787.85 672.53 765.82 932.79 812.88
00001335 00000105 550.55 199.67 654.83 731.25 677.88 538.58 988.89 610.36 780.25 785.59 686.58 776.83 935.08 832.90
00001336 00000106 557.08 187.05 650.91 737.86 681.93 537.94 994.30 605.97 788.26 776.98 693.62 773.97 946.68 826.78
00001337 00000107 554.10 200.58 658.25 717.41 676.19 537.92 997.95 606.96 785.92 780.31 687.20 774.71 947.40 828.15
00001338 00000108 553.74 202.97 661.10 708.42 679.80 533.01 998.26 604.90 785.87 775.69 690.20 772.94 940.02 829.01
00001339 00000109 546.17 199.22 667.19 725.12 680.33 536.04 985.09 607.10 781.93 770.25 686.73 761.77 939.81 819.03
00001340 00000110 548.09 184.82 663.97 720.64 673.53 527.50 996.05 599.70 781.50 771.85 689.26 775.98 934.17 831.91
00001341 00000111 548.98 188.12 662.47 718.51 675.37 528.98 996.33 594.06 785.71 771.53 696.49 781.86 934.06 832.44
00001342 00000112 563.85 207.72 642.71 697.99 679.86 532.59 996.40 595.40 788.63 770.83 701.47 783.05 936.46 831.85
00001343 00000113 550.49 196.72 660.85 727.53 683.24 542.65 983.87 602.52 791.27 770.24 697.20 771.07 943.58 819.61
00001344 00000114 561.47 212.60 646.18 697.98 681.05 535.91 996.42 600.80 788.45 775.09 701.55 782.47 936.88 833.00
00001345 00000115 551.18 202.98 652.69 704.98 676.38 531.26 994.01 593.92 786.09 776.50 695.56 779.69 930.52 829.19
00001346 00000116 548.26 206.10 652.70 702.74 672.71 529.04 992.11 591.42 783.22 778.96 691.66 780.23 928.91 829.83
00001347 00000117 548.95 191.60 651.91 717.13 675.07 528.46 992.60 589.92 784.77 776.47 693.19 782.37 926.37 831.15
00001348 00000118 553.29 190.36 649.62 719.70 677.96 528.70 992.95 591.76 785.08 775.86 694.61 781.05 927.34 831.10
00001349 00000119 557.75 209.64 647.66 699.23 677.11 528.84 992.83 592.57 784.17 775.90 696.38 779.67 931.08 829.99
00001350 00000120 560.63 198.61 648.04 703.19 683.11 532.00 994.66 593.93 789.59 773.72 701.13 775.87 937.42 824.39
00001351 00000121 556.11 204.94 664.39 695.97 690.11 534.14 990.49 599.54 793.68 762.36 698.23 756.23 940.87 808.40
00001352 00000122 553.17 190.61 677.92 708.19 690.20 528.10 997.54 596.88 793.90 760.99 692.86 749.57 943.85 804.51
00001353 00000123 559.04 197.81 665.66 700.80 685.17 524.77 1001.92 587.94 790.92 768.06 702.98 765.35 936.25 816.07
00001354 00000124 557.67 193.62 666.55 723.19 690.14 526.41 999.77 586.59 794.89 769.37 709.00 765.43 943.61 813.91
00001355 00000125 573.16 193.47 656.09 720.57 695.81 524.50 1003.03 586.40 796.03 766.29 714.64 762.47 946.31 812.49
00001356 00000126 578.86 188.06 651.31 732.19 699.19 522.37 1001.09 586.21 794.60 763.58 717.17 760.81 945.36 812.30
00001357 00000127 579.18 201.45 648.54 722.59 699.94 523.53 1003.73 586.87 798.35 763.57 717.86 758.66 950.81 809.84
00001358 00000128 577.97 200.92 653.03 721.65 699.74 523.51 1006.58 583.29 801.20 765.37 719.65 761.75 953.27 810.29
00001359 00000129 575.42 202.37 654.01 721.73 697.68 522.68 1004.42 585.84 797.40 768.90 714.98 759.02 952.03 810.21
00001360 00000130 572.69 202.17 658.29 722.77 695.78 521.51 1002.46 586.66 794.09 768.80 712.91 757.98 950.28 810.72
00001361 00000131 574.30 198.09 655.51 726.05 697.60 522.27 1003.55 584.91 796.76 768.11 713.95 758.22 951.02 809.00
00001362 00000132 571.40 193.63 662.07 730.07 695.50 521.14 1003.82 584.23 795.53 767.18 712.33 758.12 951.65 808.96
00001363 00000133 573.47 208.70 654.83 716.90 696.14 523.66 1001.44 586.73 794.46 768.65 713.13 759.97 948.90 810.93
00001364 00000134 574.85 212.46 650.72 712.68 700.59 524.80 1001.43 590.19 796.49 767.24 714.91 757.79 948.49 810.72
00001365 00000135 572.00 199.28 654.07 728.17 697.66 523.27 1000.98 588.49 795.61 767.71 714.05 759.19 950.79 811.66
00001366 00000136 572.40 202.80 652.55 723.23 699.17 523.97 1001.81 589.20 797.67 766.80 714.38 758.99 950.56 811.56
00001367 00000137 571.89 199.61 652.49 728.02 698.82 522.41 1002.59 588.90 797.54 766.05 711.92 758.20 950.05 811.85
00001368 00000138 571.22 216.87 650.38 712.99 699.84 524.50 1000.42 591.73 797.01 765.65 712.34 757.67 950.06 812.04
00001369 00000139 570.56 225.44 655.30 706.43 700.04 525.15 1002.45 594.36 795.74 767.33 711.44 758.88 949.99 814.83
00001370 00000140 572.79 228.26 650.43 705.06 701.11 527.39 1003.08 593.79 798.15 769.73 711.68 761.35 952.29 814.93
00001371 00000141 573.09 233.18 647.40 699.14 700.72 526.99 1001.75 593.17 797.57 770.02 711.36 761.16 950.37 814.47
00001372 00000142 571.66 219.95 651.67 710.95 702.39 525.81 1002.59 593.36 798.36 768.50 711.73 757.85 950.24 812.62
00001373 00000143 568.70 209.93 657.19 720.35 697.26 524.86 1001.59 589.92 795.61 768.33 710.98 760.73 949.04 813.12
00001374 00000144 571.52 214.19 650.14 716.76 698.22 524.48 999.62 589.47 796.24 767.32 711.51 760.34 948.18 812.98
00001375 00000145 571.73 213.70 654.36 719.33 701.08 524.99 1002.48 593.84 796.02 769.60 710.03 758.72 950.91 814.61
00001376 00000146 564.89 204.70 666.61 731.14 697.65 525.51 1004.19 595.33 795.90 774.03 706.76 757.64 956.68 814.27
00001377 00000147 567.14 208.90 662.67 719.96 697.79 521.81 1002.40 593.16 794.03 770.15 707.44 755.79 950.49 813.70
00001378 00000148 569.27 212.95 661.01 716.13 698.21 521.84 1003.76 592.85 794.38 770.41 707.08 755.45 951.75 813.15
00001379 00000149 567.39 209.59 663.14 727.32 697.83 527.03 1003.69 593.67 795.80 772.54 708.15 760.31 954.92 814.19
00001380 00000150 564.58 207.89 662.28 728.73 694.43 526.71 1002.97 592.72 795.55 771.71 705.85 761.55 955.28 814.46
00001381 00000151 562.83 214.16 663.64 722.51 693.78 525.84 1003.66 591.94 795.86 772.19 704.74 761.75 954.51 814.90
00001382 00000152 562.26 207.20 661.72 731.87 694.49 528.67 1001.91 590.13 798.62 771.14 708.14 764.51 956.37 813.82
00001383 00000153 569.06 208.95 649.12 727.59 695.01 528.13 997.43 591.29 794.33 768.58 706.57 762.87 948.91 813.20
00001384 00000154 568.27 226.87 646.19 709.75 694.01 529.67 996.50 592.12 793.55 770.55 704.16 763.21 945.70 813.27
00001385 00000155 571.54 224.96 643.64 713.26 694.44 532.03 996.26 592.08 794.82 769.18 705.96 764.91 949.65 812.66
00001386 00000156 570.75 221.44 643.04 716.48 696.03 530.09 995.77 591.59 794.42 768.04 706.96 763.41 945.55 812.61
00001387 00000157 570.54 222.96 642.64 715.47 695.76 529.57 994.77 591.10 794.32 768.84 706.87 762.86 946.16 812.15
00001388 00000158 571.86 213.83 643.34 728.81 693.37 530.70 995.12 592.21 792.60 769.59 704.08 764.98 949.72 813.86
00001389 00000159 573.45 212.36 645.35 730.01 687.90 530.12 993.69 595.36 785.65 772.83 702.96 767.63 948.60 818.99
00001390 00000160 570.14 200.64 650.92 742.83 688.26 530.70 995.49 597.01 786.75 774.12 701.86 768.53 950.44 820.48
00001391 00000161 570.80 196.76 652.63 747.62 689.17 531.98 997.64 600.15 787.88 774.45 701.47 768.70 955.39 822.15
00001392 00000162 566.96 201.16 655.62 743.64 687.50 532.99 996.58 600.25 787.43 776.87 699.72 769.10 953.55 821.56
00001393 00000163 571.61 215.09 645.48 730.39 687.28 531.43 994.49 597.42 786.59 774.26 702.28 771.09 949.58 822.89
00001394 00000164 567.31 204.24 650.71 741.20 687.55 531.19 995.76 599.27 787.77 774.65 700.08 769.17 952.60 822.74
00001395 00000165 573.34 213.56 644.03 735.45 693.14 537.66 996.90 601.61 792.58 776.70 704.88 770.73 954.21 821.31
00001396 00000166 573.25 250.75 635.44 699.88 698.39 547.96 991.35 602.48 790.80 782.37 703.52 772.31 931.08 817.20
00001397 00000167 574.29 265.33 632.33 686.28 700.96 550.78 990.81 604.79 793.60 784.50 705.69 774.41 932.13 818.82
00001398 00000168 574.00 262.35 624.80 691.56 698.94 551.67 990.43 607.29 792.91 787.50 702.31 775.03 932.90 820.64
00001399 00000169 573.29 263.57 623.94 692.03 699.39 553.52 992.70 608.43 796.11 790.39 701.59 776.90 936.46 821.95
00001400 00000170 571.21 265.89 628.31 697.22 694.30 553.18 988.54 606.25 797.40 784.14 701.13 774.69 943.07 818.68
00001401 00000171 576.29 285.61 618.51 673.84 700.69 554.08 989.86 608.90 795.29 789.02 703.01 779.86 932.08 824.43
00001402 00000172 573.52 281.97 624.77 685.02 693.17 557.29 988.16 608.89 795.88 786.44 698.46 780.34 941.99 822.68
00001403 00000173 576.64 269.19 625.83 700.10 694.13 558.88 988.07 613.84 792.51 788.60 695.16 780.74 940.75 825.58
00001404 00000174 569.24 260.53 630.35 710.23 693.33 559.84 987.44 613.42 794.59 789.26 695.06 782.68 940.73 826.76
CROP_BBOX: 325 0 1515 1080
