Video ID: 	wNRvzB9a7Uo
H: 	1080
W: 	1920
FPS: 	25.0

FRAME INDEX X0 Y0 W H [Landmarks (5 Points)]

00003800 00000000 387.89 105.70 513.22 664.95 539.61 332.57 794.90 328.46 692.90 431.51 583.48 601.26 789.25 597.46
00003801 00000001 382.65 102.55 513.59 671.44 534.58 327.90 785.62 326.10 685.86 425.64 574.33 599.41 779.34 597.78
00003802 00000002 380.39 102.16 514.33 671.29 529.11 326.38 781.40 323.02 680.46 425.84 569.38 600.45 776.51 597.49
00003803 00000003 376.72 105.74 519.64 671.14 525.06 329.65 785.29 324.02 682.40 427.11 569.78 606.26 779.13 599.22
00003804 00000004 376.24 106.29 519.78 669.16 523.48 329.03 783.79 322.75 680.09 425.80 568.15 605.46 778.61 597.73
00003805 00000005 374.75 99.08 522.55 671.72 522.73 326.93 782.17 320.53 679.16 422.08 568.28 604.10 776.06 596.13
00003806 00000006 375.99 89.15 517.72 675.72 521.03 324.08 777.63 317.61 672.91 423.89 565.90 599.40 773.00 593.82
00003807 00000007 375.20 93.83 522.15 667.81 521.92 326.64 781.05 315.47 678.77 419.36 574.06 603.81 775.07 591.61
00003808 00000008 373.39 90.77 519.24 675.04 521.99 325.02 777.08 313.49 677.37 421.62 576.84 603.14 767.65 590.66
00003809 00000009 370.85 89.98 520.27 676.21 523.83 323.82 773.06 311.53 677.76 419.03 579.92 600.03 763.25 586.91
00003810 00000010 370.61 98.67 518.13 668.35 523.46 323.78 770.74 311.25 676.20 418.13 580.42 600.52 760.55 587.33
00003811 00000011 367.79 100.82 518.60 668.54 521.64 322.18 768.03 309.56 673.94 417.06 579.33 600.63 758.32 587.37
00003812 00000012 365.25 99.35 518.48 672.78 519.55 320.28 764.13 307.07 673.10 411.29 579.10 600.91 756.66 587.10
00003813 00000013 364.63 98.93 516.89 675.18 517.79 318.01 763.30 304.88 672.55 409.16 577.23 601.23 756.53 587.56
00003814 00000014 363.22 99.48 516.33 677.61 513.38 316.94 761.40 303.94 669.70 407.42 574.26 602.20 756.27 588.39
00003815 00000015 361.62 99.20 515.69 681.20 510.15 318.63 758.04 306.86 664.39 410.46 569.88 602.84 751.99 590.16
00003816 00000016 361.18 102.83 514.90 678.48 508.08 319.62 755.94 309.04 661.29 412.10 567.10 604.88 746.90 593.27
00003817 00000017 360.17 105.49 513.82 677.75 505.02 322.03 754.19 313.17 658.36 416.91 562.52 606.55 744.68 596.16
00003818 00000018 359.11 104.38 514.57 675.71 500.67 328.34 753.56 319.79 653.16 421.14 556.83 609.09 743.10 599.00
00003819 00000019 358.84 108.46 508.49 661.80 492.13 330.64 754.71 324.34 647.64 429.11 541.97 611.89 747.12 603.15
00003820 00000020 355.20 98.54 510.55 665.49 481.15 325.95 747.59 322.83 634.74 435.43 531.83 602.76 737.87 600.01
00003821 00000021 352.85 98.98 510.95 662.19 477.87 326.40 743.03 322.00 628.21 434.47 529.35 601.13 733.96 597.34
00003822 00000022 347.82 112.14 515.49 672.80 480.87 332.26 740.71 321.96 628.82 433.15 530.97 612.71 729.66 601.13
00003823 00000023 348.68 121.84 512.36 668.44 474.53 335.26 736.88 326.06 621.12 439.79 524.25 617.56 728.61 606.94
00003824 00000024 348.61 126.90 511.47 667.62 470.98 341.45 731.86 333.56 614.61 449.34 522.77 623.86 721.56 614.45
00003825 00000025 348.67 131.16 510.64 658.91 470.72 346.54 731.67 340.98 614.21 454.95 521.47 625.43 720.14 618.01
00003826 00000026 350.21 130.16 509.87 651.93 471.55 348.55 732.47 343.28 613.34 455.89 522.42 625.07 717.47 618.01
00003827 00000027 353.08 133.22 507.48 645.64 475.00 348.53 734.66 344.66 615.69 455.75 524.98 623.79 716.62 618.03
00003828 00000028 355.47 137.60 506.50 640.27 477.46 348.54 738.15 345.28 618.92 455.48 526.42 622.79 719.13 617.64
00003829 00000029 358.21 136.44 507.47 642.70 478.32 347.84 743.57 346.97 620.71 457.83 523.26 623.48 725.37 620.24
00003830 00000030 360.92 140.46 506.40 640.00 480.66 349.23 743.34 347.10 621.17 460.28 526.26 622.89 726.18 618.63
00003831 00000031 364.46 140.00 504.03 646.04 483.39 349.95 745.08 347.10 623.72 464.13 530.39 628.22 728.79 623.86
00003832 00000032 368.39 141.51 505.04 651.11 488.22 348.99 751.80 348.93 629.56 469.86 533.95 631.04 732.25 629.36
00003833 00000033 373.02 138.65 503.41 650.30 497.20 348.58 757.53 351.26 640.18 469.91 542.29 629.22 738.35 629.78
00003834 00000034 378.01 138.86 504.67 648.15 503.31 350.65 762.26 350.45 646.64 472.24 550.34 629.78 745.02 627.79
00003835 00000035 383.00 142.56 505.84 640.53 507.42 352.59 766.52 349.03 651.49 473.25 556.22 631.87 750.40 627.17
00003836 00000036 386.17 138.54 507.23 642.58 512.72 354.22 770.66 349.75 656.18 473.15 559.54 629.31 756.83 623.91
00003837 00000037 388.70 137.65 507.13 643.40 514.68 354.85 772.13 348.31 658.48 471.63 561.39 629.46 759.34 622.25
00003838 00000038 390.33 135.68 508.08 645.83 515.87 354.31 774.76 347.11 660.42 471.71 562.25 629.39 761.72 621.74
00003839 00000039 392.23 132.51 507.37 650.86 516.97 353.76 775.90 347.40 662.94 471.67 562.96 631.37 760.74 624.24
00003840 00000040 394.35 131.16 506.82 657.51 518.83 352.05 777.15 345.83 665.20 472.64 565.71 634.86 757.73 628.05
00003841 00000041 393.70 131.98 514.38 664.03 527.99 352.23 781.26 347.60 667.93 477.96 570.01 635.62 760.83 631.58
00003842 00000042 395.80 128.25 514.05 665.07 530.15 350.88 783.97 347.07 671.00 478.52 572.65 634.42 763.93 631.12
00003843 00000043 398.62 129.14 513.58 661.35 533.71 350.24 788.05 347.32 674.69 476.56 575.46 630.76 768.16 628.03
00003844 00000044 401.61 135.31 513.41 652.53 536.37 350.32 792.23 348.27 676.59 476.42 576.28 629.70 770.83 627.77
00003845 00000045 404.42 132.32 514.52 657.29 540.67 350.24 795.36 349.57 680.22 476.28 576.92 627.53 774.79 626.79
00003846 00000046 408.11 130.05 515.22 659.30 545.78 351.75 798.58 351.39 684.99 476.15 582.98 627.42 778.90 627.06
00003847 00000047 412.50 133.47 512.47 659.42 552.67 346.60 804.82 354.34 689.24 473.99 588.77 623.26 781.02 627.77
00003848 00000048 418.87 141.02 508.29 649.73 555.32 347.24 810.12 356.08 695.12 471.84 594.54 625.38 783.87 630.96
00003849 00000049 424.51 136.54 505.69 651.53 559.18 345.78 816.86 355.55 701.55 471.59 596.24 626.16 789.44 632.49
00003850 00000050 429.03 134.83 502.42 646.05 562.67 343.31 822.24 355.68 706.28 470.49 598.00 624.86 793.39 632.97
00003851 00000051 432.24 129.06 501.88 648.59 565.40 341.34 827.55 354.62 710.52 467.36 600.40 622.51 800.41 630.99
00003852 00000052 435.06 129.20 502.01 654.65 568.65 339.66 830.15 352.20 715.97 462.16 605.31 621.05 804.52 629.14
00003853 00000053 437.68 131.15 501.29 661.07 570.48 338.89 831.10 350.98 718.84 459.22 605.33 621.88 806.24 629.83
00003854 00000054 440.20 128.50 503.64 666.80 574.77 340.30 835.73 352.59 724.87 459.40 608.87 622.68 810.88 630.95
00003855 00000055 443.85 127.02 504.22 671.14 577.60 340.62 837.86 351.36 727.03 457.54 611.44 623.30 813.14 630.57
00003856 00000056 446.23 125.05 507.89 677.12 581.05 341.82 841.09 350.98 730.16 457.54 615.43 624.77 815.40 631.03
00003857 00000057 449.55 126.01 508.75 677.46 583.98 343.24 843.27 348.80 732.60 459.80 619.68 626.26 819.01 629.58
00003858 00000058 454.00 129.71 508.14 676.76 586.86 343.69 847.07 348.66 736.01 460.55 621.19 627.90 822.65 630.67
00003859 00000059 457.50 132.76 513.75 685.91 599.40 345.34 848.24 349.83 735.63 461.31 630.68 628.79 825.24 631.24
00003860 00000060 466.82 133.84 503.68 670.53 593.73 345.42 853.71 350.13 740.44 464.85 628.04 633.58 826.77 636.29
00003861 00000061 468.02 137.90 513.26 665.44 606.68 351.00 862.22 353.94 748.56 473.35 637.07 635.48 836.90 637.16
00003862 00000062 473.31 135.74 513.74 662.89 612.34 352.21 868.87 356.51 753.45 474.07 641.78 634.50 842.37 637.59
00003863 00000063 476.78 135.85 515.69 666.12 619.83 351.24 872.22 357.23 759.38 475.27 649.46 634.20 844.70 638.90
00003864 00000064 482.20 137.48 510.75 672.33 632.86 353.26 882.80 366.11 771.41 460.91 656.70 636.33 843.50 645.82
00003865 00000065 487.02 135.26 512.63 669.42 630.80 347.52 885.97 364.06 773.10 471.05 659.98 629.12 851.73 641.72
00003866 00000066 493.85 140.42 509.52 655.13 635.05 345.33 892.90 363.76 776.41 473.54 666.43 626.56 856.92 640.40
00003867 00000067 500.00 138.71 505.54 660.20 639.46 345.14 894.87 361.15 781.15 473.75 674.13 628.91 857.00 641.25
00003868 00000068 502.81 135.47 506.26 672.52 643.61 344.44 897.31 359.98 787.90 472.45 678.21 633.08 857.01 645.71
00003869 00000069 507.16 133.85 504.76 675.66 646.14 344.73 901.98 361.58 791.90 467.91 679.70 633.81 861.73 647.66
00003870 00000070 510.45 130.62 503.10 675.24 651.66 343.28 906.24 362.65 798.25 466.55 683.12 630.11 866.98 645.93
00003871 00000071 514.03 131.70 501.85 666.26 655.15 343.99 909.72 364.85 801.45 464.54 684.05 626.78 871.49 643.32
00003872 00000072 516.83 135.47 500.18 660.68 657.39 344.44 912.29 367.48 802.84 465.05 681.76 624.35 873.70 642.93
00003873 00000073 519.80 134.25 496.08 652.37 657.12 346.72 914.03 369.35 803.01 467.93 680.62 624.40 879.01 642.44
00003874 00000074 518.84 134.26 498.85 651.32 657.60 349.31 913.75 371.15 802.46 472.00 680.48 625.01 880.05 642.23
00003875 00000075 518.91 134.54 500.03 652.76 658.17 350.71 914.02 371.10 802.79 474.60 682.87 626.48 880.66 642.47
00003876 00000076 515.80 137.16 502.27 661.39 657.79 350.45 910.97 371.06 802.02 473.42 683.87 628.08 876.61 644.74
00003877 00000077 514.98 139.03 502.49 675.03 657.62 348.57 908.59 369.72 801.68 472.60 678.68 633.40 868.82 650.94
00003878 00000078 509.25 142.05 514.91 680.91 666.78 351.27 916.72 372.97 809.31 466.89 677.48 636.87 869.02 653.89
00003879 00000079 508.79 141.74 516.18 681.31 666.21 351.41 918.03 373.19 809.75 467.89 676.89 636.74 871.26 653.74
00003880 00000080 508.78 142.68 517.40 679.11 667.50 354.89 920.07 377.60 810.98 472.88 677.22 639.28 874.10 657.05
00003881 00000081 509.50 143.11 519.28 678.02 667.60 358.35 920.16 381.04 811.18 478.43 677.88 641.95 876.42 659.75
00003882 00000082 514.88 136.95 507.44 679.35 657.01 354.33 913.69 375.40 804.17 484.59 679.33 639.38 877.82 657.02
00003883 00000083 514.43 142.05 507.93 668.84 656.81 356.68 915.06 377.66 803.14 487.63 680.68 638.66 880.23 655.97
00003884 00000084 514.01 142.31 507.32 668.00 656.36 357.22 915.15 379.56 802.08 488.96 678.97 638.79 879.87 657.15
00003885 00000085 513.11 142.85 508.08 670.10 655.05 358.16 913.58 379.63 800.80 490.03 678.51 640.53 878.65 658.26
00003886 00000086 512.09 142.10 508.59 675.14 653.89 359.20 911.73 380.26 800.59 488.27 677.42 643.13 876.73 660.72
00003887 00000087 511.43 140.14 507.65 678.91 653.20 359.61 909.48 379.75 798.97 489.48 676.87 644.38 874.22 661.32
00003888 00000088 510.18 138.60 508.02 681.36 652.94 359.16 908.62 379.88 799.71 487.40 678.47 645.03 872.64 662.39
00003889 00000089 507.88 140.39 507.60 671.26 653.30 357.44 908.51 380.69 799.63 483.63 678.72 639.64 870.17 659.04
00003890 00000090 506.33 139.62 507.10 663.22 652.02 355.65 911.56 382.71 800.97 479.20 673.88 636.84 872.13 658.84
00003891 00000091 505.57 137.34 507.36 667.08 650.43 352.39 911.01 379.79 798.73 477.03 671.24 633.62 872.46 655.82
00003892 00000092 506.10 137.43 505.71 671.57 649.06 348.94 906.48 373.08 797.37 473.42 674.38 633.91 865.91 653.78
00003893 00000093 507.60 138.75 504.53 672.34 649.88 347.73 902.27 367.89 795.54 468.69 679.77 633.94 861.41 650.74
00003894 00000094 506.98 136.80 506.95 676.50 650.57 347.51 902.27 366.37 795.50 468.14 681.29 634.46 861.10 650.19
00003895 00000095 506.76 137.07 506.82 675.29 650.15 347.82 902.05 366.71 795.21 467.13 681.42 634.96 860.46 650.74
00003896 00000096 505.80 138.93 504.88 668.49 648.00 347.68 904.17 369.96 795.15 468.94 677.07 634.24 862.81 652.58
00003897 00000097 505.97 141.23 501.40 660.88 644.08 345.93 905.46 372.13 793.08 469.98 668.21 632.59 863.84 653.90
00003898 00000098 503.64 145.80 503.37 655.60 641.70 345.95 905.21 373.09 790.60 471.58 663.09 632.09 862.72 654.06
00003899 00000099 502.29 144.46 503.94 654.69 639.69 347.22 903.66 374.42 787.98 471.97 660.33 632.72 860.95 654.55
00003900 00000100 501.57 142.31 504.33 660.91 639.09 347.68 902.47 373.86 785.37 477.33 660.43 634.32 858.88 655.57
00003901 00000101 499.09 141.03 507.01 668.65 638.63 351.50 899.15 375.86 784.55 480.50 661.42 636.59 859.33 656.46
00003902 00000102 496.84 142.94 508.21 671.71 636.80 354.08 896.55 378.11 782.60 481.50 657.88 639.72 855.78 659.49
00003903 00000103 495.84 143.98 509.85 669.93 636.86 355.64 897.26 380.99 783.28 481.62 657.39 639.44 856.57 660.16
00003904 00000104 495.39 144.19 510.58 671.34 636.90 356.39 897.01 381.08 783.49 482.88 657.98 640.70 855.70 660.97
00003905 00000105 494.46 143.42 510.48 677.08 637.22 354.88 895.91 379.26 784.15 482.30 657.50 640.77 855.64 660.90
00003906 00000106 494.02 142.35 511.22 680.61 637.65 352.74 895.30 375.75 784.20 482.25 658.11 640.62 854.44 659.63
00003907 00000107 495.49 140.86 510.14 680.87 639.48 349.64 896.84 374.08 786.75 480.57 658.37 637.30 856.92 657.39
00003908 00000108 496.27 141.16 509.42 675.94 640.03 347.76 898.22 372.56 788.10 480.65 659.15 635.75 857.52 656.03
00003909 00000109 496.16 140.34 511.06 671.70 640.46 349.62 899.78 374.51 788.23 481.73 660.76 634.07 860.51 654.15
00003910 00000110 497.16 139.81 510.59 666.76 640.30 351.74 900.59 376.87 787.28 482.26 662.34 633.79 861.43 653.98
00003911 00000111 495.27 143.31 512.39 665.08 639.21 354.82 900.05 379.79 785.07 485.03 661.25 635.90 861.06 655.96
00003912 00000112 492.68 145.25 514.12 668.87 636.74 358.37 896.82 382.69 781.57 487.55 658.39 638.67 859.55 658.36
00003913 00000113 490.14 144.52 513.64 676.66 635.08 359.12 893.75 382.44 780.25 487.81 655.39 641.20 856.94 660.21
00003914 00000114 486.63 140.75 514.22 688.69 633.85 357.97 891.85 380.04 781.31 484.14 653.36 644.43 854.96 662.47
00003915 00000115 487.12 142.93 510.25 682.48 633.06 353.58 890.84 377.15 782.46 478.08 650.08 639.87 853.72 659.05
00003916 00000116 484.22 142.09 511.50 681.88 632.43 350.11 889.77 374.98 782.08 475.05 647.68 635.73 852.77 655.66
00003917 00000117 481.96 144.75 512.37 676.88 629.59 352.81 887.62 376.03 777.74 478.07 646.88 637.03 851.32 655.55
00003918 00000118 480.48 143.03 513.04 678.03 627.98 355.36 885.35 377.16 774.75 484.16 646.30 639.79 848.91 657.12
00003919 00000119 477.72 141.39 516.50 684.43 626.09 358.60 885.57 380.86 773.52 486.44 643.82 643.82 848.75 661.58
00003920 00000120 477.52 142.22 516.97 684.79 626.48 359.39 885.91 382.14 773.63 487.31 643.86 644.96 849.48 663.22
00003921 00000121 476.26 150.44 514.62 678.16 631.99 371.76 881.37 391.68 771.41 484.80 644.21 646.34 846.63 662.97
00003922 00000122 474.68 150.97 515.97 680.87 632.71 380.96 880.20 400.71 771.73 484.81 643.05 648.80 847.42 665.30
00003923 00000123 473.19 149.71 518.12 685.18 631.38 377.12 880.86 399.41 768.93 488.47 639.22 648.97 844.89 667.35
00003924 00000124 474.16 144.49 514.53 690.17 622.84 369.73 880.15 389.18 766.32 491.87 636.80 652.07 843.93 667.98
00003925 00000125 473.93 144.03 516.79 691.84 623.84 367.23 881.59 386.67 769.08 493.04 638.40 651.61 845.65 667.42
00003926 00000126 473.14 140.61 518.89 693.45 625.00 363.83 884.08 385.55 772.53 487.93 640.43 649.14 847.83 666.71
00003927 00000127 473.32 140.19 518.41 695.53 626.31 362.50 884.50 384.73 773.60 489.37 641.52 648.75 848.17 666.64
00003928 00000128 473.05 142.64 518.41 692.78 626.68 362.97 884.34 385.65 773.03 491.28 641.62 648.87 847.20 667.18
00003929 00000129 473.23 146.36 518.40 688.19 625.87 366.26 884.11 387.81 770.70 495.00 641.26 650.56 846.98 668.06
00003930 00000130 473.41 145.52 518.20 689.16 627.40 368.22 885.01 390.34 772.12 497.39 642.56 651.87 847.38 669.99
00003931 00000131 474.28 146.19 518.80 687.22 629.88 370.44 887.53 394.13 773.40 500.74 643.77 651.41 848.80 670.90
00003932 00000132 475.45 148.61 520.06 676.05 631.51 372.68 891.14 398.10 773.52 502.76 644.89 648.76 850.71 669.60
00003933 00000133 477.31 151.92 518.57 669.51 632.45 374.84 892.14 399.49 774.56 506.04 647.69 650.34 851.52 670.54
00003934 00000134 477.65 152.15 518.62 669.84 633.52 376.84 892.21 400.30 775.82 508.30 651.97 652.69 852.35 671.91
00003935 00000135 476.78 153.15 518.90 668.89 633.96 378.08 892.88 403.15 776.37 509.95 651.63 653.27 852.12 673.79
00003936 00000136 476.68 152.16 517.74 672.90 634.86 378.32 892.69 403.32 777.27 511.34 652.07 655.48 850.34 676.07
00003937 00000137 476.24 154.08 517.60 674.10 635.64 377.40 892.56 403.85 777.82 510.74 650.31 656.03 848.52 678.05
00003938 00000138 476.20 153.40 517.82 678.66 638.10 376.97 893.54 405.82 779.62 511.70 648.84 656.50 847.85 680.54
00003939 00000139 477.14 150.17 515.63 686.66 640.48 376.14 894.46 406.43 782.39 512.61 649.11 657.98 846.28 683.24
00003940 00000140 476.58 152.71 517.93 685.89 644.71 374.72 897.73 409.68 784.05 515.11 647.61 657.76 844.00 687.04
00003941 00000141 476.83 157.67 518.57 679.86 647.67 374.18 900.46 411.55 787.10 515.50 647.30 657.59 843.95 688.92
00003942 00000142 476.87 158.00 519.19 673.86 651.10 370.90 907.99 414.75 792.94 511.28 647.96 653.67 848.11 690.50
00003943 00000143 479.38 154.34 519.14 674.21 655.28 367.93 912.66 415.09 797.43 506.20 648.00 650.97 849.84 690.59
00003944 00000144 478.27 147.94 523.05 684.92 658.94 364.60 915.61 414.80 800.54 506.11 648.34 650.68 850.00 692.68
00003945 00000145 479.16 148.42 521.04 678.72 660.90 363.25 915.44 413.44 802.52 503.65 649.77 648.49 848.72 690.60
00003946 00000146 478.77 145.42 524.33 680.85 664.23 361.83 917.64 414.17 804.45 503.06 651.02 646.00 848.36 690.02
00003947 00000147 477.41 141.19 528.12 688.67 665.87 359.65 919.14 414.31 806.57 500.26 650.26 645.68 847.51 691.66
00003948 00000148 478.48 138.48 529.79 693.97 665.73 354.94 919.88 410.08 807.72 498.16 651.00 645.07 848.08 691.46
00003949 00000149 481.19 138.88 529.11 693.61 666.71 352.96 920.57 407.85 809.17 494.61 653.19 644.11 850.90 690.28
00003950 00000150 479.52 146.38 529.57 682.51 675.95 358.89 928.79 414.90 822.38 488.82 658.58 644.61 855.52 691.36
00003951 00000151 480.35 143.80 528.82 685.91 678.03 358.62 927.61 413.07 823.53 488.14 660.11 641.40 855.21 687.05
00003952 00000152 482.22 143.88 527.34 687.32 680.11 357.60 927.30 411.18 823.79 488.85 661.99 639.71 856.47 684.70
00003953 00000153 484.44 145.31 524.88 687.67 682.56 357.16 927.91 409.86 825.44 488.25 663.76 639.26 857.54 683.71
00003954 00000154 484.88 145.01 525.36 689.28 683.56 355.44 927.40 407.19 825.87 487.42 664.18 638.60 857.30 682.25
00003955 00000155 483.69 142.14 525.58 692.53 682.73 354.68 926.77 404.69 826.68 486.59 664.50 638.09 858.82 680.14
00003956 00000156 483.15 145.19 523.34 687.80 681.90 354.46 925.66 404.97 825.79 486.84 663.61 636.32 858.27 678.50
00003957 00000157 483.48 145.45 520.72 684.67 681.00 354.37 925.37 404.27 825.96 485.10 663.11 635.55 857.95 677.15
00003958 00000158 483.10 145.00 520.24 685.59 681.13 352.97 924.58 402.03 826.20 484.91 663.99 634.98 857.59 675.83
00003959 00000159 484.34 145.96 516.59 683.29 679.66 353.40 923.69 400.97 825.43 484.15 664.56 635.88 857.36 675.51
00003960 00000160 484.48 145.94 515.26 681.51 680.00 352.21 923.31 399.09 825.11 484.53 665.92 635.04 856.81 673.99
00003961 00000161 484.63 146.28 513.94 679.30 678.91 352.87 923.10 399.34 825.10 483.88 666.20 635.07 856.91 673.72
00003962 00000162 485.19 146.21 512.74 676.70 676.69 352.69 922.24 397.72 823.37 483.55 666.57 635.68 857.13 672.95
00003963 00000163 485.88 149.14 511.25 671.91 676.07 353.72 922.10 398.28 822.45 483.83 666.03 637.17 857.28 674.01
00003964 00000164 487.65 138.95 509.36 681.58 667.29 347.70 912.74 386.14 813.69 487.61 668.48 635.81 859.32 667.78
00003965 00000165 488.34 142.56 507.07 674.20 666.99 348.63 910.74 384.42 813.06 486.49 674.68 635.75 860.04 665.50
00003966 00000166 489.28 137.56 507.03 680.00 666.59 347.38 909.27 381.27 813.10 485.68 677.07 635.61 860.27 663.61
00003967 00000167 489.02 139.62 506.35 679.50 664.67 347.06 909.13 381.26 811.60 484.11 675.03 635.29 862.48 663.60
00003968 00000168 485.54 146.81 505.71 675.82 662.86 358.80 903.05 392.76 804.12 483.33 666.13 636.53 855.80 665.34
00003969 00000169 482.40 138.98 506.32 688.60 657.65 360.58 898.95 393.95 801.63 480.99 658.27 641.17 850.24 669.33
00003970 00000170 480.36 140.64 508.18 687.91 646.33 354.93 895.75 388.84 792.99 481.73 651.71 640.35 845.82 668.63
00003971 00000171 478.43 139.33 510.95 677.60 637.88 354.06 892.13 387.36 780.71 482.06 648.09 635.32 841.84 662.43
00003972 00000172 475.67 136.90 515.31 679.95 635.24 352.45 891.72 388.58 776.30 480.27 638.73 633.45 838.81 662.19
00003973 00000173 476.27 142.83 511.39 669.79 632.42 351.64 888.58 388.42 771.03 478.47 631.94 628.76 837.06 657.96
00003974 00000174 470.88 135.06 516.49 675.74 637.22 356.76 889.21 394.40 774.95 467.31 636.39 625.93 833.72 656.40
00003975 00000175 473.93 134.25 512.74 667.82 627.92 349.87 878.57 371.91 763.24 474.58 636.42 627.57 833.58 645.53
00003976 00000176 477.28 137.37 511.45 660.21 630.49 349.56 877.41 368.36 762.99 474.55 642.73 626.51 833.96 642.09
00003977 00000177 474.96 139.93 512.70 657.82 637.73 350.71 884.56 379.01 771.71 462.32 648.78 620.27 831.66 642.92
00003978 00000178 476.69 138.11 512.53 659.50 637.97 349.06 884.96 376.61 771.02 460.32 649.69 620.20 831.22 642.38
00003979 00000179 480.13 139.60 511.40 652.96 632.27 343.16 884.94 373.08 765.64 463.98 647.39 615.57 837.86 638.53
00003980 00000180 481.76 139.76 510.71 647.60 634.25 342.34 888.01 373.82 767.77 459.53 648.27 611.90 840.47 636.01
00003981 00000181 482.28 134.34 513.50 654.75 632.45 344.79 887.57 364.11 767.70 465.68 648.66 621.87 842.70 637.98
00003982 00000182 484.82 136.98 508.70 647.48 636.50 342.09 891.94 375.70 771.27 460.71 648.16 612.90 844.52 638.90
00003983 00000183 486.91 137.18 508.05 649.90 636.72 343.22 892.88 376.34 771.84 462.45 648.81 614.17 846.44 639.91
00003984 00000184 488.76 134.55 508.09 660.00 636.63 344.60 890.79 377.31 770.74 464.42 650.60 618.33 842.10 644.48
00003985 00000185 486.36 138.30 512.27 662.21 635.66 346.33 890.62 381.14 771.65 466.33 645.52 622.68 838.70 650.74
00003986 00000186 485.65 145.96 511.29 656.79 634.75 350.56 888.98 385.36 769.32 473.37 643.23 628.15 832.50 656.51
00003987 00000187 484.53 144.99 511.42 659.95 632.59 351.62 888.15 386.12 768.10 475.19 640.89 630.51 831.57 658.70
00003988 00000188 482.59 145.31 511.42 660.74 631.25 352.79 887.48 387.59 766.92 476.78 638.17 630.64 831.58 658.98
00003989 00000189 480.50 144.25 512.26 666.91 629.77 352.63 886.19 386.94 766.80 476.46 637.07 632.97 830.24 661.04
00003990 00000190 479.15 147.69 510.27 663.24 628.52 352.81 884.29 387.21 766.28 476.78 634.93 632.97 829.29 661.03
00003991 00000191 477.54 147.15 510.12 662.81 627.54 353.58 883.35 388.44 765.46 477.26 634.28 632.74 828.90 661.04
00003992 00000192 476.82 147.78 510.32 662.96 626.59 355.40 882.90 389.27 764.19 480.00 634.00 634.73 828.89 662.24
00003993 00000193 474.00 148.84 511.35 668.79 626.43 357.33 880.54 389.66 765.08 483.22 632.47 637.97 828.25 664.37
00003994 00000194 471.85 149.25 512.77 679.53 625.21 356.97 879.34 388.83 766.41 484.12 628.25 641.07 829.63 667.07
00003995 00000195 472.11 148.67 511.85 682.95 624.67 356.49 878.95 388.24 767.06 482.93 627.88 642.92 829.01 669.00
00003996 00000196 471.50 148.76 512.44 684.14 624.18 356.72 878.36 388.17 766.11 483.84 627.42 643.31 828.34 669.04
00003997 00000197 471.04 146.66 512.96 684.49 623.81 357.98 878.88 388.61 766.37 484.24 629.50 644.66 828.50 669.75
00003998 00000198 470.94 145.01 515.09 680.41 625.33 358.87 879.85 388.90 763.77 486.61 635.92 643.39 826.64 668.04
00003999 00000199 472.43 144.07 513.33 668.24 626.46 358.43 882.06 389.95 760.90 484.14 635.85 633.77 831.44 658.81
00004000 00000200 471.08 138.33 515.09 666.34 627.08 357.95 877.70 378.79 759.70 482.88 635.45 633.54 828.74 650.46
00004001 00000201 472.85 137.15 514.22 669.43 628.80 356.72 876.82 377.29 759.47 479.21 638.98 633.72 827.28 650.52
00004002 00000202 472.97 143.37 515.85 675.55 629.55 355.79 877.61 385.44 760.57 476.44 640.39 631.01 823.75 655.21
00004003 00000203 473.03 144.62 518.03 682.78 629.84 355.58 877.28 384.34 763.14 475.40 641.90 637.64 821.90 661.54
00004004 00000204 474.58 144.97 517.83 688.37 629.05 359.02 879.21 386.15 765.20 483.90 644.11 646.49 823.54 669.22
00004005 00000205 475.60 149.11 517.90 680.43 628.72 363.21 882.92 391.20 765.60 488.78 644.27 649.63 826.43 673.01
00004006 00000206 474.93 153.63 519.16 672.23 626.76 369.53 884.71 398.30 762.01 498.92 640.33 652.74 828.81 676.78
00004007 00000207 474.51 155.24 518.44 667.66 625.09 370.82 886.53 403.49 759.63 502.72 632.03 650.50 831.96 677.17
00004008 00000208 473.08 154.55 519.66 664.72 623.46 370.14 883.52 402.32 755.19 498.45 629.76 645.85 830.95 671.72
00004009 00000209 472.76 150.74 517.17 664.22 621.01 368.42 878.49 398.67 751.59 495.14 629.56 642.87 826.74 666.98
00004010 00000210 469.03 151.45 515.81 669.93 616.31 368.44 872.08 394.65 747.28 493.66 626.84 644.68 823.60 665.42
00004011 00000211 465.75 154.56 516.65 669.02 612.73 370.71 866.43 393.33 742.87 494.45 626.98 647.29 819.49 665.30
00004012 00000212 462.19 156.94 517.12 672.48 607.24 370.49 860.70 392.04 740.30 493.65 618.47 649.67 813.87 667.06
00004013 00000213 459.02 162.57 515.73 670.00 603.50 372.79 854.16 390.83 735.54 495.56 616.62 652.32 809.29 667.19
00004014 00000214 456.61 161.10 514.33 675.01 598.45 375.27 848.60 389.09 730.24 497.10 615.12 654.94 808.93 666.36
00004015 00000215 453.24 162.61 515.41 673.85 591.87 379.47 843.39 389.39 723.78 497.38 612.11 658.05 807.87 666.29
00004016 00000216 443.23 161.60 522.71 670.83 587.91 378.73 849.71 397.24 725.75 494.45 604.42 664.00 804.21 677.69
00004017 00000217 440.81 165.91 520.69 666.45 586.06 379.40 848.48 399.97 723.83 497.18 600.22 665.24 802.94 680.56
00004018 00000218 439.87 165.88 519.37 663.53 584.07 378.98 847.11 399.79 721.61 498.22 598.39 665.37 801.45 680.85
00004019 00000219 442.67 158.84 510.75 666.81 574.70 374.23 836.29 395.75 714.31 496.71 597.97 653.75 799.79 671.75
00004020 00000220 441.17 161.49 508.18 662.82 572.73 373.80 833.89 395.27 713.78 492.75 596.70 650.74 800.07 668.66
00004021 00000221 437.58 162.59 506.09 656.09 568.72 373.79 829.60 394.97 710.88 487.97 593.40 648.10 796.95 665.87
00004022 00000222 433.95 163.68 507.89 652.10 566.63 371.99 828.47 394.05 706.55 485.72 589.08 645.45 793.49 664.06
00004023 00000223 427.81 155.60 509.76 664.08 561.78 370.89 824.75 391.49 703.04 485.37 585.55 647.89 788.50 665.34
00004024 00000224 421.55 156.94 510.85 667.35 558.63 370.41 819.74 391.10 700.52 486.77 582.06 649.53 783.03 667.10
00004025 00000225 412.69 155.78 516.98 669.77 553.81 371.73 815.63 390.05 695.83 489.23 580.16 652.54 779.32 668.11
00004026 00000226 409.19 153.58 518.34 662.65 550.54 372.75 813.98 390.75 690.50 487.05 578.53 648.73 779.17 663.44
00004027 00000227 406.04 156.49 516.89 653.78 546.32 373.93 809.63 388.30 685.39 486.18 578.65 646.17 779.27 656.95
00004028 00000228 404.10 160.74 512.66 645.45 543.83 376.50 802.21 387.57 679.38 488.80 576.71 644.59 774.26 652.40
00004029 00000229 399.11 159.72 512.80 651.50 539.33 378.81 796.05 386.45 674.38 492.92 571.81 647.09 768.82 651.90
00004030 00000230 396.10 161.58 511.89 652.55 534.74 381.39 791.52 386.34 670.29 493.46 567.62 649.97 766.53 652.63
00004031 00000231 389.75 156.01 516.79 669.70 532.54 383.31 786.42 387.12 666.63 496.12 565.68 654.25 759.74 656.48
00004032 00000232 388.30 154.65 515.02 673.02 530.98 382.82 785.51 385.42 667.33 493.82 566.68 659.34 756.61 661.00
00004033 00000233 386.89 155.46 514.95 674.12 530.33 382.89 783.58 384.39 667.08 493.58 566.50 659.91 755.83 660.86
00004034 00000234 386.16 153.70 515.84 672.99 529.94 383.31 782.97 384.33 665.68 493.93 567.54 659.21 755.44 659.64
00004035 00000235 385.85 149.93 518.52 670.92 529.93 382.60 784.79 385.25 664.35 494.09 564.50 653.77 759.20 654.90
00004036 00000236 386.91 145.60 515.50 659.61 524.77 375.83 781.17 374.96 671.49 489.28 570.73 649.17 760.57 647.80
00004037 00000237 387.77 144.64 514.82 655.87 523.79 373.10 780.31 372.89 670.82 485.37 569.57 646.01 759.98 645.19
00004038 00000238 387.61 145.25 514.24 653.08 523.99 372.29 780.74 372.56 670.70 486.37 569.75 644.43 760.42 643.95
00004039 00000239 387.72 146.12 514.56 652.76 524.23 372.01 780.89 371.49 670.26 487.56 570.33 644.87 760.71 643.68
00004040 00000240 387.73 141.64 517.50 662.84 526.23 373.68 782.67 372.68 672.72 487.96 572.36 646.67 761.50 645.15
00004041 00000241 388.05 142.03 517.92 672.80 535.09 377.66 786.61 381.38 670.27 489.89 572.85 646.27 763.54 648.15
00004042 00000242 390.37 156.71 514.93 658.95 537.90 379.01 790.26 384.75 674.17 487.66 572.94 647.27 764.82 650.88
00004043 00000243 391.94 159.56 511.90 664.28 539.05 379.13 790.42 385.38 679.54 485.18 575.54 651.81 765.22 656.62
00004044 00000244 390.53 163.00 513.25 667.50 539.39 380.60 792.46 386.19 684.08 488.12 577.38 656.54 768.56 661.00
00004045 00000245 393.14 163.89 512.26 666.98 540.42 382.59 796.01 387.71 686.58 492.32 579.42 660.49 771.51 664.69
00004046 00000246 394.58 166.18 511.93 663.41 540.83 386.59 796.50 391.07 686.47 500.01 579.55 663.32 772.14 667.05
00004047 00000247 396.80 180.66 509.33 650.89 545.49 402.87 792.57 402.76 682.10 501.94 576.19 668.97 768.93 669.48
00004048 00000248 396.48 173.65 507.65 658.20 541.20 404.72 790.60 405.05 676.96 503.36 570.62 670.75 765.58 671.36
00004049 00000249 395.15 172.47 506.75 655.25 528.87 397.48 789.97 396.96 667.81 510.16 564.19 673.93 763.11 673.03
00004050 00000250 387.00 175.59 512.37 652.83 516.15 401.87 781.76 393.38 655.88 511.33 556.99 679.13 760.93 671.40
00004051 00000251 377.17 168.45 515.31 656.90 502.09 394.67 771.35 392.57 647.06 511.24 548.55 672.68 749.53 670.26
00004052 00000252 369.22 176.97 514.97 657.36 497.53 397.66 758.43 388.75 637.85 507.05 544.89 680.95 736.10 670.99
00004053 00000253 359.11 177.74 523.99 674.83 485.81 398.93 738.80 388.09 616.82 503.44 532.33 680.26 707.65 669.79
00004054 00000254 350.18 172.64 530.67 687.92 472.03 407.27 722.47 381.43 598.39 505.32 532.35 688.34 701.12 665.67
00004055 00000255 342.84 174.33 538.96 698.53 460.04 411.55 708.19 378.64 577.52 499.05 522.94 693.06 690.75 665.20
00004056 00000256 338.93 175.79 537.55 696.09 454.83 411.78 699.83 379.12 569.66 498.32 520.37 690.46 681.37 662.42
00004057 00000257 338.84 176.11 536.44 691.08 451.85 415.81 698.41 382.76 567.83 502.72 516.43 689.31 679.02 660.84
00004058 00000258 345.05 168.63 523.58 679.73 452.02 424.95 692.13 392.88 567.71 515.60 514.83 687.03 686.46 661.85
00004059 00000259 343.35 178.40 537.25 678.07 451.58 425.88 696.90 392.93 565.77 518.63 513.95 687.65 683.38 659.43
00004060 00000260 340.78 179.63 544.68 676.92 451.17 429.59 693.63 393.17 563.64 516.16 518.54 687.67 685.57 656.41
00004061 00000261 347.82 173.13 530.82 673.51 449.71 433.22 689.11 391.37 564.12 519.52 521.89 688.38 699.15 654.57
00004062 00000262 349.76 165.88 530.26 683.27 448.11 433.76 688.40 386.17 562.78 516.42 524.03 691.46 704.22 652.97
00004063 00000263 353.96 162.25 529.88 680.42 449.36 431.99 691.66 381.46 562.50 514.98 527.45 691.07 706.64 650.29
00004064 00000264 358.55 161.27 531.42 679.66 448.65 431.71 697.19 380.37 562.67 513.47 525.48 692.19 710.51 651.06
00004065 00000265 359.43 162.81 535.60 671.40 448.71 429.48 698.60 379.94 563.46 517.87 528.10 690.84 711.55 650.69
00004066 00000266 361.67 163.92 536.05 667.20 447.61 427.75 698.02 380.01 562.83 522.02 526.28 686.98 715.43 647.90
00004067 00000267 363.59 169.10 530.49 669.19 451.38 428.99 696.41 383.01 565.28 524.25 529.29 689.59 713.69 652.05
00004068 00000268 365.56 170.95 527.40 668.24 452.48 430.42 696.89 384.13 565.65 523.22 529.81 691.66 711.12 653.96
00004069 00000269 368.65 164.71 539.28 678.80 462.96 437.16 702.84 386.26 570.81 514.10 535.84 699.62 702.21 657.68
00004070 00000270 360.54 171.33 540.73 687.34 455.85 432.80 702.35 385.37 571.25 517.57 534.31 703.91 709.91 662.84
00004071 00000271 357.84 175.41 539.74 684.69 456.85 432.51 697.15 385.20 568.75 516.84 535.24 701.12 703.95 660.20
00004072 00000272 356.22 174.76 542.70 687.63 456.18 432.76 698.68 385.43 568.20 517.26 534.18 702.35 705.31 661.43
00004073 00000273 355.99 175.63 538.60 681.75 456.18 433.09 699.11 387.48 569.17 520.48 533.78 700.99 702.65 661.74
00004074 00000274 355.69 174.84 539.51 683.28 455.83 433.98 699.35 389.08 567.84 520.11 532.48 701.37 702.51 662.79
00004075 00000275 355.18 174.23 552.82 685.76 454.95 434.39 705.23 385.67 568.14 520.08 534.82 703.16 717.67 661.01
00004076 00000276 368.13 164.27 543.31 687.31 461.96 439.87 706.26 384.61 572.99 518.82 536.71 702.52 715.71 656.40
00004077 00000277 366.92 179.64 527.03 651.49 458.62 432.90 705.90 385.43 577.20 522.55 540.67 697.07 716.18 658.54
00004078 00000278 374.83 162.24 532.85 663.61 468.07 434.53 709.83 383.10 582.10 520.25 546.58 694.88 715.15 652.42
00004079 00000279 383.42 169.58 526.66 654.01 483.05 448.34 716.72 396.47 590.83 515.27 554.61 694.59 718.72 651.99
00004080 DELETE   386.63 171.21 522.49 650.44 485.09 447.35 722.01 397.61 594.28 515.89 552.14 690.46 724.93 649.72
00004081 00000281 387.94 167.09 522.45 653.60 479.86 439.36 725.20 389.07 592.38 515.34 545.96 690.89 729.75 649.25
00004082 00000282 381.98 161.83 526.94 659.04 475.63 430.58 725.79 383.89 589.95 510.50 541.14 686.69 726.42 647.84
00004083 00000283 379.34 156.91 526.91 668.03 475.51 426.53 719.80 380.99 586.57 504.76 540.65 684.92 716.39 647.27
00004084 00000284 377.39 155.86 527.35 673.37 473.41 423.05 719.33 380.14 585.18 502.28 536.75 685.11 713.75 649.50
00004085 00000285 375.84 156.01 527.79 673.45 472.23 423.71 717.88 380.57 584.29 499.33 534.90 685.18 712.01 649.44
00004086 00000286 369.51 167.13 522.04 663.76 465.42 415.12 715.83 377.16 579.41 495.58 532.37 681.29 716.18 650.17
00004087 00000287 367.43 163.59 520.61 670.17 462.29 413.78 711.48 377.29 574.83 495.79 527.18 682.69 709.15 653.07
00004088 00000288 365.45 163.87 519.25 672.33 458.72 415.46 708.05 378.23 567.93 496.71 520.28 685.37 703.49 655.49
00004089 00000289 364.63 157.92 518.10 679.14 455.54 418.30 707.32 382.43 563.24 498.60 512.16 688.18 699.76 659.53
00004090 00000290 365.57 168.46 514.49 674.59 454.63 420.03 706.54 387.61 560.70 500.86 505.85 690.67 695.97 664.92
00004091 00000291 366.22 174.27 511.99 669.53 453.50 421.00 706.39 390.48 559.55 505.02 502.64 692.46 693.51 668.33
00004092 00000292 366.18 179.24 510.93 664.66 452.04 423.24 706.04 394.60 558.35 508.61 500.77 694.04 692.57 671.37
00004093 00000293 364.22 181.04 511.60 665.09 449.05 423.94 702.81 394.43 555.01 509.93 499.22 695.67 690.52 672.31
00004094 00000294 363.00 178.08 511.55 668.82 446.28 423.76 700.18 393.84 551.53 509.60 496.58 695.50 689.98 671.82
00004095 00000295 360.88 174.03 513.29 673.97 445.82 423.15 698.23 392.33 549.91 506.68 493.96 692.56 687.96 668.32
00004096 00000296 362.41 173.32 513.73 671.98 447.50 422.19 699.41 392.00 549.41 504.53 493.78 689.16 687.40 665.38
00004097 00000297 362.60 173.13 515.26 670.92 448.98 419.99 700.13 390.35 548.79 501.89 494.25 685.75 687.21 662.25
00004098 00000298 363.61 170.37 514.91 671.27 450.86 419.12 699.71 387.81 549.92 497.43 496.68 683.03 688.30 658.08
00004099 00000299 364.67 166.93 515.37 674.50 452.24 416.85 700.23 385.05 551.37 494.92 498.69 681.20 690.09 655.80
00004100 00000300 366.54 169.61 514.49 671.18 452.95 415.97 699.60 381.76 551.26 491.29 501.72 680.68 691.14 653.12
00004101 00000301 367.08 170.38 517.26 668.98 455.27 413.91 701.04 379.35 552.71 489.41 504.92 678.26 692.45 650.27
00004102 00000302 367.34 171.42 530.05 667.27 454.99 414.23 702.66 379.79 557.92 483.16 507.28 678.21 692.06 650.79
00004103 00000303 372.05 170.70 524.26 661.25 458.20 411.38 701.73 376.42 560.22 486.30 512.16 676.74 693.48 647.34
00004104 00000304 374.76 169.44 523.02 662.01 459.97 409.92 703.85 375.73 561.20 485.13 513.04 675.91 694.59 647.14
00004105 00000305 375.84 164.43 524.00 664.97 461.83 407.47 704.57 373.57 562.43 483.33 514.04 674.58 694.09 646.13
00004106 00000306 377.81 164.40 522.72 663.55 464.09 405.96 706.07 372.78 564.86 482.19 516.61 673.58 694.68 645.70
00004107 00000307 379.23 161.59 523.20 666.55 466.08 403.22 707.88 370.10 567.23 480.60 519.32 672.70 695.98 644.87
00004108 00000308 381.01 159.67 521.17 665.95 467.43 400.83 709.50 369.05 568.94 478.45 520.49 670.20 697.05 643.36
00004109 00000309 381.74 160.37 519.66 664.31 468.00 399.44 711.19 368.53 570.06 477.02 521.82 669.46 697.95 643.26
00004110 00000310 381.33 157.51 521.36 665.49 468.28 398.42 711.54 367.62 570.50 476.29 522.11 668.62 697.72 642.51
00004111 00000311 381.21 157.60 521.09 664.83 468.03 398.59 711.25 367.39 570.56 476.27 522.31 669.13 698.07 642.67
00004112 00000312 381.20 157.89 520.98 663.43 468.00 398.52 711.27 367.44 571.46 478.32 522.18 669.25 698.33 642.91
00004113 00000313 380.57 157.80 521.24 662.99 468.17 400.07 711.01 368.59 571.07 480.39 522.21 669.98 697.59 643.36
00004114 00000314 381.53 156.44 520.96 663.78 468.48 400.77 711.02 368.87 571.91 483.95 522.27 671.56 697.68 644.71
00004115 00000315 382.46 159.33 519.36 660.32 467.42 402.41 710.90 370.25 571.40 485.43 520.62 671.98 697.88 644.93
00004116 00000316 382.91 161.15 519.23 657.10 467.21 402.76 711.54 371.20 571.35 485.57 520.09 671.84 697.32 645.22
00004117 00000317 382.80 172.93 505.94 641.21 466.51 398.22 716.50 372.14 567.49 488.64 515.65 663.99 698.14 642.38
00004118 00000318 382.06 172.33 506.82 636.56 464.74 400.14 719.29 373.81 566.79 491.27 513.25 666.20 703.33 643.72
00004119 00000319 381.89 173.27 507.06 635.86 464.85 401.42 720.24 376.30 566.62 494.42 511.64 666.04 704.93 644.34
00004120 00000320 381.76 173.04 507.25 639.27 465.32 401.99 721.78 379.13 568.21 497.39 511.31 667.03 704.43 647.36
00004121 00000321 382.65 173.89 508.18 639.89 467.21 402.51 722.97 381.04 570.04 499.08 513.02 667.12 704.28 648.57
00004122 00000322 383.51 172.30 508.63 645.16 468.81 402.37 724.10 380.60 572.58 499.65 516.07 667.40 705.68 648.80
00004123 00000323 384.28 171.72 507.86 646.76 471.17 401.54 725.08 381.06 575.10 500.23 518.05 666.56 706.24 649.05
00004124 00000324 387.36 159.26 518.85 660.87 473.07 407.54 722.28 377.78 581.81 497.58 523.23 674.02 708.24 649.03
00004125 00000325 388.46 158.65 518.29 660.85 474.45 408.28 723.61 378.74 582.74 497.87 524.76 673.91 708.42 649.15
00004126 00000326 390.26 161.18 516.32 658.31 475.29 408.07 724.43 378.65 584.10 498.51 525.37 673.49 709.66 648.78
00004127 00000327 391.32 160.48 516.08 659.27 475.76 408.68 724.59 378.59 584.17 498.45 525.88 673.78 710.82 648.53
00004128 00000328 390.97 161.71 515.71 658.09 475.41 408.34 723.78 378.41 583.75 499.34 526.32 674.12 709.40 649.02
00004129 00000329 390.28 160.32 516.16 660.05 474.57 409.07 722.70 378.87 582.27 500.31 524.96 674.87 708.22 649.64
00004130 00000330 389.41 158.35 517.27 663.34 473.87 409.04 721.50 379.41 580.44 500.63 523.82 675.54 705.94 650.83
00004131 00000331 388.36 156.92 517.66 664.36 473.67 409.63 721.50 380.02 581.26 501.21 524.04 675.96 705.91 651.25
00004132 00000332 388.18 157.54 517.24 664.65 472.61 410.86 720.56 380.77 579.57 501.49 523.24 676.88 705.48 651.78
00004133 00000333 387.27 156.23 517.89 666.25 472.94 410.96 721.13 381.08 580.45 501.74 524.08 677.00 706.07 652.01
00004134 00000334 387.66 158.15 517.41 663.97 473.53 410.46 722.12 381.34 581.35 501.53 524.36 676.42 706.35 652.02
00004135 00000335 387.00 157.32 517.93 664.57 473.59 410.43 722.77 381.57 581.99 501.14 524.26 676.44 707.07 652.22
00004136 00000336 386.79 172.97 507.60 646.73 473.91 404.64 728.99 385.64 577.85 506.43 519.70 670.22 708.50 653.62
00004137 00000337 387.50 173.36 506.59 646.56 474.78 405.03 730.82 386.88 580.59 507.11 520.64 670.62 710.43 654.81
00004138 00000338 388.03 173.29 506.81 646.44 476.28 404.48 733.31 387.44 583.65 508.14 521.63 670.57 712.52 655.60
00004139 00000339 392.44 159.63 516.24 662.73 481.68 408.78 730.28 383.66 588.89 504.70 529.75 672.47 714.74 650.98
00004140 00000340 393.73 165.30 515.05 661.67 486.18 409.38 733.23 385.32 593.14 505.54 533.48 674.11 716.28 653.81
00004141 00000341 395.10 166.01 514.98 670.12 492.30 407.94 734.68 386.29 597.59 505.50 539.47 676.14 713.87 658.69
00004142 00000342 398.54 170.64 512.19 666.71 493.76 407.70 738.10 386.58 601.91 505.73 540.78 677.87 718.78 661.11
00004143 00000343 399.40 170.70 514.27 665.07 492.67 407.97 743.90 385.26 602.89 508.04 538.85 678.94 727.78 660.44
00004144 00000344 400.05 173.87 516.53 657.29 495.14 407.27 750.38 385.45 608.31 509.11 543.60 678.56 734.21 660.39
00004145 00000345 401.65 172.06 514.07 664.71 501.29 403.47 753.76 385.38 614.98 507.86 546.34 676.75 734.68 662.36
00004146 00000346 404.49 168.68 514.40 669.04 508.56 402.28 759.79 387.55 624.27 508.41 550.90 675.95 742.79 664.39
00004147 00000347 408.20 175.45 511.90 664.79 514.29 401.68 764.50 389.07 632.02 508.53 554.49 677.91 746.70 668.38
00004148 00000348 409.86 179.83 511.52 664.69 519.48 400.85 768.25 388.80 636.80 505.45 558.91 677.38 751.34 668.03
00004149 00000349 413.21 172.73 511.72 668.27 525.63 397.77 776.20 387.70 645.78 503.54 563.24 675.07 757.46 667.52
00004150 00000350 415.96 181.06 511.71 658.25 528.81 396.42 784.27 387.50 650.12 503.44 565.19 672.57 765.42 665.89
00004151 00000351 419.92 181.30 513.06 655.41 533.53 391.95 793.11 386.19 657.36 502.44 570.44 669.49 773.37 665.35
00004152 00000352 421.77 180.04 515.74 658.48 542.79 388.64 808.65 383.97 673.03 491.82 574.01 670.43 785.59 664.19
00004153 00000353 427.18 172.37 512.48 658.40 552.26 390.92 810.16 393.40 679.79 488.75 579.54 659.62 788.38 662.63
00004154 00000354 431.02 175.06 509.84 648.18 557.70 393.67 813.12 396.35 688.81 484.76 587.56 654.86 795.01 657.79
00004155 00000355 433.67 186.92 506.78 638.45 571.82 390.64 825.57 389.04 707.73 480.15 599.47 657.54 806.48 654.33
00004156 00000356 436.49 176.90 509.36 650.35 575.14 378.02 832.11 376.35 718.92 477.73 609.62 658.54 811.24 655.29
00004157 00000357 436.03 167.26 513.34 662.35 576.14 375.30 832.77 371.99 722.37 469.48 614.26 657.93 813.88 653.37
00004158 00000358 434.14 161.85 515.37 659.59 575.82 373.02 832.35 372.30 720.70 468.93 611.94 655.51 806.47 653.00
00004159 00000359 434.94 153.06 508.32 655.80 562.77 367.04 825.89 376.77 708.14 469.79 603.98 644.28 797.29 652.23
00004160 00000360 434.03 154.00 509.27 650.26 560.43 368.91 825.40 379.57 701.95 470.91 599.98 642.55 794.75 650.96
00004161 00000361 433.76 155.75 508.91 648.70 560.63 369.53 823.81 381.53 698.59 471.42 597.40 640.37 791.46 649.96
00004162 00000362 433.03 156.48 508.94 647.21 559.94 368.97 822.33 382.16 696.15 471.98 594.38 638.05 788.70 648.53
00004163 00000363 431.43 157.10 509.22 643.71 558.65 367.38 820.03 383.12 692.72 469.99 588.86 633.94 786.65 646.31
00004164 00000364 429.25 153.34 510.03 647.61 557.27 366.74 817.52 384.34 688.63 470.79 583.43 632.22 781.81 646.06
00004165 00000365 427.98 161.65 511.16 640.29 556.02 369.44 815.96 386.39 683.86 477.09 580.11 633.58 779.57 646.93
00004166 00000366 425.96 160.14 513.47 645.60 555.42 371.84 815.71 389.86 683.36 479.57 579.98 635.61 778.88 649.97
00004167 00000367 426.74 165.12 512.83 644.11 554.27 374.24 815.59 390.87 684.39 482.38 580.96 639.41 780.87 653.00
00004168 00000368 427.59 166.57 511.73 642.46 553.91 375.34 815.26 391.06 684.27 483.22 583.24 641.57 781.91 654.41
00004169 00000369 426.36 162.98 512.66 650.12 553.16 375.99 815.30 391.02 685.74 484.37 583.86 645.01 782.52 657.30
00004170 00000370 423.47 160.15 514.70 653.05 551.03 377.54 814.29 390.66 685.72 486.20 585.12 647.14 784.44 657.61
00004171 00000371 423.03 160.76 514.06 651.19 549.80 378.17 814.71 390.85 685.65 488.42 584.92 649.30 784.82 659.25
00004172 00000372 421.18 159.65 515.68 655.59 549.45 377.00 815.40 392.64 684.46 489.80 578.41 647.18 784.11 659.64
00004173 00000373 419.98 158.24 516.82 655.97 548.98 375.86 815.39 391.44 684.54 489.66 578.29 647.11 783.38 659.48
00004174 00000374 419.39 159.76 516.56 654.21 548.99 376.38 814.21 390.49 684.20 490.62 580.22 647.52 783.94 658.67
00004175 00000375 418.51 162.89 516.75 650.43 547.13 379.52 812.94 391.40 682.21 494.92 579.61 650.39 783.41 659.78
00004176 00000376 416.84 171.09 518.05 643.35 545.43 383.03 810.76 391.53 678.15 501.92 578.85 653.60 780.86 660.38
00004177 00000377 416.31 173.28 518.63 642.83 545.30 386.25 811.03 394.88 677.93 504.04 578.38 656.35 780.68 663.30
00004178 00000378 416.21 174.48 519.53 640.70 545.68 387.05 811.49 395.76 677.65 505.17 579.44 657.14 780.32 664.18
00004179 00000379 415.01 172.62 519.89 645.09 546.05 387.53 811.16 395.77 679.03 506.04 580.57 657.86 779.48 664.68
00004180 00000380 415.04 172.75 519.49 645.13 546.38 387.56 810.26 395.30 679.77 504.38 581.83 658.02 778.58 664.51
00004181 00000381 414.62 171.30 519.49 651.47 546.68 388.04 810.13 395.79 683.33 504.26 583.66 661.91 778.19 668.76
00004182 00000382 415.85 175.66 518.36 652.79 547.53 388.87 809.45 396.39 684.47 506.50 585.31 666.47 777.04 673.37
00004183 00000383 417.14 173.69 517.40 655.52 547.83 389.95 809.44 396.57 685.20 507.55 585.80 668.57 776.46 674.84
00004184 00000384 419.26 176.92 516.42 649.41 548.20 390.74 812.02 397.55 686.61 509.45 587.97 669.48 778.81 675.79
00004185 00000385 421.05 176.28 515.81 647.57 549.08 390.47 814.47 397.66 687.44 509.94 589.32 669.46 779.97 675.84
00004186 00000386 422.15 174.11 516.52 648.06 549.94 390.18 816.02 397.56 688.40 508.74 589.92 668.20 782.15 674.58
00004187 00000387 423.84 173.20 516.51 646.67 551.73 390.25 817.20 397.65 690.10 507.73 592.24 667.40 784.16 673.68
00004188 00000388 424.92 173.37 516.89 645.70 552.34 390.86 819.18 398.11 691.63 506.39 593.59 667.08 788.09 673.14
00004189 00000389 427.06 176.71 514.42 642.19 552.66 389.39 819.73 396.32 692.18 506.14 593.97 666.28 789.02 672.14
00004190 00000390 428.39 175.90 514.81 642.84 553.32 389.91 821.58 396.93 693.29 505.54 594.15 666.11 791.96 672.00
00004191 00000391 428.79 173.63 514.46 643.68 553.71 388.72 822.63 396.64 694.42 504.09 594.56 665.38 793.57 671.86
00004192 00000392 428.14 173.02 514.67 644.69 553.44 388.45 823.76 396.37 694.18 504.13 592.88 665.82 793.85 672.27
00004193 00000393 428.28 173.05 514.19 641.68 554.30 386.88 823.05 394.82 694.20 502.98 593.33 663.18 793.79 669.61
00004194 00000394 426.88 171.63 514.89 645.99 554.03 384.05 822.57 393.50 694.71 500.27 592.67 661.67 793.20 669.40
00004195 00000395 425.40 163.95 517.62 657.67 557.62 382.15 821.38 392.80 698.42 494.48 596.80 660.24 789.69 669.13
00004196 00000396 425.25 165.31 517.53 653.01 557.46 382.12 821.28 393.09 697.04 494.64 595.05 657.77 789.56 666.97
00004197 00000397 424.96 164.99 517.44 651.23 557.85 381.57 822.15 393.49 696.71 496.23 593.11 653.77 792.36 663.51
00004198 00000398 424.62 164.61 517.83 653.30 559.13 381.40 824.25 394.67 698.55 499.01 591.85 652.55 796.93 663.21
00004199 00000399 424.25 162.46 519.63 655.70 560.62 380.42 824.45 394.03 699.44 498.10 593.00 649.81 797.67 660.76
00004200 00000400 424.62 158.88 518.87 657.59 562.76 378.10 822.81 392.69 700.53 493.73 595.70 646.64 796.07 658.42
00004201 00000401 424.63 161.11 518.70 653.37 562.48 376.03 821.33 389.34 699.77 488.67 597.74 645.02 794.31 655.82
00004202 00000402 425.89 155.39 516.80 656.85 561.69 373.18 822.40 386.08 701.70 482.81 597.64 644.63 794.53 654.87
00004203 00000403 426.32 155.54 515.01 654.42 561.19 371.79 821.30 383.10 701.76 481.26 599.54 644.88 793.00 653.88
00004204 00000404 426.43 155.33 514.30 655.16 560.77 371.10 821.23 381.95 702.05 480.81 599.84 645.44 792.20 654.11
00004205 00000405 426.06 155.15 514.76 656.76 561.21 371.18 819.61 380.87 702.10 480.48 600.88 645.68 791.02 653.48
00004206 00000406 426.27 157.20 514.40 655.47 561.35 372.26 819.01 380.78 702.33 481.59 601.79 646.65 790.78 653.51
00004207 00000407 426.01 158.43 514.48 655.02 561.10 373.13 818.96 381.55 702.15 481.70 602.01 647.44 790.95 654.29
00004208 00000408 426.07 160.61 514.69 653.20 561.03 374.38 818.80 381.70 702.34 483.11 602.98 647.96 792.56 653.81
00004209 00000409 424.78 159.06 515.71 655.26 560.93 376.39 818.71 383.58 702.99 483.77 603.44 649.49 792.40 655.21
00004210 00000410 424.14 160.16 516.48 654.12 560.47 376.57 819.02 383.84 702.74 484.83 603.07 650.38 791.49 656.22
00004211 00000411 423.47 158.65 516.00 655.62 561.10 375.93 818.50 384.13 704.05 483.90 603.95 650.59 789.62 657.16
00004212 00000412 422.81 159.00 515.76 655.83 561.10 376.50 817.83 384.65 704.13 485.35 603.47 651.06 788.64 657.67
00004213 00000413 421.98 158.58 515.46 659.26 560.63 378.20 816.93 386.68 703.66 487.41 601.91 653.30 787.37 660.39
00004214 00000414 421.99 162.17 515.51 656.36 560.22 379.47 816.62 387.03 703.55 489.19 603.13 655.16 788.34 661.48
00004215 00000415 421.74 163.47 515.89 656.17 560.02 380.92 816.76 388.21 703.64 491.88 603.83 657.49 788.40 663.73
00004216 00000416 421.64 166.10 515.50 654.97 559.96 381.10 816.60 388.17 704.60 493.10 604.76 658.64 789.55 664.73
00004217 00000417 421.77 163.15 515.69 659.63 559.39 379.74 817.52 387.77 705.95 492.97 603.65 658.45 791.91 665.20
00004218 00000418 421.25 161.47 516.92 660.79 560.09 379.10 818.00 387.67 707.83 491.31 604.10 656.90 793.28 664.00
00004219 00000419 420.49 158.76 517.92 664.24 559.91 377.63 818.45 386.87 710.09 488.06 603.94 655.53 794.79 663.03
00004220 00000420 421.61 159.67 517.41 663.38 559.94 375.47 818.28 383.89 709.73 487.09 604.02 654.04 795.50 660.91
00004221 00000421 421.69 159.32 516.96 662.53 559.21 372.44 818.87 380.82 711.32 486.27 604.91 652.74 797.82 659.43
00004222 00000422 421.51 159.13 517.89 664.06 559.89 371.79 820.97 380.16 714.18 485.47 606.34 652.51 801.28 659.00
00004223 00000423 422.36 157.01 516.78 666.09 561.04 372.88 821.29 378.90 714.99 485.88 608.37 653.01 803.77 657.56
00004224 00000424 422.49 157.25 516.73 666.85 562.48 373.22 822.63 378.51 719.27 486.06 611.25 653.25 807.56 656.91
00004225 00000425 423.01 157.37 517.34 666.29 563.30 373.62 823.42 378.43 719.22 486.96 611.50 652.19 809.49 655.35
00004226 00000426 423.87 157.65 515.70 662.88 562.50 372.87 823.16 377.48 717.65 486.85 611.60 651.78 807.43 654.79
00004227 00000427 425.84 158.12 513.71 658.27 562.67 372.67 823.31 377.61 716.33 485.15 612.65 650.85 808.11 653.84
00004228 00000428 427.04 155.74 511.43 657.65 562.58 371.65 824.90 375.66 717.87 486.30 613.98 651.77 809.38 653.75
00004229 00000429 425.89 156.82 512.90 659.97 561.60 370.63 824.64 375.28 717.56 485.53 610.42 650.93 809.04 653.64
00004230 00000430 424.97 156.07 513.97 661.50 561.07 370.68 824.56 374.80 717.60 485.44 609.87 651.31 809.52 653.57
00004231 00000431 423.33 157.56 515.36 661.09 560.90 371.14 824.71 375.72 718.01 485.78 609.32 651.09 810.19 653.81
00004232 00000432 423.46 157.35 515.04 661.68 561.53 371.72 823.88 376.56 718.02 486.85 609.59 650.90 808.70 653.97
00004233 00000433 422.22 156.44 515.60 663.27 561.93 372.37 823.29 377.26 717.96 488.27 609.63 651.31 807.70 654.43
00004234 00000434 421.50 155.76 515.88 664.17 562.44 373.06 823.04 377.87 718.46 488.85 609.99 650.96 808.04 654.04
00004235 00000435 420.94 157.04 516.56 663.45 562.49 373.11 822.71 377.26 718.29 489.21 610.60 650.86 808.78 653.37
00004236 00000436 420.21 155.13 516.70 664.23 562.83 373.08 822.74 376.89 718.84 488.78 611.89 650.46 809.14 652.61
00004237 00000437 419.82 155.21 518.14 663.52 562.90 373.09 822.92 376.71 719.13 488.61 612.37 650.59 809.60 652.54
00004238 00000438 418.94 153.63 518.56 667.59 563.58 373.46 823.04 377.07 720.09 488.62 612.74 650.64 810.22 652.57
00004239 00000439 418.98 151.99 518.73 670.34 563.88 373.80 824.22 377.57 721.45 488.82 613.11 651.08 811.81 653.07
00004240 00000440 417.56 151.38 519.58 673.52 563.47 373.52 823.48 377.67 721.61 488.09 611.66 651.46 810.79 653.82
00004241 00000441 416.07 152.84 520.13 672.87 562.38 374.15 821.92 377.82 720.39 488.49 611.15 652.32 809.77 654.34
00004242 00000442 415.58 150.37 519.78 676.09 561.33 374.50 821.16 377.30 719.51 488.87 609.91 653.33 808.63 654.69
00004243 00000443 414.91 150.39 520.53 677.70 562.19 375.36 821.38 378.44 720.72 489.56 610.47 653.71 809.28 655.28
00004244 00000444 414.48 150.67 520.66 677.34 562.43 375.12 821.23 378.08 721.33 489.77 610.88 653.74 809.18 655.22
CROP_BBOX: 135 0 1232 1029
