Video ID: 	BmaHAloklfw
H: 	1080
W: 	1920
FPS: 	25.0

FRAME INDEX X0 Y0 W H [Landmarks (5 Points)]

00070082 00000000 433.61 140.67 524.66 734.44 577.35 458.05 808.22 400.20 728.32 553.77 655.05 713.23 854.56 664.81
00070083 00000001 430.76 141.42 527.93 732.02 571.97 456.09 806.38 397.67 721.54 553.92 651.72 713.49 851.56 664.37
00070084 00000002 425.88 140.33 530.14 730.60 565.76 453.47 804.78 394.53 717.50 553.73 647.47 713.83 847.79 664.16
00070085 00000003 417.99 152.11 540.94 707.89 553.01 451.97 801.76 394.49 713.10 548.00 646.49 717.34 842.97 666.94
00070086 00000004 419.35 152.23 535.09 708.96 553.31 452.02 794.47 394.90 709.55 551.60 640.95 707.57 841.40 659.90
00070087 00000005 417.71 152.40 531.32 707.83 548.78 450.29 788.66 394.50 702.53 551.38 635.44 705.94 835.42 659.34
00070088 00000006 414.63 152.08 532.41 706.11 544.33 447.81 784.26 391.60 697.63 552.01 632.89 705.87 831.71 658.92
00070089 00000007 411.53 148.99 532.84 707.74 540.40 448.41 779.89 391.24 693.50 551.47 629.99 706.37 827.62 658.77
00070090 00000008 410.24 148.99 531.70 708.57 538.53 448.57 777.59 391.73 690.27 551.12 627.76 707.49 824.07 660.18
00070091 00000009 408.75 149.84 532.04 706.41 536.76 447.89 775.02 390.87 688.01 549.66 628.21 708.74 820.37 661.43
00070092 00000010 407.55 150.38 531.88 705.63 535.58 447.35 773.53 390.48 686.60 548.51 627.46 708.38 817.54 661.17
00070093 00000011 408.32 151.31 530.92 704.03 534.97 446.66 773.62 390.14 685.70 548.75 627.12 709.51 816.16 662.59
00070094 00000012 408.96 151.10 531.53 704.68 536.30 446.04 775.02 390.14 686.90 548.77 629.24 709.10 817.50 662.78
00070095 00000013 409.56 150.31 535.07 703.69 539.88 445.51 778.18 390.26 689.90 549.29 633.01 706.54 821.11 660.70
00070096 00000014 412.56 147.90 533.44 704.06 543.83 445.53 781.62 391.52 693.92 550.11 634.72 706.11 823.64 661.52
00070097 00000015 416.28 148.41 531.96 701.75 548.21 445.79 787.02 394.50 699.18 548.72 636.44 705.39 826.00 663.14
00070098 00000016 420.88 146.73 531.29 699.68 553.59 445.62 791.53 394.80 703.15 547.31 640.31 702.18 829.64 660.18
00070099 00000017 422.91 145.23 531.75 701.74 559.35 444.25 797.89 394.75 710.81 545.64 646.30 702.51 834.04 661.54
00070100 00000018 422.64 143.05 533.68 706.80 562.41 444.00 799.57 395.58 714.10 545.91 650.75 703.40 836.03 663.16
00070101 00000019 424.77 146.01 531.14 705.97 563.69 444.60 801.22 395.19 716.84 546.74 653.87 705.28 838.59 664.18
00070102 00000020 424.58 146.85 531.33 704.58 564.19 444.68 801.25 395.58 717.23 546.16 655.07 705.28 838.24 664.47
00070103 00000021 423.65 146.20 532.87 707.34 564.16 443.46 800.26 394.90 716.86 545.91 655.81 705.14 837.82 664.69
00070104 00000022 423.50 144.41 530.95 708.25 566.21 442.75 802.71 395.65 719.29 545.66 654.18 702.46 837.99 663.13
00070105 00000023 425.87 143.98 528.84 708.97 572.75 444.34 802.57 403.64 719.82 544.38 653.97 698.33 833.95 664.62
00070106 00000024 431.73 135.52 519.64 715.75 577.97 443.95 803.11 401.95 715.38 541.76 646.88 697.08 827.64 662.92
00070107 00000025 427.12 134.61 528.46 718.64 576.44 443.38 808.69 396.21 719.51 540.79 648.10 702.09 830.50 661.17
00070108 00000026 423.42 131.36 531.01 721.46 571.69 441.18 806.92 393.60 717.88 541.98 644.72 702.61 828.67 661.58
00070109 00000027 424.72 143.63 532.82 708.31 562.46 440.61 803.45 396.80 712.76 548.89 644.14 701.02 833.95 664.52
00070110 00000028 424.65 146.54 531.26 705.62 560.00 440.73 802.48 397.45 709.39 549.70 641.03 701.54 831.66 665.51
00070111 00000029 425.12 147.56 531.18 704.94 560.14 438.12 802.00 395.69 709.11 548.80 641.72 700.81 830.47 665.50
00070112 00000030 424.16 146.09 531.28 705.28 560.60 436.83 802.83 395.92 710.29 546.61 640.92 699.42 830.26 665.27
00070113 00000031 425.64 145.44 530.52 703.68 561.10 435.62 804.53 395.28 711.11 545.76 641.43 699.13 830.46 665.38
00070114 00000032 426.85 148.21 529.96 700.92 561.67 433.79 804.13 394.44 710.62 544.38 641.21 698.25 828.87 665.44
00070115 00000033 429.01 149.94 530.13 697.96 562.43 431.42 805.37 394.06 710.41 541.62 641.12 697.36 828.12 666.02
00070116 00000034 431.44 151.50 528.93 695.32 562.60 430.23 807.02 392.68 709.10 539.69 641.23 697.48 827.80 665.97
00070117 00000035 428.83 155.14 531.15 691.75 562.09 427.40 812.22 390.74 713.06 536.39 643.02 701.00 828.10 667.70
00070118 00000036 430.44 153.39 530.51 692.12 564.07 427.57 815.47 391.33 716.31 537.09 644.14 701.35 830.28 668.21
00070119 00000037 438.76 143.34 522.83 704.45 570.24 427.22 813.58 389.99 709.62 541.50 640.03 695.50 827.09 665.28
00070120 00000038 440.13 139.83 521.28 707.53 572.71 426.76 815.76 390.51 712.81 541.48 640.90 694.50 828.41 665.20
00070121 00000039 441.64 140.39 521.63 705.47 574.79 426.15 817.35 391.67 713.96 542.73 641.05 692.72 829.35 664.88
00070122 00000040 442.55 143.15 519.78 701.40 576.64 426.39 818.30 393.14 715.06 544.03 641.17 691.30 829.29 664.34
00070123 00000041 442.80 147.50 519.35 697.36 578.38 426.34 817.89 394.02 716.46 544.36 643.16 691.36 829.02 665.31
00070124 00000042 444.35 142.58 519.62 704.12 585.26 426.76 823.16 396.40 724.63 542.02 646.76 691.51 831.64 667.09
00070125 00000043 448.99 132.98 517.26 706.66 596.15 428.78 828.06 397.95 735.39 533.97 656.09 686.81 837.80 662.00
00070126 00000044 453.13 125.40 523.04 711.68 604.92 424.10 837.77 393.52 746.66 526.72 667.34 681.77 850.15 656.57
00070127 00000045 459.81 129.84 522.64 701.12 608.04 419.84 844.17 387.84 752.81 520.07 675.23 675.81 859.00 649.62
00070128 00000046 464.88 123.01 522.69 702.72 611.73 413.45 847.73 379.34 757.51 514.36 682.96 672.58 864.30 644.09
00070129 00000047 464.76 123.13 525.28 704.77 609.13 411.76 846.50 376.95 754.08 515.41 681.78 672.41 863.99 643.19
00070130 00000048 459.44 139.19 526.15 698.40 599.94 418.44 840.62 383.10 744.55 525.03 672.60 679.99 858.22 650.87
00070131 00000049 454.57 142.69 525.58 705.17 595.48 426.15 831.00 391.07 736.36 535.62 665.12 687.19 849.15 658.69
00070132 00000050 452.08 147.64 522.43 698.60 589.97 431.78 828.20 396.34 730.59 540.33 658.05 691.82 844.37 663.08
00070133 00000051 450.51 145.24 518.43 691.38 586.02 431.27 823.10 394.56 725.37 536.15 651.67 687.33 837.37 657.80
00070134 00000052 443.40 141.57 522.50 682.84 579.23 425.45 820.27 387.93 719.90 526.45 646.45 676.51 833.10 646.31
00070135 00000053 441.20 125.45 525.35 703.96 584.43 421.41 821.61 378.05 727.67 512.74 651.36 677.98 834.74 640.65
00070136 00000054 439.36 121.74 525.60 702.07 584.09 417.85 820.54 373.72 727.78 508.93 652.95 675.23 832.61 637.62
00070137 00000055 438.02 123.75 526.63 703.94 583.87 419.59 820.21 375.92 728.41 511.81 653.36 678.75 832.98 641.40
00070138 00000056 439.71 136.75 525.66 692.40 583.90 427.04 822.65 381.67 729.77 520.72 654.21 684.56 835.72 645.52
00070139 00000057 443.43 143.96 516.96 685.55 580.71 429.87 816.89 388.12 723.06 527.66 652.92 683.05 832.34 649.92
00070140 00000058 443.91 146.64 516.32 681.54 579.50 430.60 817.45 388.69 721.75 527.81 651.31 684.29 832.18 650.78
00070141 00000059 442.76 143.81 519.99 682.88 575.81 427.12 817.15 384.35 718.81 523.86 647.90 681.67 833.24 647.23
00070142 00000060 440.37 140.06 524.27 697.68 583.49 426.70 819.67 381.44 725.85 516.32 650.30 684.02 832.98 644.98
00070143 00000061 440.09 138.10 524.81 696.86 583.03 425.70 819.36 380.64 725.98 515.11 650.28 682.36 833.38 643.53
00070144 00000062 439.95 138.37 525.43 694.41 585.58 426.09 821.45 381.71 729.06 516.83 654.12 682.20 835.03 643.80
00070145 00000063 441.77 144.00 522.50 680.53 578.89 424.46 818.08 383.36 722.27 520.44 652.75 675.91 833.37 642.97
00070146 00000064 442.43 144.15 522.53 679.62 581.10 423.12 821.43 383.84 725.10 520.23 653.66 675.23 834.02 643.69
00070147 00000065 442.55 144.16 523.92 679.29 580.61 422.87 822.34 382.44 725.43 518.65 654.63 676.28 836.02 643.61
00070148 00000066 442.16 143.00 524.14 680.41 580.56 422.66 822.56 382.25 726.33 520.74 654.32 675.55 837.97 642.74
00070149 00000067 442.14 141.80 523.84 684.28 582.08 423.44 821.75 383.70 727.18 523.98 655.63 678.05 836.78 646.04
00070150 00000068 443.39 144.19 522.09 681.73 583.91 425.22 822.30 386.63 728.07 527.17 655.64 679.02 836.47 648.14
00070151 00000069 445.64 148.87 520.39 678.74 584.07 427.50 822.95 388.96 728.60 529.87 655.32 680.76 838.03 649.92
00070152 00000070 446.12 151.01 522.01 678.50 584.69 427.60 825.00 389.85 729.93 531.50 655.53 682.20 840.78 651.77
00070153 00000071 447.83 150.09 520.66 682.75 586.93 428.02 826.00 390.96 731.71 533.55 658.10 684.04 841.81 654.22
00070154 00000072 448.69 150.09 520.16 685.58 588.80 428.00 826.65 391.09 733.53 534.71 662.26 685.49 843.42 655.74
00070155 00000073 449.28 152.00 519.91 685.50 588.61 429.76 827.60 392.26 733.73 537.33 662.45 688.27 845.39 657.97
00070156 00000074 449.28 147.18 521.38 694.66 587.80 433.46 828.23 393.46 734.40 540.71 661.37 691.11 850.98 658.42
00070157 00000075 452.06 147.68 520.52 698.08 589.73 435.46 829.31 394.39 737.72 546.10 665.12 693.81 856.02 659.84
00070158 00000076 452.95 151.12 521.88 694.22 590.12 439.88 829.73 396.91 739.12 551.10 668.72 698.64 859.36 663.34
00070159 00000077 453.94 149.64 523.07 703.55 592.03 440.36 829.47 398.19 739.90 553.27 670.74 701.79 859.75 667.04
00070160 00000078 455.48 150.14 523.46 704.44 592.71 442.25 831.10 398.90 741.83 553.78 672.59 704.28 861.84 668.43
00070161 00000079 457.25 151.67 523.41 699.11 595.27 443.03 831.80 399.58 743.53 554.45 676.44 706.01 861.49 670.05
00070162 00000080 458.90 147.20 523.43 705.54 598.32 443.20 833.32 400.49 746.01 556.64 677.31 706.95 862.70 671.75
00070163 00000081 460.20 149.54 526.42 710.91 602.52 443.44 836.36 402.07 750.88 559.30 680.62 707.83 866.87 673.60
00070164 00000082 464.07 154.10 525.31 710.59 606.73 443.30 839.53 402.83 755.17 559.32 683.82 707.62 870.39 673.95
00070165 00000083 465.42 156.43 525.63 711.86 608.36 443.79 841.36 403.52 757.26 561.15 685.45 708.06 873.60 674.38
00070166 00000084 467.64 159.42 523.75 700.51 609.07 443.51 843.47 404.96 756.69 562.08 685.25 706.93 870.53 674.90
00070167 00000085 467.24 158.74 524.53 699.47 608.61 442.80 844.45 405.53 755.50 562.15 682.60 705.37 868.59 674.38
00070168 00000086 465.16 157.27 526.65 704.40 607.17 441.95 843.76 404.72 754.62 561.45 682.13 705.92 869.42 674.86
00070169 00000087 464.18 157.10 527.97 706.20 605.69 442.11 843.10 404.91 753.28 561.80 681.00 706.99 869.15 675.97
00070170 00000088 464.54 157.96 527.61 705.43 605.87 442.23 842.93 405.16 753.11 561.97 681.96 707.94 868.31 677.04
00070171 00000089 464.46 157.41 527.90 705.57 605.55 442.28 843.17 404.85 753.35 562.49 682.20 708.65 868.85 677.51
00070172 00000090 465.35 157.73 528.04 707.73 606.65 441.66 844.53 404.86 754.52 563.60 683.12 709.70 869.14 679.10
00070173 00000091 467.71 157.37 526.14 704.73 609.36 443.17 845.29 406.49 756.23 563.87 683.74 708.21 869.85 677.75
00070174 00000092 469.63 161.69 526.01 707.06 611.90 445.59 846.20 408.66 758.68 564.58 686.05 709.99 872.54 679.26
00070175 00000093 470.81 162.76 526.09 710.96 614.99 446.40 847.75 409.22 762.55 564.56 689.04 710.11 876.51 678.92
00070176 00000094 474.02 161.50 524.37 709.20 618.45 446.63 852.57 410.20 767.38 566.33 693.52 711.84 878.92 681.19
00070177 00000095 478.08 161.43 522.42 711.76 620.95 447.85 855.63 411.40 770.29 568.74 696.12 714.33 881.98 683.71
00070178 00000096 482.79 165.98 519.81 709.04 626.01 452.19 859.78 413.33 775.39 570.64 702.39 717.04 885.95 684.53
00070179 00000097 485.90 168.69 519.36 707.15 630.78 453.80 864.77 415.66 780.87 572.72 707.35 719.50 889.64 687.81
00070180 00000098 487.17 172.38 521.98 703.33 634.14 453.21 871.05 415.97 785.94 570.59 709.06 718.33 894.46 687.48
00070181 00000099 488.08 157.36 523.97 714.63 639.33 450.85 876.97 414.73 793.08 568.82 711.10 714.74 898.83 684.84
00070182 00000100 493.03 166.32 522.64 701.95 645.55 450.55 882.82 412.65 801.23 567.96 718.74 712.50 904.20 681.05
CROP_BBOX: 76 0 1404 1080
