Video ID: 	-MCJNrlEcu4
H: 	1080
W: 	1920
FPS: 	25.0

FRAME INDEX X0 Y0 W H [Landmarks (5 Points)]

00012065 00000000 339.92 100.98 470.89 676.32 556.87 369.63 748.14 347.58 729.76 479.46 612.17 618.47 766.94 599.68
00012066 00000001 332.23 98.85 478.74 683.67 560.04 365.58 755.48 351.17 736.08 480.38 608.68 615.78 767.45 601.01
00012067 00000002 330.06 95.53 479.71 697.34 558.15 366.55 752.66 351.39 734.20 485.18 602.80 622.01 763.22 606.82
00012068 00000003 333.04 98.52 477.68 697.62 548.61 373.38 742.98 350.60 725.42 485.56 604.19 629.45 761.26 610.10
00012069 00000004 332.80 99.92 475.99 692.60 546.42 373.58 742.12 350.18 724.10 485.00 604.99 628.33 762.21 608.41
00012070 00000005 331.87 99.31 474.29 690.33 545.44 372.01 741.20 349.01 722.04 481.74 607.39 626.43 763.56 606.46
00012071 00000006 333.35 97.57 472.80 691.16 545.16 371.39 741.21 349.04 721.14 480.27 609.24 626.50 764.61 607.10
00012072 00000007 332.60 98.03 472.35 688.82 544.33 371.47 741.33 349.52 721.01 480.93 607.36 626.52 763.32 607.45
00012073 00000008 332.14 96.58 472.64 687.63 544.26 372.65 742.49 350.31 721.90 482.74 607.15 627.48 763.52 608.01
00012074 00000009 333.36 99.42 472.78 684.28 546.21 373.15 743.98 350.35 723.35 483.20 609.42 626.95 765.73 607.06
00012075 00000010 333.72 99.69 472.24 681.54 546.98 373.07 742.51 349.29 722.57 481.85 609.73 623.43 765.04 602.90
00012076 00000011 334.75 98.53 471.79 679.40 547.91 372.32 743.01 348.85 722.13 480.97 608.45 619.71 764.92 599.43
00012077 00000012 335.36 98.28 471.12 679.64 549.49 370.10 743.38 347.83 722.88 480.53 606.82 618.62 762.80 599.38
00012078 00000013 330.22 96.14 475.98 683.39 555.75 364.06 752.19 349.09 730.13 481.11 605.81 612.66 763.97 596.88
00012079 00000014 331.31 95.87 475.91 686.23 557.14 363.11 752.61 349.49 731.04 480.65 605.53 613.97 763.41 599.43
00012080 00000015 331.55 96.15 477.38 689.08 557.92 363.49 752.94 351.31 731.62 481.40 605.93 615.61 763.70 602.27
00012081 00000016 332.11 96.39 476.17 686.09 557.41 364.71 751.93 350.82 731.37 480.26 608.59 615.35 764.79 600.58
00012082 00000017 333.09 96.19 473.25 683.11 556.35 365.90 751.47 352.01 729.46 479.50 612.00 614.84 766.78 599.67
00012083 00000018 337.75 98.50 468.99 681.86 551.09 370.96 744.54 348.63 725.23 478.94 614.00 622.67 766.76 603.44
00012084 00000019 337.33 99.59 467.82 679.38 549.59 371.63 744.10 348.59 724.20 481.20 612.32 623.01 765.94 603.03
00012085 00000020 336.27 98.95 466.40 678.04 547.53 371.61 742.22 348.57 722.54 481.19 610.89 622.16 764.09 602.22
00012086 00000021 335.88 97.88 464.99 677.55 546.85 371.36 741.15 348.55 721.54 480.51 609.79 621.40 762.44 601.71
00012087 00000022 336.26 98.28 463.27 676.49 545.64 370.92 741.23 348.75 719.97 480.77 607.51 620.98 761.62 601.66
00012088 00000023 336.12 98.54 462.77 677.79 545.79 370.76 740.51 349.04 717.81 480.98 607.42 620.65 759.32 601.69
00012089 00000024 333.98 97.35 461.85 684.51 550.60 373.57 741.56 354.94 723.11 481.23 601.39 620.92 755.26 604.71
00012090 00000025 324.94 98.85 471.83 689.45 560.99 366.51 750.18 361.99 731.19 485.66 594.44 616.07 749.44 609.81
00012091 00000026 328.51 101.06 468.38 689.35 561.07 365.11 750.34 360.78 732.91 483.39 595.01 615.59 752.98 609.17
00012092 00000027 333.56 96.13 463.24 688.97 562.25 362.74 749.20 357.82 733.85 477.08 603.31 612.81 756.27 605.76
00012093 00000028 340.63 97.28 458.74 683.14 561.83 362.66 744.85 352.49 734.15 469.55 616.40 615.16 761.53 606.19
00012094 00000029 340.59 95.08 456.13 671.46 570.01 356.07 754.61 351.17 744.36 465.17 626.50 604.66 769.06 597.34
00012095 00000030 344.25 95.48 453.50 668.38 575.74 355.69 759.55 348.64 753.07 464.38 633.35 604.34 774.47 595.22
00012096 00000031 346.02 92.79 452.92 669.61 579.27 354.02 760.97 345.48 756.69 461.35 638.27 603.43 777.10 593.26
00012097 00000032 346.93 92.65 450.78 670.96 578.59 351.23 758.89 343.59 756.08 458.61 639.42 603.15 776.68 593.90
00012098 00000033 343.89 96.10 451.34 669.26 574.24 347.84 755.12 343.27 751.43 459.76 633.84 602.20 770.59 595.42
00012099 00000034 337.92 98.08 457.10 670.59 567.39 346.55 750.93 342.91 745.48 460.44 622.08 603.03 765.14 597.05
00012100 00000035 331.48 92.80 462.18 678.24 561.27 347.28 746.64 342.63 738.01 460.42 610.82 600.28 759.52 593.35
00012101 00000036 326.19 96.64 465.27 669.41 555.30 348.40 743.80 343.14 731.44 461.67 603.47 599.04 754.94 591.47
00012102 00000037 329.09 96.88 458.95 668.16 542.17 358.38 731.96 342.36 719.81 461.40 597.57 606.09 749.58 592.01
00012103 00000038 327.76 96.12 458.16 665.29 537.68 359.26 730.99 342.74 714.83 459.63 596.77 604.56 752.17 589.73
00012104 00000039 325.78 96.03 457.53 662.49 533.57 360.90 728.50 342.88 710.29 460.04 594.89 603.28 751.86 587.09
00012105 00000040 322.28 97.74 459.44 666.68 529.44 364.84 723.03 346.61 704.75 466.37 591.99 607.64 747.50 591.10
00012106 00000041 314.11 101.89 466.67 665.52 525.81 363.38 727.30 347.02 700.28 471.86 585.86 618.85 737.23 602.49
00012107 00000042 309.29 106.81 464.54 673.89 519.28 367.50 719.78 351.18 690.26 479.40 578.18 624.58 729.59 607.67
00012108 00000043 305.35 111.47 464.67 670.55 512.28 368.13 713.72 353.54 681.22 485.52 571.26 626.03 723.37 610.38
00012109 00000044 304.10 111.38 463.42 667.87 506.30 368.29 710.37 354.15 675.93 485.86 565.89 625.38 719.59 610.07
00012110 00000045 301.64 109.55 463.94 669.34 504.14 367.68 708.69 353.92 673.96 481.45 564.23 622.68 719.58 607.61
00012111 00000046 300.39 106.84 462.16 674.30 504.77 364.60 706.20 351.82 673.00 478.77 564.95 622.05 716.75 607.89
00012112 00000047 298.15 104.10 462.15 679.12 504.29 361.81 702.91 349.59 672.02 476.37 563.87 620.33 713.85 606.74
00012113 00000048 295.36 104.66 463.96 664.91 498.99 360.99 704.49 347.73 669.56 474.26 560.79 615.73 715.75 600.75
00012114 00000049 295.61 105.38 465.52 661.13 499.03 361.10 707.16 346.63 672.74 473.02 560.72 614.03 720.11 597.87
00012115 00000050 294.69 105.69 466.42 657.39 500.27 361.65 706.88 346.13 674.01 471.68 561.82 612.05 720.25 595.04
00012116 00000051 294.53 102.70 466.79 662.38 502.08 360.10 707.02 344.05 675.78 469.40 564.43 611.83 721.18 594.40
00012117 00000052 294.52 103.77 464.67 662.01 504.23 357.46 703.54 342.50 674.21 464.29 566.30 607.74 717.79 591.41
00012118 00000053 292.32 104.17 467.83 664.00 501.58 358.27 702.47 343.95 672.52 467.17 561.17 608.51 715.71 592.95
00012119 00000054 290.41 104.73 469.73 670.93 501.40 358.04 701.81 345.07 673.58 470.71 555.70 610.78 712.89 596.83
00012120 00000055 289.98 107.90 470.37 672.74 501.95 360.10 702.37 348.97 672.81 475.43 551.71 612.63 710.95 600.36
00012121 00000056 289.72 106.70 470.93 672.18 501.19 360.95 702.74 348.25 673.47 477.58 551.69 614.06 711.03 600.63
00012122 00000057 290.90 107.77 470.18 667.31 500.99 361.94 704.29 348.76 673.80 477.61 551.86 613.82 712.16 599.98
00012123 00000058 291.26 108.73 470.42 661.09 500.15 362.62 705.48 348.60 673.13 476.01 553.48 612.01 714.91 597.10
00012124 00000059 291.61 109.75 469.77 655.44 500.01 362.53 706.63 348.56 672.90 475.57 554.63 611.55 715.70 596.41
00012125 00000060 292.39 110.63 469.30 654.22 500.37 362.62 706.58 348.84 672.78 475.67 555.92 611.39 716.63 596.37
00012126 00000061 292.66 110.82 468.83 653.42 500.31 362.57 706.79 348.84 672.85 475.68 556.23 611.62 716.80 596.60
00012127 00000062 293.05 110.60 468.42 653.36 500.27 361.92 706.85 348.51 672.75 475.31 556.89 611.77 717.26 596.94
00012128 00000063 293.05 108.38 467.68 654.65 499.86 361.55 706.85 348.12 672.67 474.05 557.64 611.56 717.88 596.54
00012129 00000064 293.23 109.13 467.12 652.54 499.48 360.35 707.07 347.11 672.47 473.01 557.95 610.70 718.60 595.76
00012130 00000065 293.27 106.41 466.86 654.06 499.27 358.96 706.86 344.64 672.80 470.53 559.07 609.74 719.45 593.88
00012131 00000066 293.93 106.33 467.53 653.61 500.92 358.35 707.14 342.23 674.22 468.14 562.40 608.72 721.17 591.41
00012132 00000067 295.25 103.87 467.73 655.72 503.00 357.50 709.65 340.09 677.09 467.35 565.21 609.60 723.05 591.34
00012133 00000068 297.77 102.46 467.10 656.79 503.91 357.53 711.70 339.34 679.48 467.15 565.75 610.00 724.75 591.27
00012134 00000069 298.92 104.18 467.89 655.99 505.37 358.47 713.03 340.75 680.65 468.13 566.79 610.48 726.56 592.16
00012135 00000070 298.97 105.45 468.54 655.00 506.70 360.02 713.79 341.12 682.31 468.97 569.29 612.21 727.34 592.82
00012136 00000071 298.49 105.08 469.33 656.98 507.30 360.78 714.52 341.70 683.37 471.11 570.00 613.91 728.15 594.36
00012137 00000072 298.51 107.05 468.48 655.22 506.93 361.87 714.43 342.58 682.93 472.06 569.50 614.42 728.05 594.57
00012138 00000073 297.03 106.96 469.60 654.34 505.87 362.88 713.22 343.08 681.87 471.93 569.11 614.22 727.72 593.83
00012139 00000074 295.83 108.85 469.53 651.52 504.11 363.55 712.20 342.97 680.63 473.53 567.33 614.77 726.86 593.81
00012140 00000075 294.12 113.00 470.26 647.57 502.37 363.99 710.96 343.11 679.72 473.16 565.57 614.29 725.76 593.06
00012141 00000076 292.19 112.37 471.21 651.99 502.77 363.95 708.80 343.09 679.32 474.19 565.10 614.78 723.79 593.61
00012142 00000077 291.67 112.49 471.46 658.10 503.08 363.98 706.82 344.20 677.58 474.42 565.29 615.64 721.83 595.34
00012143 00000078 291.63 112.50 470.24 660.16 502.07 364.32 704.28 344.83 675.83 475.61 563.62 616.02 719.82 596.21
00012144 00000079 290.21 113.53 470.90 656.74 500.37 365.63 704.47 346.27 674.87 476.44 562.06 616.31 719.86 596.52
00012145 00000080 288.74 113.88 471.70 655.31 500.21 366.72 703.53 346.41 675.13 477.20 563.05 616.71 720.18 596.15
00012146 00000081 287.72 115.03 472.94 654.73 500.29 368.38 702.52 348.24 675.42 477.93 562.74 617.81 719.45 597.60
00012147 00000082 288.10 114.21 472.36 657.73 501.05 368.63 702.16 349.41 675.73 478.69 562.93 618.62 718.96 599.27
00012148 00000083 287.26 114.17 472.80 656.86 501.54 369.04 702.42 350.01 676.11 478.83 562.57 618.29 718.78 599.10
00012149 00000084 286.92 114.69 471.90 653.24 501.39 370.16 702.78 351.64 676.59 478.33 561.46 617.11 718.42 598.32
00012150 00000085 285.48 114.53 473.73 653.37 500.25 370.10 703.16 350.95 676.45 477.74 560.70 617.16 719.02 597.79
00012151 00000086 285.08 113.38 474.01 658.01 499.99 369.79 701.87 351.64 674.48 477.63 560.00 616.72 717.60 598.18
00012152 00000087 285.12 111.74 473.98 660.68 500.25 370.08 701.68 352.57 674.60 478.53 559.60 617.08 717.06 599.11
00012153 00000088 285.49 112.04 473.42 659.08 500.55 370.41 701.82 352.53 674.93 478.68 560.02 616.95 717.23 598.66
00012154 00000089 284.85 111.40 474.18 657.58 499.76 370.09 701.86 350.38 675.28 478.20 560.81 617.14 718.03 597.29
00012155 00000090 284.95 111.79 473.62 654.49 499.80 370.24 701.62 350.64 674.96 477.64 561.17 616.35 717.93 596.53
00012156 00000091 285.47 111.20 471.87 653.06 498.62 370.26 700.99 350.41 673.48 475.95 560.87 614.76 717.74 594.49
00012157 00000092 287.12 111.01 468.79 651.73 498.10 370.81 699.91 350.25 672.31 474.97 560.98 613.87 716.69 592.97
00012158 00000093 286.33 108.32 469.17 656.78 496.97 370.58 699.60 349.34 672.17 474.91 560.41 614.34 717.68 592.75
00012159 00000094 285.95 104.41 470.18 671.06 496.53 369.61 698.05 348.93 670.53 472.77 562.35 617.12 718.00 596.15
00012160 00000095 286.55 105.08 466.60 677.57 499.70 368.01 694.74 351.79 670.78 472.99 565.87 621.59 715.46 604.76
00012161 00000096 286.48 105.68 465.63 669.16 498.33 367.21 695.14 348.94 670.07 471.68 566.42 617.72 716.39 598.82
00012162 00000097 287.18 105.05 464.30 659.79 497.36 366.37 696.09 346.65 670.60 467.94 565.96 611.95 717.99 591.46
00012163 00000098 288.80 106.08 463.84 652.39 497.57 366.07 698.87 346.30 670.99 466.28 565.24 609.07 719.56 588.39
00012164 00000099 288.91 104.07 465.62 655.18 497.28 365.41 699.61 344.86 671.45 464.42 564.85 608.60 721.17 587.19
00012165 00000100 290.38 106.98 465.30 652.36 498.32 364.72 700.70 343.54 673.21 464.04 566.52 608.95 722.24 587.04
00012166 00000101 292.05 103.15 465.32 656.84 500.17 365.17 702.99 342.97 675.10 463.96 569.15 610.28 724.61 587.71
00012167 00000102 293.72 104.56 464.21 653.92 501.13 365.98 705.24 343.04 676.70 466.60 570.60 611.30 726.40 588.02
00012168 00000103 294.67 104.99 465.38 654.94 502.33 365.63 706.39 342.62 678.36 468.55 572.07 613.17 727.77 589.83
00012169 00000104 295.98 106.58 466.08 654.58 503.68 365.48 708.60 342.09 680.40 469.71 574.11 615.65 729.54 592.06
00012170 00000105 296.31 106.06 467.51 654.88 505.00 366.02 711.33 342.73 682.82 471.63 575.27 617.48 731.31 593.87
00012171 00000106 295.76 105.16 468.93 655.49 504.58 365.91 711.61 343.39 681.93 472.45 573.02 616.87 730.93 593.90
00012172 00000107 295.21 105.19 469.60 658.32 504.51 365.88 709.40 343.91 680.69 470.93 571.56 615.39 728.86 593.07
00012173 00000108 295.93 104.61 469.22 662.10 505.33 365.06 708.84 345.53 679.61 471.59 570.78 615.60 726.28 595.44
00012174 00000109 292.86 106.84 469.97 664.16 512.00 373.10 709.58 352.75 687.97 474.96 567.21 617.55 721.23 597.71
00012175 00000110 290.05 108.40 472.05 665.63 516.00 375.73 708.55 359.14 689.99 476.35 565.34 616.28 717.18 600.03
00012176 00000111 292.21 105.74 470.24 666.80 509.51 370.92 708.84 352.77 684.49 475.00 563.75 616.68 719.24 598.57
00012177 00000112 292.59 105.46 469.08 662.15 504.79 367.62 706.98 350.43 678.84 473.01 563.75 615.46 719.76 597.74
00012178 00000113 292.98 106.02 466.55 654.70 501.47 367.91 706.84 349.30 677.05 472.49 563.34 615.45 721.02 596.27
00012179 00000114 292.75 106.77 466.26 651.97 500.29 368.30 706.66 350.15 676.92 473.63 561.25 615.19 720.22 596.43
00012180 00000115 292.08 104.77 467.31 658.16 500.01 367.53 705.30 349.30 675.97 471.78 563.42 615.33 721.34 596.41
00012181 00000116 292.05 104.35 466.27 661.82 500.47 366.78 703.73 349.51 674.53 471.51 563.95 614.85 719.82 596.63
00012182 00000117 291.32 104.76 467.88 661.67 499.28 366.86 703.45 347.08 674.97 471.84 562.34 614.48 720.70 594.26
00012183 00000118 290.37 104.85 468.23 662.40 498.67 366.46 703.17 346.96 674.45 472.41 561.23 614.65 720.05 594.64
00012184 00000119 290.86 103.62 467.83 666.68 499.36 364.53 701.26 347.86 671.74 471.52 560.85 612.64 717.17 595.08
00012185 00000120 289.34 104.60 469.86 671.02 499.22 364.09 700.41 347.83 673.17 473.34 558.46 614.54 715.56 597.79
00012186 00000121 288.41 105.49 470.34 670.14 498.56 364.25 699.89 348.30 672.75 473.19 556.67 613.91 714.58 597.45
00012187 00000122 287.15 105.77 470.33 669.27 497.11 364.60 699.71 349.53 672.27 473.20 555.30 614.16 714.89 598.36
00012188 00000123 287.85 105.83 468.51 664.18 497.30 365.11 700.97 350.40 672.00 471.81 555.46 611.90 716.03 596.08
00012189 00000124 288.95 103.52 466.95 667.53 500.97 365.87 702.83 351.26 675.29 470.88 555.22 611.07 715.28 595.65
00012190 00000125 288.46 104.63 467.83 670.81 500.86 365.36 701.36 351.83 674.35 471.47 554.27 611.07 714.36 596.62
00012191 00000126 287.92 107.86 468.43 674.49 501.78 366.32 700.01 351.63 675.79 473.79 552.22 613.61 712.89 598.60
00012192 00000127 286.82 108.02 469.34 678.49 502.32 367.25 698.52 352.84 676.67 475.00 549.60 614.17 710.38 599.67
00012193 00000128 288.46 108.51 468.60 681.40 504.56 369.07 700.32 354.31 678.73 477.89 549.19 617.03 710.65 602.47
00012194 00000129 286.87 111.36 469.48 676.17 512.96 378.66 703.20 365.57 686.72 481.37 548.21 617.11 706.93 605.05
00012195 00000130 288.69 113.05 466.03 667.16 512.67 379.56 704.92 363.23 688.92 481.41 550.26 615.99 708.90 601.04
00012196 00000131 291.81 110.54 463.56 659.31 509.42 378.03 706.48 358.38 687.41 480.25 553.83 614.96 712.85 596.36
00012197 00000132 297.19 107.42 460.59 658.61 510.09 374.05 708.24 352.36 687.77 478.08 560.36 614.74 717.92 594.12
00012198 00000133 301.40 108.12 460.08 660.28 511.28 371.84 712.98 352.21 689.05 477.64 565.07 617.67 724.25 598.48
00012199 00000134 302.23 107.40 461.77 669.32 514.56 371.16 712.66 351.09 691.36 477.49 569.45 620.08 724.82 600.55
00012200 00000135 301.54 106.51 462.42 677.53 517.25 369.77 712.81 352.04 693.38 477.30 568.89 620.85 723.25 603.54
00012201 00000136 301.40 111.04 464.12 681.50 515.61 371.18 708.84 351.42 691.74 479.98 561.56 623.31 720.66 605.16
00012202 00000137 300.83 113.27 464.44 680.81 515.29 369.07 704.77 346.43 693.28 479.53 563.91 625.17 719.52 604.83
00012203 00000138 299.87 110.49 466.92 674.39 513.31 368.63 707.29 346.69 690.80 478.92 569.20 624.21 722.56 603.92
00012204 00000139 301.14 109.16 465.17 665.21 509.22 369.36 711.66 346.93 689.34 478.81 569.59 624.12 727.69 602.77
00012205 00000140 298.62 110.74 468.36 667.18 508.58 369.03 710.63 346.03 688.40 477.98 569.80 623.25 727.85 601.22
00012206 00000141 294.60 113.20 470.22 677.01 509.24 368.94 703.45 346.77 685.74 479.65 563.73 623.25 720.33 602.60
00012207 00000142 292.37 114.24 471.11 682.46 507.76 370.06 698.09 346.51 685.81 482.88 557.81 626.18 715.70 605.07
00012208 00000143 291.96 115.03 470.72 668.02 504.39 371.49 700.43 348.03 682.36 481.89 557.87 621.37 717.09 599.88
00012209 00000144 292.87 114.04 469.33 656.13 504.60 372.12 703.48 346.46 682.05 479.48 560.78 616.28 720.38 592.27
00012210 00000145 294.34 114.61 468.01 649.91 502.39 371.28 706.48 347.11 680.01 477.21 560.18 613.75 722.89 590.56
00012211 00000146 294.63 114.79 467.74 648.20 502.01 369.81 707.61 345.89 680.76 475.88 559.16 612.86 723.28 589.93
00012212 00000147 294.40 112.35 469.24 650.02 501.31 368.18 708.91 344.52 680.23 474.10 558.29 611.79 723.93 589.12
00012213 00000148 295.03 110.37 469.05 651.04 501.74 366.36 708.66 343.30 679.78 472.57 558.21 610.46 722.99 588.45
00012214 00000149 296.08 109.86 468.29 650.40 501.60 364.18 708.74 341.72 678.91 470.40 559.50 609.16 723.49 587.44
00012215 00000150 296.28 109.16 467.64 650.95 501.31 364.10 708.37 342.32 677.92 469.07 558.72 608.30 722.98 587.28
00012216 00000151 295.61 108.51 467.98 653.02 500.27 363.92 706.93 342.40 676.98 468.96 558.19 608.85 721.92 587.96
00012217 00000152 295.24 108.21 467.94 655.20 499.36 363.67 705.19 342.58 675.61 468.72 558.14 609.45 721.25 588.89
00012218 00000153 293.65 105.79 470.18 665.60 500.15 363.18 703.20 342.50 674.93 469.38 557.08 609.89 719.81 589.64
00012219 00000154 293.47 106.91 468.60 664.89 499.49 364.13 702.52 345.10 673.60 469.93 557.21 610.64 718.70 591.56
00012220 00000155 293.78 108.87 467.24 654.21 498.83 365.68 703.81 345.58 674.62 469.99 559.97 610.38 721.67 590.06
00012221 00000156 295.57 108.51 465.69 650.71 499.50 365.52 705.46 344.47 674.51 467.63 562.10 608.81 723.89 587.58
00012222 00000157 296.06 107.43 465.22 652.26 500.01 365.59 704.89 344.13 674.49 465.85 565.92 609.88 724.67 588.10
00012223 00000158 295.71 108.01 465.81 661.44 502.31 364.81 704.12 345.15 675.59 468.78 563.02 611.19 720.99 591.22
00012224 00000159 294.58 112.22 468.53 679.65 506.20 367.87 701.64 348.43 680.17 476.34 555.16 619.54 717.82 601.19
00012225 00000160 298.29 112.58 468.41 690.52 508.95 368.50 703.14 347.22 686.06 479.41 554.44 627.12 720.21 607.96
00012226 00000161 299.14 110.00 468.05 691.40 511.16 367.65 704.95 346.57 688.85 478.84 556.42 626.26 720.53 607.36
00012227 00000162 300.40 102.92 465.96 680.60 511.49 364.49 710.23 345.97 688.13 471.62 565.06 617.91 723.44 600.10
00012228 00000163 303.04 103.60 464.48 668.74 511.52 364.58 715.93 344.05 691.53 472.13 570.15 618.40 730.87 598.49
00012229 00000164 303.25 102.12 464.78 670.41 512.07 363.03 715.60 342.45 691.19 470.69 573.74 618.50 732.85 598.40
00012230 00000165 301.67 102.55 465.98 676.36 511.80 360.59 711.50 341.75 688.09 468.38 571.37 616.29 727.17 597.71
00012231 00000166 298.26 102.42 469.47 680.28 511.27 362.14 708.85 341.46 688.30 472.03 565.34 616.81 722.50 597.23
00012232 00000167 297.09 105.20 470.12 675.09 509.18 364.94 708.27 344.63 685.63 475.34 562.53 617.40 720.73 598.04
00012233 00000168 296.18 107.98 469.98 670.60 508.78 365.37 707.88 345.29 684.66 477.88 562.63 617.82 719.88 598.56
00012234 00000169 296.38 108.92 469.04 664.78 507.11 365.81 707.77 345.85 682.61 477.37 562.74 616.31 720.05 596.87
00012235 00000170 297.03 110.40 468.47 656.57 505.26 366.93 708.79 346.72 680.81 477.12 562.74 615.06 721.78 595.15
00012236 00000171 296.89 110.91 467.85 651.39 504.13 366.76 709.57 347.15 679.96 476.60 562.55 614.12 722.13 594.49
00012237 00000172 296.94 111.89 467.15 647.63 503.95 366.79 711.48 347.46 680.96 477.12 562.80 614.51 723.93 594.96
00012238 00000173 297.81 112.24 466.27 646.69 503.66 366.64 711.89 347.74 680.68 477.55 561.17 614.00 723.21 594.99
00012239 00000174 298.40 110.67 465.11 648.36 504.80 366.96 712.26 348.25 682.06 476.86 562.19 614.13 723.80 595.25
00012240 00000175 298.07 109.80 464.63 648.07 505.39 367.41 712.21 348.94 682.87 475.84 562.72 613.66 724.21 594.97
00012241 00000176 299.44 106.88 463.54 650.44 505.28 365.66 711.72 347.60 682.15 473.87 563.06 613.00 724.02 594.73
00012242 00000177 299.39 105.51 463.66 659.53 505.38 363.46 711.15 346.14 681.43 472.48 564.27 614.65 723.67 596.88
00012243 00000178 298.44 103.67 464.50 676.53 508.08 359.36 704.74 345.68 679.13 466.63 564.36 612.25 718.46 597.80
00012244 00000179 298.07 103.93 464.82 678.03 508.36 359.16 704.42 344.53 681.29 465.94 562.28 613.11 718.92 598.38
00012245 00000180 300.21 98.81 462.46 673.48 506.85 355.79 706.69 338.56 681.58 459.11 567.67 609.91 723.83 592.78
00012246 00000181 305.16 95.01 459.99 666.10 514.25 354.05 713.10 334.65 691.01 452.60 579.91 607.68 734.68 588.75
00012247 00000182 311.94 86.36 455.00 655.88 526.39 351.99 714.44 325.16 702.68 445.85 595.36 600.32 740.20 575.98
00012248 00000183 319.26 79.90 454.81 660.53 542.16 348.79 721.61 322.33 722.07 439.35 615.72 598.94 752.88 575.37
00012249 00000184 321.83 74.93 454.68 665.23 551.44 345.16 728.52 320.47 735.34 433.86 624.31 595.52 760.36 573.04
00012250 00000185 324.55 75.40 456.88 662.49 554.98 345.87 735.27 320.14 739.21 438.17 625.47 594.49 763.48 571.06
00012251 00000186 324.19 80.19 458.91 661.25 555.56 350.28 738.67 328.21 740.49 445.65 623.90 598.76 763.90 578.44
00012252 00000187 324.34 88.82 460.18 660.10 551.94 356.51 737.16 338.77 735.56 449.10 617.84 602.79 760.40 585.90
00012253 00000188 325.40 94.10 457.50 658.49 548.25 363.26 737.00 343.90 730.80 460.61 611.85 609.43 756.15 590.98
00012254 00000189 323.73 99.18 459.78 655.91 546.29 367.69 735.91 345.69 729.33 468.60 609.44 614.51 752.77 594.07
00012255 00000190 324.01 104.41 457.19 650.53 542.78 368.27 733.71 346.89 722.91 469.08 607.93 615.12 751.35 594.61
00012256 00000191 322.74 102.52 458.02 653.12 539.54 367.74 732.44 346.66 717.25 468.32 603.94 613.87 749.28 593.50
00012257 00000192 318.94 97.91 460.54 659.25 536.34 363.04 730.70 342.57 713.67 466.76 599.65 613.18 745.98 593.38
00012258 00000193 317.50 97.94 459.56 661.82 535.81 361.62 729.51 344.88 711.44 466.89 596.24 612.65 742.08 595.98
00012259 00000194 314.13 98.48 461.24 664.45 533.04 361.23 728.71 346.83 709.55 467.77 592.16 613.76 739.94 599.00
00012260 00000195 312.61 100.56 461.15 663.49 531.81 362.13 728.13 349.20 707.36 469.92 589.35 615.28 737.83 601.71
00012261 00000196 310.92 99.36 463.02 672.80 522.13 371.58 714.61 355.94 699.27 472.60 587.65 615.61 738.30 601.07
00012262 00000197 308.92 100.06 464.36 672.89 519.33 371.19 712.57 356.29 697.25 470.86 584.45 614.20 737.05 600.21
00012263 00000198 307.22 100.37 465.27 662.07 525.54 361.11 723.65 346.90 700.27 467.56 583.70 613.19 732.81 598.41
00012264 00000199 305.53 100.51 465.04 661.52 522.06 362.07 722.15 346.38 697.68 469.60 578.36 612.94 730.68 596.98
00012265 00000200 305.92 100.65 463.53 658.51 521.17 360.92 722.36 345.63 696.12 468.69 576.83 611.69 729.83 596.26
00012266 00000201 305.78 100.33 464.58 660.49 520.23 359.92 721.58 345.03 695.14 467.59 575.72 610.93 730.20 595.95
00012267 00000202 303.97 100.24 466.96 665.92 518.30 359.12 719.38 342.75 693.58 468.95 573.07 611.99 727.46 595.78
00012268 00000203 302.23 101.59 468.69 666.86 518.68 359.81 719.65 343.79 694.71 470.94 572.68 613.69 727.38 597.67
00012269 00000204 301.89 101.91 469.05 664.06 519.05 360.76 719.57 344.72 694.66 471.17 572.59 613.53 726.99 597.63
00012270 00000205 303.23 102.71 467.84 658.80 518.19 360.63 720.06 343.48 694.00 471.14 573.28 612.96 728.08 596.10
00012271 00000206 305.69 100.64 466.66 659.62 519.19 359.72 721.16 342.60 694.68 468.71 575.55 612.74 730.22 596.04
00012272 00000207 307.04 101.52 465.61 658.44 520.07 359.11 721.34 342.93 694.59 467.59 576.24 611.96 730.15 595.99
00012273 00000208 306.98 101.38 465.70 659.04 521.08 358.52 721.80 341.86 695.81 467.60 577.26 612.12 730.44 595.78
00012274 00000209 306.52 101.43 467.28 660.52 522.47 359.19 722.48 341.40 697.80 469.76 579.59 613.86 731.14 596.37
00012275 00000210 307.43 100.87 464.48 660.57 525.62 362.01 724.16 343.83 701.27 470.74 584.10 615.31 733.35 597.20
00012276 00000211 311.60 98.79 461.72 660.20 529.48 364.68 723.77 343.33 703.86 468.48 591.35 612.59 737.95 591.66
00012277 00000212 313.97 102.06 460.76 656.24 530.16 365.69 723.71 343.73 704.27 467.80 594.22 612.97 740.54 591.35
00012278 00000213 312.65 102.03 460.94 655.83 529.52 365.07 723.18 343.82 703.53 467.99 592.03 611.79 738.94 590.86
00012279 00000214 311.99 102.51 459.74 657.58 531.34 370.37 724.61 351.88 704.45 473.36 587.42 612.88 736.22 594.60
00012280 00000215 309.40 104.60 464.29 666.57 524.81 388.84 713.64 366.20 702.48 479.92 581.82 612.49 736.78 593.33
00012281 00000216 308.16 108.36 462.74 667.47 531.36 376.99 722.47 362.83 703.49 479.18 580.80 621.60 729.17 607.52
00012282 00000217 307.15 104.93 464.30 676.48 524.90 370.61 721.60 356.48 698.63 479.69 579.41 624.08 729.76 609.50
00012283 00000218 307.04 105.13 465.44 671.84 522.24 368.41 721.63 353.01 696.91 477.05 578.80 621.52 730.64 605.67
00012284 00000219 307.86 106.59 466.59 659.57 521.00 368.88 722.73 350.01 697.55 476.59 579.95 619.95 733.50 601.05
00012285 00000220 309.70 105.15 464.51 656.52 520.86 367.86 722.99 347.43 698.41 475.09 579.76 617.91 734.04 597.99
00012286 00000221 311.98 104.86 463.90 655.75 520.74 366.71 723.59 346.28 697.24 473.11 580.95 617.32 735.22 597.26
00012287 00000222 311.88 107.08 464.93 653.05 522.08 366.42 724.54 346.84 698.31 474.02 579.99 616.35 735.00 597.31
00012288 00000223 312.38 108.82 464.70 651.12 523.67 366.35 725.44 346.83 699.83 474.64 580.14 615.57 734.89 596.67
00012289 00000224 312.48 109.56 464.52 650.26 523.21 365.82 724.40 347.05 698.56 473.38 579.56 614.29 734.35 596.01
00012290 00000225 313.26 107.07 463.52 656.00 522.45 365.07 721.44 345.43 696.66 472.36 578.95 614.87 732.41 595.96
00012291 00000226 312.49 107.03 464.21 654.66 519.42 365.21 720.79 343.31 694.95 472.05 577.92 615.18 732.59 594.31
00012292 00000227 311.20 108.04 464.49 652.74 516.20 366.25 719.44 341.98 692.60 471.85 577.34 615.67 733.83 592.60
00012293 00000228 308.93 110.61 464.51 652.46 511.27 366.94 716.36 340.57 688.64 474.56 572.77 617.43 731.89 592.61
00012294 00000229 303.24 112.51 465.06 653.75 502.93 369.76 710.48 348.41 676.63 476.80 564.01 616.89 724.27 595.57
00012295 00000230 297.61 117.61 464.50 661.09 487.48 375.30 696.63 354.57 660.96 486.16 545.81 622.22 711.09 602.28
00012296 00000231 296.47 122.94 462.22 658.76 473.65 382.01 688.23 363.00 641.91 499.50 529.57 625.70 702.61 607.31
00012297 00000232 296.09 124.41 459.30 658.12 467.58 384.86 683.22 369.39 632.22 503.85 520.47 625.10 697.00 609.63
00012298 00000233 299.25 124.58 457.84 658.54 468.47 386.88 682.22 370.99 630.18 506.71 521.49 627.41 695.62 611.81
00012299 00000234 302.57 125.48 458.70 665.67 473.29 387.55 681.52 370.65 630.38 507.65 525.36 632.03 692.08 615.87
00012300 00000235 305.27 126.48 460.95 664.89 474.13 387.43 685.56 369.95 632.94 507.77 527.20 634.08 694.83 617.72
00012301 00000236 308.40 126.80 462.14 664.71 476.31 386.83 691.32 368.91 636.56 506.88 529.36 634.23 700.60 617.47
00012302 00000237 311.99 123.39 462.83 669.27 477.98 386.69 695.80 368.28 638.62 507.30 530.94 635.77 704.61 618.58
00012303 00000238 315.49 124.43 462.06 671.44 480.28 387.84 697.36 368.09 641.16 508.10 531.01 637.66 706.45 619.83
00012304 00000239 320.55 122.47 460.83 677.82 488.01 389.07 700.84 371.71 645.25 509.17 534.08 639.76 707.83 624.13
00012305 00000240 324.24 125.15 458.96 672.16 500.25 391.94 704.78 372.10 657.79 509.50 544.26 641.38 710.51 624.06
00012306 00000241 329.20 126.03 457.73 661.16 509.52 392.61 715.10 373.87 670.05 507.43 558.64 639.41 722.09 622.21
00012307 00000242 335.36 115.60 458.08 675.20 513.82 394.44 723.79 373.34 677.93 507.09 567.67 630.56 736.63 612.44
00012308 00000243 336.74 114.60 460.73 670.08 516.47 391.17 724.29 367.83 681.24 502.52 574.35 625.30 742.40 605.36
00012309 00000244 342.28 115.88 460.22 665.87 522.96 388.79 726.89 362.94 687.75 498.31 583.20 622.25 748.54 600.41
00012310 00000245 344.84 116.61 461.72 667.72 527.78 388.27 729.15 362.12 692.36 496.61 588.02 622.38 752.00 600.35
00012311 00000246 344.60 120.37 460.08 670.61 535.62 383.32 732.73 362.49 698.97 499.41 586.63 627.56 750.34 607.78
00012312 00000247 345.02 122.25 461.99 670.65 538.85 382.56 735.07 361.49 703.83 499.17 589.06 628.57 752.01 608.93
00012313 00000248 345.41 121.60 465.14 671.93 541.82 380.68 739.81 360.71 708.26 496.59 590.72 627.30 755.95 608.51
00012314 00000249 343.77 117.39 467.77 676.20 544.30 376.99 742.07 353.24 714.53 494.41 593.37 625.63 758.84 603.48
00012315 00000250 344.42 113.59 469.67 674.96 546.52 372.78 747.07 350.51 718.37 488.25 595.65 619.29 763.26 597.96
00012316 00000251 345.65 110.39 469.10 671.55 546.31 368.56 750.35 349.03 719.90 482.10 598.54 614.36 767.24 594.70
00012317 00000252 347.61 109.62 467.58 663.12 547.15 368.31 753.73 349.29 721.06 478.64 603.31 610.77 771.43 591.23
00012318 00000253 349.13 111.62 467.32 662.60 550.87 370.19 755.22 350.62 725.01 480.74 606.75 612.47 773.24 592.79
00012319 00000254 347.95 110.81 470.18 678.15 552.95 372.93 754.61 353.59 727.56 486.67 605.08 621.20 770.96 602.48
00012320 00000255 346.95 115.26 471.30 684.69 556.71 375.85 752.29 357.88 728.47 491.72 602.53 627.86 766.70 610.97
00012321 00000256 348.13 116.51 469.04 685.53 555.97 377.95 751.52 361.69 726.86 493.79 601.23 631.10 765.08 615.73
00012322 00000257 346.96 116.08 468.82 683.98 554.60 378.14 750.40 362.89 724.76 494.18 598.72 629.49 762.94 614.83
00012323 00000258 344.81 116.78 469.00 679.97 552.60 377.23 747.38 360.06 722.60 494.85 596.77 626.86 760.78 610.53
00012324 00000259 341.82 115.39 471.04 681.04 551.70 375.78 745.88 358.05 722.20 491.85 594.53 623.30 759.49 606.40
00012325 00000260 341.82 112.00 470.72 683.97 552.04 373.09 745.87 356.51 723.24 487.37 595.15 621.32 760.04 605.19
00012326 00000261 342.51 109.64 469.23 678.58 550.65 369.50 746.80 350.80 724.05 482.13 600.72 617.37 764.81 598.87
00012327 00000262 345.03 106.55 465.56 665.56 550.46 369.66 749.14 351.19 721.56 475.82 611.99 611.62 770.24 592.43
00012328 00000263 347.30 105.86 459.45 663.82 548.68 375.62 741.03 349.85 718.73 475.67 617.62 616.03 769.86 594.02
00012329 00000264 345.19 104.41 459.32 666.77 547.71 375.07 737.42 348.73 716.70 474.78 618.64 616.08 768.16 593.66
00012330 00000265 342.62 107.50 457.53 661.17 548.87 371.38 738.07 348.39 714.64 476.90 615.99 611.54 763.41 589.08
00012331 00000266 341.36 106.82 456.29 660.93 548.15 373.27 736.04 348.68 713.52 476.75 614.91 611.22 762.19 587.54
00012332 00000267 340.86 107.81 454.97 662.28 544.63 377.48 730.63 349.45 712.50 475.61 615.59 613.10 762.37 589.35
00012333 00000268 333.85 105.74 461.03 659.30 538.19 376.57 727.62 349.18 710.16 470.54 610.64 609.02 761.98 585.66
00012334 00000269 329.35 101.55 459.34 666.54 533.07 373.39 720.54 347.19 706.60 465.47 607.58 610.48 756.07 588.10
00012335 00000270 325.17 99.67 459.55 669.60 528.25 372.19 716.05 347.10 701.43 462.96 601.82 609.68 751.43 588.10
00012336 00000271 321.30 101.37 462.57 652.92 528.16 365.75 724.81 340.71 704.68 461.81 596.11 612.01 746.86 588.57
00012337 00000272 318.44 101.99 463.55 650.20 523.93 367.65 722.40 339.32 701.71 461.67 595.08 612.46 746.86 586.02
00012338 00000273 313.54 103.00 466.26 647.70 520.12 368.69 719.16 338.58 698.80 460.61 593.44 611.58 745.53 583.53
00012339 00000274 308.35 100.52 468.14 651.58 515.84 369.40 716.03 339.25 695.64 462.32 588.79 613.98 741.39 585.83
00012340 00000275 303.27 100.71 468.16 666.99 512.50 371.87 713.95 341.50 693.42 470.42 584.97 623.16 738.33 594.68
00012341 00000276 299.99 99.92 468.78 677.28 514.88 373.62 710.16 348.35 692.55 477.25 584.98 627.46 733.31 603.62
00012342 00000277 297.16 102.38 470.57 679.32 513.48 374.28 708.62 350.43 691.17 479.86 582.50 628.57 731.50 605.99
00012343 00000278 295.61 99.51 470.58 680.01 512.13 371.36 709.10 348.11 690.09 475.79 580.29 625.05 730.65 602.66
00012344 00000279 294.31 97.15 472.03 679.65 509.71 368.61 709.32 343.40 688.88 473.32 580.04 623.70 731.72 599.49
00012345 00000280 293.55 96.48 471.66 680.78 509.76 366.74 709.61 341.88 689.28 470.70 579.54 621.88 732.11 597.86
00012346 00000281 293.63 95.44 472.20 686.14 510.63 366.45 708.87 342.04 689.81 469.81 578.92 621.10 731.93 597.65
00012347 00000282 292.19 96.04 474.63 690.66 511.87 366.12 707.66 341.29 691.50 470.07 577.67 621.84 731.14 598.34
00012348 00000283 292.09 97.01 476.34 692.51 514.18 368.38 706.22 342.95 694.23 473.34 578.20 624.63 729.82 601.14
00012349 00000284 292.47 101.67 477.24 689.11 516.29 371.33 707.44 345.75 696.67 475.12 578.55 625.97 730.80 602.54
00012350 00000285 294.00 101.84 477.64 686.95 516.79 370.97 709.50 346.78 697.05 473.40 579.78 624.86 732.42 602.47
00012351 00000286 295.28 102.12 478.10 686.70 518.99 372.35 710.10 347.62 699.11 474.22 581.10 625.48 733.15 602.82
00012352 00000287 295.87 104.42 478.83 686.62 519.73 373.94 710.40 348.03 700.76 476.36 581.85 627.94 733.87 604.42
00012353 00000288 297.00 107.64 478.83 686.35 521.52 375.43 712.25 350.15 702.57 479.90 581.29 630.65 733.63 607.91
00012354 00000289 298.28 107.18 479.23 688.39 523.69 376.94 713.45 351.40 704.64 481.02 582.82 632.15 734.51 609.36
00012355 00000290 298.58 110.20 478.42 687.82 522.39 377.32 712.58 351.76 703.83 482.72 580.89 633.34 734.29 610.63
00012356 00000291 299.33 110.30 477.66 690.23 522.43 377.43 712.46 352.14 703.97 483.23 580.33 634.85 734.16 612.53
00012357 00000292 298.07 111.25 476.28 694.41 522.46 375.93 709.85 352.33 703.63 482.47 578.27 636.14 732.08 615.45
00012358 00000293 297.06 110.66 475.49 693.86 520.79 376.06 708.10 352.67 702.25 483.19 576.59 635.21 729.93 614.71
00012359 00000294 296.78 109.29 475.14 676.19 516.23 378.68 708.85 351.94 695.79 481.21 577.87 627.60 730.41 603.22
00012360 00000295 297.34 106.40 474.90 671.12 516.16 378.58 711.53 347.41 699.41 476.84 584.76 626.70 736.92 598.16
00012361 00000296 301.99 104.61 473.43 666.94 519.84 374.39 714.80 343.01 702.79 471.79 591.46 623.79 741.30 594.77
00012362 00000297 307.14 96.87 472.52 677.36 529.43 370.56 720.77 339.65 714.15 469.07 599.24 623.07 746.80 594.78
00012363 00000298 313.56 88.99 471.54 682.74 543.21 368.51 723.90 334.59 732.59 459.29 617.20 620.38 761.01 590.01
00012364 00000299 323.74 90.60 467.87 679.41 547.69 369.68 718.86 335.05 734.90 440.93 634.80 609.48 770.01 581.02
00012365 00000300 330.22 91.20 467.01 672.19 555.34 367.33 724.30 334.89 740.51 440.58 645.60 606.38 777.47 579.88
00012366 00000301 326.91 84.53 470.54 687.36 562.21 364.27 736.24 330.48 747.78 449.35 642.92 609.67 782.76 579.47
00012367 00000302 321.82 95.25 467.28 696.33 561.19 370.05 729.00 338.85 744.34 461.72 634.32 621.12 771.33 593.27
00012368 00000303 314.85 103.92 472.53 698.04 555.06 373.53 724.57 346.82 739.43 476.83 606.97 626.18 754.03 602.63
00012369 00000304 309.61 108.14 474.82 692.57 550.83 382.39 720.21 354.55 733.33 485.83 599.42 629.28 748.08 604.92
00012370 00000305 307.70 110.78 476.04 682.73 548.42 392.53 718.85 359.74 728.43 491.45 597.59 630.80 746.51 602.28
00012371 00000306 307.19 115.56 478.00 674.10 546.47 398.28 719.20 361.75 725.16 494.75 597.09 632.44 747.15 600.84
00012372 00000307 307.59 115.20 478.02 676.44 545.05 399.13 717.97 363.48 722.64 496.15 595.55 633.58 746.51 602.74
00012373 00000308 306.35 115.86 479.25 676.21 543.13 397.99 718.20 362.90 721.51 496.83 593.85 633.80 747.04 603.28
00012374 00000309 311.59 114.92 475.91 677.28 529.57 400.86 717.63 362.58 718.04 492.00 597.73 632.58 755.15 600.62
00012375 00000310 309.19 112.28 475.61 679.75 528.32 396.57 714.84 360.25 715.93 489.55 593.59 629.10 750.85 598.64
00012376 00000311 308.02 110.96 475.49 681.48 526.08 393.01 713.23 358.48 713.14 486.90 592.74 628.14 749.35 598.90
00012377 00000312 304.27 110.36 479.44 674.95 531.87 381.77 719.82 352.64 712.49 482.19 595.72 632.56 744.55 606.96
00012378 00000313 305.42 108.10 478.36 677.68 530.71 380.12 720.79 350.79 712.18 481.11 597.90 634.74 746.27 608.82
00012379 00000314 308.48 109.23 474.08 685.33 522.10 386.56 714.80 356.02 707.85 482.82 597.75 631.78 751.54 605.38
00012380 00000315 305.16 107.58 476.88 671.99 526.95 379.03 721.11 348.83 709.89 480.29 597.91 633.43 747.48 606.35
00012381 00000316 303.50 104.23 476.95 675.97 525.99 378.14 720.98 347.42 709.37 479.30 597.84 633.65 747.56 605.99
00012382 00000317 303.04 102.17 476.82 682.59 526.51 377.08 719.98 346.64 710.25 478.59 600.24 635.38 748.93 608.03
00012383 00000318 302.96 100.69 476.98 691.08 528.54 375.46 719.06 348.31 711.21 476.47 602.92 636.63 749.75 612.11
00012384 00000319 300.82 100.92 477.72 693.05 525.88 375.23 718.95 347.23 710.23 479.01 598.98 637.82 748.37 612.61
00012385 00000320 298.30 99.44 480.76 702.25 525.56 375.36 718.13 349.43 709.42 481.08 594.26 639.50 745.80 616.47
00012386 00000321 297.22 106.35 482.83 710.21 524.73 376.79 715.52 355.78 705.62 485.15 584.52 643.98 739.31 625.65
00012387 00000322 298.89 106.75 479.91 702.82 525.46 379.64 717.16 357.81 706.30 488.30 591.61 646.31 741.94 627.06
00012388 00000323 300.72 105.77 478.73 688.35 525.03 381.94 717.01 355.41 706.51 486.42 597.78 642.21 744.73 618.65
00012389 00000324 302.32 109.73 477.02 686.62 515.74 389.27 710.10 358.24 703.30 484.30 598.33 633.05 752.08 605.68
00012390 00000325 299.90 104.26 479.43 673.27 524.63 382.81 717.22 349.58 706.76 481.83 596.90 632.95 744.73 603.04
00012391 00000326 299.85 102.74 479.04 673.20 523.85 380.06 717.32 347.40 706.34 476.87 593.83 628.21 743.40 598.72
00012392 00000327 297.61 99.49 481.48 677.21 523.25 378.51 717.47 347.21 706.93 476.65 592.03 627.70 742.29 599.41
00012393 00000328 296.87 99.90 482.31 677.23 522.12 378.09 716.86 347.17 705.39 477.35 589.23 627.29 740.70 599.46
00012394 00000329 295.66 99.26 484.01 678.08 521.45 378.15 716.82 347.27 705.03 478.02 588.55 627.84 739.93 600.14
00012395 00000330 296.15 100.21 483.48 676.77 520.61 378.00 716.80 346.09 704.56 478.57 587.62 628.16 740.30 599.64
00012396 00000331 295.42 101.08 483.69 675.89 518.74 376.72 716.30 345.61 702.73 478.65 586.50 627.51 740.06 599.54
00012397 00000332 295.55 101.03 483.24 674.17 517.92 376.97 716.45 345.58 702.42 478.93 585.63 627.02 740.33 598.74
00012398 00000333 293.98 100.69 484.22 674.33 517.06 376.11 715.67 344.58 701.85 478.43 585.89 626.87 739.96 598.42
00012399 00000334 291.32 100.84 485.89 678.66 516.33 375.41 713.98 345.71 700.22 479.68 582.72 626.96 737.55 600.18
00012400 00000335 289.09 101.34 488.35 685.85 517.10 375.93 712.22 348.54 700.02 480.12 581.02 628.41 735.84 603.86
00012401 00000336 289.19 100.78 488.17 690.60 517.33 376.00 710.75 348.67 699.19 481.82 580.94 630.50 735.34 606.14
00012402 00000337 288.02 100.75 488.73 691.88 517.47 376.97 710.19 349.54 699.66 481.96 580.54 630.98 734.98 606.65
00012403 00000338 288.99 100.58 487.67 692.23 517.52 377.93 710.11 350.81 699.14 482.75 581.05 631.45 734.97 607.24
00012404 00000339 289.72 100.57 486.90 692.57 518.02 377.90 710.30 350.81 699.41 482.63 582.01 631.92 735.46 607.78
00012405 00000340 289.95 99.58 487.01 693.10 518.07 377.39 710.74 350.08 699.65 481.81 583.01 631.75 736.33 607.37
00012406 00000341 289.80 100.20 486.58 691.64 518.49 377.25 710.75 350.37 700.22 481.44 583.53 631.24 736.14 607.18
00012407 00000342 289.29 99.92 486.72 691.53 518.40 376.88 709.95 349.08 700.59 480.50 584.42 631.24 736.23 606.49
00012408 00000343 289.42 99.15 485.03 690.71 518.66 376.28 709.68 347.91 700.84 479.86 584.75 630.70 735.60 605.45
00012409 00000344 289.08 100.27 483.57 688.48 517.67 375.17 708.72 348.20 699.46 479.13 584.25 629.22 735.18 604.93
00012410 00000345 287.92 98.27 483.92 690.41 517.14 374.19 707.07 347.51 698.13 478.29 583.30 628.06 733.28 604.02
00012411 00000346 287.62 96.26 483.41 692.43 516.57 372.97 707.15 346.67 697.32 477.51 583.08 627.59 732.81 603.75
00012412 00000347 287.33 95.75 482.44 690.57 515.60 372.29 706.92 346.13 695.44 478.00 581.78 626.39 730.88 602.47
00012413 00000348 286.84 95.76 483.78 685.75 512.90 374.12 707.54 345.10 695.09 480.51 580.01 627.44 731.99 601.09
00012414 00000349 288.18 95.22 482.52 683.98 512.56 374.13 707.53 343.87 694.51 479.04 580.58 626.32 732.34 598.84
00012415 00000350 287.85 93.78 482.48 690.11 514.06 373.65 705.57 344.73 694.01 476.62 581.15 625.72 730.08 599.55
00012416 00000351 287.55 95.17 484.61 691.46 513.84 374.66 706.06 344.96 694.85 478.87 580.77 627.81 731.51 601.13
00012417 00000352 288.67 98.18 483.99 683.88 513.52 374.37 707.83 344.54 695.29 478.18 580.72 626.64 732.64 599.78
00012418 00000353 290.08 98.47 483.35 681.70 516.36 375.91 710.06 345.29 699.14 477.23 582.34 626.56 733.98 599.08
00012419 00000354 295.56 103.90 478.98 683.79 516.81 389.30 706.49 361.31 704.40 479.06 579.89 622.18 738.99 597.96
00012420 00000355 298.76 102.37 476.63 684.85 517.47 389.33 712.82 361.51 706.26 482.49 583.51 626.89 743.88 602.59
00012421 00000356 299.35 99.87 478.59 678.31 528.04 381.85 724.03 354.32 713.65 483.37 593.79 634.42 744.62 609.71
00012422 00000357 300.54 100.62 477.62 679.71 528.33 382.87 722.72 353.26 712.85 483.76 595.54 635.72 745.79 609.26
00012423 00000358 301.97 102.58 478.19 680.95 527.20 383.07 720.20 353.55 709.15 483.48 598.04 636.81 747.11 610.30
00012424 00000359 302.51 106.36 476.43 689.26 518.17 391.09 712.57 360.83 704.16 485.26 595.96 631.55 751.27 605.08
00012425 00000360 302.29 106.80 477.02 686.17 516.56 392.03 711.80 360.51 704.24 485.51 593.69 631.37 750.70 603.90
00012426 00000361 302.08 106.03 476.82 684.46 516.74 390.87 712.44 359.04 704.58 485.49 592.13 629.64 749.92 601.91
00012427 00000362 301.00 103.95 478.33 685.61 517.17 388.95 712.00 356.34 705.37 483.36 592.41 628.67 749.92 600.34
00012428 00000363 300.56 103.24 478.93 687.32 516.99 387.82 711.44 355.49 705.13 482.76 592.58 629.16 749.49 601.01
00012429 00000364 300.48 104.75 479.10 687.66 515.71 387.86 709.72 356.43 702.96 482.50 593.06 629.69 748.71 602.28
00012430 00000365 295.98 101.51 483.21 686.26 520.43 379.97 716.33 354.05 701.89 484.28 590.20 635.03 741.48 611.46
00012431 00000366 294.05 102.28 483.74 691.79 517.99 379.51 711.80 356.66 696.33 489.99 585.29 637.84 736.05 617.15
00012432 00000367 293.23 103.91 483.18 688.13 514.89 379.95 711.32 357.61 692.95 490.88 581.32 636.77 734.25 616.26
00012433 00000368 294.84 100.36 483.92 688.70 518.39 380.17 714.02 355.66 698.23 487.05 586.19 635.03 737.89 612.71
00012434 00000369 302.83 103.91 479.63 694.45 516.38 387.19 710.32 356.50 702.02 485.49 589.43 631.49 746.59 604.85
00012435 00000370 308.65 101.84 476.16 695.96 527.68 386.98 716.82 356.08 711.18 485.11 598.27 632.54 750.01 606.30
00012436 00000371 310.43 100.95 477.15 703.13 534.88 386.07 720.97 354.55 720.85 486.04 603.02 635.09 753.67 608.52
00012437 00000372 305.81 99.54 480.86 702.58 548.79 377.26 724.81 353.57 727.41 487.39 597.79 628.92 749.52 607.41
00012438 00000373 307.50 97.08 478.48 702.67 550.05 376.90 725.61 351.36 728.77 486.04 597.18 626.84 749.75 603.89
00012439 00000374 305.18 100.75 479.56 694.16 546.73 376.14 725.34 350.05 727.12 484.78 592.51 624.45 747.73 601.07
00012440 00000375 303.09 97.75 481.95 687.30 540.02 374.10 725.13 345.90 724.84 481.71 594.10 628.36 742.02 604.40
00012441 00000376 298.95 100.22 482.72 683.22 528.92 374.43 719.71 344.57 712.31 479.96 585.14 626.81 738.27 601.18
00012442 00000377 292.65 95.44 486.93 691.26 522.84 373.47 715.91 343.28 706.60 478.55 581.45 627.42 735.76 601.22
00012443 00000378 290.06 97.07 488.27 689.86 522.19 371.49 713.60 342.95 704.97 477.22 583.33 627.31 735.56 602.20
00012444 00000379 289.40 94.98 486.69 685.89 519.11 371.58 713.86 342.91 702.98 476.71 584.01 626.25 736.19 600.65
00012445 00000380 291.29 93.63 485.16 684.37 518.13 372.57 715.24 342.49 703.04 475.87 589.18 627.47 740.96 600.30
00012446 00000381 293.87 98.93 480.85 688.48 510.98 383.39 706.00 351.60 701.11 478.57 590.69 627.54 747.03 598.86
00012447 00000382 294.33 99.30 482.69 695.95 511.54 387.10 707.50 355.01 702.44 482.82 593.30 632.44 750.76 603.71
00012448 00000383 295.42 105.36 484.38 692.88 510.95 390.16 709.52 358.34 702.69 487.74 594.45 637.17 751.98 608.76
00012449 00000384 299.29 107.14 484.13 694.61 513.22 393.21 712.56 361.28 704.58 489.87 593.81 639.54 754.27 611.20
00012450 00000385 303.18 108.66 484.50 691.90 517.38 394.03 716.40 362.08 707.25 490.47 597.14 639.56 756.69 611.41
00012451 00000386 305.39 108.72 483.95 693.04 521.45 394.28 717.68 363.01 710.24 490.35 598.55 638.77 757.27 611.49
00012452 00000387 306.41 108.99 482.03 696.40 524.91 392.62 717.59 364.33 710.94 489.19 601.50 638.95 755.74 614.27
00012453 00000388 307.57 109.94 480.85 702.05 522.85 393.45 716.35 366.30 709.46 491.91 596.37 642.06 752.84 618.32
00012454 00000389 305.57 110.61 481.17 700.91 520.50 392.24 715.28 365.16 709.35 492.96 592.55 641.85 750.85 618.27
00012455 00000390 306.03 110.33 479.97 697.64 520.56 391.01 714.72 364.66 708.73 492.22 591.59 640.04 749.07 617.07
00012456 00000391 304.44 109.49 480.79 696.20 519.61 390.40 714.50 362.62 708.54 491.55 590.00 638.90 748.35 614.87
00012457 00000392 302.97 107.89 480.89 696.29 518.46 389.93 713.28 360.87 707.72 489.20 589.76 637.31 748.40 612.03
00012458 00000393 300.45 107.97 483.00 694.77 515.32 389.15 711.92 358.57 706.47 488.43 588.68 637.43 747.86 610.89
00012459 00000394 300.30 107.06 482.50 691.99 515.64 389.13 711.29 357.78 705.44 487.21 591.29 636.44 748.18 609.16
00012460 00000395 298.87 106.49 482.82 687.45 514.38 388.70 711.10 356.27 706.77 487.00 591.95 637.14 748.32 608.95
00012461 00000396 298.70 106.83 481.96 687.31 514.62 389.03 710.85 357.40 706.42 486.51 592.17 636.34 748.25 608.75
00012462 00000397 298.78 108.54 482.62 695.74 514.09 388.89 711.19 360.88 706.52 487.01 590.00 639.11 748.19 614.43
00012463 00000398 298.95 108.35 480.72 703.63 513.59 387.82 709.47 362.71 704.80 487.09 588.35 640.73 746.06 618.38
00012464 00000399 298.03 108.58 480.12 696.17 512.51 389.07 708.14 362.33 703.29 487.81 586.63 637.21 744.87 613.55
00012465 00000400 298.63 106.79 479.63 687.06 512.37 390.16 708.63 360.13 703.66 487.93 586.80 634.78 744.88 608.49
00012466 00000401 298.27 105.90 478.65 684.18 512.26 389.73 708.02 358.10 704.23 486.35 588.37 633.76 745.12 606.28
00012467 00000402 298.13 105.25 478.64 688.26 513.80 388.65 707.28 356.98 705.66 484.19 590.17 633.55 746.00 606.03
00012468 00000403 297.15 105.80 479.96 695.22 513.34 387.58 707.14 356.49 706.02 484.91 589.27 635.41 746.27 608.37
00012469 00000404 297.12 106.00 479.12 698.72 513.74 386.72 705.66 356.46 705.47 485.26 589.78 635.80 745.61 609.31
00012470 00000405 298.94 105.49 476.45 691.32 513.92 388.66 706.42 356.46 704.40 486.19 590.84 633.85 745.12 605.88
00012471 00000406 296.07 106.72 478.34 682.25 511.07 391.01 705.11 358.26 704.23 487.50 586.96 631.64 744.09 603.15
00012472 00000407 295.00 105.25 479.12 682.29 509.66 390.62 704.88 358.84 701.78 487.01 585.40 629.78 744.14 601.78
00012473 00000408 290.07 99.07 485.74 685.04 519.17 380.85 712.70 352.35 701.88 483.02 589.68 631.88 739.70 605.88
00012474 00000409 290.70 100.38 485.44 685.12 520.69 380.61 712.59 351.28 703.51 481.72 590.66 631.80 740.43 605.22
00012475 00000410 292.07 102.45 484.47 680.81 519.88 381.13 713.54 351.71 702.92 482.62 590.46 631.55 741.06 604.68
00012476 00000411 294.28 102.47 482.39 680.75 520.45 382.16 713.05 351.06 703.07 483.10 592.24 632.39 742.95 604.11
00012477 00000412 296.73 105.59 478.86 683.77 520.77 385.29 713.04 355.62 702.41 490.97 590.96 638.66 741.87 612.09
00012478 00000413 296.46 109.05 473.86 696.54 516.60 391.40 712.90 366.84 694.72 513.01 581.98 653.07 735.99 630.81
00012479 00000414 294.06 114.82 476.60 703.64 514.28 392.01 713.14 372.60 690.83 520.49 574.44 660.95 729.77 643.55
00012480 00000415 296.45 114.68 475.28 691.23 512.79 392.49 713.06 370.30 688.75 518.07 575.98 654.77 730.30 634.58
00012481 00000416 296.39 113.29 477.59 679.45 517.99 386.14 715.78 361.59 697.94 504.42 585.02 644.67 737.55 622.07
00012482 00000417 300.62 107.64 475.71 682.04 528.82 386.63 721.36 363.36 708.84 490.34 588.42 637.09 740.96 615.97
00012483 00000418 292.88 105.00 485.34 688.97 532.43 380.73 718.15 355.13 713.64 484.89 586.81 634.22 734.78 612.17
00012484 00000419 289.82 100.45 485.53 692.02 529.23 379.30 716.92 353.36 713.19 483.45 581.73 631.39 734.00 609.02
00012485 00000420 289.54 96.88 484.15 684.85 522.38 374.24 718.40 347.42 706.88 481.80 575.60 625.46 732.35 601.97
00012486 00000421 289.46 93.10 482.73 680.58 516.55 371.84 717.60 342.10 703.37 476.98 575.39 622.12 734.64 595.64
00012487 00000422 288.46 92.28 481.14 679.23 513.83 369.93 715.16 339.08 699.80 474.22 577.17 621.43 734.52 593.61
00012488 00000423 287.13 90.88 480.95 681.76 511.99 368.94 713.00 338.63 696.85 472.78 577.33 620.96 733.92 593.29
00012489 00000424 286.24 94.19 479.94 676.61 510.99 369.12 712.45 339.54 695.40 472.89 576.06 620.09 732.41 592.83
00012490 00000425 285.22 94.65 479.82 676.80 510.11 368.20 711.20 340.01 693.79 472.50 575.82 619.55 731.41 593.35
00012491 00000426 283.78 95.29 480.03 679.46 509.05 368.20 709.14 340.78 692.64 472.21 574.86 619.57 730.02 593.88
00012492 00000427 279.80 99.47 482.57 675.46 506.89 371.08 706.50 343.32 690.23 475.70 571.39 621.19 727.05 595.32
00012493 00000428 278.35 102.55 483.47 674.07 505.20 374.46 704.95 347.06 688.62 479.06 568.47 623.47 724.22 598.11
00012494 00000429 275.80 102.18 485.01 682.86 504.39 375.94 702.07 351.11 686.02 483.32 564.81 626.40 720.67 603.48
00012495 00000430 275.36 105.23 483.60 691.54 502.11 377.29 697.52 355.08 681.83 486.78 554.40 629.49 714.82 609.38
00012496 00000431 274.21 106.02 482.97 701.73 500.19 375.89 694.51 358.02 678.41 487.70 549.01 633.83 712.52 617.38
00012497 00000432 274.23 107.66 483.42 699.89 500.04 376.18 695.22 359.70 677.61 488.19 547.18 633.18 711.84 617.89
00012498 00000433 273.06 106.94 485.68 698.36 501.22 374.32 696.54 357.01 681.23 486.56 547.98 631.86 711.43 615.94
00012499 00000434 273.22 106.58 486.27 698.10 507.02 374.48 698.37 357.17 687.28 484.68 552.57 629.36 713.80 613.38
00012500 00000435 280.72 108.53 482.76 694.17 512.95 373.28 702.66 353.26 693.13 485.07 562.45 630.35 720.70 612.30
00012501 00000436 283.01 105.33 482.97 686.69 514.12 373.56 707.70 351.36 695.43 483.12 570.39 628.53 726.18 608.24
00012502 00000437 284.62 103.21 482.13 677.37 513.96 373.70 712.02 349.20 697.84 480.13 574.55 625.60 730.14 602.97
00012503 00000438 286.49 102.50 479.82 672.57 513.11 372.76 713.28 349.16 696.50 478.65 576.40 623.76 731.42 601.54
00012504 00000439 286.15 102.75 480.17 672.17 511.52 371.93 713.45 347.01 695.30 479.16 574.50 623.62 731.27 600.20
00012505 00000440 284.22 98.87 482.83 685.55 510.84 370.50 710.06 347.17 692.22 478.06 571.90 623.55 728.41 601.61
00012506 00000441 283.27 100.07 482.64 692.66 514.02 370.49 707.54 349.65 693.12 479.05 571.81 624.60 726.45 604.98
00012507 00000442 284.17 104.42 480.93 691.57 514.93 371.13 706.60 350.74 693.66 481.75 569.78 627.37 724.68 608.54
00012508 00000443 284.60 104.00 479.92 691.42 513.68 370.99 706.41 350.86 692.96 482.19 570.27 628.27 725.07 609.59
00012509 00000444 284.17 103.69 479.57 690.57 512.05 371.30 705.61 351.38 691.99 482.21 569.83 629.16 724.63 610.62
00012510 00000445 281.92 106.23 479.87 689.82 508.91 371.64 702.82 353.29 688.85 482.14 567.04 629.05 722.42 611.75
00012511 00000446 279.91 107.93 479.93 693.88 505.58 370.60 699.03 356.14 684.26 481.56 559.77 630.07 717.30 616.14
00012512 00000447 277.23 109.51 480.25 694.74 499.53 371.93 694.58 357.14 677.41 481.62 553.46 630.59 713.58 616.34
00012513 00000448 274.64 113.57 479.08 692.70 492.78 375.24 689.31 359.44 668.66 484.84 546.98 633.51 708.97 618.57
00012514 00000449 273.38 112.88 476.06 694.84 485.38 379.47 685.64 362.36 659.86 492.32 539.49 636.98 703.63 620.60
00012515 00000450 270.81 120.13 471.72 682.52 485.02 393.80 684.38 371.31 658.39 507.81 531.36 643.20 696.26 622.75
00012516 00000451 267.22 123.17 474.90 687.67 490.87 399.63 687.12 376.48 661.43 524.04 533.35 653.48 694.58 632.64
00012517 00000452 275.88 132.55 470.30 687.14 494.59 414.69 687.93 389.91 659.74 537.82 539.49 665.69 695.67 644.22
00012518 00000453 276.67 144.99 480.76 693.31 496.75 427.13 704.44 400.68 674.14 555.08 548.59 682.24 710.78 657.13
00012519 00000454 292.30 144.61 475.50 696.72 512.76 434.11 719.48 406.92 689.68 565.07 559.26 690.92 722.73 666.32
00012520 00000455 294.56 145.89 480.75 702.44 523.25 431.54 723.31 404.44 701.37 560.61 563.89 688.40 725.39 664.97
00012521 00000456 297.38 146.60 480.37 697.70 526.68 424.22 724.59 394.82 706.90 551.06 569.22 683.73 728.64 658.72
00012522 00000457 297.68 144.25 475.67 688.59 526.37 413.78 721.39 385.14 706.18 534.37 573.39 674.11 729.33 649.41
00012523 00000458 300.87 137.01 472.70 684.27 531.15 406.12 718.34 370.25 710.06 521.03 580.87 662.89 733.05 632.33
00012524 00000459 301.64 122.41 468.28 686.32 530.88 395.26 713.41 368.28 708.18 509.76 583.73 650.07 733.51 627.26
00012525 00000460 299.84 116.97 470.89 685.27 528.10 392.17 714.83 366.84 706.77 503.29 585.53 647.26 734.68 625.43
00012526 00000461 300.20 118.95 468.36 680.34 525.17 393.86 714.36 367.91 703.54 507.13 585.00 649.07 733.54 626.52
00012527 00000462 301.17 124.21 465.37 677.17 522.47 400.30 714.78 371.25 701.05 514.33 582.24 653.33 734.17 628.18
00012528 00000463 293.51 133.28 473.90 687.13 519.64 402.17 712.83 370.83 697.64 518.44 577.74 665.44 728.74 637.23
00012529 00000464 287.05 134.26 476.78 705.98 513.71 398.62 706.26 374.39 689.43 520.85 568.80 668.78 721.21 646.48
00012530 00000465 281.22 128.78 479.08 713.79 505.96 396.62 697.95 371.89 684.07 513.10 555.94 662.60 715.33 640.15
00012531 00000466 278.07 128.19 477.11 707.72 502.56 387.74 689.88 363.17 678.45 495.11 550.18 651.84 707.74 629.82
00012532 00000467 270.41 117.19 480.74 700.10 494.29 375.19 684.40 359.00 673.16 485.60 537.47 635.22 701.72 620.74
00012533 00000468 268.50 117.16 480.37 690.25 487.73 369.32 682.56 349.51 668.07 480.42 532.73 627.02 700.64 609.14
00012534 00000469 265.62 110.93 481.05 696.04 485.30 366.91 681.53 348.64 666.64 477.82 528.32 624.60 698.12 607.79
00012535 00000470 266.01 115.55 480.44 694.31 488.20 372.30 681.38 353.52 668.17 484.28 529.45 628.64 696.60 611.74
00012536 00000471 269.39 122.13 477.44 695.66 492.58 382.59 682.22 364.12 670.73 495.84 535.77 642.06 698.34 625.76
00012537 00000472 271.62 122.03 476.56 700.66 496.26 394.49 686.83 372.84 671.20 514.56 540.02 653.26 701.21 634.28
00012538 00000473 275.36 132.21 475.43 686.74 495.21 401.73 688.33 378.29 668.96 523.01 540.89 655.61 703.19 635.29
00012539 00000474 277.06 134.45 475.10 684.60 493.68 403.54 690.16 379.76 667.49 524.46 539.87 656.24 704.80 635.61
00012540 00000475 276.70 131.84 476.30 684.78 492.24 401.19 689.90 379.98 665.76 520.59 539.17 653.41 705.87 634.78
00012541 00000476 274.16 127.24 475.63 686.23 492.61 396.01 687.82 378.68 664.90 511.86 537.45 647.98 701.68 632.58
00012542 00000477 269.28 127.09 478.80 688.61 489.77 392.53 684.75 376.16 662.90 509.65 533.75 646.85 697.67 632.16
00012543 00000478 269.12 127.32 476.12 692.39 488.95 392.19 682.18 374.59 662.56 512.23 532.64 649.65 695.26 633.92
00012544 00000479 270.70 128.92 473.57 689.11 490.81 397.44 682.35 378.75 662.06 518.10 533.65 652.61 695.00 636.12
00012545 00000480 272.13 132.13 472.55 681.91 490.90 401.34 683.97 379.99 661.64 523.03 534.92 654.16 695.78 635.54
00012546 00000481 272.64 133.15 471.89 677.69 490.04 402.30 683.85 380.76 660.42 522.98 535.28 653.14 695.92 634.31
00012547 00000482 270.34 128.32 471.03 680.03 488.91 398.93 680.92 378.22 659.43 516.31 534.57 648.34 694.24 630.10
00012548 00000483 265.14 126.78 475.68 679.26 485.10 391.12 676.42 373.95 657.09 505.06 528.74 640.92 688.24 625.59
00012549 00000484 262.24 122.98 475.73 685.13 482.70 385.82 673.75 369.72 655.50 501.47 523.50 638.17 684.35 623.61
00012550 00000485 260.88 122.89 475.27 687.08 482.35 386.30 672.79 370.88 654.99 503.85 522.46 640.19 682.25 626.06
00012551 00000486 263.08 126.29 471.48 682.70 484.22 393.30 673.16 375.75 654.91 512.21 525.98 644.50 683.39 628.64
00012552 00000487 266.94 127.66 469.66 679.97 486.73 398.66 676.34 379.56 655.66 517.78 530.22 648.28 686.97 631.38
00012553 00000488 269.20 127.22 467.97 680.32 487.75 399.46 678.35 380.07 656.79 517.22 533.46 649.31 690.49 632.08
00012554 00000489 268.09 125.59 469.41 681.51 488.39 395.24 677.70 377.89 658.36 511.83 536.00 646.71 690.37 631.08
00012555 00000490 267.05 121.26 470.92 683.80 485.79 390.55 677.32 374.19 656.39 504.27 537.20 643.33 692.41 628.06
00012556 00000491 265.01 119.87 471.93 688.54 483.52 387.73 676.09 373.11 654.62 500.89 535.37 642.60 692.15 628.52
00012557 00000492 266.59 119.75 468.19 695.66 484.52 388.61 675.37 373.85 654.08 504.64 537.20 647.40 691.74 633.17
00012558 00000493 267.41 121.04 469.04 696.05 485.02 394.64 675.72 379.62 652.83 512.42 539.22 652.76 690.68 638.55
00012559 00000494 268.71 128.94 470.45 690.58 487.43 401.66 678.71 384.59 654.26 521.80 540.34 658.86 691.87 643.15
00012560 00000495 272.85 134.89 469.11 690.44 489.25 402.97 680.36 386.33 655.37 525.21 543.39 664.64 694.29 649.29
00012561 00000496 273.19 132.52 469.34 695.13 489.84 401.81 681.74 386.06 656.83 523.97 545.35 666.82 695.50 652.21
00012562 00000497 272.33 126.91 469.97 693.86 488.73 399.31 682.88 383.54 657.36 519.62 543.21 660.15 696.73 645.48
00012563 00000498 271.51 121.76 469.80 691.48 487.69 396.80 683.53 380.78 659.56 517.53 542.06 656.29 698.20 641.07
00012564 00000499 272.20 121.14 469.36 690.97 487.95 395.89 683.88 379.54 659.97 516.86 543.05 655.16 699.28 639.64
00012565 00000500 271.93 119.89 471.06 695.49 489.86 395.45 685.45 381.09 661.27 517.24 544.03 656.91 699.73 643.08
00012566 00000501 273.29 119.42 471.95 699.59 491.87 395.37 687.07 382.82 662.98 516.98 545.26 657.91 700.57 645.73
00012567 00000502 272.86 120.33 473.52 703.19 492.87 394.36 687.30 383.09 664.05 515.56 546.42 658.59 701.31 647.39
00012568 00000503 273.26 117.76 472.19 707.93 494.48 390.83 685.31 381.23 664.21 511.93 547.55 657.34 699.30 647.59
00012569 00000504 271.90 115.81 470.80 708.32 493.38 389.37 683.69 379.18 662.83 510.41 544.56 654.63 697.18 644.30
00012570 00000505 271.03 115.99 471.07 704.64 491.33 388.51 683.03 378.33 661.15 508.57 542.46 651.98 695.95 641.68
00012571 00000506 270.31 114.59 470.47 704.62 490.36 387.66 681.55 377.28 660.03 507.17 541.11 650.03 694.97 639.46
00012572 00000507 270.16 115.48 470.07 703.31 489.57 387.31 681.02 377.05 659.20 507.08 540.36 649.76 694.42 639.29
00012573 00000508 271.80 116.28 468.56 701.52 490.04 386.83 681.39 376.49 659.53 506.76 540.75 649.20 694.70 638.64
00012574 00000509 275.00 116.34 466.75 698.02 491.84 384.20 682.50 375.37 659.49 504.57 542.00 645.86 695.54 636.62
00012575 00000510 279.45 118.26 465.30 691.16 497.62 387.97 687.87 379.68 666.04 502.16 542.72 643.90 696.78 635.73
00012576 00000511 282.06 119.94 464.38 686.52 500.82 388.07 690.72 380.83 669.37 502.13 544.38 643.08 697.99 635.82
00012577 00000512 285.64 120.99 462.60 681.20 497.42 385.09 690.68 374.67 668.37 499.58 545.13 640.47 700.60 630.51
00012578 00000513 288.05 120.02 461.63 678.72 499.14 379.71 692.52 371.67 668.96 495.86 548.92 635.27 702.91 626.77
00012579 00000514 295.03 117.30 458.17 675.50 500.17 376.34 697.60 370.07 669.57 492.24 552.97 629.90 707.99 622.33
00012580 00000515 302.62 116.07 455.32 673.27 504.42 373.01 705.70 366.94 674.68 490.65 554.59 627.06 711.85 619.65
00012581 00000516 309.16 114.30 455.37 669.88 508.87 369.74 714.28 364.99 678.14 488.77 556.83 624.40 715.20 617.78
00012582 00000517 312.12 110.27 459.67 670.21 518.75 383.30 713.19 376.33 691.21 487.41 559.36 614.69 719.97 608.60
00012583 00000518 321.01 111.86 456.91 662.16 531.01 372.31 730.55 364.68 700.09 482.96 571.62 620.11 727.06 612.02
00012584 00000519 332.04 101.59 453.84 676.53 532.11 368.83 729.85 365.20 699.15 479.57 575.64 612.55 735.45 608.82
00012585 00000520 339.65 99.26 450.89 676.54 538.38 364.78 736.83 361.29 702.83 479.69 581.58 612.54 739.96 608.91
00012586 00000521 344.69 95.80 448.65 677.56 544.35 363.47 740.77 358.03 707.58 480.30 585.57 610.80 743.23 605.77
00012587 00000522 345.44 96.06 451.81 672.13 549.11 362.85 745.75 356.65 714.40 478.31 591.66 607.80 752.06 602.04
00012588 00000523 348.48 94.84 451.93 669.48 554.26 362.69 749.92 355.77 717.76 476.63 597.57 604.38 757.21 597.99
00012589 00000524 349.60 97.08 452.23 668.92 557.69 363.08 750.95 355.67 720.63 476.12 602.57 605.91 758.59 599.22
00012590 00000525 352.30 99.10 452.11 667.69 562.72 364.19 752.11 357.93 724.48 476.94 607.64 607.06 759.06 601.58
00012591 00000526 348.86 105.65 456.44 657.47 565.97 361.09 761.17 363.95 730.54 477.75 610.99 602.85 763.31 601.55
00012592 00000527 348.53 103.94 457.70 662.74 566.60 362.84 760.97 363.93 732.08 479.41 609.87 604.52 762.95 601.82
00012593 00000528 349.15 106.95 458.42 665.76 569.48 364.36 761.96 365.16 735.51 483.16 608.10 607.15 761.73 604.83
00012594 00000529 348.56 110.80 460.99 671.64 572.10 367.23 761.68 366.29 739.59 487.29 607.33 613.84 761.69 610.57
00012595 00000530 349.73 116.91 462.25 679.50 576.22 371.07 761.81 370.66 745.11 494.49 605.29 622.44 761.32 620.42
00012596 00000531 350.95 119.52 461.45 692.62 579.62 376.54 760.79 376.91 748.51 500.80 604.96 631.97 760.40 631.23
00012597 00000532 352.85 121.12 463.11 701.04 578.44 384.03 763.54 386.09 744.77 512.26 604.25 642.96 761.67 643.54
00012598 00000533 357.74 122.62 462.55 704.96 581.57 387.63 768.13 391.14 746.11 517.63 609.53 648.42 766.37 650.03
00012599 00000534 362.49 124.79 459.76 695.15 584.29 386.71 772.41 389.38 748.65 518.25 616.76 648.00 771.40 648.81
00012600 00000535 363.91 121.91 457.72 684.46 586.30 385.07 776.38 383.99 752.46 514.87 621.74 641.36 774.50 638.98
00012601 00000536 364.72 119.86 457.19 672.86 586.12 383.14 778.50 383.32 752.66 505.80 629.89 632.75 781.87 630.70
00012602 00000537 362.42 116.04 457.64 671.32 584.75 382.50 776.82 380.76 752.75 499.29 632.23 626.30 784.87 622.20
00012603 00000538 362.02 114.67 455.04 673.54 586.35 378.42 776.29 379.41 752.49 496.12 634.06 625.31 784.61 623.20
00012604 00000539 361.27 113.06 452.61 683.10 587.08 373.92 774.64 376.62 753.59 493.80 635.88 629.69 783.36 629.27
00012605 00000540 360.72 111.13 452.95 688.80 588.61 371.73 775.27 375.29 756.61 491.93 636.76 631.41 782.65 631.84
00012606 00000541 361.75 110.27 453.55 682.88 590.22 370.95 778.87 373.53 761.36 492.26 638.67 631.45 784.22 631.11
00012607 00000542 361.04 106.86 456.78 680.94 590.72 370.47 780.48 368.45 764.04 491.17 637.54 627.05 786.15 622.79
00012608 00000543 361.53 105.75 457.93 674.93 589.24 371.07 782.42 367.77 762.05 490.59 637.30 622.90 788.60 617.03
00012609 00000544 361.38 102.16 456.24 675.46 588.46 369.47 779.20 365.69 758.82 485.92 637.73 617.29 786.70 610.93
00012610 00000545 359.32 101.73 457.07 674.82 583.76 368.83 775.80 365.90 753.27 484.49 635.66 616.14 784.40 610.37
00012611 00000546 355.46 100.80 457.47 680.70 581.69 368.80 771.70 367.39 750.85 484.17 633.40 617.18 781.45 612.72
00012612 00000547 353.96 104.37 455.86 676.68 577.73 370.12 768.42 367.51 746.82 486.21 630.56 618.87 779.64 613.39
00012613 00000548 351.85 105.55 456.75 674.78 575.51 371.46 766.95 368.49 744.90 486.67 628.66 619.07 778.37 613.38
00012614 00000549 349.73 106.29 458.03 674.01 572.94 372.08 764.50 368.92 741.85 487.40 624.77 618.12 776.03 612.21
00012615 00000550 348.04 106.37 459.35 676.13 570.53 371.27 761.73 367.56 739.43 487.73 622.20 619.15 773.74 612.78
00012616 00000551 346.38 105.68 459.39 679.58 568.80 370.70 759.10 368.10 737.40 487.78 618.10 619.63 769.50 614.23
00012617 00000552 343.82 105.17 461.52 683.07 567.95 371.84 757.57 368.12 737.59 489.85 614.72 621.66 767.20 615.51
00012618 00000553 343.19 106.63 461.73 681.10 567.31 373.85 757.68 370.12 737.17 491.95 611.19 622.19 765.50 616.22
00012619 00000554 350.11 110.27 460.08 682.20 561.64 379.76 751.92 367.69 732.96 493.42 611.79 627.86 765.19 617.34
00012620 00000555 341.11 106.37 462.81 683.96 565.21 374.35 755.68 370.19 734.66 494.50 606.28 622.90 762.30 616.58
00012621 00000556 340.01 105.71 464.48 681.02 564.26 374.26 754.03 368.63 731.89 493.01 605.60 618.71 761.53 611.11
00012622 00000557 338.56 105.41 466.07 678.80 562.93 374.18 754.28 366.83 732.69 493.66 602.39 617.08 760.50 608.16
00012623 00000558 345.88 104.78 461.06 676.88 559.46 380.60 748.03 366.17 727.10 490.53 605.17 617.48 760.40 604.94
00012624 00000559 338.68 104.78 463.65 675.10 562.93 376.37 751.99 368.97 730.42 492.52 605.36 614.77 760.75 605.57
00012625 00000560 335.11 101.88 465.11 685.42 563.06 375.74 746.67 366.85 728.41 492.97 603.81 615.99 757.37 605.64
00012626 00000561 339.96 106.56 464.12 682.57 554.69 381.81 744.34 363.94 726.97 489.89 603.77 621.49 759.92 606.00
00012627 00000562 340.58 107.33 462.58 681.68 552.82 386.66 745.87 366.53 727.72 492.98 604.79 625.55 763.89 607.92
00012628 00000563 333.45 110.26 462.11 680.50 560.56 391.63 742.05 375.38 728.78 502.87 604.29 628.63 755.63 612.98
00012629 00000564 332.08 115.23 460.46 692.10 555.81 400.36 737.52 383.53 721.70 518.60 602.11 645.60 750.29 629.73
00012630 00000565 329.04 127.99 462.63 692.68 550.01 412.17 734.16 388.28 721.86 533.08 595.69 661.72 748.65 640.84
00012631 00000566 326.97 136.09 459.42 697.92 545.76 422.25 729.21 395.32 718.68 540.66 588.43 672.04 744.92 648.99
00012632 00000567 322.60 138.06 461.81 699.90 542.54 419.95 726.50 395.21 716.06 538.54 584.75 671.46 742.55 650.28
00012633 00000568 319.26 126.67 463.58 707.25 538.48 410.93 721.83 388.49 712.10 531.08 580.96 664.48 738.75 644.95
00012634 00000569 311.45 119.39 467.76 700.00 537.31 404.40 716.91 383.78 707.14 524.56 578.00 651.47 733.46 633.16
00012635 00000570 307.07 116.76 471.11 686.17 533.55 392.93 717.29 373.88 703.89 508.20 580.12 643.75 731.61 627.38
00012636 00000571 301.05 116.79 473.10 680.26 527.80 386.17 714.42 371.03 699.18 500.57 576.47 637.04 727.90 623.17
00012637 00000572 296.77 112.69 473.93 684.59 524.17 384.85 711.92 368.54 698.68 497.70 571.01 634.45 724.92 619.97
00012638 00000573 292.92 114.50 474.93 683.83 521.31 382.91 708.99 366.14 696.38 496.11 566.30 632.73 721.69 617.86
00012639 00000574 290.02 111.79 476.32 685.96 519.01 382.57 707.88 365.32 695.15 495.68 563.82 632.14 720.31 616.86
00012640 00000575 288.78 110.41 475.47 688.69 518.47 381.73 706.07 366.15 694.79 494.28 562.16 630.97 718.01 617.06
00012641 00000576 286.07 109.32 477.65 693.01 518.43 380.05 704.07 365.72 694.78 492.35 560.73 630.69 716.07 617.79
00012642 00000577 284.87 111.53 475.94 692.39 515.08 378.62 701.24 364.51 692.57 491.45 558.04 631.25 714.49 618.45
00012643 00000578 287.06 109.74 471.03 685.96 511.51 378.89 703.17 366.88 687.66 491.15 564.64 632.36 718.55 620.73
00012644 00000579 286.21 107.97 471.17 685.76 509.72 379.22 702.56 366.53 686.34 491.48 565.18 632.53 719.15 620.13
00012645 00000580 285.99 106.26 469.52 693.53 510.96 378.45 700.92 366.96 685.56 491.97 566.96 635.50 719.20 624.04
00012646 00000581 284.09 107.18 471.75 702.40 512.75 376.40 697.62 367.05 685.40 492.09 562.33 636.88 713.80 627.66
00012647 00000582 282.24 108.17 471.98 696.37 510.12 377.65 694.50 366.24 683.54 491.95 559.12 633.91 710.38 622.94
00012648 00000583 280.44 106.41 472.22 683.53 507.45 378.91 694.01 363.41 681.28 489.67 562.25 628.95 710.85 614.19
00012649 00000584 280.67 103.88 471.60 678.34 504.49 379.17 693.89 360.18 679.75 488.08 563.80 626.63 713.35 608.59
00012650 00000585 279.72 103.71 471.40 677.21 503.14 379.61 693.16 359.12 678.75 487.98 563.14 625.92 713.07 606.53
00012651 00000586 280.12 103.41 471.10 680.63 504.28 379.83 692.51 361.03 677.18 487.07 563.75 626.41 712.56 608.39
00012652 00000587 279.88 104.21 469.44 682.19 504.00 379.06 691.55 362.68 675.20 486.04 563.59 626.55 711.84 610.49
00012653 00000588 279.44 104.67 469.03 680.40 503.79 378.65 691.14 363.39 674.15 486.33 562.48 625.77 710.18 610.61
00012654 00000589 277.88 104.53 470.38 676.90 501.21 379.80 691.28 362.54 673.33 487.99 560.61 625.93 709.77 609.05
00012655 00000590 277.42 105.78 470.16 672.73 499.95 379.08 691.02 361.51 672.38 486.99 558.89 623.74 708.82 606.57
00012656 00000591 276.19 106.24 471.98 679.47 500.17 378.57 689.45 361.18 673.03 487.74 555.09 625.48 707.20 608.86
00012657 00000592 274.85 105.67 473.56 687.73 501.37 377.13 688.25 361.48 674.13 488.49 551.25 627.67 704.13 612.81
00012658 00000593 273.99 106.47 475.77 688.30 502.67 378.36 689.16 363.68 675.63 490.56 548.70 627.72 702.55 613.92
00012659 00000594 274.26 106.33 475.77 686.85 502.33 378.72 689.31 364.09 676.35 490.40 550.05 627.95 703.26 614.20
00012660 00000595 275.19 106.22 475.43 688.61 502.23 378.85 690.75 364.35 677.58 490.87 550.06 629.15 704.82 615.57
00012661 00000596 275.40 106.49 475.43 692.50 503.18 378.52 690.90 365.22 678.05 491.36 547.93 629.65 704.18 617.12
00012662 00000597 275.08 106.65 476.00 696.94 503.67 377.54 690.41 365.67 677.74 491.02 545.74 630.14 702.79 618.91
00012663 00000598 275.41 106.38 475.31 696.52 503.62 376.90 690.51 365.48 677.51 491.26 545.71 630.51 702.05 619.69
00012664 00000599 276.02 106.94 473.86 686.54 502.48 377.83 690.16 364.44 676.85 490.30 549.82 628.82 703.89 616.22
00012665 00000600 277.46 107.31 473.44 677.55 500.11 379.29 692.56 362.44 675.67 489.36 553.40 627.17 708.06 611.28
00012666 00000601 277.23 107.08 474.63 672.58 501.20 380.30 693.46 362.19 675.75 487.71 557.11 623.92 710.20 606.68
00012667 00000602 277.39 106.04 474.75 671.73 501.48 380.48 694.71 360.59 677.20 486.97 558.67 622.69 712.58 603.73
00012668 00000603 277.16 104.71 475.66 679.93 502.78 379.24 693.47 361.28 677.10 487.37 557.29 624.41 710.50 607.28
00012669 00000604 277.22 103.95 474.38 686.08 502.98 377.23 692.65 361.48 676.58 487.60 556.00 626.28 708.47 611.09
00012670 00000605 277.50 104.43 475.06 688.40 504.03 375.91 692.63 360.55 677.78 487.71 557.14 628.04 708.77 613.37
00012671 00000606 277.41 104.61 475.05 686.19 503.66 375.61 692.87 360.95 677.86 487.85 557.07 627.81 708.53 613.75
00012672 00000607 278.56 103.74 473.80 681.67 501.96 376.57 694.52 361.07 677.38 487.88 557.83 627.36 709.89 612.42
00012673 00000608 278.63 103.14 474.19 680.01 502.11 376.69 695.80 361.50 677.43 487.72 558.25 626.11 711.25 611.25
00012674 00000609 278.88 102.67 474.14 684.76 502.20 376.44 695.05 362.09 676.92 486.99 558.92 626.90 711.56 612.68
00012675 00000610 280.14 103.49 472.29 690.75 503.59 375.93 693.97 363.11 677.07 487.79 560.06 629.98 711.47 617.20
00012676 00000611 279.84 102.60 472.39 695.83 504.05 374.95 694.11 363.50 677.68 488.04 559.63 632.18 711.18 620.67
00012677 00000612 279.25 103.50 471.29 697.39 503.20 374.63 693.23 363.93 677.05 488.13 557.61 633.90 709.33 623.12
00012678 00000613 277.59 102.43 472.26 699.09 500.74 375.13 691.40 363.10 674.83 488.16 555.93 634.26 708.25 622.30
00012679 00000614 274.80 102.76 473.90 698.85 498.80 376.00 688.95 364.05 672.62 487.50 554.06 633.06 707.12 621.05
00012680 00000615 275.17 102.88 473.15 698.03 499.80 379.84 688.93 367.09 673.44 487.75 554.11 633.68 706.59 621.20
00012681 00000616 274.50 101.12 473.76 698.28 509.02 381.63 694.68 369.61 682.47 489.20 555.61 634.17 704.71 623.00
00012682 00000617 277.08 103.21 470.29 691.83 505.24 380.35 694.68 370.15 679.13 486.59 554.33 630.28 707.16 619.99
00012683 00000618 279.42 96.43 468.97 694.37 501.90 372.46 694.84 360.43 676.96 480.22 556.74 625.95 710.71 613.54
00012684 00000619 279.57 93.78 469.51 691.92 503.92 368.62 697.10 355.32 679.50 476.67 561.28 621.08 713.31 607.07
00012685 00000620 284.29 90.95 467.62 690.87 506.98 367.90 700.54 352.95 681.56 474.05 566.26 618.94 716.81 603.35
00012686 00000621 285.29 92.44 468.89 681.95 508.00 368.57 704.51 351.52 683.49 474.94 567.80 617.58 719.73 600.17
00012687 00000622 286.57 98.87 469.00 669.58 511.80 369.92 707.16 349.78 688.94 479.18 569.87 617.56 722.19 597.67
00012688 00000623 290.17 104.14 468.50 665.95 513.08 371.34 710.47 349.77 691.34 481.71 571.28 619.90 724.72 598.91
00012689 00000624 292.10 106.67 470.04 673.44 516.25 373.93 712.45 354.82 694.24 485.83 574.68 625.78 726.84 607.11
00012690 00000625 293.70 108.62 471.18 682.30 519.70 377.84 713.30 360.96 697.25 492.92 576.68 632.26 728.15 615.94
00012691 00000626 295.30 117.72 472.19 682.70 519.38 386.05 712.50 368.53 695.01 506.77 577.05 644.58 727.92 628.35
00012692 00000627 297.00 123.68 474.00 688.06 516.34 398.72 712.53 376.33 690.19 523.39 571.84 658.14 727.06 638.48
00012693 00000628 292.19 136.41 479.60 687.75 512.62 411.99 718.17 382.39 692.96 531.10 571.58 674.41 730.73 647.57
00012694 00000629 292.51 139.45 479.93 688.55 513.33 413.54 719.29 384.09 694.75 532.61 573.85 677.92 732.61 651.17
00012695 00000630 290.90 138.84 480.96 690.67 513.42 412.81 718.42 382.41 695.29 530.77 574.54 677.92 732.58 650.26
00012696 00000631 288.60 134.78 482.01 696.79 513.20 408.18 716.11 380.49 692.37 527.14 572.57 673.72 730.21 648.21
00012697 00000632 287.23 132.29 480.95 696.34 512.95 401.94 714.01 377.68 689.51 524.91 569.80 669.37 725.83 646.58
00012698 00000633 290.74 123.13 476.31 693.52 510.99 398.20 710.27 377.92 685.65 524.60 569.33 661.49 725.44 643.29
00012699 00000634 289.99 121.43 476.69 698.02 511.32 396.35 710.72 377.88 686.84 524.38 569.42 662.14 726.42 645.36
00012700 00000635 289.46 120.17 478.50 706.44 511.45 395.10 711.07 378.52 686.72 522.15 568.31 662.62 727.49 647.42
00012701 00000636 289.10 118.92 477.53 708.11 513.02 393.50 709.94 378.92 687.29 520.59 568.28 663.11 724.28 649.78
00012702 00000637 289.86 119.21 477.68 699.67 510.62 393.11 709.86 375.82 685.19 519.20 568.08 658.43 726.07 642.57
00012703 00000638 290.22 116.26 478.18 693.90 509.44 392.54 710.87 373.17 685.44 517.35 570.95 655.12 728.25 637.31
00012704 00000639 289.55 115.19 477.26 692.69 509.15 391.83 711.08 372.06 685.77 516.93 572.11 654.64 728.93 636.26
00012705 00000640 288.72 114.94 477.83 691.98 509.30 391.03 710.61 371.80 685.69 515.93 572.39 653.43 728.70 635.44
00012706 00000641 288.49 115.16 477.93 691.90 508.86 390.81 710.65 371.56 685.60 515.60 571.93 653.65 728.70 635.63
00012707 00000642 287.28 115.57 477.98 692.35 508.61 390.54 709.61 370.92 685.78 515.07 571.30 654.12 727.52 635.90
00012708 00000643 286.45 116.23 478.28 690.02 507.37 390.51 708.17 371.51 684.08 513.92 570.29 652.97 726.24 635.23
00012709 00000644 285.14 117.57 477.31 686.09 506.42 391.44 706.17 372.99 682.74 512.18 569.03 650.80 724.53 633.49
00012710 00000645 283.56 118.34 477.36 684.01 505.08 391.15 704.65 373.73 680.55 510.80 566.69 648.94 722.31 632.46
00012711 00000646 281.31 118.56 477.64 687.10 503.64 391.39 702.97 373.91 679.91 510.43 564.10 649.50 720.93 632.89
00012712 00000647 277.18 116.56 478.54 693.19 501.77 390.41 699.30 373.68 677.26 510.48 559.06 650.30 715.38 634.41
00012713 00000648 273.92 116.84 480.40 690.80 500.28 393.28 697.58 372.80 677.37 512.19 556.04 650.76 713.58 631.80
00012714 00000649 273.23 115.41 480.21 691.62 499.04 392.41 695.20 370.99 675.19 508.63 556.42 648.96 712.91 629.28
00012715 00000650 273.05 116.99 479.47 688.67 497.53 391.88 692.31 370.13 672.87 506.28 554.72 647.53 710.38 627.76
00012716 00000651 271.15 116.93 479.99 689.32 495.72 391.08 689.69 367.67 671.37 505.62 550.13 646.40 707.22 625.47
00012717 00000652 269.45 115.83 481.14 695.79 495.19 389.06 688.92 366.66 671.06 505.38 546.34 647.06 705.18 627.05
00012718 00000653 267.21 116.71 482.90 705.65 494.96 386.25 686.16 366.48 671.36 504.38 543.22 649.65 702.02 632.02
00012719 00000654 266.21 116.56 483.45 709.42 493.00 385.91 684.91 367.45 670.06 504.32 540.14 650.89 700.71 634.33
00012720 00000655 266.16 119.14 482.88 705.94 492.42 386.02 684.34 366.83 670.14 505.65 538.59 651.31 699.15 634.22
00012721 00000656 265.43 118.56 482.30 702.18 491.61 387.72 684.67 367.86 669.68 507.86 537.32 650.82 697.89 633.18
00012722 00000657 264.97 118.06 483.84 699.55 490.20 389.14 683.81 368.82 666.48 506.77 537.55 648.36 698.40 630.28
00012723 00000658 265.23 116.66 482.83 697.75 488.86 389.17 682.84 368.48 663.89 505.33 540.86 647.80 700.10 629.15
00012724 00000659 265.08 115.99 482.47 694.63 489.09 389.50 683.30 368.24 663.89 503.06 545.93 645.38 704.45 625.91
00012725 00000660 266.24 113.88 479.53 696.25 488.70 388.79 683.04 367.04 663.41 500.73 548.81 645.23 706.08 625.09
00012726 00000661 266.54 115.37 478.13 693.78 487.33 388.45 681.12 366.59 661.74 500.54 548.09 645.05 704.87 624.78
00012727 00000662 266.27 115.49 477.19 692.89 486.39 389.65 680.78 366.67 661.62 503.27 545.78 646.22 703.22 625.14
00012728 00000663 264.73 117.32 476.48 687.19 484.15 391.36 679.40 368.46 658.91 506.35 543.25 646.06 700.52 624.84
00012729 00000664 262.41 119.33 478.59 683.04 481.39 393.93 677.21 369.49 655.96 508.27 541.43 645.88 699.36 623.31
00012730 00000665 260.97 118.96 479.64 686.02 480.94 395.11 675.45 371.00 654.38 509.13 539.28 646.53 696.64 624.28
00012731 00000666 260.79 118.72 478.33 690.24 479.31 394.76 672.58 371.64 651.01 509.58 536.23 647.26 693.76 625.88
00012732 00000667 260.00 117.63 477.35 691.85 477.93 394.77 670.09 372.84 648.27 511.33 532.41 647.51 689.55 627.18
00012733 00000668 259.27 118.72 477.00 691.72 477.60 395.05 669.50 372.66 647.60 512.36 530.58 647.75 688.27 627.05
00012734 00000669 258.30 117.53 476.90 696.00 477.62 393.82 669.03 373.14 646.74 512.71 528.11 647.83 686.03 628.53
00012735 00000670 257.71 116.93 476.39 699.85 477.26 394.03 667.52 373.48 646.50 512.11 526.26 648.46 683.76 629.36
00012736 00000671 256.37 118.00 478.09 699.59 476.97 395.73 668.16 375.25 646.50 515.54 524.75 650.41 682.97 631.53
00012737 00000672 257.51 120.38 478.34 699.20 476.55 400.63 669.26 380.48 647.29 519.67 523.63 653.84 684.09 635.42
00012738 00000673 257.31 127.49 479.66 695.35 475.89 405.32 668.99 381.53 648.82 525.67 523.73 659.72 684.52 638.59
00012739 00000674 257.30 131.64 480.79 693.01 475.99 408.21 670.21 383.76 649.20 528.67 524.09 661.77 686.59 640.09
00012740 00000675 257.66 131.76 479.94 691.44 476.21 407.45 669.95 383.21 649.17 528.00 524.03 660.66 686.06 639.27
00012741 00000676 256.49 126.71 480.60 696.09 475.39 404.64 669.51 382.41 647.90 526.14 521.82 658.23 684.50 638.30
00012742 00000677 255.42 121.68 481.09 700.75 476.08 404.04 670.43 384.23 647.00 525.95 520.84 656.16 683.83 637.99
00012743 00000678 255.79 122.00 480.42 701.15 476.28 403.03 670.10 384.28 646.83 524.25 519.52 656.23 682.37 639.08
00012744 00000679 255.48 122.66 480.88 702.88 476.50 400.58 669.84 383.99 646.80 520.95 520.79 655.34 682.70 639.90
00012745 00000680 255.74 121.61 479.82 702.27 478.03 398.31 670.80 382.19 647.93 519.35 522.80 654.00 683.41 638.86
00012746 00000681 254.79 118.03 479.63 704.24 477.74 395.34 669.59 379.46 646.83 516.47 523.78 651.62 683.52 636.42
00012747 00000682 253.28 114.38 477.29 705.24 477.52 391.77 667.80 375.28 647.05 513.13 524.43 649.16 683.33 633.19
00012748 00000683 249.11 114.98 477.85 702.23 473.61 391.15 662.34 373.66 642.13 513.09 521.32 647.42 678.87 630.45
00012749 00000684 244.74 114.46 477.49 698.71 469.53 391.87 655.96 373.65 635.41 513.65 516.04 645.34 672.14 627.84
00012750 00000685 244.51 116.91 476.03 690.31 465.60 393.82 653.22 373.36 632.38 513.22 513.01 642.48 671.82 623.13
00012751 00000686 250.17 116.10 473.23 687.18 452.75 399.01 655.92 370.99 632.55 506.96 517.35 641.76 681.49 617.78
00012752 00000687 248.76 114.74 474.23 682.26 454.68 397.49 656.12 369.59 633.09 503.99 517.77 635.71 681.73 612.03
00012753 00000688 250.61 110.34 473.55 684.53 455.75 392.11 656.85 366.22 635.26 496.40 516.27 630.09 683.25 607.99
00012754 00000689 250.73 108.10 474.54 686.83 456.84 385.02 657.28 360.18 637.83 491.54 513.25 626.65 681.03 605.46
00012755 00000690 250.50 99.65 476.51 692.75 458.09 380.01 658.10 354.55 638.96 487.07 511.40 622.83 681.48 601.10
00012756 00000691 252.03 97.19 476.56 692.12 460.90 377.54 659.79 352.69 639.90 485.95 512.33 619.88 681.43 598.64
00012757 00000692 254.28 97.64 478.55 697.62 462.76 378.23 662.80 351.33 643.57 488.88 510.76 622.28 683.70 599.68
00012758 00000693 249.96 100.02 485.58 700.18 475.96 375.14 670.92 353.83 652.37 494.55 512.83 625.86 684.60 605.96
00012759 00000694 252.31 102.59 486.32 701.62 477.29 377.22 672.94 357.08 655.90 494.85 513.13 628.25 687.34 609.60
00012760 00000695 253.16 105.67 487.32 697.02 478.06 377.04 674.39 356.55 656.76 495.24 513.41 626.52 688.33 607.68
00012761 00000696 252.54 98.85 488.98 701.69 479.11 376.00 675.83 356.27 656.02 494.00 513.51 624.42 687.57 606.18
00012762 00000697 248.93 94.69 490.18 703.10 479.11 373.12 674.96 353.23 653.80 492.76 515.52 622.15 686.37 603.24
00012763 00000698 247.41 92.10 491.23 706.76 479.55 372.81 675.03 352.90 653.91 491.98 517.32 624.12 686.12 605.15
00012764 00000699 247.05 90.10 492.78 711.66 479.67 371.43 675.58 352.39 654.39 490.78 518.56 625.29 687.51 607.07
00012765 00000700 247.90 89.16 492.36 716.52 478.36 371.01 674.62 352.69 653.22 490.23 520.03 627.44 688.98 609.66
00012766 00000701 248.33 89.73 493.27 716.90 478.82 371.11 676.37 353.37 654.72 491.39 521.52 629.29 691.31 612.01
00012767 00000702 248.98 90.82 494.07 714.88 479.67 374.86 678.47 355.63 656.92 492.65 524.56 630.34 694.72 611.68
00012768 00000703 257.34 93.07 489.88 720.16 469.99 381.29 673.44 355.34 651.45 489.90 531.18 637.45 700.48 615.24
00012769 00000704 256.34 92.08 492.07 724.97 470.86 381.81 674.02 355.55 652.26 489.24 536.00 641.31 701.10 619.01
00012770 00000705 256.26 95.65 492.54 718.09 469.65 384.06 674.62 356.31 651.88 492.80 532.24 640.90 699.76 617.57
00012771 00000706 249.26 93.81 497.58 710.90 481.91 380.43 681.45 357.26 662.49 496.47 531.10 635.89 698.43 614.41
00012772 00000707 255.58 96.77 494.10 710.34 470.54 388.23 676.42 357.46 654.75 495.97 531.90 639.20 702.42 613.43
00012773 00000708 255.29 96.41 495.60 715.90 469.98 388.49 677.20 357.44 655.09 495.43 534.04 642.89 704.54 616.95
00012774 00000709 256.40 97.68 493.77 718.71 468.92 387.08 675.29 358.42 652.98 494.22 533.56 643.98 702.22 619.97
00012775 00000710 250.10 93.55 497.36 715.50 482.48 380.24 679.82 359.75 659.93 494.79 530.80 636.52 696.67 617.42
00012776 00000711 256.57 97.78 494.02 710.77 469.32 388.42 677.26 358.59 653.31 495.08 531.09 639.29 702.87 614.34
00012777 00000712 257.58 95.45 494.09 711.42 473.97 390.17 680.37 360.28 657.10 495.88 533.03 638.56 704.67 613.59
00012778 00000713 256.84 95.30 495.43 712.05 479.37 398.38 685.26 367.40 663.02 499.73 532.71 641.32 706.35 615.34
00012779 00000714 258.11 95.88 494.43 711.77 475.52 393.26 683.50 362.41 659.28 499.09 533.02 641.74 705.29 616.03
00012780 00000715 259.48 96.34 494.07 711.56 473.92 392.06 681.93 361.98 657.16 499.12 532.36 641.05 704.80 616.04
00012781 00000716 260.06 97.12 493.28 711.78 473.76 392.41 681.18 361.82 657.06 499.88 533.32 642.41 704.68 616.98
00012782 00000717 260.03 98.52 493.33 710.14 472.50 392.71 680.89 362.29 655.80 500.67 532.44 642.82 704.56 617.55
00012783 00000718 259.62 98.45 493.56 709.80 472.47 393.18 680.22 362.70 655.78 500.45 533.35 642.68 704.89 617.26
00012784 00000719 259.51 98.75 493.06 707.81 472.42 393.97 680.56 363.03 655.87 501.17 533.06 642.24 704.91 616.46
00012785 00000720 259.09 99.71 492.93 705.43 471.60 394.19 680.42 363.41 654.66 501.28 531.67 640.70 705.16 614.98
00012786 00000721 256.94 100.35 493.42 703.86 470.06 393.95 678.13 362.99 653.45 500.78 530.94 640.50 703.51 614.60
00012787 00000722 255.70 100.20 493.31 703.82 468.96 392.05 676.03 360.75 653.02 498.96 529.62 639.23 701.68 613.10
00012788 00000723 247.48 96.28 497.52 704.41 481.13 380.43 678.89 357.12 659.04 496.17 529.67 632.32 696.29 610.60
00012789 00000724 252.27 91.58 491.22 708.91 468.04 383.27 670.85 352.81 649.14 490.94 524.79 631.77 694.12 606.44
00012790 00000725 250.50 88.53 491.24 708.22 467.40 379.49 669.83 347.98 648.43 489.20 522.40 628.01 692.21 601.98
00012791 00000726 251.19 88.16 491.40 709.99 468.29 379.60 670.78 348.52 650.12 488.33 523.64 629.00 693.85 603.27
00012792 00000727 253.20 90.48 490.79 710.93 468.87 382.36 671.81 350.80 651.52 489.79 528.08 633.15 696.70 607.02
00012793 00000728 254.01 94.83 494.23 715.46 469.87 386.06 673.86 354.85 654.90 492.52 533.25 639.76 701.84 613.83
00012794 00000729 251.53 94.67 498.67 714.22 484.35 379.84 681.87 355.81 665.18 493.90 537.09 638.11 702.42 616.24
00012795 00000730 254.75 93.48 496.46 712.92 488.29 380.09 682.50 353.97 669.55 490.65 542.48 636.98 704.22 613.62
00012796 00000731 256.71 89.72 496.38 711.99 495.37 378.68 687.78 349.50 678.69 484.26 554.89 633.84 712.24 607.74
00012797 00000732 266.24 84.69 486.88 708.43 502.16 374.26 693.44 343.84 686.33 476.74 569.80 630.58 721.16 603.49
00012798 00000733 269.03 82.77 482.59 707.12 507.46 373.71 693.72 337.92 693.17 475.65 577.79 630.27 724.64 598.98
00012799 00000734 268.16 83.16 481.57 706.31 507.66 374.14 692.32 338.67 692.59 476.71 578.01 630.52 722.88 599.50
00012800 00000735 267.50 93.18 481.66 704.40 498.13 381.41 681.05 348.68 678.91 479.67 575.51 635.50 718.83 608.58
00012801 00000736 262.45 99.64 484.06 705.22 491.13 387.92 677.37 354.46 673.23 486.36 569.06 641.83 715.89 614.00
00012802 00000737 254.14 94.83 488.51 716.18 493.59 384.92 678.55 355.89 674.21 490.25 554.66 642.43 706.36 617.01
00012803 00000738 254.34 101.91 487.17 711.85 490.80 391.85 677.17 362.70 669.79 499.39 549.91 647.53 702.88 622.06
00012804 00000739 253.67 107.45 488.28 707.40 489.05 396.16 676.16 365.08 668.15 504.60 548.11 651.17 701.36 624.40
00012805 00000740 252.78 109.66 490.66 702.00 486.90 396.64 675.71 364.37 666.99 506.28 547.43 650.82 702.29 622.93
00012806 00000741 251.74 106.58 493.48 700.73 485.55 394.19 675.39 361.85 664.89 501.69 545.50 645.42 701.51 617.17
00012807 00000742 254.35 103.74 491.51 703.64 472.02 397.88 673.08 357.80 660.63 498.53 545.65 646.32 709.59 613.07
00012808 00000743 250.91 101.41 492.94 701.00 470.51 393.28 671.46 356.17 658.88 493.79 542.11 640.97 706.46 609.99
00012809 00000744 251.50 99.45 493.53 702.44 470.56 392.52 671.88 356.26 657.40 492.99 539.67 639.29 705.20 609.01
00012810 00000745 246.68 94.88 499.25 711.10 481.83 385.02 676.88 356.61 663.21 494.69 537.99 637.96 701.96 612.35
00012811 00000746 250.22 100.80 496.57 710.94 482.97 390.88 677.43 363.86 661.26 505.30 533.67 644.14 697.70 620.19
00012812 00000747 253.44 108.42 493.27 707.18 482.89 393.51 676.45 366.19 660.61 507.27 531.67 646.53 696.70 622.64
00012813 00000748 254.56 109.55 492.26 707.09 483.28 393.14 676.53 366.28 661.53 506.38 529.91 645.67 696.62 622.24
00012814 00000749 254.72 110.64 492.10 709.25 484.03 388.98 675.63 365.95 661.28 501.85 528.27 643.42 695.84 623.06
00012815 00000750 252.26 107.54 492.45 714.17 482.48 382.58 672.82 362.25 660.80 496.48 524.90 639.47 694.70 620.91
00012816 00000751 248.76 102.59 492.32 716.27 478.67 379.19 669.84 358.56 657.71 493.87 520.26 636.84 690.17 617.95
00012817 00000752 247.12 103.20 489.93 712.61 477.36 378.09 667.28 357.14 654.93 494.27 514.78 633.10 686.10 614.00
00012818 00000753 246.24 102.33 487.26 712.33 474.09 377.17 664.19 354.14 651.76 495.04 510.66 632.24 682.38 611.36
00012819 00000754 243.08 100.56 487.61 712.21 472.61 377.19 662.34 354.14 649.53 494.94 509.83 632.15 680.42 611.18
00012820 00000755 242.48 101.21 487.41 711.60 470.41 378.11 661.44 356.11 646.49 495.83 509.08 633.10 680.06 612.94
00012821 00000756 241.09 101.83 488.88 707.92 470.82 379.36 660.65 357.10 645.54 497.46 509.48 631.68 679.68 611.25
00012822 00000757 240.79 100.43 489.98 703.60 470.40 380.09 663.36 354.69 647.48 495.37 512.22 629.91 683.15 606.75
00012823 00000758 247.76 98.62 486.28 703.22 460.78 386.12 660.99 353.80 646.28 490.73 515.19 628.94 687.87 602.14
00012824 00000759 247.46 94.97 486.67 698.28 460.77 381.96 661.88 347.66 647.01 487.54 515.41 625.18 687.91 596.89
00012825 00000760 249.34 86.19 483.33 702.06 461.72 378.04 662.29 345.29 643.98 483.14 517.90 622.62 688.71 595.34
00012826 00000761 250.59 85.86 482.27 707.23 461.91 374.64 661.95 344.91 642.44 480.38 521.38 623.69 690.54 598.58
00012827 00000762 253.18 86.42 480.27 716.97 465.01 373.40 663.00 346.33 643.35 478.69 530.16 630.27 692.55 607.21
00012828 00000763 253.52 94.29 484.53 713.49 465.36 379.75 666.63 351.56 646.26 486.35 533.99 638.09 695.74 614.08
00012829 00000764 257.59 101.07 484.73 706.94 465.47 387.16 670.57 354.92 649.80 493.12 539.27 645.06 702.60 617.80
00012830 00000765 254.71 95.94 488.21 707.54 479.83 379.55 676.73 355.17 657.32 491.82 542.42 637.03 701.98 614.04
00012831 00000766 261.73 99.06 485.07 703.76 475.31 381.77 673.08 351.83 654.20 484.91 548.53 637.68 704.49 612.49
00012832 00000767 263.27 95.47 482.38 704.36 477.85 379.44 674.00 350.39 654.31 483.29 548.10 634.40 703.14 610.01
00012833 00000768 262.93 91.29 480.68 697.60 478.26 378.74 675.21 349.28 656.17 480.50 549.96 631.20 704.86 606.53
00012834 00000769 264.51 88.28 474.81 693.94 488.57 382.62 680.70 357.19 663.26 477.98 551.79 625.43 707.12 603.72
00012835 00000770 263.71 90.37 476.93 689.70 490.88 381.00 678.13 354.24 663.82 475.47 551.27 620.19 704.05 597.94
00012836 00000771 264.51 91.60 474.68 693.52 488.17 383.93 677.50 358.09 661.26 476.75 550.84 623.74 705.55 601.97
00012837 00000772 265.04 88.96 472.73 691.51 487.46 380.80 676.05 355.50 660.05 474.73 551.66 621.27 703.67 600.03
00012838 00000773 265.39 87.45 472.46 687.88 485.20 378.52 674.22 352.43 656.34 473.81 549.53 617.43 702.29 595.64
00012839 00000774 264.21 84.69 473.11 687.66 482.61 376.61 672.77 348.58 654.68 472.84 547.90 616.11 701.20 592.80
00012840 00000775 263.70 86.06 474.35 688.98 481.74 376.01 672.50 349.32 653.81 472.71 547.42 617.40 700.42 595.19
00012841 00000776 264.39 88.87 474.10 690.55 481.64 376.88 672.51 350.19 653.91 474.33 546.99 619.79 700.75 597.50
00012842 00000777 264.28 91.54 474.67 690.43 482.58 378.55 672.03 351.73 655.40 475.24 549.87 622.35 701.25 599.88
00012843 00000778 264.57 94.08 474.36 688.68 482.13 379.62 671.88 351.75 655.55 476.78 549.27 623.14 701.60 599.72
00012844 00000779 263.82 92.05 475.26 689.85 480.38 378.79 670.61 351.30 653.40 475.41 549.07 622.67 700.89 599.57
00012845 00000780 262.91 89.69 473.98 690.16 478.37 377.29 669.48 348.97 651.96 475.26 547.28 622.35 699.52 598.54
00012846 00000781 263.31 88.59 473.22 689.44 476.75 376.57 671.21 348.77 652.50 475.13 546.54 623.66 701.32 600.12
00012847 00000782 262.52 88.69 474.71 691.53 476.48 376.26 671.69 349.23 653.39 474.05 547.52 624.62 702.44 601.67
00012848 00000783 262.34 87.78 475.48 697.28 478.33 374.72 670.15 348.42 651.94 473.60 546.89 624.04 699.80 601.81
00012849 00000784 259.25 90.67 477.40 696.00 474.10 375.94 667.22 350.31 648.73 476.42 535.77 620.84 694.66 598.98
CROP_BBOX: 0 0 1072 1003
