Video ID: 	eXKK7-eRcQA
H: 	1080
W: 	1920
FPS: 	23.976023976023978

FRAME INDEX X0 Y0 W H [Landmarks (5 Points)]

00001152 00000000 436.40 156.92 367.50 591.19 510.69 411.31 683.86 406.66 585.02 501.01 533.44 598.53 691.50 594.21
00001153 00000001 431.33 155.17 369.67 596.54 505.62 413.18 677.27 410.16 576.97 505.42 527.65 604.74 680.68 601.73
00001154 DELETE   427.20 156.94 369.40 593.00 501.63 414.89 672.54 411.27 571.89 506.30 524.43 607.43 675.16 604.05
00001155 00000003 422.85 155.02 372.22 594.68 498.54 410.59 670.31 406.82 569.58 504.85 521.44 606.81 672.19 603.15
00001156 00000004 416.99 156.61 372.78 583.22 492.90 410.22 669.92 406.38 566.90 503.39 513.75 601.26 672.19 597.35
00001157 DELETE   415.95 149.36 371.14 581.34 480.33 406.03 660.66 389.66 560.56 507.92 511.97 603.50 674.78 589.02
00001158 00000006 411.99 148.08 373.01 580.37 475.18 407.66 655.71 387.83 556.71 506.20 507.90 600.91 672.76 583.46
00001159 00000007 406.88 146.48 375.89 588.62 473.78 405.03 653.41 388.04 553.20 503.72 505.55 598.15 669.69 582.03
00001160 00000008 404.93 147.64 373.95 583.78 469.98 406.91 650.88 388.41 551.62 503.19 502.18 600.06 667.17 583.27
00001161 00000009 399.81 148.63 374.65 585.06 466.20 407.53 647.11 389.13 546.77 501.58 495.65 597.59 662.50 580.53
00001162 00000010 402.38 160.11 370.08 570.10 469.49 413.90 649.01 408.53 539.98 506.91 487.91 591.74 653.57 587.45
00001163 00000011 400.04 157.65 370.96 580.02 465.78 416.60 642.84 410.03 534.81 511.81 487.57 599.60 648.36 594.10
00001164 00000012 396.38 161.09 371.02 574.78 459.69 419.85 635.85 413.51 527.11 513.12 483.85 599.28 644.95 593.43
00001165 00000013 393.53 166.92 369.00 563.95 454.64 423.06 631.96 418.52 521.84 514.73 478.72 597.87 641.28 593.29
00001166 00000014 391.16 169.60 368.28 567.04 450.51 429.84 624.92 423.33 516.28 518.55 477.43 604.86 634.81 598.33
00001167 00000015 389.74 171.65 368.36 566.49 449.11 431.84 620.94 424.37 513.57 520.91 476.95 607.13 630.14 599.94
00001168 00000016 389.08 172.16 368.39 568.74 447.67 433.43 619.31 425.39 511.56 523.04 476.69 610.10 629.27 602.36
00001169 00000017 388.75 172.75 368.04 568.79 447.83 433.88 618.68 425.49 511.51 522.82 476.96 609.40 629.74 601.29
00001170 00000018 388.26 172.85 368.35 567.72 447.61 434.58 618.72 424.78 512.26 522.42 477.17 608.90 630.90 599.58
00001171 00000019 389.01 172.62 366.80 570.33 447.71 435.56 620.15 425.58 513.05 522.20 475.29 609.77 631.11 600.30
00001172 00000020 389.38 172.97 366.75 571.63 448.95 434.48 621.23 425.76 514.40 522.14 474.91 609.56 630.80 601.26
00001173 00000021 389.35 171.81 367.37 575.97 449.66 434.92 623.34 425.76 516.20 523.07 476.33 612.74 631.69 604.16
00001174 00000022 389.53 171.87 367.44 577.30 450.21 436.30 624.07 427.11 517.22 525.49 477.71 614.71 632.35 606.07
00001175 00000023 389.71 171.11 367.88 579.07 450.29 436.70 624.32 427.97 517.93 528.59 479.34 617.37 632.53 609.04
00001176 00000024 389.68 172.62 369.17 577.60 449.57 438.70 625.27 429.23 517.47 529.74 478.34 617.80 634.37 608.64
00001177 00000025 389.50 173.30 368.18 576.35 449.26 440.02 625.75 430.64 517.54 530.70 478.58 619.05 634.42 609.96
00001178 00000026 387.52 173.42 370.65 574.84 447.97 440.58 625.88 431.67 516.53 532.77 478.24 619.38 635.37 610.40
00001179 00000027 386.74 175.01 371.78 569.83 446.58 441.29 625.48 431.01 516.53 532.28 478.66 619.00 636.31 608.81
00001180 00000028 385.14 175.07 374.20 568.63 444.71 438.04 624.89 426.67 515.87 534.12 478.26 618.29 637.47 607.47
00001181 00000029 385.73 174.42 373.03 574.70 446.60 438.89 625.06 426.67 517.70 534.71 479.53 618.74 639.23 607.37
00001182 00000030 387.44 175.01 371.53 572.26 447.81 438.86 624.98 427.32 517.82 534.41 480.54 618.07 638.41 607.32
00001183 00000031 386.52 174.13 373.13 569.85 447.33 436.78 624.52 426.89 516.47 532.55 477.87 614.54 636.77 605.16
00001184 00000032 387.50 174.17 373.23 570.50 448.00 435.60 624.62 426.00 516.34 532.09 478.80 614.85 636.27 605.78
00001185 00000033 387.95 173.02 375.02 573.31 448.30 434.49 622.93 424.37 514.81 531.38 480.03 616.06 633.98 606.79
00001186 00000034 388.41 172.14 375.07 572.77 449.50 432.74 622.72 422.77 515.16 529.38 480.73 613.28 634.50 604.28
00001187 00000035 390.66 169.18 373.14 573.29 450.75 431.03 623.35 421.14 516.20 527.16 481.89 611.37 635.83 602.28
00001188 00000036 391.46 168.94 373.87 574.39 452.79 428.48 624.09 419.99 517.00 522.59 482.08 608.39 635.85 600.71
00001189 00000037 392.98 167.83 372.23 571.18 454.28 425.47 626.46 418.28 518.05 521.18 481.59 603.46 638.40 596.98
00001190 00000038 393.48 164.53 372.69 580.62 456.61 424.06 627.77 417.41 519.86 520.12 481.77 604.25 638.65 598.26
00001191 00000039 393.74 164.35 372.95 582.61 457.58 424.00 628.45 416.44 520.94 519.55 483.55 606.35 639.08 599.68
00001192 00000040 394.43 163.05 371.93 580.31 457.40 423.74 629.18 416.30 520.98 520.25 482.95 604.86 640.13 598.21
00001193 00000041 395.38 164.57 372.39 574.97 457.53 423.90 629.67 415.52 521.79 520.44 485.26 603.84 642.25 596.61
00001194 00000042 394.00 166.59 373.09 563.45 455.69 421.79 631.35 415.38 522.41 518.94 481.50 596.40 644.69 590.43
00001195 00000043 394.29 164.95 374.36 564.94 455.52 420.69 633.36 413.53 523.00 516.79 478.79 593.31 647.28 586.82
00001196 00000044 394.78 162.08 374.72 568.18 456.37 419.10 634.63 412.93 523.78 514.80 479.73 595.32 646.06 589.50
00001197 00000045 395.33 161.62 374.86 570.22 457.92 419.45 636.45 412.68 526.00 516.05 482.14 597.98 646.49 591.83
00001198 00000046 398.58 159.76 373.02 576.23 461.98 418.57 638.48 411.81 529.11 515.98 486.40 599.24 648.51 593.17
00001199 00000047 399.93 158.93 372.20 578.88 464.50 417.27 643.14 410.85 533.68 514.94 486.92 599.19 651.77 593.63
00001200 00000048 399.64 156.46 373.83 579.85 463.73 417.05 645.76 409.64 534.51 513.45 487.33 598.82 655.77 592.41
00001201 00000049 401.58 155.68 373.42 574.20 465.11 415.31 648.17 407.39 536.60 508.92 490.58 597.40 656.93 590.72
00001202 00000050 396.75 146.32 377.38 590.49 461.56 408.34 646.84 388.20 543.29 501.53 496.17 608.00 659.21 589.95
00001203 00000051 397.62 145.48 376.19 591.95 465.31 406.44 647.41 389.43 545.26 501.91 500.47 610.28 655.15 595.01
00001204 00000052 397.87 144.61 376.78 589.75 466.06 406.88 648.61 389.98 547.83 502.33 503.03 612.14 653.80 597.47
00001205 00000053 401.79 151.42 375.06 584.34 472.20 406.58 652.20 395.53 547.30 505.19 503.20 603.34 656.51 594.56
00001206 00000054 402.44 151.28 374.66 593.78 473.86 404.01 653.70 393.78 548.55 504.80 502.75 601.69 661.48 593.37
00001207 00000055 403.81 150.81 373.65 595.97 474.22 403.93 655.12 393.81 549.36 505.20 500.97 600.95 662.64 592.93
00001208 00000056 401.71 149.70 375.78 584.02 470.80 405.73 649.48 394.70 544.88 503.13 498.94 593.85 660.19 585.12
00001209 00000057 401.38 148.22 375.26 573.78 467.18 404.79 648.41 394.19 542.40 502.91 492.76 586.11 660.23 577.75
00001210 00000058 401.86 147.64 374.99 573.37 468.33 403.55 648.07 392.77 543.37 500.23 494.30 584.71 659.32 576.22
00001211 00000059 397.14 139.00 381.79 591.98 464.14 396.10 645.18 377.76 544.56 497.30 501.51 597.26 660.36 580.97
00001212 00000060 398.06 139.32 380.96 588.14 464.47 396.05 645.31 377.93 544.85 496.62 500.95 595.51 660.17 579.62
00001213 00000061 399.20 140.06 379.28 581.65 465.25 394.56 646.71 378.10 546.28 495.16 498.65 591.20 660.02 577.09
00001214 00000062 400.42 139.22 377.98 581.15 465.45 392.68 648.02 377.61 546.12 494.63 497.02 590.21 659.12 577.55
00001215 00000063 400.81 138.15 377.62 580.42 465.22 392.35 648.56 377.32 545.50 493.55 497.31 590.48 657.72 578.02
00001216 00000064 400.62 137.68 378.26 586.13 465.57 391.77 648.67 376.39 544.73 492.60 499.25 592.65 658.22 579.44
00001217 00000065 401.39 136.80 379.61 586.49 465.43 392.18 648.10 374.66 545.22 493.03 500.74 592.55 661.38 577.53
00001218 00000066 401.56 134.67 380.72 595.97 464.70 394.32 649.45 372.81 544.13 493.45 500.34 593.75 668.31 574.66
00001219 00000067 402.77 134.70 379.68 598.33 465.63 396.11 650.71 373.84 543.75 493.21 500.24 594.39 669.23 574.46
00001220 00000068 402.40 135.36 379.27 595.05 464.84 396.51 650.55 374.48 544.34 493.50 499.28 594.55 667.95 575.17
00001221 00000069 402.87 136.83 377.91 593.08 465.30 397.73 649.75 376.03 544.18 494.27 499.96 595.01 667.28 575.85
00001222 00000070 401.93 138.63 377.40 589.88 465.25 398.22 648.52 377.64 544.69 495.15 499.01 594.25 666.36 576.11
00001223 00000071 400.56 139.16 377.73 595.54 464.12 399.70 647.22 379.12 542.30 495.98 498.37 596.13 664.26 577.31
00001224 00000072 398.78 141.48 379.63 598.42 462.76 401.50 645.08 380.12 539.41 496.53 495.92 598.50 662.63 578.51
00001225 00000073 396.58 141.89 380.51 597.93 461.51 402.40 645.21 381.85 539.71 498.51 496.09 600.57 661.29 581.28
00001226 00000074 395.81 144.83 380.96 596.05 460.51 404.98 643.62 383.53 538.86 499.70 496.17 604.65 659.81 584.54
00001227 00000075 395.08 147.55 378.42 584.64 459.29 406.35 643.32 386.78 541.20 501.47 492.81 602.50 656.97 585.14
00001228 00000076 395.74 148.48 377.62 578.54 458.23 408.52 643.12 388.34 541.94 503.93 493.23 604.51 657.63 587.25
00001229 00000077 396.24 149.86 376.77 577.51 455.54 411.52 642.65 389.24 540.02 505.84 492.12 607.83 657.82 588.85
00001230 00000078 399.21 157.21 374.10 566.84 461.19 416.55 644.24 406.13 534.23 510.44 491.98 600.91 653.67 591.99
00001231 00000079 398.08 158.91 374.45 568.45 461.04 417.07 641.61 407.41 533.49 511.43 491.44 600.27 652.32 591.54
00001232 00000080 397.28 160.07 374.70 569.88 460.58 417.12 638.83 407.36 531.69 511.53 491.70 600.65 650.14 591.96
00001233 00000081 396.18 159.51 374.81 572.39 459.47 416.80 636.80 407.25 529.97 512.28 490.66 601.46 648.53 592.88
00001234 00000082 395.45 160.57 374.85 573.74 458.62 415.86 631.63 406.64 525.95 513.13 490.31 601.71 643.73 593.70
00001235 00000083 392.76 161.88 375.27 573.52 453.51 415.84 625.07 404.74 517.38 507.66 485.43 602.10 636.60 592.85
00001236 00000084 389.24 159.17 376.12 577.51 448.38 414.97 618.94 402.46 511.76 504.96 482.24 602.30 633.82 591.65
00001237 00000085 385.21 160.57 379.24 575.16 444.28 414.78 612.85 401.16 506.13 504.50 480.94 603.78 629.57 591.74
00001238 00000086 384.61 159.18 375.71 577.43 441.68 416.47 609.02 402.20 501.99 506.06 478.55 603.86 627.46 591.19
00001239 00000087 380.22 158.58 378.38 579.70 437.26 415.09 603.03 399.76 497.07 507.41 475.31 604.59 623.66 590.90
00001240 00000088 376.32 158.46 379.64 579.90 433.33 416.18 599.36 399.72 494.32 508.75 473.46 606.13 622.12 591.51
00001241 00000089 370.44 159.63 382.05 580.05 428.81 416.18 594.95 398.05 491.68 509.49 472.03 607.11 621.07 591.26
00001242 00000090 365.86 162.81 385.50 578.11 424.26 417.31 590.83 396.73 488.22 508.63 469.62 609.08 618.59 591.40
00001243 00000091 360.88 167.97 388.01 573.26 420.45 421.00 585.05 396.29 484.93 506.90 466.65 610.28 614.89 589.58
00001244 00000092 357.50 169.08 390.25 574.38 416.63 423.45 580.50 396.09 479.53 507.10 463.90 612.48 611.66 589.64
00001245 00000093 354.06 169.67 390.66 574.91 411.94 423.47 572.80 396.93 471.33 506.55 459.38 613.19 604.44 591.02
00001246 00000094 349.11 168.08 392.21 577.03 405.92 421.20 564.61 397.35 462.61 507.59 453.45 613.27 596.65 592.62
00001247 00000095 345.57 167.12 393.66 583.43 400.43 422.01 558.15 395.26 455.03 507.29 449.59 617.16 591.00 593.51
00001248 00000096 343.18 165.99 391.99 584.82 396.54 423.23 553.45 395.87 450.91 507.88 446.70 616.78 588.18 592.60
00001249 00000097 340.32 165.96 393.17 587.87 392.77 424.20 548.79 395.90 445.03 508.09 443.57 618.43 583.41 593.42
00001250 00000098 338.99 167.39 397.34 583.12 390.34 428.86 548.77 385.76 443.05 507.24 444.58 623.68 582.84 585.25
00001251 00000099 337.97 168.15 396.96 583.55 387.71 429.44 546.57 387.06 440.16 508.10 441.45 622.95 581.49 585.05
00001252 00000100 338.40 170.66 394.85 583.86 387.95 432.24 545.56 387.75 440.33 509.31 441.79 624.09 582.93 584.12
00001253 00000101 337.40 171.03 395.23 583.37 386.85 431.63 546.76 388.53 440.89 510.09 440.02 623.56 582.97 584.82
00001254 00000102 336.98 169.34 395.23 584.82 386.46 431.47 548.14 388.38 442.68 511.46 440.69 624.22 584.33 585.43
00001255 00000103 337.39 169.60 396.12 583.08 387.63 431.62 550.59 389.87 445.46 513.32 441.91 624.03 586.72 586.39
00001256 00000104 339.31 171.01 394.33 580.69 390.11 432.66 553.90 390.51 450.12 514.10 443.41 624.66 589.44 586.59
00001257 00000105 341.89 171.55 392.83 577.35 393.21 433.10 557.99 390.26 456.16 515.73 445.31 624.97 594.20 586.46
00001258 00000106 342.70 170.41 393.00 572.22 397.51 431.79 562.16 392.98 462.70 515.29 444.44 620.40 593.43 585.70
00001259 00000107 345.36 171.84 391.95 568.86 402.11 431.66 567.18 393.96 468.48 515.61 447.84 618.03 598.64 584.38
00001260 00000108 343.34 175.50 390.78 566.24 402.97 431.46 570.76 405.74 471.24 511.64 449.98 610.95 601.51 588.11
00001261 00000109 345.21 175.96 391.82 567.31 407.92 431.23 575.78 406.88 477.59 512.67 454.34 609.54 606.87 588.04
00001262 00000110 349.17 177.97 389.51 564.08 412.85 431.46 577.91 406.08 483.24 513.73 459.71 609.25 610.00 587.05
00001263 00000111 353.14 178.22 388.32 568.82 417.64 431.97 583.36 407.52 488.52 514.76 461.99 610.54 614.56 589.16
00001264 00000112 356.69 177.61 387.97 567.65 421.20 430.67 587.02 407.00 492.34 514.79 464.54 609.58 617.03 589.09
00001265 00000113 358.65 176.18 386.24 568.75 423.30 430.06 589.81 407.31 494.34 515.40 465.79 610.08 618.25 590.34
00001266 00000114 360.90 176.57 384.67 570.60 424.88 430.10 590.31 407.34 494.94 516.51 466.78 612.02 618.62 592.39
00001267 00000115 361.70 175.16 384.30 571.64 426.09 429.68 592.08 406.68 496.71 516.12 467.96 612.04 619.59 592.26
00001268 00000116 363.59 175.25 382.74 571.96 426.76 429.52 592.00 407.58 495.71 516.29 467.88 611.60 619.46 592.78
00001269 00000117 364.70 176.41 382.01 569.91 428.17 430.10 592.66 408.56 497.19 516.49 468.64 610.44 620.13 591.90
00001270 00000118 364.44 177.77 381.65 566.50 427.91 430.72 592.22 409.02 497.77 517.86 467.32 607.88 621.51 588.99
00001271 00000119 364.29 176.42 381.01 565.63 427.95 430.95 592.57 409.87 497.79 516.49 466.58 604.98 622.26 586.76
00001272 00000120 365.40 176.23 380.27 566.12 427.81 430.44 593.13 407.96 497.40 514.84 466.73 604.16 624.30 584.59
00001273 00000121 366.11 175.41 381.35 564.03 431.78 424.36 599.17 406.37 503.09 509.60 467.32 595.65 629.07 579.48
00001274 DELETE   372.57 169.59 377.78 569.29 436.77 419.54 606.81 399.48 509.02 502.43 471.84 591.19 637.70 573.61
00001275 DELETE   377.57 165.42 380.02 573.00 445.57 413.99 620.09 396.08 523.12 499.62 476.81 586.19 648.20 570.55
00001276 DELETE   382.80 159.41 379.21 577.91 453.88 408.57 633.54 392.88 537.13 496.29 481.66 582.68 659.84 569.54
00001277 00000125 385.47 154.51 379.03 581.08 458.81 404.91 640.07 392.73 542.84 493.19 484.82 579.00 664.32 568.75
00001278 00000126 387.29 153.69 376.12 577.87 455.59 403.52 636.06 389.40 536.26 489.89 479.42 576.71 659.42 565.06
00001279 00000127 387.46 155.48 372.44 575.27 451.38 402.09 629.71 384.63 527.25 484.05 475.06 575.24 653.57 560.99
CROP_BBOX: 176 0 1044 878
