Video ID: 	NHeLP1fWwpw
H: 	2160
W: 	3840
FPS: 	25.0

FRAME INDEX X0 Y0 W H [Landmarks (5 Points)]

00005260 00000000 2052.26 464.58 679.75 1033.46 2100.02 930.45 2268.31 837.97 2077.76 1039.38 2191.66 1290.91 2309.75 1213.56
00005261 DELETE   2050.76 459.60 679.25 1034.11 2096.04 934.65 2265.50 836.59 2078.01 1039.21 2193.69 1292.71 2308.34 1210.75
00005262 00000002 2051.49 458.55 672.75 1036.42 2098.70 927.02 2266.10 833.92 2080.48 1034.29 2191.70 1288.69 2305.98 1210.71
00005263 00000003 2051.22 452.55 683.42 1040.05 2099.94 927.29 2267.48 826.94 2086.02 1033.39 2200.35 1288.69 2316.61 1204.95
00005264 00000004 2053.84 458.07 685.06 1028.49 2100.36 928.86 2274.98 827.29 2092.30 1033.73 2204.33 1289.44 2323.96 1204.88
00005265 DELETE   2058.95 456.72 693.43 1039.33 2093.39 936.13 2262.26 834.85 2062.83 1059.10 2201.93 1298.71 2347.67 1210.60
00005266 00000006 2068.10 481.18 695.29 1030.87 2118.75 933.32 2292.45 836.97 2097.35 1045.18 2209.86 1295.29 2340.40 1214.55
00005267 00000007 2074.63 470.49 684.69 1045.05 2121.66 937.56 2297.01 837.11 2100.94 1041.93 2207.29 1300.50 2336.58 1217.72
00005268 00000008 2070.77 467.60 691.69 1051.66 2118.93 938.56 2296.98 838.38 2097.18 1041.55 2202.63 1300.72 2334.69 1218.04
00005269 00000009 2069.97 467.06 693.13 1050.82 2121.70 932.08 2296.92 837.69 2097.01 1041.32 2202.38 1294.54 2334.84 1216.64
00005270 00000010 2072.63 457.31 694.47 1056.84 2122.27 937.22 2300.97 837.33 2098.78 1038.11 2201.46 1297.02 2339.06 1214.64
00005271 00000011 2075.64 462.50 690.91 1055.07 2126.87 930.34 2294.13 841.16 2097.85 1052.52 2210.14 1294.48 2340.41 1220.52
00005272 00000012 2083.21 468.08 685.33 1058.27 2134.53 935.05 2293.00 845.36 2097.94 1061.54 2219.00 1302.97 2341.98 1227.89
00005273 00000013 2086.92 464.44 689.74 1065.01 2136.61 944.83 2293.46 851.27 2097.98 1065.40 2222.13 1309.22 2340.75 1231.36
00005274 00000014 2073.13 500.40 696.76 1048.15 2144.01 924.17 2291.44 853.53 2085.45 1063.32 2215.97 1300.02 2349.67 1241.01
00005275 00000015 2066.80 493.08 698.33 1055.07 2135.29 931.17 2294.86 856.36 2082.72 1067.83 2212.10 1303.09 2355.94 1240.24
00005276 00000016 2065.58 485.29 698.32 1050.16 2132.59 932.76 2300.71 854.53 2083.17 1067.62 2213.83 1300.75 2361.47 1235.73
00005277 00000017 2083.10 464.70 687.31 1058.00 2132.15 942.29 2296.74 860.04 2104.99 1073.11 2222.80 1300.45 2352.57 1231.74
00005278 00000018 2086.09 438.90 693.26 1083.00 2139.13 939.09 2302.10 865.56 2110.69 1072.97 2225.84 1298.01 2350.01 1237.78
00005279 00000019 2084.31 440.36 701.63 1082.77 2147.14 932.32 2306.30 874.18 2110.48 1078.74 2222.49 1294.15 2341.37 1246.19
00005280 00000020 2075.85 458.83 699.24 1079.75 2155.86 912.92 2305.58 880.87 2094.03 1087.78 2219.73 1290.54 2350.36 1266.28
00005281 00000021 2075.16 444.53 687.87 1083.17 2148.39 920.51 2292.55 888.35 2101.76 1084.81 2221.30 1298.42 2318.66 1271.12
00005282 00000022 2073.12 467.25 689.33 1081.18 2168.41 893.94 2287.46 888.48 2085.41 1087.26 2225.30 1283.61 2333.79 1281.78
00005283 00000023 2072.93 437.05 703.31 1093.06 2155.86 913.31 2283.33 896.64 2089.72 1086.42 2218.41 1284.62 2309.38 1269.36
00005284 00000024 2073.94 465.14 695.58 1085.67 2176.51 892.80 2283.84 894.70 2078.52 1086.30 2226.47 1272.84 2332.24 1274.81
00005285 00000025 2075.05 472.91 690.29 1079.17 2183.21 891.57 2281.40 899.10 2081.43 1089.98 2231.58 1268.89 2335.33 1275.01
00005286 00000026 2075.82 488.92 696.92 1060.20 2186.54 886.10 2284.74 895.02 2083.97 1083.90 2234.79 1262.97 2338.63 1269.84
00005287 00000027 2078.34 497.54 708.59 1059.11 2192.74 876.93 2287.06 888.35 2088.51 1089.30 2251.83 1265.17 2353.60 1273.50
00005288 00000028 2094.29 489.12 705.18 1081.77 2209.75 875.41 2291.88 880.80 2091.57 1100.84 2280.06 1277.40 2380.28 1278.36
00005289 00000029 2101.62 475.26 699.58 1111.96 2218.67 876.85 2292.94 880.98 2091.37 1110.69 2289.94 1287.31 2390.23 1284.06
00005290 00000030 2109.40 475.04 697.77 1116.20 2225.17 894.42 2297.37 897.27 2095.49 1122.96 2289.49 1296.81 2386.47 1292.05
00005291 00000031 2105.42 476.43 724.06 1124.12 2230.78 919.52 2305.95 925.83 2110.91 1115.29 2291.60 1305.27 2366.84 1302.16
00005292 00000032 2104.03 460.38 730.12 1125.78 2198.76 926.92 2329.73 932.27 2109.65 1122.46 2273.12 1298.70 2377.74 1300.88
00005293 00000033 2113.71 471.74 718.85 1098.68 2206.07 929.23 2335.81 928.45 2122.55 1115.83 2277.91 1288.64 2387.89 1287.71
00005294 00000034 2114.29 470.88 712.93 1078.43 2205.55 918.50 2338.48 919.15 2126.80 1105.92 2285.12 1271.55 2392.73 1271.49
00005295 00000035 2109.91 460.81 718.09 1077.04 2205.05 905.82 2342.05 912.66 2127.51 1093.69 2284.96 1252.45 2394.87 1257.34
00005296 00000036 2106.44 464.23 714.90 1081.10 2208.51 905.63 2339.68 905.55 2132.70 1088.79 2285.42 1257.45 2393.90 1257.29
00005297 00000037 2105.33 466.32 712.90 1081.55 2201.20 906.25 2339.30 899.76 2126.80 1088.99 2278.94 1263.17 2388.54 1258.79
00005298 00000038 2100.10 463.35 717.60 1106.32 2188.76 918.81 2327.24 907.15 2112.02 1105.12 2270.18 1282.25 2381.41 1272.32
00005299 00000039 2108.49 482.46 712.67 1080.93 2207.36 907.94 2313.13 902.84 2103.27 1116.23 2263.19 1284.55 2385.19 1277.67
00005300 00000040 2096.26 472.74 714.94 1097.29 2192.82 912.46 2304.87 904.92 2097.13 1120.18 2256.94 1288.49 2386.06 1279.26
00005301 00000041 2096.12 491.18 709.72 1082.36 2193.83 918.45 2294.71 911.28 2100.46 1129.89 2269.98 1295.85 2387.08 1287.38
00005302 00000042 2096.89 463.22 715.67 1127.66 2194.61 914.37 2289.83 903.42 2097.11 1132.53 2274.63 1310.75 2386.09 1298.04
00005303 00000043 2091.09 500.53 718.90 1084.94 2200.96 912.75 2301.44 895.47 2099.26 1124.85 2277.86 1303.63 2395.93 1285.35
00005304 00000044 2090.34 485.87 713.44 1104.41 2198.07 893.79 2303.29 884.51 2089.93 1105.54 2263.69 1293.27 2391.12 1281.60
00005305 DELETE   2082.42 478.83 721.00 1111.36 2190.25 868.01 2308.81 861.17 2089.26 1069.85 2249.67 1277.88 2386.48 1268.72
00005306 00000046 2081.84 466.47 722.64 1116.74 2180.83 872.05 2316.79 848.10 2087.09 1055.65 2236.54 1278.36 2384.65 1254.38
00005307 00000047 2095.78 437.25 713.11 1137.64 2191.02 866.53 2331.10 840.75 2104.07 1043.34 2239.31 1262.99 2391.60 1237.72
00005308 00000048 2097.60 432.21 720.77 1130.69 2181.50 871.54 2350.35 829.29 2118.98 1025.89 2232.19 1254.69 2398.75 1217.62
00005309 00000049 2105.56 383.70 729.35 1164.41 2159.20 854.98 2349.33 811.53 2118.43 1002.33 2243.54 1244.77 2393.88 1202.58
00005310 00000050 2094.15 424.48 732.85 1108.31 2160.62 853.64 2362.53 794.42 2118.93 1006.94 2223.71 1241.67 2403.36 1191.99
00005311 00000051 2098.09 403.19 737.40 1118.13 2139.15 863.45 2331.41 786.41 2117.33 993.05 2241.86 1245.66 2394.63 1176.60
00005312 00000052 2086.80 424.19 731.75 1082.74 2123.68 886.75 2317.79 784.38 2104.30 1005.04 2231.66 1263.65 2391.11 1173.28
00005313 00000053 2077.53 405.37 712.06 1072.77 2114.15 894.14 2319.85 787.47 2101.56 1004.11 2216.99 1254.43 2388.25 1162.65
00005314 00000054 2066.46 440.11 731.58 1057.25 2125.73 903.62 2322.35 799.50 2109.27 1004.49 2202.31 1259.73 2361.68 1172.65
00005315 00000055 2061.06 421.72 728.22 1080.28 2123.32 892.54 2309.44 808.88 2103.17 1012.06 2196.48 1260.11 2344.95 1190.23
00005316 00000056 2054.44 475.04 716.41 1040.84 2121.56 907.29 2307.44 830.63 2102.24 1024.85 2190.30 1275.87 2330.63 1211.11
00005317 00000057 2055.41 431.36 724.16 1109.01 2114.80 945.08 2303.07 853.50 2092.98 1044.30 2184.11 1311.62 2321.66 1235.36
00005318 00000058 2051.14 456.48 728.19 1105.18 2129.11 929.98 2292.15 858.88 2076.30 1062.49 2188.20 1309.87 2327.50 1251.17
00005319 00000059 2051.38 477.16 724.04 1086.68 2123.88 939.68 2284.60 867.20 2065.83 1071.17 2183.88 1313.56 2324.57 1252.71
00005320 00000060 2056.64 457.68 708.58 1096.87 2105.63 949.08 2293.11 877.43 2085.84 1079.16 2186.21 1315.98 2329.75 1255.14
00005321 00000061 2061.22 461.31 712.63 1099.76 2109.38 962.25 2289.87 873.97 2086.13 1079.53 2192.45 1324.37 2334.04 1250.43
00005322 00000062 2058.53 458.05 718.06 1103.12 2113.45 956.52 2283.91 869.50 2082.50 1081.47 2195.24 1322.14 2330.59 1248.63
00005323 00000063 2060.98 449.81 714.03 1112.15 2116.53 952.74 2285.68 868.91 2081.47 1081.89 2197.76 1321.14 2332.75 1250.50
00005324 00000064 2050.53 469.13 726.56 1108.31 2130.72 935.83 2284.63 867.85 2074.46 1079.79 2206.26 1313.29 2350.14 1254.31
00005325 00000065 2057.66 464.81 723.25 1131.39 2136.05 942.17 2296.12 866.00 2086.18 1088.80 2218.60 1325.35 2370.40 1259.52
00005326 00000066 2057.47 462.91 726.47 1122.58 2138.54 931.89 2301.43 859.92 2094.32 1082.47 2226.82 1318.07 2379.60 1256.37
00005327 00000067 2061.48 464.08 727.35 1109.59 2141.39 923.44 2311.98 849.90 2102.96 1082.74 2236.02 1308.58 2395.65 1245.34
00005328 00000068 2065.60 457.03 739.82 1113.00 2143.80 910.92 2328.51 842.17 2113.95 1075.98 2236.03 1303.88 2406.01 1245.81
00005329 00000069 2081.51 410.28 755.51 1145.16 2144.12 914.62 2318.83 850.95 2122.30 1068.32 2259.23 1294.54 2401.34 1235.40
00005330 00000070 2083.24 413.24 759.41 1131.44 2145.43 913.33 2329.68 858.34 2129.10 1069.37 2253.26 1286.21 2399.58 1234.32
00005331 00000071 2086.68 407.27 760.75 1147.54 2148.28 912.69 2342.54 866.35 2125.95 1068.43 2241.62 1292.65 2388.52 1249.11
00005332 00000072 2096.14 409.15 754.07 1150.96 2149.02 928.85 2356.93 878.45 2125.62 1065.23 2232.44 1307.11 2383.32 1261.88
00005333 00000073 2095.46 432.60 748.37 1138.35 2152.89 918.68 2355.47 874.28 2127.60 1063.86 2237.98 1301.68 2395.43 1260.04
00005334 00000074 2098.08 421.20 742.36 1160.57 2160.30 908.92 2352.54 869.43 2124.19 1062.45 2243.48 1302.80 2394.39 1264.48
00005335 00000075 2095.92 397.35 736.92 1199.78 2166.81 907.41 2351.81 867.07 2131.75 1068.73 2245.99 1308.53 2397.55 1269.52
00005336 00000076 2100.71 407.13 731.92 1193.79 2171.64 904.84 2360.82 864.80 2138.69 1068.23 2245.67 1309.51 2402.17 1270.62
00005337 00000077 2105.23 395.07 736.92 1206.98 2179.32 894.93 2359.14 859.78 2136.03 1059.97 2245.31 1299.92 2399.52 1264.58
00005338 00000078 2086.79 404.97 753.01 1179.75 2151.30 900.00 2364.45 854.52 2125.24 1069.90 2228.83 1304.61 2400.87 1272.16
00005339 00000079 2087.88 399.87 750.69 1184.81 2149.27 901.52 2364.00 855.72 2121.43 1069.23 2224.60 1306.13 2398.70 1273.32
00005340 00000080 2085.67 423.04 750.13 1161.53 2142.85 900.36 2365.29 862.75 2116.34 1075.06 2215.32 1305.54 2396.38 1279.31
00005341 00000081 2085.96 415.38 747.22 1169.49 2144.10 908.73 2369.23 876.72 2117.25 1078.54 2209.66 1303.99 2391.50 1281.70
00005342 00000082 2085.29 435.08 741.46 1151.17 2140.26 919.78 2367.74 884.78 2120.53 1087.51 2209.49 1308.34 2394.11 1283.25
00005343 00000083 2091.12 436.72 749.50 1149.73 2144.53 919.93 2373.78 894.64 2117.97 1095.87 2209.94 1307.87 2391.81 1291.01
00005344 00000084 2099.08 430.19 741.61 1149.73 2153.18 931.61 2382.33 902.29 2128.54 1096.23 2211.38 1307.51 2396.01 1288.86
00005345 DELETE   2105.10 424.81 749.15 1150.47 2161.52 915.01 2393.54 899.58 2126.97 1084.37 2207.38 1298.57 2391.29 1291.64
00005346 00000086 2101.18 398.07 769.71 1170.80 2177.21 877.47 2409.10 901.51 2129.07 1075.59 2207.08 1277.18 2378.47 1301.32
00005347 00000087 2098.14 405.91 775.27 1167.83 2183.76 852.49 2415.18 905.00 2126.34 1069.01 2202.56 1263.17 2372.09 1308.57
00005348 00000088 2101.85 394.71 769.52 1194.38 2190.25 851.16 2427.82 912.15 2124.39 1069.67 2192.55 1273.65 2360.81 1326.43
00005349 00000089 2103.22 396.14 780.09 1203.78 2192.66 856.12 2424.86 917.56 2115.25 1069.21 2192.43 1277.35 2362.19 1329.66
00005350 00000090 2100.38 403.74 774.37 1190.34 2193.59 856.89 2426.28 924.09 2119.99 1070.28 2190.42 1271.52 2362.89 1328.42
00005351 00000091 2101.16 403.79 768.10 1190.09 2195.37 855.40 2426.41 923.85 2121.64 1071.67 2192.31 1270.74 2365.04 1328.12
00005352 00000092 2103.59 397.27 766.86 1199.18 2199.83 854.66 2428.80 921.46 2123.83 1071.34 2196.93 1271.84 2367.94 1327.64
00005353 00000093 2112.98 400.95 759.58 1196.28 2214.56 854.31 2440.92 924.39 2133.42 1073.74 2207.63 1265.65 2379.46 1323.65
00005354 00000094 2116.61 417.01 757.59 1179.10 2213.92 847.74 2448.85 922.02 2141.11 1070.52 2203.48 1263.69 2386.23 1325.75
00005355 00000095 2131.94 361.90 726.21 1230.93 2217.68 857.59 2459.74 916.50 2184.46 1058.91 2223.05 1274.98 2407.91 1320.73
00005356 00000096 2125.68 385.21 735.02 1226.29 2220.29 861.76 2453.56 911.25 2183.64 1061.46 2224.00 1286.59 2399.29 1325.07
00005357 00000097 2115.52 396.64 776.36 1231.20 2211.04 853.37 2454.68 917.47 2132.86 1078.40 2197.13 1297.40 2382.53 1349.57
00005358 00000098 2120.98 430.53 750.17 1182.13 2205.26 862.98 2450.00 928.84 2135.73 1084.04 2191.60 1300.65 2377.08 1354.50
00005359 00000099 2118.81 452.33 757.26 1145.72 2196.78 867.34 2448.33 936.29 2136.46 1087.31 2189.38 1296.47 2376.55 1354.40
00005360 00000100 2119.98 444.50 749.62 1147.59 2196.23 870.05 2443.56 933.36 2137.95 1087.51 2195.21 1292.87 2381.66 1346.74
00005361 00000101 2118.26 419.26 758.64 1172.92 2196.37 872.92 2447.00 925.36 2144.84 1088.77 2203.76 1289.27 2396.41 1334.73
00005362 00000102 2120.62 388.29 772.31 1201.99 2205.58 864.89 2455.61 904.76 2146.72 1076.55 2210.51 1286.48 2400.46 1321.69
00005363 00000103 2153.60 403.82 736.27 1190.85 2203.94 868.14 2461.05 913.99 2178.42 1071.62 2219.61 1289.89 2417.11 1323.22
00005364 00000104 2128.26 398.23 777.90 1205.42 2221.56 860.76 2461.13 902.27 2147.05 1069.82 2224.49 1286.30 2412.50 1321.56
00005365 00000105 2134.70 403.95 758.61 1207.25 2216.22 869.84 2452.53 908.61 2141.08 1078.82 2219.20 1301.40 2399.82 1334.62
00005366 00000106 2128.07 423.98 760.40 1191.87 2201.63 887.23 2445.25 923.66 2143.99 1095.77 2208.07 1312.33 2402.16 1343.59
00005367 00000107 2137.17 449.01 731.71 1168.17 2201.79 899.68 2441.25 932.38 2166.11 1099.20 2211.29 1312.13 2397.79 1337.57
00005368 00000108 2136.05 458.32 727.07 1162.36 2202.55 902.19 2435.67 935.31 2161.97 1098.58 2213.29 1313.45 2392.37 1338.90
00005369 00000109 2123.93 439.76 743.43 1179.57 2196.29 897.85 2432.61 933.18 2135.55 1098.25 2203.14 1317.78 2391.47 1347.74
00005370 00000110 2125.48 449.84 735.92 1162.59 2200.01 909.60 2447.35 931.88 2161.84 1091.66 2211.49 1312.30 2398.81 1329.19
00005371 00000111 2108.83 460.25 763.11 1152.43 2185.45 913.18 2434.46 925.94 2141.65 1083.51 2190.81 1313.25 2399.34 1326.63
00005372 DELETE   2113.73 470.32 735.06 1136.82 2178.48 901.87 2422.04 911.63 2144.91 1083.54 2186.05 1314.22 2391.07 1325.93
00005373 00000113 2110.03 479.28 747.39 1119.99 2177.19 881.55 2410.83 893.29 2136.27 1076.82 2182.51 1313.46 2366.89 1328.24
00005374 DELETE   2100.81 485.00 745.05 1103.06 2163.93 875.79 2396.17 875.74 2122.67 1067.06 2178.48 1308.32 2361.72 1313.94
00005375 00000115 2100.12 474.07 735.71 1119.45 2162.66 887.75 2388.88 879.36 2124.17 1061.31 2179.94 1319.82 2353.51 1318.40
00005376 00000116 2092.77 447.02 713.64 1163.86 2161.43 888.67 2388.74 855.44 2126.64 1040.37 2180.13 1333.41 2348.24 1311.40
00005377 00000117 2096.10 430.16 698.24 1180.64 2160.21 870.72 2378.96 841.60 2120.16 1034.26 2192.49 1334.31 2349.36 1315.66
00005378 00000118 2101.45 400.60 716.32 1209.88 2167.50 869.51 2379.00 830.27 2111.65 1033.79 2201.91 1340.07 2341.93 1314.04
00005379 00000119 2103.98 429.89 710.92 1171.63 2155.47 868.01 2373.02 833.29 2126.01 1014.56 2212.30 1325.82 2342.76 1292.79
00005380 00000120 2090.77 407.47 706.92 1197.30 2188.82 864.50 2357.24 816.26 2129.78 1022.75 2208.13 1320.23 2315.37 1287.69
00005381 00000121 2101.41 401.80 719.52 1186.11 2177.77 866.21 2368.52 841.32 2125.10 1016.82 2217.21 1307.22 2322.16 1282.01
00005382 00000122 2095.01 370.43 747.54 1212.03 2195.57 855.78 2364.20 854.44 2122.05 1020.24 2211.87 1291.74 2305.01 1285.33
00005383 00000123 2097.89 381.70 724.23 1188.83 2191.41 860.41 2371.61 854.98 2129.31 1020.51 2205.95 1293.22 2304.19 1284.97
00005384 00000124 2099.47 380.11 726.35 1182.72 2190.08 856.73 2368.19 849.81 2127.89 1021.27 2205.29 1291.89 2299.83 1282.72
00005385 00000125 2108.88 370.20 722.39 1195.10 2175.91 855.67 2368.62 849.75 2129.54 1023.68 2206.58 1297.70 2312.06 1289.00
00005386 00000126 2100.24 392.43 745.79 1165.93 2162.46 876.65 2359.17 856.37 2130.88 1040.71 2218.31 1304.37 2334.78 1283.47
00005387 00000127 2102.80 384.80 742.50 1159.87 2162.39 867.52 2360.67 852.26 2132.08 1041.16 2222.73 1292.47 2341.36 1275.15
00005388 00000128 2099.47 384.66 754.64 1155.11 2165.35 861.55 2361.20 845.32 2129.51 1035.97 2224.98 1280.99 2350.64 1262.90
00005389 00000129 2099.21 373.61 757.43 1164.55 2169.08 856.85 2359.24 841.31 2131.88 1035.95 2230.79 1270.72 2357.37 1253.51
00005390 00000130 2101.72 373.91 762.13 1162.85 2170.69 856.17 2357.46 837.87 2129.49 1034.47 2232.97 1265.91 2361.23 1246.63
00005391 00000131 2110.43 357.40 758.68 1180.85 2174.46 859.18 2361.48 841.58 2136.58 1034.01 2234.16 1266.18 2364.91 1248.30
00005392 00000132 2115.42 355.09 762.80 1190.05 2179.07 866.04 2364.43 843.59 2141.51 1038.50 2242.89 1269.90 2379.13 1248.19
00005393 00000133 2114.88 337.14 765.74 1203.98 2192.80 866.57 2376.20 837.75 2148.15 1045.60 2261.22 1274.01 2395.16 1245.54
00005394 00000134 2120.67 344.37 753.84 1178.78 2195.01 864.90 2379.26 834.37 2151.91 1041.51 2263.75 1263.66 2407.41 1234.12
00005395 00000135 2121.42 329.73 746.54 1187.96 2191.99 856.07 2385.94 829.34 2155.48 1038.85 2265.49 1258.14 2418.01 1232.13
00005396 00000136 2122.94 336.97 747.53 1172.02 2196.34 850.25 2390.07 827.19 2158.27 1037.35 2268.32 1254.74 2418.84 1231.61
00005397 00000137 2123.06 323.15 730.32 1187.39 2193.36 858.88 2385.99 834.49 2161.25 1037.53 2269.73 1256.52 2421.33 1232.88
00005398 00000138 2123.19 354.08 722.57 1158.04 2191.98 866.52 2393.77 843.47 2167.43 1044.97 2270.66 1261.74 2420.91 1238.06
00005399 00000139 2125.62 381.29 730.59 1139.34 2193.16 888.92 2368.27 863.39 2148.59 1049.05 2267.49 1274.78 2395.94 1248.72
00005400 00000140 2107.55 387.32 750.94 1153.88 2189.87 891.83 2368.06 854.27 2139.42 1069.14 2261.92 1295.18 2379.39 1271.16
00005401 00000141 2099.97 393.76 755.94 1178.39 2187.68 901.43 2364.60 895.29 2142.47 1076.04 2255.10 1302.97 2378.57 1292.01
00005402 00000142 2089.10 405.95 761.97 1179.93 2175.15 898.33 2359.71 883.37 2115.42 1096.89 2242.78 1317.54 2359.52 1307.97
00005403 00000143 2082.30 435.20 761.15 1152.45 2176.87 902.15 2348.69 898.24 2109.96 1107.12 2246.77 1311.59 2353.78 1308.71
00005404 00000144 2079.85 463.23 762.45 1125.43 2177.59 905.21 2348.27 906.70 2106.22 1114.64 2241.58 1311.36 2351.70 1312.23
00005405 00000145 2080.41 449.81 763.81 1146.64 2190.08 902.04 2343.11 910.27 2104.17 1120.64 2250.87 1314.06 2348.95 1319.07
00005406 00000146 2083.38 450.99 752.66 1146.58 2193.42 904.62 2341.24 909.09 2108.61 1119.47 2255.21 1314.67 2352.13 1316.76
00005407 00000147 2085.21 472.90 763.60 1125.35 2195.06 898.74 2350.19 908.54 2108.13 1115.12 2253.73 1310.80 2361.73 1317.36
00005408 00000148 2085.55 470.81 760.94 1125.95 2200.13 896.62 2356.97 910.70 2109.02 1110.07 2247.16 1307.61 2359.27 1317.96
00005409 00000149 2094.97 480.91 751.78 1112.94 2203.27 906.89 2359.78 918.37 2109.26 1111.29 2244.88 1307.79 2359.75 1316.54
00005410 00000150 2091.83 462.66 754.74 1122.09 2208.89 890.23 2363.90 919.28 2112.24 1102.56 2250.11 1290.81 2359.09 1313.23
00005411 00000151 2090.62 458.33 753.70 1115.07 2208.79 883.78 2363.51 914.79 2113.77 1090.43 2247.26 1280.75 2351.45 1304.94
00005412 00000152 2089.64 462.16 766.18 1105.45 2212.37 880.21 2362.29 912.88 2107.56 1089.42 2245.76 1279.35 2342.64 1305.57
00005413 00000153 2091.04 459.16 767.99 1110.39 2213.54 883.38 2364.92 921.92 2108.59 1092.23 2240.00 1282.51 2337.77 1314.01
00005414 00000154 2088.80 463.76 774.05 1113.78 2223.60 884.72 2364.55 924.71 2108.14 1091.34 2239.33 1285.88 2332.92 1317.95
00005415 00000155 2089.75 431.90 779.25 1153.89 2217.66 887.30 2368.83 922.92 2111.28 1084.89 2238.85 1289.34 2334.94 1317.66
00005416 00000156 2095.88 433.66 751.45 1153.18 2219.46 892.76 2355.86 927.00 2117.23 1064.97 2229.39 1287.93 2332.91 1307.95
00005417 00000157 2096.33 423.78 763.59 1166.60 2222.28 887.96 2370.69 924.66 2115.17 1075.96 2239.72 1278.82 2344.97 1308.03
00005418 00000158 2101.82 427.79 769.13 1161.71 2229.64 884.73 2378.64 917.09 2121.75 1067.44 2239.98 1278.45 2343.43 1305.60
00005419 00000159 2099.62 441.57 780.79 1140.08 2234.09 887.28 2383.59 916.39 2127.50 1063.08 2239.38 1270.31 2346.54 1294.42
00005420 00000160 2110.31 428.38 774.52 1150.03 2239.87 887.78 2392.97 915.89 2135.31 1065.98 2243.91 1272.30 2350.96 1296.15
00005421 00000161 2115.67 451.73 778.50 1133.57 2256.44 887.61 2397.83 909.25 2142.04 1066.42 2256.96 1276.64 2364.43 1293.94
00005422 00000162 2147.29 493.36 737.28 1100.38 2276.74 889.86 2389.08 904.90 2140.24 1053.06 2268.35 1283.65 2370.66 1290.19
00005423 00000163 2120.77 431.32 774.52 1164.33 2262.46 882.12 2408.49 908.42 2151.80 1064.00 2265.79 1276.38 2378.54 1296.90
00005424 00000164 2118.29 420.44 783.53 1178.32 2258.57 880.78 2416.94 904.64 2152.97 1061.78 2261.20 1278.86 2378.11 1297.63
00005425 00000165 2121.58 416.74 767.49 1182.81 2255.65 883.90 2416.16 909.69 2151.74 1068.25 2258.73 1282.75 2375.90 1303.72
00005426 00000166 2126.84 430.71 774.63 1159.08 2251.76 892.99 2424.78 913.77 2155.38 1072.52 2255.72 1288.50 2381.68 1306.21
00005427 00000167 2138.11 449.33 758.37 1126.14 2247.34 890.25 2430.13 905.83 2165.46 1066.30 2262.34 1283.22 2396.40 1297.56
00005428 00000168 2167.08 467.96 736.18 1102.38 2258.57 867.31 2433.53 877.82 2166.46 1042.86 2261.93 1280.96 2398.05 1286.78
00005429 00000169 2152.03 407.76 763.44 1150.15 2267.59 862.16 2459.46 888.01 2180.40 1047.88 2275.91 1262.81 2412.93 1286.04
00005430 00000170 2160.48 404.18 755.24 1141.58 2268.31 854.83 2465.45 876.90 2185.43 1044.70 2278.61 1263.03 2418.07 1284.43
00005431 DELETE   2178.40 435.40 726.71 1108.19 2238.95 859.05 2465.38 882.36 2203.21 1042.97 2259.50 1274.50 2407.26 1289.50
00005432 00000172 2180.81 396.88 760.16 1157.09 2257.44 871.48 2497.29 879.04 2200.11 1029.66 2266.58 1292.23 2422.04 1297.40
00005433 00000173 2194.06 407.39 762.77 1147.35 2272.96 870.51 2511.28 872.83 2220.62 1028.45 2280.46 1292.74 2430.69 1293.20
00005434 00000174 2194.37 391.60 760.04 1156.73 2271.39 863.40 2505.74 859.84 2225.28 1019.56 2286.01 1289.75 2431.35 1285.59
00005435 00000175 2196.61 387.51 754.73 1155.57 2272.23 857.88 2508.68 850.81 2226.96 1012.91 2286.45 1284.81 2431.61 1278.41
00005436 00000176 2201.14 413.31 759.02 1128.90 2276.91 853.77 2509.29 847.55 2233.51 1012.14 2288.41 1279.76 2433.00 1274.10
00005437 00000177 2202.04 419.78 765.99 1119.99 2277.46 858.75 2505.45 847.42 2237.63 1007.98 2289.35 1276.65 2434.27 1267.08
00005438 00000178 2194.68 420.97 780.59 1127.96 2275.23 858.95 2505.83 832.46 2240.84 992.87 2291.64 1277.49 2440.47 1255.35
00005439 00000179 2198.39 375.76 765.21 1184.74 2262.00 851.24 2487.82 806.82 2225.42 980.46 2303.00 1281.45 2449.12 1244.41
00005440 00000180 2197.38 350.76 775.13 1205.65 2269.21 840.81 2478.34 797.71 2214.27 965.97 2304.46 1262.72 2444.68 1226.25
00005441 00000181 2203.74 342.91 765.93 1216.64 2266.84 842.27 2480.71 789.49 2217.54 958.86 2306.03 1267.97 2454.35 1224.17
00005442 00000182 2197.47 360.33 779.33 1248.43 2281.93 855.45 2478.52 790.70 2214.45 979.76 2308.45 1305.22 2450.70 1253.86
00005443 00000183 2193.70 372.47 779.94 1234.33 2280.37 855.21 2474.51 787.14 2207.61 974.71 2306.86 1302.86 2448.24 1248.37
00005444 00000184 2194.16 375.64 773.37 1199.18 2287.04 833.03 2475.84 775.46 2208.12 961.69 2308.59 1279.43 2445.08 1233.00
CROP_BBOX: 1600 0 3426 1888
