Video ID: 	iwUjiLg4xjk
H: 	1080
W: 	1920
FPS: 	25.0

FRAME INDEX X0 Y0 W H [Landmarks (5 Points)]

00014190 00000000 901.61 178.45 357.48 517.90 975.49 397.71 1121.07 409.56 1027.50 516.06 978.19 573.67 1101.24 584.70
00014191 00000001 904.80 175.71 354.30 517.91 976.42 398.23 1121.41 411.88 1026.46 517.08 977.76 574.76 1098.67 587.30
00014192 00000002 906.67 175.45 352.64 520.20 978.65 398.60 1122.28 413.80 1027.60 518.21 979.19 574.93 1098.11 588.87
00014193 00000003 907.54 177.62 354.54 521.32 979.82 399.16 1124.15 413.35 1028.97 516.97 980.16 574.88 1100.84 588.14
00014194 00000004 907.86 177.63 355.76 521.72 981.83 399.15 1128.16 412.25 1033.50 516.47 981.51 574.06 1105.05 586.54
00014195 00000005 910.07 174.87 360.29 523.33 985.80 397.58 1135.43 410.42 1043.11 515.53 990.00 575.16 1114.42 587.07
00014196 00000006 912.48 167.33 361.25 540.86 988.77 392.39 1138.48 407.20 1043.59 509.09 995.62 580.62 1114.18 594.34
00014197 00000007 914.71 167.13 362.59 540.35 996.94 391.74 1145.16 405.35 1055.84 508.21 1005.05 579.37 1122.16 592.12
00014198 00000008 915.45 171.46 358.76 535.20 1006.42 393.45 1155.44 409.22 1073.68 512.03 1005.12 578.06 1125.70 592.41
00014199 00000009 915.74 173.02 360.37 533.68 1009.20 393.33 1161.77 409.08 1079.23 509.94 1007.22 577.53 1131.75 591.84
00014200 00000010 916.07 174.33 361.43 531.70 1011.69 392.49 1165.96 407.83 1084.02 510.89 1009.29 576.39 1136.45 590.46
00014201 00000011 918.23 173.07 362.08 532.71 1016.38 389.94 1171.09 407.09 1089.73 508.36 1015.91 575.67 1140.41 591.10
00014202 00000012 920.39 174.27 364.02 529.85 1023.63 390.14 1176.65 407.49 1096.26 507.88 1022.16 574.60 1144.51 590.34
00014203 00000013 923.97 170.89 365.98 531.52 1034.18 386.31 1184.13 407.23 1106.09 507.48 1027.88 571.22 1147.10 590.01
00014204 00000014 932.08 171.06 367.66 527.04 1046.65 383.97 1196.81 406.11 1115.00 508.87 1034.33 567.26 1154.85 586.90
00014205 DELETE   942.24 166.77 368.13 528.52 1063.90 378.83 1210.08 409.88 1127.41 504.02 1043.94 560.89 1161.02 587.27
00014206 DELETE   950.12 170.69 371.12 522.94 1082.41 377.53 1230.62 414.89 1149.49 502.31 1058.81 558.03 1177.67 589.14
00014207 00000017 955.73 172.15 375.40 524.17 1093.85 382.15 1244.32 417.51 1169.32 507.46 1072.86 563.88 1192.68 594.31
00014208 00000018 964.60 178.08 374.12 519.02 1104.96 390.18 1257.47 429.49 1183.77 514.44 1085.55 565.87 1206.19 600.07
00014209 DELETE   974.48 176.61 369.53 529.69 1126.44 399.70 1275.46 433.01 1202.16 527.35 1095.76 577.35 1210.42 606.53
00014210 DELETE   984.39 180.53 368.87 534.94 1134.94 403.75 1284.50 438.25 1208.56 534.88 1104.85 581.50 1225.79 611.43
00014211 DELETE   991.13 187.55 369.19 530.10 1148.03 411.96 1295.42 446.34 1219.64 540.46 1116.21 585.14 1232.53 614.98
00014212 00000022 998.41 194.43 370.43 528.27 1159.24 417.09 1302.38 452.83 1228.10 545.66 1127.48 591.87 1236.56 623.00
00014213 00000023 1003.44 196.38 371.37 534.45 1166.21 418.87 1305.54 459.97 1235.38 546.26 1130.87 592.53 1240.14 628.30
00014214 00000024 1006.60 198.14 368.31 535.14 1169.40 421.37 1309.01 461.28 1239.72 549.48 1134.45 592.89 1246.67 627.87
00014215 00000025 1010.49 195.33 368.51 534.72 1172.87 420.48 1315.58 459.99 1247.45 549.29 1139.98 594.35 1254.22 629.19
00014216 00000026 1012.68 192.80 370.17 532.28 1174.27 417.46 1318.76 453.59 1251.19 544.25 1144.50 593.06 1258.74 625.19
00014217 00000027 1012.96 192.36 371.36 529.10 1173.75 415.76 1318.73 448.35 1250.96 542.13 1148.40 593.62 1260.27 622.42
00014218 00000028 1014.01 192.69 369.89 529.46 1172.20 417.80 1317.43 447.94 1249.79 543.93 1149.01 596.22 1260.48 623.06
00014219 00000029 1012.23 196.35 368.93 528.07 1169.50 421.76 1314.40 451.90 1246.26 546.45 1147.31 597.86 1259.50 624.63
00014220 00000030 1010.97 200.75 365.46 526.69 1164.27 425.38 1311.78 455.22 1242.61 550.76 1143.13 601.10 1256.54 627.75
00014221 00000031 1004.97 202.24 371.02 532.73 1156.28 430.18 1305.87 461.85 1232.65 552.76 1131.30 603.67 1247.85 631.79
00014222 00000032 1000.49 205.21 370.13 531.97 1151.10 431.98 1298.80 463.36 1223.22 558.56 1123.85 604.56 1237.31 632.57
00014223 00000033 994.46 205.38 366.37 530.45 1143.87 429.40 1291.48 463.39 1214.69 559.42 1115.45 601.31 1230.58 631.55
00014224 00000034 984.45 198.68 367.90 532.74 1131.47 427.14 1283.70 455.77 1207.19 557.73 1107.21 601.43 1226.01 627.44
00014225 00000035 974.19 193.90 372.46 535.56 1116.03 420.56 1273.77 444.33 1198.54 548.41 1096.27 601.23 1220.90 623.12
00014226 00000036 966.64 192.14 367.92 535.71 1107.29 412.22 1262.40 437.86 1190.18 544.77 1080.44 593.56 1208.91 617.45
00014227 00000037 952.59 186.01 375.22 536.12 1095.46 405.97 1245.50 438.32 1175.86 535.43 1072.81 583.23 1198.95 613.01
00014228 00000038 945.54 183.16 369.97 534.20 1085.94 404.92 1234.93 433.69 1162.33 532.24 1066.95 583.22 1188.76 609.42
00014229 00000039 937.95 180.36 365.81 535.31 1076.57 406.05 1225.13 433.64 1149.14 532.33 1055.81 582.88 1176.83 607.42
00014230 00000040 928.90 177.26 363.10 537.14 1064.31 404.68 1214.08 429.83 1136.98 531.73 1043.49 582.97 1166.28 605.18
00014231 DELETE   921.22 176.28 361.37 533.30 1054.27 401.17 1204.50 425.16 1131.25 527.77 1036.42 581.94 1161.02 603.37
00014232 00000042 911.19 172.69 363.87 534.28 1044.50 396.34 1195.36 417.83 1125.65 523.22 1030.14 580.24 1154.03 599.51
00014233 00000043 904.84 169.94 365.32 532.84 1033.43 393.32 1186.07 412.29 1117.19 516.15 1020.87 576.87 1143.57 594.23
00014234 00000044 898.21 171.23 370.14 520.90 1020.25 384.62 1180.92 409.35 1110.14 509.81 1013.17 566.35 1144.08 589.22
00014235 00000045 894.10 168.08 367.55 519.05 1012.53 380.47 1171.66 402.59 1101.65 502.11 1006.34 562.97 1135.58 583.63
00014236 00000046 886.95 163.72 365.54 522.10 1007.71 375.30 1162.06 398.81 1092.62 494.63 1000.51 557.95 1126.03 579.01
00014237 00000047 882.93 159.65 363.91 527.70 1003.91 372.65 1156.25 396.77 1086.34 490.94 992.68 551.46 1123.10 573.01
00014238 00000048 880.98 157.99 361.81 528.89 999.84 369.09 1152.76 392.91 1081.20 487.94 989.06 549.36 1119.57 570.55
00014239 00000049 874.42 161.99 362.67 527.42 996.74 373.15 1148.73 397.21 1078.68 484.06 987.53 542.26 1115.38 564.23
00014240 00000050 876.35 158.55 360.93 524.14 993.93 365.30 1147.80 389.19 1073.38 478.08 980.74 545.14 1110.16 566.14
00014241 00000051 874.69 156.14 360.37 521.62 991.31 363.88 1145.30 384.44 1071.77 476.88 980.93 546.06 1107.21 564.11
00014242 00000052 874.31 154.66 359.69 522.44 990.58 362.36 1145.04 382.29 1071.65 475.33 981.80 545.94 1107.46 563.39
00014243 00000053 869.88 155.63 360.70 520.24 994.05 364.33 1149.33 386.63 1077.34 473.78 985.92 537.95 1110.25 558.44
00014244 00000054 869.64 151.39 359.60 520.14 994.66 360.53 1151.06 382.18 1079.92 469.94 987.85 535.91 1112.59 555.79
00014245 00000055 870.43 147.16 357.97 518.00 995.53 356.97 1151.86 375.83 1082.34 465.95 992.21 532.91 1114.83 550.66
00014246 00000056 870.36 143.06 359.40 520.32 997.90 353.27 1153.58 370.42 1085.70 462.28 996.63 531.39 1118.67 547.50
00014247 00000057 871.46 141.44 357.69 523.47 1000.38 351.93 1154.70 369.14 1089.76 459.95 998.78 530.51 1120.91 546.69
00014248 00000058 870.18 140.10 358.75 523.22 1001.01 349.83 1155.41 368.08 1090.59 455.24 997.82 528.40 1119.44 545.50
00014249 00000059 871.39 136.45 356.51 529.16 1002.32 348.50 1153.34 367.25 1090.24 454.18 1000.75 530.50 1118.33 547.99
00014250 00000060 871.48 133.81 357.26 536.41 1003.42 346.34 1151.88 366.40 1089.96 453.28 998.95 529.69 1117.16 548.21
00014251 00000061 869.85 134.31 355.82 535.09 1002.83 345.90 1150.43 364.78 1090.02 452.70 1000.28 530.01 1117.02 547.49
00014252 00000062 866.50 135.63 357.24 532.14 999.67 345.93 1150.16 363.60 1089.05 451.18 998.96 529.87 1118.07 546.28
00014253 00000063 864.37 133.38 358.55 536.24 997.63 345.34 1147.48 361.98 1087.07 451.38 996.24 529.15 1117.19 544.60
00014254 00000064 861.59 133.67 358.10 530.45 994.91 345.44 1145.06 360.29 1084.41 450.58 996.94 529.60 1114.13 543.57
00014255 00000065 861.40 134.90 357.49 528.82 992.30 346.36 1143.17 360.28 1081.24 450.44 995.22 531.15 1112.38 544.20
00014256 00000066 859.42 135.37 356.27 526.47 985.29 347.82 1139.73 361.21 1076.19 451.58 989.53 529.76 1110.79 542.39
00014257 00000067 855.42 133.41 356.75 527.73 980.39 345.89 1134.89 359.21 1070.21 451.77 984.07 528.87 1105.88 541.35
00014258 00000068 852.53 132.41 357.20 526.85 976.75 344.71 1130.34 356.30 1066.38 453.49 983.60 529.92 1101.82 540.86
00014259 00000069 848.05 133.33 358.91 521.63 971.72 345.34 1128.39 355.11 1063.51 452.03 982.62 529.17 1103.39 538.13
00014260 00000070 844.13 134.42 359.98 520.84 966.74 345.85 1123.51 354.79 1058.05 450.74 980.07 528.74 1102.23 536.94
00014261 00000071 841.61 138.36 360.49 520.42 961.29 347.09 1118.01 355.18 1051.47 451.75 974.29 529.94 1097.53 537.45
00014262 00000072 837.98 148.88 359.13 514.96 952.73 354.06 1109.34 359.39 1047.91 450.51 964.46 527.86 1097.11 533.33
00014263 00000073 832.03 149.76 357.06 509.51 943.17 357.40 1102.40 360.14 1038.73 452.62 957.15 529.36 1091.21 533.04
00014264 00000074 826.04 147.68 358.22 510.59 936.01 360.40 1095.59 359.80 1031.40 457.32 955.46 534.07 1085.93 534.78
00014265 00000075 821.09 148.48 358.46 509.27 928.48 363.77 1087.76 359.56 1023.11 461.19 951.38 536.87 1080.39 534.61
00014266 00000076 816.86 151.41 357.15 508.87 920.52 365.14 1080.58 359.75 1014.99 462.53 945.32 539.72 1074.42 536.42
00014267 00000077 812.16 149.51 357.24 516.65 915.14 364.06 1074.72 358.96 1008.73 462.35 940.34 542.82 1067.77 540.07
00014268 00000078 807.87 147.80 355.04 519.79 909.40 363.99 1068.25 358.35 1002.21 461.29 935.57 543.67 1061.67 540.54
00014269 00000079 802.50 147.04 354.92 513.16 903.84 365.89 1061.16 359.20 994.75 462.06 931.31 540.15 1054.86 536.09
00014270 00000080 799.49 148.29 354.70 511.62 901.55 365.46 1057.14 359.41 990.64 462.37 928.19 537.99 1051.43 534.37
00014271 00000081 796.84 147.28 356.52 515.14 898.16 365.19 1055.53 358.05 987.91 463.56 926.57 540.86 1050.16 536.24
00014272 00000082 790.36 146.10 362.13 517.54 895.01 363.47 1053.54 357.57 984.40 464.52 922.97 542.45 1045.87 538.63
00014273 00000083 787.51 146.73 362.20 516.09 891.71 363.35 1052.17 359.24 980.28 463.53 919.22 542.99 1042.85 540.60
00014274 00000084 783.07 146.18 365.45 519.51 888.64 366.21 1049.38 362.65 977.09 467.05 917.00 545.06 1040.94 542.84
00014275 00000085 779.54 146.27 367.61 522.44 886.10 367.49 1047.06 365.17 974.01 469.52 914.65 546.23 1038.76 544.89
00014276 00000086 775.55 147.67 368.57 526.34 882.93 368.85 1043.11 368.25 971.31 470.51 910.70 546.00 1036.61 546.03
00014277 00000087 773.75 149.59 367.54 527.96 880.91 370.62 1039.88 371.52 969.46 471.30 907.17 545.82 1034.62 547.08
00014278 00000088 771.02 149.82 368.60 528.17 878.07 371.62 1037.23 372.04 966.58 471.30 905.97 547.17 1033.28 547.95
00014279 00000089 769.25 151.95 368.79 525.58 875.56 373.23 1034.39 373.19 963.65 471.97 904.46 548.33 1031.57 548.66
00014280 00000090 768.66 152.59 369.24 527.21 875.67 374.87 1032.47 374.68 962.86 473.44 904.48 549.52 1030.26 549.84
00014281 00000091 768.31 153.93 368.32 527.80 874.84 376.80 1030.53 376.33 962.11 474.97 904.24 550.80 1029.58 550.76
00014282 00000092 774.03 155.53 358.67 525.11 870.18 376.29 1026.32 369.77 960.52 476.44 899.43 553.94 1028.36 547.83
00014283 00000093 773.67 157.76 358.13 523.55 869.51 376.78 1025.58 370.74 959.98 479.39 900.04 555.41 1027.46 549.75
00014284 00000094 774.52 159.55 359.30 525.77 869.65 378.48 1028.20 372.42 960.68 480.49 898.99 557.21 1027.64 551.54
00014285 00000095 774.58 159.63 359.21 526.20 869.63 379.40 1029.90 373.89 961.86 482.70 896.49 557.25 1029.19 551.91
00014286 00000096 774.05 165.81 365.51 525.42 875.33 380.79 1030.67 379.82 965.22 487.23 895.43 563.97 1022.95 563.79
00014287 00000097 776.52 167.17 362.90 523.61 877.30 382.71 1032.48 381.64 966.30 490.75 897.16 564.83 1025.44 564.50
00014288 00000098 778.45 168.58 361.65 522.92 878.18 384.88 1033.42 383.63 966.61 492.81 897.90 566.90 1026.79 566.43
00014289 00000099 780.55 168.95 361.88 524.95 879.68 384.52 1035.60 384.31 966.83 493.15 898.43 567.46 1027.13 567.88
00014290 00000100 782.13 169.16 358.91 521.41 880.59 384.25 1036.20 382.36 968.62 494.82 904.49 570.33 1027.96 569.25
00014291 00000101 784.73 169.71 361.34 521.24 881.82 381.29 1038.01 379.94 968.10 490.00 904.03 565.87 1028.95 565.41
00014292 00000102 786.07 169.61 362.72 523.38 882.92 379.43 1039.29 378.99 968.32 488.52 901.65 565.26 1028.26 565.60
00014293 00000103 787.42 169.36 361.66 523.36 884.09 379.97 1040.84 378.35 970.18 487.83 902.32 565.10 1030.28 564.56
00014294 00000104 787.74 169.68 362.17 523.75 885.21 381.54 1041.70 380.20 971.31 489.36 902.40 565.50 1031.69 565.25
00014295 00000105 790.27 171.18 360.79 521.05 886.70 382.81 1041.88 381.76 971.40 491.16 905.37 566.01 1032.49 566.05
00014296 00000106 791.12 172.16 359.83 518.90 887.10 384.43 1042.31 383.51 971.43 492.50 906.73 566.75 1032.97 566.83
00014297 00000107 792.59 173.30 358.92 519.85 888.71 384.46 1043.88 384.61 971.71 495.70 907.22 569.79 1031.45 570.88
00014298 00000108 793.70 172.59 357.98 520.26 889.56 384.65 1043.46 384.62 971.85 496.87 909.22 571.66 1030.25 572.63
00014299 00000109 793.51 172.42 358.17 520.39 889.70 384.89 1043.63 385.56 971.83 496.99 908.28 571.19 1030.21 572.71
00014300 00000110 794.31 171.87 358.14 521.03 890.23 384.19 1044.14 385.21 971.98 495.77 907.21 569.77 1030.46 571.62
00014301 00000111 794.89 171.56 358.37 519.52 890.78 383.84 1045.56 384.19 973.33 494.18 908.35 568.55 1032.27 569.87
00014302 00000112 796.03 169.50 358.17 520.19 891.42 382.53 1046.33 382.60 974.58 492.16 911.01 567.32 1034.36 568.30
00014303 00000113 797.67 169.82 357.05 520.51 893.70 382.30 1047.68 381.63 977.14 490.93 912.95 567.01 1036.48 567.44
00014304 00000114 799.56 168.56 356.24 521.10 894.67 381.73 1048.16 380.95 977.93 490.83 914.41 566.72 1036.14 566.99
00014305 00000115 800.14 169.80 356.51 520.41 895.29 382.15 1048.94 381.22 978.61 491.42 914.72 567.16 1037.07 567.30
00014306 00000116 800.70 170.07 357.01 521.50 896.17 383.33 1049.66 382.39 979.30 492.36 914.97 567.81 1037.95 567.86
00014307 00000117 802.18 170.01 357.80 521.55 898.27 383.39 1051.82 382.30 981.52 492.28 916.34 566.98 1040.10 566.83
00014308 00000118 803.78 168.92 358.78 522.43 900.01 384.45 1053.94 382.27 984.11 493.42 918.33 567.98 1043.38 566.82
00014309 00000119 804.42 168.49 359.87 524.83 902.55 383.83 1055.61 381.63 987.13 492.58 920.15 567.04 1044.40 565.90
00014310 00000120 805.81 166.27 359.75 526.14 903.57 381.92 1056.45 379.79 988.36 491.03 921.78 566.70 1044.86 565.71
00014311 00000121 807.18 166.25 360.20 527.78 905.62 381.17 1059.49 378.80 991.56 489.53 920.80 566.15 1047.61 565.12
00014312 00000122 810.31 164.89 359.88 529.24 908.84 378.56 1061.10 377.63 994.30 487.59 922.98 564.17 1048.59 564.57
00014313 00000123 812.62 163.25 360.71 529.98 912.55 377.49 1064.34 377.99 998.69 485.56 926.67 562.03 1053.14 563.73
00014314 00000124 814.01 162.03 362.04 530.75 915.61 378.09 1069.62 378.69 1005.33 485.59 928.55 559.65 1061.73 561.33
00014315 00000125 814.23 158.94 362.18 530.61 917.22 378.62 1072.31 378.59 1009.86 487.80 933.85 560.88 1064.77 561.76
00014316 00000126 815.84 157.81 364.52 524.48 919.20 379.24 1076.88 378.43 1014.66 485.42 938.63 562.01 1067.02 562.11
00014317 00000127 818.72 158.11 365.31 530.30 927.64 377.02 1082.32 378.74 1024.81 484.41 948.10 562.77 1074.60 564.45
00014318 00000128 820.61 158.40 365.02 536.16 934.39 375.00 1087.61 378.70 1033.02 482.80 949.07 561.37 1079.90 564.69
00014319 00000129 822.09 158.16 364.29 535.18 936.35 374.59 1090.60 377.00 1037.40 482.41 950.88 559.58 1084.84 562.09
00014320 00000130 825.63 158.45 361.44 527.90 937.50 375.96 1093.42 375.82 1040.71 480.92 955.71 558.91 1089.07 559.71
00014321 00000131 827.60 157.92 358.77 525.02 938.73 376.45 1093.93 376.09 1042.29 478.98 958.20 557.59 1089.99 558.33
00014322 00000132 828.62 157.67 357.41 522.87 938.97 376.68 1095.71 375.95 1043.72 478.91 959.62 557.48 1091.76 558.13
00014323 00000133 824.53 163.98 360.78 520.86 940.97 388.60 1095.36 378.68 1039.37 485.02 962.81 560.58 1090.77 552.77
00014324 00000134 825.28 163.85 359.29 520.58 942.01 387.87 1096.47 377.29 1041.27 484.19 963.79 560.32 1092.56 551.88
00014325 00000135 824.31 164.24 359.71 518.70 940.80 389.40 1096.40 377.48 1041.06 483.76 964.07 560.97 1093.49 551.48
00014326 00000136 823.73 164.40 359.63 521.15 940.26 389.37 1096.13 377.36 1040.86 483.79 963.91 562.63 1093.79 553.03
00014327 00000137 822.13 165.26 360.35 520.20 938.21 390.63 1094.04 379.35 1038.11 483.79 962.46 563.08 1091.75 554.05
00014328 00000138 821.70 166.51 360.32 519.34 937.62 390.88 1092.03 380.00 1036.90 484.18 961.08 563.00 1088.71 554.48
00014329 00000139 824.61 159.64 357.60 521.91 934.61 379.22 1091.45 376.74 1039.89 478.78 956.84 560.05 1088.51 559.24
00014330 00000140 822.31 159.55 358.72 524.03 933.88 378.66 1090.19 377.45 1038.19 480.46 951.78 558.35 1085.58 558.69
00014331 00000141 817.01 166.18 361.17 517.19 933.02 390.43 1088.93 379.75 1032.62 485.48 956.48 560.47 1085.99 552.29
00014332 00000142 816.53 166.65 360.46 517.87 932.13 391.10 1087.30 379.62 1031.48 486.34 956.18 561.26 1085.30 552.42
00014333 00000143 819.55 160.35 358.66 523.48 930.43 380.73 1085.37 376.90 1033.66 483.41 953.09 561.41 1082.50 559.32
00014334 00000144 818.83 160.33 358.31 523.37 929.99 382.02 1085.02 379.01 1032.83 484.75 951.61 562.44 1080.07 561.13
00014335 00000145 818.72 161.39 358.40 521.78 929.77 384.43 1084.31 381.43 1032.01 488.01 951.44 564.41 1078.44 563.31
00014336 00000146 818.03 160.12 358.48 523.65 929.62 383.13 1083.81 379.97 1031.27 486.05 952.20 564.32 1077.88 562.62
00014337 00000147 817.65 158.03 357.98 523.97 929.23 377.53 1082.41 374.78 1030.54 481.34 952.10 561.20 1076.38 559.79
00014338 00000148 818.30 152.20 357.44 526.95 927.52 373.25 1081.08 370.25 1028.70 476.24 952.02 559.50 1075.83 557.74
00014339 00000149 817.84 152.57 358.05 527.12 926.59 371.71 1079.88 369.16 1026.74 475.39 951.24 558.47 1074.37 556.89
00014340 00000150 816.28 156.92 359.01 526.92 926.05 376.07 1080.11 373.76 1025.12 481.92 946.66 560.25 1073.65 559.15
00014341 00000151 814.02 161.09 360.60 526.81 924.29 381.86 1081.00 380.73 1024.63 489.71 945.05 568.54 1071.07 568.47
00014342 00000152 814.54 164.53 362.11 526.13 925.15 386.32 1081.86 383.55 1025.25 495.07 947.40 572.53 1073.05 571.16
00014343 00000153 814.18 165.68 362.44 526.97 925.16 388.75 1080.40 385.75 1023.94 495.60 946.26 571.08 1073.61 569.62
00014344 00000154 814.95 163.46 359.73 522.64 926.98 385.57 1080.70 383.16 1024.42 490.17 946.41 565.16 1071.84 564.21
00014345 00000155 814.20 158.89 358.05 520.49 924.62 380.02 1077.98 376.11 1022.48 481.42 946.45 559.76 1071.74 557.33
00014346 00000156 808.89 160.45 358.00 518.53 923.92 382.71 1079.09 375.87 1020.18 479.53 946.99 553.50 1074.16 548.41
00014347 00000157 806.54 157.33 355.72 516.14 920.55 379.73 1077.44 374.53 1016.54 474.89 942.94 548.89 1070.84 545.17
00014348 00000158 801.44 155.60 357.68 519.56 914.62 378.69 1072.82 372.04 1012.22 475.60 939.66 549.74 1068.47 544.87
00014349 00000159 803.25 155.16 356.41 527.89 909.41 371.16 1064.22 361.11 1006.55 477.34 936.65 561.28 1055.41 553.81
CROP_BBOX: 645 0 1507 866
