Video ID: 	jrQR1UMHlas
H: 	1080
W: 	1920
FPS: 	30.0

FRAME INDEX X0 Y0 W H [Landmarks (5 Points)]

00001686 00000000 891.12 168.68 508.83 666.84 946.66 435.41 1120.21 420.46 971.20 554.39 987.90 667.63 1125.58 655.14
00001687 00000001 890.95 170.81 506.72 662.79 938.62 436.94 1118.17 415.32 968.99 559.48 989.64 675.28 1133.18 655.98
00001688 00000002 890.68 170.13 506.79 663.49 938.55 436.96 1118.22 415.22 969.14 559.37 989.61 675.27 1133.27 655.87
00001689 00000003 891.30 172.09 511.78 661.07 944.64 437.33 1117.86 420.46 967.27 556.15 986.41 666.69 1133.32 652.32
00001690 00000004 890.62 166.56 512.48 668.32 945.36 434.23 1118.82 420.33 967.80 555.05 986.51 666.31 1129.12 654.45
00001691 00000005 890.09 168.56 509.68 678.02 940.29 435.50 1117.20 414.46 966.75 559.92 992.39 678.16 1136.33 659.20
00001692 00000006 889.04 171.25 510.18 685.88 940.98 438.40 1114.82 414.81 964.35 563.82 997.17 688.14 1133.16 667.33
00001693 00000007 889.11 172.62 510.65 684.23 940.79 438.42 1114.95 414.68 964.03 563.45 996.91 688.15 1132.94 667.20
00001694 00000008 886.07 177.53 514.55 676.46 935.55 437.78 1115.55 415.95 961.53 564.94 990.74 690.97 1126.25 672.09
00001695 00000009 885.93 169.75 514.09 687.26 934.56 439.61 1112.86 418.82 958.63 568.18 989.02 691.59 1125.46 673.45
00001696 00000010 886.18 170.66 512.53 682.84 934.22 439.62 1112.94 420.15 959.24 570.45 988.66 689.17 1127.57 672.03
00001697 00000011 888.19 170.91 512.81 679.30 936.35 441.29 1116.15 421.02 962.80 569.22 989.18 686.86 1131.97 669.08
00001698 00000012 887.57 172.02 511.36 678.48 936.20 441.81 1115.47 420.77 962.53 569.05 989.40 686.95 1131.93 668.46
00001699 00000013 892.12 169.70 510.46 674.95 938.07 442.20 1122.00 420.16 966.27 566.01 988.86 686.11 1134.37 667.19
00001700 00000014 892.31 164.81 510.51 674.73 937.74 440.21 1125.87 420.24 968.50 562.92 982.61 681.90 1131.98 664.78
00001701 00000015 892.97 156.88 511.59 680.99 939.84 435.95 1129.00 418.33 969.41 560.41 982.62 675.46 1134.92 660.22
00001702 00000016 895.92 161.42 511.91 675.89 943.42 433.48 1132.29 419.21 971.67 561.11 986.38 671.40 1140.60 658.60
00001703 00000017 896.33 158.88 511.82 679.80 943.74 433.55 1131.27 418.52 971.27 560.65 986.70 671.97 1140.58 658.52
00001704 00000018 898.92 162.61 511.84 676.76 945.65 434.80 1129.70 419.14 973.99 566.40 994.28 674.21 1146.31 660.06
00001705 00000019 899.94 160.47 509.65 680.51 946.44 433.94 1129.90 420.46 974.84 571.15 996.71 674.76 1150.21 662.37
00001706 00000020 899.82 158.77 510.80 688.41 946.54 437.87 1128.77 419.09 974.00 569.62 999.18 683.10 1148.74 666.35
00001707 00000021 899.64 158.73 512.77 695.62 947.43 440.82 1130.67 417.99 976.04 568.91 1002.93 692.28 1146.73 672.52
00001708 00000022 899.47 158.84 512.89 695.79 947.52 441.08 1130.96 417.91 976.34 568.58 1003.23 692.64 1146.79 672.64
00001709 00000023 898.24 166.75 515.75 691.11 948.75 443.59 1129.28 416.96 977.45 566.23 1008.61 695.41 1147.49 672.53
00001710 00000024 896.44 164.30 517.44 695.86 948.60 442.38 1128.89 417.29 976.37 565.93 1007.33 694.78 1147.57 673.12
00001711 00000025 895.27 162.14 518.63 691.48 945.84 442.69 1127.74 417.07 976.28 566.49 1005.03 694.69 1144.47 672.76
00001712 00000026 895.69 163.47 515.20 686.02 943.94 442.59 1127.73 419.13 974.33 570.17 1002.86 692.77 1144.91 672.46
00001713 00000027 895.51 163.84 515.01 685.86 944.11 442.95 1127.38 419.40 974.48 570.36 1003.16 692.83 1144.72 672.40
00001714 00000028 895.22 164.46 515.52 684.96 943.56 443.77 1126.57 420.81 973.17 571.16 1001.68 691.61 1145.22 671.57
00001715 00000029 894.38 164.22 516.14 683.94 942.22 443.66 1124.84 420.25 971.96 571.28 1000.78 692.29 1143.60 671.91
00001716 00000030 892.85 161.15 516.35 686.24 941.80 444.53 1125.27 420.40 973.23 570.10 999.99 691.87 1143.37 670.98
00001717 00000031 893.00 163.05 519.15 685.48 941.83 446.83 1127.11 419.19 973.96 567.65 1000.79 692.61 1145.19 668.97
00001718 00000032 893.03 161.41 519.98 686.45 941.96 445.81 1127.24 418.91 974.13 567.62 1000.62 692.02 1145.16 669.07
00001719 00000033 894.45 161.83 519.93 685.81 942.68 444.30 1128.07 420.64 974.09 570.92 1001.06 685.97 1150.20 665.24
00001720 00000034 896.41 161.54 517.28 682.66 943.30 443.74 1128.18 422.68 972.59 571.45 999.24 680.64 1151.97 661.78
00001721 00000035 897.29 160.93 515.85 684.96 943.02 444.49 1128.83 425.31 973.28 575.10 997.32 681.44 1152.27 664.22
00001722 DELETE   894.09 160.39 517.43 687.97 942.87 446.46 1133.78 426.99 976.66 576.87 999.46 683.77 1153.61 666.60
00001723 00000037 893.84 160.03 518.60 687.42 941.88 447.50 1134.57 427.25 976.94 577.95 999.70 685.61 1153.91 667.87
00001724 DELETE   893.15 161.75 519.16 691.48 942.62 449.77 1133.50 427.20 978.64 578.31 1002.82 694.10 1151.79 674.53
00001725 00000039 893.10 163.23 518.75 686.34 941.74 448.51 1132.31 428.39 976.72 578.49 1001.30 693.44 1149.90 675.61
00001726 DELETE   895.26 167.94 514.02 678.17 942.81 450.89 1131.18 428.25 978.02 575.62 1001.71 693.49 1148.77 673.56
00001727 00000041 898.66 169.69 516.86 676.41 947.34 449.33 1137.73 428.73 981.69 576.24 1004.65 692.52 1153.93 674.43
00001728 00000042 899.06 169.55 517.27 676.72 947.44 449.13 1137.61 428.94 981.35 576.77 1004.82 692.55 1154.10 674.75
00001729 00000043 901.16 176.64 516.87 669.36 950.67 448.03 1140.19 427.59 985.25 573.74 1007.09 693.05 1154.42 675.05
00001730 00000044 902.83 173.88 519.64 673.28 953.67 446.37 1147.34 426.74 991.49 573.18 1008.17 694.41 1158.44 677.41
00001731 00000045 902.60 169.76 523.13 678.76 955.44 445.33 1150.02 427.36 993.49 572.82 1008.65 694.80 1159.13 679.41
00001732 00000046 902.75 173.42 523.75 674.80 957.12 443.97 1150.87 427.33 994.59 571.96 1010.81 692.64 1160.55 678.09
00001733 00000047 902.31 170.30 523.91 677.91 956.29 444.50 1150.41 426.84 994.54 571.23 1010.44 693.44 1160.18 678.13
00001734 00000048 896.72 175.78 531.41 670.54 954.06 435.59 1153.41 417.77 997.83 570.20 1006.71 687.02 1162.60 672.59
00001735 00000049 895.11 173.36 534.96 676.79 951.55 436.91 1150.33 416.98 994.61 568.83 1006.87 688.11 1163.51 671.62
00001736 00000050 896.01 171.41 534.28 680.51 950.62 436.29 1148.36 414.38 992.87 569.29 1007.54 689.48 1164.89 671.31
00001737 00000051 898.26 174.28 531.42 679.01 952.84 435.24 1148.23 414.03 992.61 568.08 1009.10 688.54 1166.51 671.00
00001738 00000052 898.09 177.18 531.15 677.04 952.16 435.78 1148.56 414.40 992.21 568.88 1009.24 689.57 1166.04 671.92
00001739 00000053 897.91 166.33 532.26 699.03 953.04 431.09 1146.72 411.02 989.92 568.05 1007.57 688.61 1169.30 671.74
00001740 00000054 897.03 164.60 531.98 706.77 950.65 428.60 1143.08 406.85 986.05 567.08 1006.99 688.90 1171.33 670.50
00001741 00000055 894.98 159.95 530.57 711.53 947.78 430.11 1138.30 405.47 982.54 562.63 1002.75 688.17 1167.90 667.47
00001742 00000056 894.20 164.62 527.80 701.91 946.96 430.73 1133.47 406.38 979.82 562.53 1001.78 684.83 1162.50 664.54
00001743 00000057 894.31 168.17 526.73 699.85 947.30 431.16 1133.82 406.96 980.21 563.36 1001.28 685.11 1163.18 664.83
00001744 00000058 895.49 165.12 523.05 673.49 947.49 434.41 1134.71 414.37 981.57 565.03 1003.74 672.92 1158.63 655.49
00001745 00000059 891.87 164.49 519.33 668.49 941.84 433.37 1132.38 413.75 977.69 563.93 994.67 672.93 1150.27 656.00
00001746 00000060 889.97 160.49 519.55 675.53 948.02 432.85 1132.99 412.75 981.90 551.58 992.79 669.85 1144.78 653.12
00001747 00000061 889.92 157.87 517.97 682.96 944.70 432.08 1128.50 409.90 978.83 560.95 999.38 676.66 1148.80 657.74
00001748 00000062 890.05 157.28 518.39 683.30 944.66 431.42 1128.87 410.15 978.38 561.13 999.29 675.91 1149.04 657.72
00001749 00000063 888.92 160.72 517.26 684.39 943.21 432.80 1122.76 410.36 972.38 560.24 997.61 679.35 1144.24 659.76
00001750 00000064 885.79 160.66 516.13 670.76 941.48 428.09 1123.52 408.47 973.45 550.05 988.03 668.77 1137.96 652.72
00001751 00000065 882.27 162.20 511.31 666.37 934.74 428.82 1118.51 411.49 968.06 552.58 976.75 662.83 1129.72 648.66
00001752 00000066 879.69 157.92 508.77 672.39 933.18 423.50 1114.43 409.73 963.88 550.50 975.97 659.41 1123.05 648.33
00001753 00000067 879.42 157.16 509.51 673.86 933.29 423.61 1114.83 409.78 964.16 550.20 975.79 659.37 1123.48 648.22
00001754 00000068 876.94 157.32 510.47 677.85 931.53 424.61 1113.88 409.76 962.79 553.26 973.60 664.44 1122.29 652.44
00001755 00000069 877.07 166.74 509.51 660.49 927.40 430.29 1110.98 411.58 962.05 560.75 973.94 664.27 1131.21 648.69
00001756 00000070 874.23 155.18 511.63 678.65 920.65 427.94 1108.37 408.54 958.02 561.88 973.45 669.16 1128.00 651.82
00001757 00000071 872.23 152.30 518.29 689.72 924.86 429.52 1107.69 402.08 958.13 553.74 979.09 676.89 1125.59 653.37
00001758 00000072 871.23 151.80 517.13 690.86 924.77 429.81 1108.41 402.51 959.45 554.74 978.94 677.36 1125.75 654.07
00001759 00000073 870.66 149.89 516.71 691.56 924.72 431.28 1107.24 399.23 958.47 551.19 980.39 677.48 1129.62 649.90
00001760 00000074 871.00 150.25 516.82 688.10 924.77 430.58 1108.79 398.97 960.84 552.73 982.11 678.26 1132.14 651.14
00001761 00000075 871.72 151.32 515.87 682.37 923.49 429.96 1109.61 399.13 961.37 554.17 982.46 677.67 1133.74 651.28
00001762 00000076 873.32 156.02 511.49 663.82 924.00 427.75 1111.04 399.83 965.40 552.26 979.89 670.46 1130.30 646.47
00001763 00000077 872.85 156.61 511.64 663.06 923.38 428.83 1111.39 400.04 965.38 552.22 978.84 670.95 1130.37 646.24
00001764 00000078 875.36 156.25 510.87 662.77 922.95 426.28 1110.14 402.34 961.48 553.39 974.82 667.85 1126.59 647.20
00001765 00000079 875.21 148.84 510.87 673.59 925.29 422.13 1112.24 398.69 965.41 547.69 973.11 664.55 1129.81 645.72
00001766 00000080 872.84 139.83 520.91 695.62 927.37 418.68 1115.70 393.75 966.56 542.32 977.33 666.17 1130.57 646.29
00001767 00000081 871.46 145.04 521.69 701.12 930.71 418.06 1116.39 391.84 969.83 536.41 985.54 670.38 1135.06 649.05
00001768 00000082 871.60 144.95 521.49 701.66 931.01 417.89 1116.27 391.76 969.68 536.25 985.63 670.46 1135.02 649.17
00001769 00000083 871.36 143.26 524.91 710.50 929.98 418.14 1115.88 390.20 967.33 534.66 987.07 673.73 1140.86 650.22
00001770 00000084 871.89 143.10 524.48 710.02 930.46 420.47 1116.78 390.61 968.80 536.74 987.57 676.55 1142.25 651.61
00001771 00000085 871.91 144.50 523.64 704.56 929.29 421.46 1115.77 391.47 968.07 537.74 985.12 676.41 1139.62 651.73
00001772 00000086 876.16 139.29 522.71 701.81 931.33 419.38 1117.75 392.35 968.39 538.45 985.99 675.05 1135.99 653.36
00001773 00000087 876.07 139.24 522.42 701.76 931.22 419.88 1117.38 392.66 968.41 538.57 986.14 675.31 1135.97 653.48
00001774 00000088 878.23 140.98 518.58 688.18 932.90 420.92 1119.32 394.09 970.84 538.76 986.71 670.71 1134.23 649.58
00001775 00000089 882.91 145.89 517.01 679.40 935.22 418.60 1121.19 393.73 969.37 533.72 983.53 665.92 1131.01 646.49
00001776 00000090 884.30 145.40 518.63 679.18 937.12 418.11 1122.90 393.82 970.20 531.74 984.22 665.19 1130.07 646.32
00001777 00000091 884.66 146.25 516.25 675.92 936.85 417.09 1123.07 394.10 969.80 531.29 981.47 662.15 1129.54 644.47
00001778 00000092 884.53 146.91 515.78 674.37 936.26 417.06 1122.68 393.87 969.88 531.65 981.34 662.23 1128.96 644.34
00001779 00000093 883.16 150.83 512.78 671.98 936.04 418.98 1120.96 394.35 970.52 532.72 982.61 663.84 1128.56 644.74
00001780 00000094 881.68 144.55 514.61 684.68 934.49 419.12 1119.21 393.84 968.21 534.10 981.77 667.49 1128.94 647.70
00001781 00000095 880.06 148.35 515.34 686.42 932.67 418.73 1117.65 393.05 966.25 535.42 980.91 669.81 1130.20 649.50
00001782 00000096 878.29 144.52 519.55 700.51 931.67 418.06 1116.80 391.67 965.46 533.25 980.51 672.46 1131.63 651.24
00001783 00000097 878.66 148.93 520.38 696.58 931.55 416.85 1117.29 391.33 964.94 533.91 980.52 671.88 1132.27 651.29
00001784 00000098 877.66 145.85 521.16 703.82 931.70 416.23 1118.32 390.22 965.73 533.09 982.27 674.35 1133.98 653.30
00001785 00000099 879.73 148.37 520.18 699.33 934.67 414.93 1119.94 389.93 967.21 531.92 983.28 672.56 1132.42 652.50
00001786 00000100 883.10 152.59 519.39 685.38 937.22 413.72 1120.39 393.45 966.43 533.37 982.57 663.90 1127.24 647.82
00001787 00000101 886.92 151.16 508.39 667.73 935.96 413.39 1121.69 396.85 968.83 529.98 974.30 652.61 1118.53 640.11
00001788 00000102 887.09 152.86 507.19 665.83 936.11 413.88 1121.41 397.10 969.16 530.17 974.49 652.80 1118.57 640.10
00001789 00000103 890.50 150.94 502.68 657.96 936.15 418.28 1122.46 400.06 971.06 525.07 968.71 647.05 1115.79 633.65
00001790 00000104 892.44 138.88 505.58 676.16 947.22 419.10 1115.99 405.09 967.35 525.43 975.01 645.11 1110.58 634.03
00001791 00000105 890.42 139.47 500.72 674.07 938.04 416.14 1119.88 400.35 968.80 523.52 967.49 647.57 1118.23 636.17
00001792 00000106 888.11 142.96 501.72 670.80 938.13 417.74 1120.21 404.91 971.52 530.75 967.73 650.37 1118.49 641.45
00001793 00000107 888.56 143.72 502.38 670.20 938.55 416.89 1120.72 405.09 971.25 531.18 967.52 649.98 1118.17 641.74
00001794 00000108 891.95 144.35 500.98 671.15 944.05 419.04 1113.79 411.89 966.55 537.96 973.48 648.86 1110.23 643.56
00001795 00000109 887.31 151.68 495.96 661.18 933.76 420.09 1115.01 405.23 967.63 533.97 963.64 652.81 1113.96 642.19
00001796 00000110 886.53 149.76 496.56 662.03 932.12 418.91 1114.69 404.32 966.12 534.40 961.70 652.80 1112.02 642.59
00001797 00000111 884.76 147.54 499.01 668.44 933.71 419.28 1114.70 404.32 966.29 533.06 963.85 654.87 1111.16 644.22
00001798 00000112 884.92 149.63 499.88 669.27 933.61 419.72 1115.09 404.39 965.97 533.60 964.31 656.39 1111.67 645.34
00001799 00000113 882.88 145.93 506.90 686.70 935.50 420.58 1116.86 403.38 968.31 536.89 972.52 668.51 1116.65 655.47
00001800 00000114 883.08 148.15 510.30 693.75 938.12 418.24 1117.24 401.62 967.92 536.79 977.89 667.93 1125.88 654.62
00001801 00000115 882.08 146.60 515.84 700.12 939.32 416.60 1118.55 401.26 966.43 536.58 979.75 667.02 1130.35 654.39
00001802 00000116 881.41 150.11 517.67 702.75 939.74 415.90 1118.34 400.44 965.62 536.52 981.19 668.84 1131.51 655.80
00001803 00000117 881.11 151.91 518.31 701.34 939.72 416.10 1118.21 400.76 965.67 536.59 981.27 668.60 1131.83 655.57
00001804 00000118 880.58 150.72 518.69 704.47 939.67 416.08 1117.57 400.98 964.74 536.80 981.63 669.85 1131.55 656.92
00001805 00000119 879.95 153.31 519.22 701.95 939.24 415.14 1117.09 401.07 964.47 536.98 981.51 668.86 1131.35 656.63
00001806 00000120 880.32 151.54 518.95 700.93 938.12 416.34 1115.63 402.77 962.53 538.64 979.31 669.17 1128.49 657.55
00001807 00000121 881.76 161.24 516.49 685.26 937.76 416.05 1114.06 402.54 961.70 539.06 979.60 667.04 1123.55 655.72
00001808 00000122 882.00 160.17 516.06 686.68 937.78 416.00 1113.41 402.47 961.23 538.88 979.49 667.39 1122.14 656.11
00001809 00000123 881.48 162.28 513.73 678.00 937.64 420.74 1110.81 406.48 960.67 541.54 978.34 664.89 1116.79 653.23
00001810 00000124 880.75 157.57 508.06 667.75 931.41 421.57 1111.07 408.70 959.76 546.78 968.90 659.50 1115.42 649.24
00001811 00000125 881.19 154.60 507.63 666.37 929.06 420.45 1111.15 410.28 955.72 544.93 962.13 654.35 1113.20 646.46
00001812 00000126 881.85 156.45 503.95 664.74 928.37 420.30 1108.98 410.48 953.27 545.00 961.41 652.86 1112.04 645.15
00001813 00000127 881.63 153.17 504.57 668.42 928.03 419.25 1108.98 409.33 952.91 544.92 960.93 652.90 1112.15 645.16
00001814 00000128 879.03 152.20 505.80 671.15 927.23 419.20 1108.51 408.71 952.62 545.03 961.95 653.09 1112.84 644.84
00001815 00000129 879.39 151.80 506.10 673.93 927.70 419.43 1107.53 408.77 952.54 546.02 964.13 654.79 1112.65 646.38
00001816 00000130 879.98 151.14 507.42 674.13 929.28 420.30 1109.86 410.05 955.52 549.31 966.32 659.32 1112.77 651.41
00001817 00000131 878.76 152.79 513.09 680.29 928.82 422.81 1109.10 409.45 954.16 550.06 966.57 667.89 1112.50 657.48
00001818 00000132 879.23 154.37 511.56 678.95 929.23 422.48 1109.16 410.22 954.36 550.46 966.50 667.18 1113.26 657.47
00001819 00000133 881.93 162.21 511.83 672.54 932.66 424.51 1109.21 412.32 955.25 549.49 969.13 669.13 1111.65 659.57
00001820 00000134 883.69 158.14 510.96 675.34 934.60 423.10 1110.41 411.91 957.15 548.37 970.67 667.81 1112.33 659.24
00001821 00000135 884.81 159.04 507.73 673.67 935.85 423.60 1110.96 411.16 959.68 547.51 972.06 668.33 1111.97 658.79
00001822 00000136 884.21 159.01 510.15 675.90 936.33 424.92 1110.48 412.38 959.16 548.19 973.14 669.91 1111.67 660.25
00001823 00000137 884.18 160.33 509.55 674.54 936.38 424.24 1110.70 411.85 959.44 548.50 973.81 670.10 1111.68 660.61
00001824 00000138 880.75 149.06 513.09 689.28 933.00 424.91 1106.05 409.74 954.84 549.18 974.81 672.14 1111.80 660.22
00001825 00000139 878.34 144.61 515.90 695.00 930.09 427.49 1103.46 408.51 953.34 548.96 975.68 674.64 1111.09 659.55
00001826 00000140 877.32 142.96 517.35 697.65 928.61 428.38 1103.10 408.27 953.07 549.34 974.90 675.70 1111.78 659.64
00001827 00000141 876.97 149.36 515.34 691.02 927.27 429.35 1101.87 408.77 953.41 552.21 974.64 677.53 1110.79 661.19
00001828 00000142 876.52 147.14 515.96 693.24 926.83 429.25 1101.70 408.55 953.03 552.10 974.10 677.57 1110.59 661.19
00001829 00000143 876.82 153.80 514.28 688.25 926.35 432.13 1100.37 411.47 950.81 554.08 972.64 679.45 1109.04 662.93
00001830 00000144 875.92 155.56 511.25 688.71 919.87 432.50 1095.40 410.96 937.71 556.33 970.14 682.67 1105.10 663.55
00001831 00000145 874.69 158.85 512.77 684.39 921.96 436.13 1095.26 413.32 946.38 555.20 969.70 681.23 1106.10 662.66
00001832 00000146 874.91 160.36 510.84 682.42 921.07 436.81 1092.90 413.77 943.79 555.59 968.09 682.26 1102.56 663.52
00001833 00000147 874.23 158.58 512.41 684.82 920.34 437.09 1092.75 413.75 943.50 555.41 967.91 682.26 1102.89 663.26
00001834 00000148 874.09 160.21 512.14 684.60 919.20 436.99 1090.38 413.39 940.66 554.25 967.01 682.21 1100.50 662.94
00001835 00000149 875.03 158.33 512.62 686.52 919.92 436.82 1089.87 413.00 940.17 553.74 967.83 682.94 1099.59 663.46
00001836 00000150 874.11 158.95 513.18 685.24 920.29 437.51 1092.12 413.72 943.36 555.18 968.90 683.64 1101.99 664.19
00001837 00000151 874.36 158.39 514.75 686.13 920.71 438.22 1093.23 414.08 944.51 555.94 969.64 684.00 1104.34 664.17
00001838 00000152 875.10 159.53 511.07 685.03 917.83 434.58 1095.12 410.88 937.17 555.38 967.63 685.08 1102.02 664.73
00001839 00000153 874.01 160.94 514.59 682.88 921.72 437.72 1094.89 415.20 946.34 557.48 970.55 683.56 1105.86 665.01
00001840 00000154 874.17 158.86 514.75 685.32 921.10 437.97 1094.30 415.45 944.73 557.80 969.45 683.96 1104.01 665.57
00001841 00000155 874.36 163.82 513.93 679.26 921.06 438.78 1094.46 416.46 944.79 558.90 969.03 684.13 1103.80 665.90
00001842 00000156 873.91 165.43 512.44 676.46 919.49 438.49 1092.75 416.75 943.14 560.57 967.72 681.98 1104.39 664.11
00001843 00000157 873.92 164.66 513.19 677.59 919.97 438.44 1093.52 416.39 943.03 560.02 968.00 682.39 1104.62 664.21
00001844 00000158 874.63 167.29 510.44 670.93 919.92 439.56 1095.01 417.57 944.36 559.72 965.99 680.48 1106.48 662.45
00001845 00000159 874.71 167.51 510.40 669.86 920.09 439.12 1095.80 418.91 944.25 560.54 965.51 677.61 1108.16 660.97
00001846 00000160 872.04 165.12 513.47 678.47 920.11 439.57 1096.50 418.50 945.18 559.58 967.00 679.60 1111.45 661.96
00001847 00000161 869.67 162.43 517.81 689.23 919.16 439.91 1095.19 416.39 945.93 559.43 970.29 685.06 1115.13 665.30
00001848 00000162 869.91 159.06 516.89 692.23 919.10 439.30 1095.04 416.24 945.60 559.73 969.88 684.80 1114.90 665.46
00001849 00000163 874.49 164.69 509.54 682.81 916.08 438.04 1093.60 414.09 936.88 563.07 971.21 685.50 1114.53 663.78
00001850 00000164 874.67 167.27 508.26 676.75 915.63 435.39 1093.58 414.43 936.03 560.76 969.04 682.67 1109.61 663.57
00001851 00000165 874.30 164.01 513.47 677.20 922.03 438.09 1098.68 417.72 947.23 559.42 967.37 679.18 1113.30 662.08
00001852 00000166 877.69 163.32 509.80 671.90 921.52 436.94 1096.95 418.17 946.41 562.10 965.72 675.06 1115.17 659.20
00001853 00000167 877.30 162.66 509.54 672.72 921.28 437.26 1096.47 418.13 945.99 562.09 965.82 675.19 1115.20 658.99
00001854 00000168 879.25 163.27 509.21 674.42 924.87 432.16 1098.93 417.86 946.41 560.36 967.02 671.16 1114.88 659.01
00001855 00000169 876.19 156.77 514.42 687.87 925.70 433.65 1101.30 416.54 949.02 558.46 969.24 677.49 1111.87 663.16
00001856 00000170 874.62 165.02 512.84 681.80 919.80 435.15 1098.85 414.23 941.95 559.39 972.45 683.24 1111.73 664.41
00001857 00000171 872.50 166.31 517.61 680.34 924.38 438.22 1096.80 417.69 948.74 561.56 974.93 683.44 1111.69 666.05
00001858 00000172 873.33 166.54 513.86 682.92 919.51 437.53 1097.34 416.46 941.05 563.08 973.59 686.32 1112.10 667.14
00001859 00000173 873.14 163.96 514.94 690.93 919.52 440.37 1097.93 416.79 941.66 564.11 974.67 689.14 1115.36 667.83
00001860 00000174 871.87 166.10 518.14 690.03 918.62 441.75 1098.14 417.49 940.45 564.99 974.27 690.65 1116.34 668.75
00001861 00000175 872.64 167.22 515.88 687.72 918.91 441.56 1097.27 417.40 940.69 565.00 974.76 690.09 1115.64 668.26
00001862 00000176 872.13 166.15 517.19 689.77 918.61 441.21 1096.67 416.88 939.32 565.74 975.08 690.91 1115.74 668.83
00001863 00000177 872.24 164.18 516.02 692.64 919.69 441.81 1096.41 416.85 939.26 564.98 974.82 690.83 1115.65 668.15
00001864 00000178 871.52 164.66 514.99 691.52 918.32 443.12 1095.28 416.48 938.87 564.05 973.56 691.94 1114.49 668.02
00001865 00000179 871.09 166.64 515.67 689.02 916.82 442.53 1095.15 417.56 937.36 565.35 972.21 691.71 1113.57 669.23
00001866 00000180 870.70 155.96 514.30 699.10 917.12 442.20 1092.37 418.47 934.86 565.58 970.65 691.66 1109.24 670.06
00001867 00000181 870.20 152.03 518.62 698.37 919.70 444.42 1091.55 419.24 944.30 561.04 970.24 688.96 1108.17 667.88
00001868 00000182 870.04 152.52 518.70 697.34 919.72 443.80 1091.96 419.11 944.41 561.35 970.28 688.60 1108.25 667.94
00001869 00000183 870.24 154.99 517.66 692.03 920.18 442.46 1091.40 419.99 942.57 562.59 968.71 686.00 1105.90 667.18
00001870 00000184 872.38 151.18 512.96 692.99 919.57 440.66 1092.65 420.43 941.22 564.87 965.93 681.56 1109.01 664.44
00001871 00000185 872.06 153.10 512.37 688.84 917.76 438.52 1091.36 419.64 939.27 564.94 963.82 680.41 1103.32 664.63
00001872 00000186 870.93 156.17 514.30 692.84 919.33 441.31 1091.60 418.21 942.50 561.24 968.74 684.58 1105.12 665.33
00001873 00000187 870.91 156.63 515.04 693.10 919.13 441.84 1091.17 418.43 941.91 561.29 968.89 684.81 1105.73 665.29
00001874 00000188 868.05 155.36 516.68 697.81 918.99 441.34 1090.49 417.15 943.84 562.24 970.84 687.79 1106.33 667.58
00001875 00000189 866.19 159.64 517.79 694.51 917.23 443.19 1087.92 417.77 943.21 566.87 973.17 692.45 1108.17 671.03
00001876 00000190 861.91 152.06 520.63 705.71 912.69 444.87 1082.91 417.26 938.96 567.20 971.75 696.94 1103.44 673.57
00001877 00000191 862.67 152.22 511.01 710.31 909.68 448.61 1076.08 423.50 929.44 573.73 972.16 707.87 1097.56 685.68
00001878 00000192 858.69 145.87 513.93 712.58 907.28 445.16 1074.24 415.24 934.16 569.09 969.96 698.50 1097.13 673.20
00001879 DELETE   863.12 161.70 502.68 690.18 903.23 450.30 1068.27 425.21 922.53 578.43 965.26 703.12 1091.22 681.21
00001880 00000194 862.82 159.22 496.45 692.83 895.99 450.26 1060.91 427.67 914.63 588.08 957.86 702.59 1090.54 682.28
00001881 00000195 860.02 160.15 492.61 684.09 895.42 454.49 1051.74 427.20 910.15 581.81 954.97 699.34 1078.99 675.18
00001882 00000196 854.12 160.10 486.74 679.73 892.00 455.19 1047.36 427.00 907.30 576.81 949.56 693.80 1074.94 668.83
00001883 00000197 855.40 159.23 486.71 681.33 891.97 454.55 1047.56 426.84 906.49 577.74 949.83 694.32 1075.73 669.64
00001884 DELETE   854.01 159.66 483.68 677.88 890.03 462.29 1043.60 427.80 902.45 570.97 948.65 693.15 1075.48 662.42
00001885 DELETE   849.50 151.46 492.23 685.33 889.03 458.25 1050.17 426.02 906.36 571.74 949.66 692.54 1079.75 663.83
CROP_BBOX: 614 0 1645 1018
