Video ID: 	WkOZlOEGRHY
H: 	1080
W: 	1920
FPS: 	30.0

FRAME INDEX X0 Y0 W H [Landmarks (5 Points)]

00006917 00000000 927.36 105.62 536.51 707.75 971.33 420.20 1161.77 381.84 999.74 532.07 1031.88 671.81 1185.65 642.23
00006918 00000001 928.88 100.78 538.70 707.19 972.43 419.85 1164.01 380.98 1001.19 530.86 1033.05 670.49 1186.96 640.55
00006919 00000002 939.69 96.18 522.73 712.53 979.18 424.64 1161.90 379.69 1007.87 536.96 1037.46 674.41 1191.69 639.69
00006920 00000003 939.76 96.23 522.39 712.29 979.29 424.18 1161.07 379.11 1006.67 535.92 1037.52 673.60 1190.78 638.73
00006921 00000004 939.19 97.89 524.79 712.30 977.85 424.62 1159.83 380.32 1004.46 537.35 1036.65 674.82 1190.08 640.47
00006922 00000005 927.96 103.88 537.30 709.56 970.55 419.07 1161.92 382.75 998.16 532.96 1030.00 670.20 1185.72 642.14
00006923 00000006 926.43 107.96 532.58 709.74 969.40 419.47 1157.95 385.29 996.17 540.27 1030.40 672.35 1184.39 645.71
00006924 00000007 926.60 111.78 528.81 710.58 965.87 425.41 1153.53 389.45 991.44 544.77 1027.33 679.15 1183.01 650.78
00006925 00000008 926.14 112.79 527.95 709.65 963.90 427.72 1153.87 389.67 991.90 545.94 1025.42 682.56 1180.46 652.69
00006926 00000009 927.85 105.27 530.35 716.01 966.88 426.07 1156.21 389.99 993.60 544.45 1027.14 679.83 1181.66 651.69
00006927 00000010 933.34 113.76 528.73 704.04 973.13 424.46 1161.28 390.24 996.98 540.08 1029.45 675.66 1181.73 649.00
00006928 00000011 947.21 97.95 514.21 713.30 984.67 424.19 1163.28 384.99 1006.76 537.63 1034.73 674.22 1181.34 644.21
00006929 00000012 952.37 95.99 517.17 709.30 987.69 418.27 1170.53 381.16 1008.87 531.03 1032.67 668.66 1181.90 640.69
00006930 00000013 959.45 98.01 515.61 697.06 992.96 414.18 1175.56 380.52 1012.31 528.13 1033.70 662.98 1183.54 638.07
00006931 00000014 962.23 93.55 515.29 706.21 995.67 415.45 1176.21 380.11 1014.01 528.64 1039.20 664.96 1188.99 638.86
00006932 00000015 961.56 101.19 513.95 707.10 996.06 428.95 1176.08 388.15 1021.28 534.29 1047.74 671.01 1195.12 640.20
00006933 00000016 957.88 101.60 521.14 718.85 992.58 437.33 1171.83 393.74 1018.63 545.21 1054.73 680.26 1207.38 646.18
00006934 00000017 953.91 116.88 522.11 708.51 987.67 445.95 1166.25 401.39 1012.66 556.23 1051.70 688.97 1204.52 653.26
00006935 00000018 951.32 120.58 526.31 706.92 984.53 446.87 1165.68 402.80 1009.44 560.28 1048.70 691.42 1202.78 656.12
00006936 00000019 952.73 121.31 523.36 706.17 983.82 446.53 1164.76 399.55 1008.93 557.97 1047.79 692.91 1201.38 655.32
00006937 00000020 957.55 118.70 521.31 706.16 989.97 437.62 1167.64 393.57 1011.78 549.25 1051.20 686.57 1204.54 651.50
00006938 00000021 964.12 102.75 525.46 720.64 999.87 426.13 1177.80 384.94 1020.25 539.97 1059.61 678.42 1212.61 646.33
00006939 00000022 970.47 101.29 526.86 716.77 1006.55 419.49 1186.61 379.95 1026.14 532.29 1062.39 673.43 1218.05 642.98
00006940 00000023 969.14 97.79 539.63 720.05 1014.46 409.86 1190.82 374.18 1029.38 526.25 1068.71 666.43 1218.80 636.70
00006941 00000024 976.99 96.90 527.49 710.55 1015.83 411.35 1196.30 372.19 1034.59 519.11 1071.69 660.83 1226.90 631.11
00006942 00000025 981.29 95.43 526.88 709.42 1019.05 406.61 1201.44 368.90 1039.37 517.46 1076.78 656.38 1231.37 628.10
00006943 00000026 984.21 98.27 533.89 715.82 1022.88 405.60 1203.73 374.17 1031.29 523.37 1082.06 653.96 1225.31 626.05
00006944 00000027 986.72 99.60 533.56 710.91 1025.87 403.10 1207.53 373.80 1034.83 521.18 1081.98 652.06 1223.23 626.46
00006945 00000028 990.20 101.98 531.76 706.71 1029.81 399.84 1213.87 373.95 1040.53 520.38 1084.90 651.34 1223.24 629.10
00006946 00000029 991.88 101.97 533.77 704.54 1034.10 398.40 1216.20 373.66 1042.99 519.93 1088.32 650.34 1224.65 629.03
00006947 00000030 995.94 101.48 534.18 702.80 1038.94 397.47 1221.81 373.21 1049.75 520.46 1091.91 650.77 1227.34 630.09
00006948 00000031 1001.48 94.79 532.59 695.38 1047.21 396.38 1226.60 367.38 1066.60 511.47 1092.98 646.99 1234.30 623.08
00006949 00000032 1004.84 97.06 529.43 698.41 1050.88 393.43 1227.20 373.05 1052.01 523.83 1097.88 644.96 1233.66 626.84
00006950 00000033 1010.35 97.87 532.03 701.76 1053.29 399.38 1235.66 376.21 1059.47 525.75 1102.17 651.04 1240.91 630.97
00006951 00000034 1015.13 102.70 528.88 698.13 1054.68 403.93 1241.21 380.77 1067.21 530.50 1105.99 655.90 1244.54 636.27
00006952 00000035 1018.38 105.73 526.61 695.26 1056.39 406.35 1246.69 383.56 1072.79 532.76 1108.25 658.01 1248.46 638.95
00006953 00000036 1021.69 109.30 524.47 689.11 1059.68 407.38 1249.70 384.52 1077.09 533.40 1112.39 657.17 1251.85 637.90
00006954 00000037 1028.09 106.26 526.37 688.47 1064.44 403.79 1255.59 383.22 1082.85 532.73 1117.57 654.54 1257.44 637.21
00006955 00000038 1035.41 102.74 526.67 685.48 1069.39 401.66 1262.62 378.66 1089.08 525.91 1123.18 649.04 1265.19 629.70
00006956 00000039 1042.31 99.26 530.13 687.83 1078.22 400.20 1271.87 370.73 1097.75 518.81 1131.64 649.53 1274.01 624.79
00006957 00000040 1051.55 94.20 533.56 687.40 1088.99 393.35 1284.63 364.75 1109.14 511.67 1142.97 644.80 1285.59 620.91
00006958 00000041 1060.22 94.90 521.68 676.91 1105.32 384.07 1286.41 356.26 1118.57 507.47 1153.73 631.80 1295.02 607.49
00006959 00000042 1065.17 93.49 519.82 665.69 1109.52 380.94 1295.68 347.21 1127.00 495.65 1154.19 625.55 1300.28 597.11
00006960 00000043 1073.86 84.92 519.65 667.40 1115.74 377.78 1303.62 338.99 1134.42 486.52 1158.30 620.87 1307.61 588.80
00006961 00000044 1076.34 76.36 520.99 672.73 1119.90 370.23 1310.58 328.54 1142.73 476.66 1162.26 616.74 1314.22 582.40
00006962 00000045 1080.25 76.87 518.28 663.54 1120.29 364.66 1314.07 324.31 1145.63 471.61 1162.15 610.96 1315.18 577.73
00006963 00000046 1079.32 76.70 517.66 661.86 1120.86 361.96 1314.28 321.95 1147.22 466.93 1163.95 606.22 1316.28 573.32
00006964 00000047 1077.47 73.07 518.60 665.54 1119.30 359.06 1310.83 320.80 1144.91 466.90 1164.13 604.22 1315.21 572.66
00006965 00000048 1074.93 69.56 512.88 671.92 1116.90 357.33 1301.49 322.31 1138.17 471.64 1163.89 603.17 1314.04 573.39
00006966 00000049 1064.91 71.20 517.42 676.61 1111.65 363.81 1295.24 328.51 1133.30 476.46 1162.21 607.06 1310.41 576.84
00006967 00000050 1051.39 66.82 537.21 683.09 1096.90 369.48 1288.16 334.28 1126.68 480.05 1153.22 614.31 1302.82 584.59
00006968 00000051 1042.05 76.26 540.03 678.13 1086.27 382.46 1274.45 339.78 1113.94 487.99 1146.83 624.63 1290.66 588.97
00006969 00000052 1030.42 88.28 537.97 674.42 1071.47 391.78 1263.27 347.93 1099.14 503.08 1135.57 634.34 1282.58 596.90
00006970 00000053 1021.41 98.17 527.37 670.29 1060.84 396.96 1249.52 353.28 1088.39 514.47 1129.75 640.06 1272.98 602.87
00006971 00000054 1010.46 107.27 521.49 664.71 1052.46 404.62 1232.86 360.78 1074.96 520.10 1118.09 643.04 1258.01 605.97
00006972 00000055 1002.72 115.81 520.25 659.22 1048.48 406.56 1222.68 365.93 1063.86 526.98 1111.38 645.22 1248.74 610.25
00006973 00000056 991.88 110.95 528.17 679.02 1035.32 419.53 1219.51 372.36 1063.62 534.36 1111.56 658.59 1252.58 617.16
00006974 00000057 985.19 113.70 526.51 679.95 1027.62 427.07 1210.13 376.47 1056.62 539.90 1108.16 666.61 1248.82 622.30
00006975 00000058 979.32 118.92 524.32 684.60 1020.42 430.62 1203.87 379.33 1050.63 543.84 1102.56 672.18 1243.98 627.31
00006976 00000059 973.69 117.26 523.47 685.02 1016.06 429.15 1197.43 382.04 1044.27 545.17 1097.69 672.17 1235.41 631.03
00006977 00000060 967.66 119.74 525.24 681.89 1012.83 430.53 1190.95 383.81 1038.97 549.37 1096.71 673.04 1231.75 632.14
00006978 00000061 967.72 119.44 525.13 681.55 1012.85 430.52 1191.06 383.64 1039.26 549.22 1096.97 673.02 1231.83 631.98
00006979 00000062 965.76 117.55 523.57 682.87 1009.03 430.20 1186.91 384.20 1035.09 551.10 1092.68 673.45 1227.97 633.14
00006980 00000063 962.06 115.25 521.76 682.44 1005.64 428.96 1183.31 385.90 1031.86 552.25 1087.63 672.58 1223.07 634.73
00006981 00000064 961.17 116.75 517.23 679.89 1002.83 428.30 1179.18 386.61 1027.74 553.33 1083.22 671.05 1217.88 634.38
00006982 00000065 959.31 113.16 512.12 681.31 1000.36 428.65 1172.89 385.37 1024.64 554.20 1080.18 672.13 1212.69 634.01
00006983 00000066 956.42 113.18 510.67 682.97 996.67 430.91 1168.06 385.89 1021.28 555.40 1077.86 675.04 1209.19 635.28
00006984 00000067 955.94 110.58 509.55 687.85 995.26 430.93 1166.89 386.51 1018.35 555.44 1074.32 675.71 1205.77 636.58
00006985 00000068 955.44 111.32 509.93 685.63 993.25 429.43 1167.21 385.67 1016.70 554.71 1071.59 676.88 1201.13 638.64
00006986 00000069 956.44 111.48 509.26 687.46 992.58 429.51 1167.16 386.04 1015.17 554.32 1068.16 680.12 1195.72 642.43
00006987 00000070 957.87 111.19 509.04 688.90 993.17 429.27 1167.24 386.16 1014.36 555.25 1067.76 683.15 1192.36 645.92
00006988 00000071 957.34 113.70 509.04 686.67 992.63 429.92 1167.65 387.37 1013.93 556.73 1066.78 684.71 1190.17 648.07
00006989 00000072 958.61 111.81 508.56 688.84 992.97 429.59 1167.52 387.53 1013.03 556.72 1066.90 685.61 1188.68 649.39
00006990 00000073 957.91 113.12 509.92 685.43 993.07 429.43 1169.71 388.09 1014.95 557.33 1066.56 687.87 1187.54 652.26
00006991 00000074 959.77 112.64 508.47 684.37 994.20 429.82 1169.70 388.33 1015.48 556.35 1066.18 687.21 1186.59 651.51
00006992 00000075 961.95 111.70 509.76 684.96 995.74 426.90 1171.79 388.29 1015.60 556.70 1066.68 685.81 1186.70 652.50
00006993 00000076 963.97 110.10 511.12 687.90 997.47 425.40 1174.21 387.91 1016.24 555.52 1067.85 684.83 1187.76 652.45
00006994 00000077 964.69 109.94 509.93 689.47 998.13 425.74 1175.47 387.85 1017.52 555.03 1069.56 683.90 1191.94 650.99
00006995 00000078 965.42 112.38 511.04 684.02 1001.06 426.25 1176.04 388.64 1019.65 556.30 1075.03 683.09 1196.40 650.02
00006996 00000079 965.31 110.27 516.93 696.46 1003.61 432.45 1175.32 391.23 1020.49 557.33 1081.65 687.37 1203.64 650.83
00006997 00000080 965.56 113.12 515.27 696.18 1002.61 433.84 1174.65 391.69 1020.03 558.29 1082.53 686.04 1206.59 648.72
00006998 00000081 965.63 115.54 513.46 690.57 1002.69 432.91 1174.96 391.09 1021.12 558.12 1082.64 684.02 1207.11 647.09
00006999 00000082 967.27 113.86 512.76 694.18 1004.16 431.92 1176.70 389.21 1022.86 556.23 1084.27 683.71 1209.11 646.32
00007000 00000083 967.05 114.31 512.25 686.67 1004.36 429.05 1179.80 387.27 1026.09 553.42 1083.57 679.34 1209.02 643.08
00007001 00000084 968.37 115.03 512.85 681.60 1005.75 427.81 1181.47 385.23 1027.39 549.55 1084.36 676.51 1210.28 639.76
00007002 00000085 971.21 114.27 514.00 679.72 1007.24 422.42 1187.19 383.09 1030.68 545.89 1083.26 672.87 1209.87 639.38
00007003 00000086 973.83 115.08 515.99 677.74 1010.65 422.00 1191.00 381.52 1033.82 542.21 1085.21 669.96 1212.62 635.64
00007004 00000087 975.45 111.74 521.62 686.44 1013.81 423.61 1192.72 381.20 1034.43 539.42 1087.77 671.58 1216.88 635.19
00007005 00000088 977.39 110.42 523.19 689.47 1015.65 424.47 1193.99 379.30 1035.31 535.70 1090.84 672.02 1219.48 633.33
00007006 00000089 978.81 108.33 524.55 693.43 1016.57 424.37 1196.65 376.95 1037.61 535.02 1092.55 673.26 1222.51 632.76
00007007 00000090 982.27 110.11 521.94 690.02 1020.16 424.57 1200.40 377.19 1042.73 533.71 1094.33 670.13 1225.23 629.62
00007008 00000091 983.51 111.03 524.52 686.63 1022.71 423.26 1203.94 374.76 1045.88 533.03 1097.08 670.09 1227.47 628.71
00007009 00000092 986.29 111.70 527.25 685.39 1026.29 421.61 1207.51 374.64 1048.28 532.81 1099.19 669.26 1228.31 629.30
00007010 00000093 987.44 109.17 524.38 687.06 1027.89 420.24 1208.23 374.38 1049.30 531.27 1098.66 669.11 1226.05 630.19
00007011 00000094 988.44 110.25 522.97 684.06 1027.81 420.31 1208.49 375.62 1047.70 530.02 1095.59 669.58 1221.84 631.87
00007012 00000095 988.69 110.46 523.81 687.42 1026.75 422.75 1205.75 377.68 1043.98 531.38 1094.54 671.70 1220.71 633.51
00007013 00000096 988.54 112.15 522.16 684.89 1025.73 422.07 1206.42 377.93 1044.98 532.65 1094.41 672.34 1220.27 635.00
00007014 00000097 989.35 113.69 521.98 682.59 1026.67 421.63 1208.18 379.32 1046.45 534.44 1095.38 672.14 1221.31 636.28
00007015 00000098 991.31 112.32 521.83 683.56 1029.45 421.25 1208.35 378.53 1047.31 532.92 1097.66 671.09 1222.34 634.87
00007016 00000099 990.79 111.05 524.10 683.60 1030.20 417.35 1208.61 377.00 1046.84 533.01 1099.32 667.82 1224.17 633.33
00007017 00000100 992.54 108.27 524.02 685.81 1032.23 416.21 1209.53 375.20 1048.26 532.19 1101.52 667.07 1225.11 632.02
00007018 00000101 992.96 109.93 522.95 684.36 1032.36 416.11 1210.56 374.65 1049.57 531.57 1101.99 667.09 1225.98 631.71
00007019 00000102 993.26 110.15 523.33 684.23 1032.60 416.71 1210.64 374.80 1050.01 532.05 1102.50 667.48 1226.38 631.73
00007020 00000103 992.44 111.49 525.11 685.17 1031.94 418.03 1209.66 377.29 1048.44 534.24 1102.80 668.59 1226.44 633.73
00007021 00000104 992.52 112.03 523.62 684.82 1031.56 420.05 1208.67 377.96 1048.13 535.40 1102.13 670.63 1225.71 634.68
00007022 00000105 994.28 111.06 523.35 688.73 1032.39 422.73 1208.90 380.01 1048.29 536.70 1102.99 672.77 1227.08 636.14
00007023 00000106 994.14 112.99 522.42 684.29 1032.73 423.20 1210.09 380.48 1050.66 537.35 1104.42 674.24 1226.75 637.68
00007024 00000107 997.34 115.07 522.16 681.96 1035.80 423.30 1212.93 380.21 1054.10 538.90 1108.28 673.82 1230.49 636.87
00007025 00000108 998.47 116.40 525.74 677.39 1040.90 420.53 1217.24 381.28 1059.18 539.71 1113.80 669.96 1236.34 635.88
00007026 00000109 1003.07 117.64 526.15 673.50 1048.16 420.13 1220.92 382.40 1064.24 541.07 1120.32 666.96 1241.53 633.93
00007027 00000110 1013.50 111.25 508.97 680.27 1055.05 414.63 1221.21 380.38 1058.68 537.71 1115.49 661.90 1240.46 632.19
00007028 00000111 1022.07 111.59 510.60 678.05 1058.57 413.96 1227.23 378.22 1063.42 535.77 1121.03 662.46 1244.48 631.66
00007029 00000112 1028.04 112.43 508.46 680.81 1062.21 414.21 1232.56 377.37 1069.21 536.14 1125.87 664.54 1249.70 633.09
00007030 00000113 1034.02 110.30 511.02 684.85 1068.25 409.87 1237.51 375.74 1074.05 535.57 1133.08 662.57 1255.51 633.25
00007031 00000114 1041.50 107.65 513.75 686.97 1075.22 406.54 1243.58 375.85 1079.69 536.12 1139.68 659.91 1261.17 633.42
00007032 00000115 1044.93 106.50 518.18 688.59 1080.60 407.06 1251.92 376.94 1086.01 535.05 1146.58 659.19 1269.74 633.01
00007033 00000116 1048.89 106.17 519.66 686.60 1085.52 404.71 1258.82 376.91 1090.51 534.28 1148.49 656.30 1274.65 631.87
00007034 00000117 1055.81 100.86 518.51 695.42 1092.14 407.36 1261.63 376.90 1094.05 531.91 1153.93 657.69 1280.52 630.91
00007035 00000118 1063.18 100.45 514.25 696.37 1101.14 408.23 1269.14 381.36 1102.13 530.07 1157.54 655.96 1283.68 631.82
00007036 00000119 1069.65 100.29 512.52 696.96 1110.11 407.81 1268.34 384.94 1099.29 529.40 1161.49 652.92 1282.00 631.64
00007037 00000120 1072.02 101.12 510.24 694.64 1111.25 404.65 1262.61 384.18 1092.84 531.59 1160.30 651.94 1277.58 632.33
00007038 00000121 1074.78 96.79 503.45 697.41 1117.74 394.61 1251.48 379.44 1082.43 530.03 1165.57 646.77 1270.44 631.16
00007039 00000122 1073.04 104.92 493.69 690.28 1126.05 389.37 1236.96 377.19 1073.73 527.29 1171.18 645.34 1260.87 631.15
00007040 00000123 1071.74 100.62 490.19 693.96 1132.39 384.66 1228.31 380.01 1068.21 528.65 1174.34 643.02 1253.68 634.42
00007041 00000124 1066.92 111.76 483.20 680.32 1133.70 380.17 1222.61 382.35 1065.45 526.96 1170.00 641.19 1243.84 637.31
00007042 00000125 1066.02 116.37 477.47 671.02 1135.38 379.44 1219.76 381.89 1065.18 526.44 1169.77 641.05 1238.37 637.15
00007043 00000126 1073.81 130.18 463.84 647.58 1137.94 384.38 1221.33 381.44 1075.95 532.76 1170.07 649.85 1246.96 646.36
00007044 00000127 1074.44 130.86 458.65 645.55 1141.65 384.98 1217.83 381.99 1075.82 531.46 1174.17 648.51 1246.36 644.94
00007045 00000128 1074.86 135.40 458.29 644.68 1147.72 383.67 1218.91 382.95 1077.72 529.55 1180.36 646.72 1246.49 644.93
00007046 00000129 1078.11 132.74 455.38 654.67 1155.17 383.28 1218.44 384.05 1080.47 528.65 1186.51 645.75 1244.63 644.96
00007047 00000130 1079.32 131.94 455.08 652.87 1158.20 386.35 1221.07 389.38 1078.49 530.14 1175.84 647.71 1235.58 648.34
00007048 00000131 1078.83 138.00 454.53 652.42 1156.60 389.44 1222.59 393.34 1077.02 532.16 1171.70 650.06 1232.18 651.42
00007049 00000132 1078.48 144.34 455.13 645.53 1158.54 391.78 1222.50 397.70 1075.53 534.99 1166.54 653.63 1224.18 656.26
00007050 00000133 1079.87 142.62 456.19 642.93 1160.46 395.58 1223.22 402.78 1075.64 536.89 1163.48 654.81 1218.36 658.47
00007051 00000134 1080.84 146.24 452.53 641.77 1160.96 396.97 1224.22 405.88 1077.34 540.06 1167.35 655.31 1220.98 660.43
00007052 00000135 1079.50 151.23 458.80 644.35 1163.36 399.11 1221.65 407.47 1078.17 541.00 1172.84 658.21 1222.52 662.78
00007053 00000136 1081.91 141.64 452.57 658.72 1164.43 395.23 1225.31 407.57 1080.60 544.44 1180.70 656.61 1231.56 664.36
00007054 00000137 1086.62 150.45 455.74 645.43 1168.72 399.48 1222.13 416.40 1083.51 542.37 1185.80 647.45 1229.10 656.80
00007055 00000138 1086.99 139.91 454.30 655.38 1166.38 390.91 1221.80 410.76 1081.73 546.21 1188.75 649.94 1232.39 661.76
00007056 00000139 1090.31 141.28 456.67 655.51 1170.20 387.15 1224.84 407.94 1084.14 543.30 1191.78 648.97 1234.81 661.33
00007057 00000140 1094.03 136.01 457.31 662.26 1174.65 386.49 1228.21 407.06 1085.99 539.98 1194.04 646.36 1240.46 658.60
00007058 00000141 1096.04 139.04 453.15 659.40 1178.58 384.84 1229.87 404.58 1090.06 535.90 1195.77 643.21 1240.50 654.52
00007059 00000142 1097.10 132.99 453.31 668.35 1181.88 384.60 1232.53 404.15 1093.82 533.55 1198.33 641.81 1244.19 653.37
00007060 00000143 1097.50 135.47 451.85 665.93 1184.18 386.31 1232.07 405.23 1093.65 530.90 1200.23 638.82 1245.53 649.21
00007061 00000144 1097.33 134.38 454.04 665.72 1186.20 381.89 1232.31 401.60 1095.57 528.18 1200.67 637.00 1243.88 647.94
00007062 00000145 1101.38 129.32 453.82 671.36 1193.19 375.48 1235.59 396.02 1098.54 524.66 1204.05 634.89 1247.26 646.55
00007063 00000146 1103.59 124.83 458.43 676.84 1198.60 371.29 1238.07 390.41 1101.96 519.88 1207.55 633.36 1250.80 644.09
00007064 00000147 1106.98 120.91 460.39 685.01 1202.69 364.74 1238.87 385.84 1102.31 517.76 1212.70 631.03 1255.97 643.15
00007065 00000148 1109.80 121.52 462.17 688.79 1205.80 364.50 1241.56 385.54 1105.29 516.29 1214.66 630.56 1258.92 642.81
00007066 00000149 1112.45 119.85 465.94 699.53 1208.82 363.36 1241.91 383.47 1107.45 516.39 1221.37 633.55 1264.60 645.32
00007067 00000150 1114.03 121.47 467.53 699.68 1210.71 364.53 1242.41 384.33 1108.47 516.80 1225.27 634.76 1267.48 646.20
00007068 00000151 1115.39 123.94 467.33 693.61 1211.51 363.88 1243.39 384.20 1110.51 516.89 1226.64 633.36 1269.27 645.30
00007069 00000152 1116.55 122.78 468.82 695.70 1212.46 364.09 1244.36 383.97 1111.86 516.83 1227.57 634.39 1270.19 646.04
00007070 00000153 1117.97 127.12 468.96 694.61 1213.52 365.90 1245.49 385.49 1112.98 519.84 1229.30 636.32 1271.98 647.85
00007071 00000154 1119.81 127.76 468.66 691.72 1214.44 369.66 1248.61 387.28 1113.53 521.43 1227.94 636.15 1272.60 646.00
00007072 00000155 1121.87 129.20 467.45 691.50 1215.77 369.08 1249.09 386.71 1115.38 522.03 1230.54 636.42 1275.01 646.32
00007073 00000156 1123.44 131.50 468.71 691.19 1217.48 369.39 1252.07 386.79 1119.14 523.31 1233.38 638.38 1277.21 648.28
00007074 00000157 1124.94 129.78 467.44 694.74 1219.13 371.31 1252.56 387.81 1119.20 523.14 1233.63 640.16 1277.70 649.09
00007075 00000158 1125.02 129.96 467.81 694.87 1218.93 372.25 1255.60 389.05 1119.87 523.82 1232.12 640.66 1278.24 649.75
00007076 00000159 1124.89 132.44 467.70 694.26 1219.85 372.90 1255.34 390.22 1119.47 524.89 1233.22 641.23 1279.19 650.91
00007077 00000160 1125.27 132.27 466.20 694.63 1220.16 373.32 1254.97 390.50 1119.78 524.72 1234.41 641.57 1279.99 651.21
00007078 00000161 1125.61 125.63 467.99 700.55 1220.60 372.66 1255.11 390.21 1119.55 523.60 1235.17 639.38 1281.44 649.10
00007079 00000162 1126.06 121.82 471.03 703.88 1219.66 371.38 1256.27 389.46 1120.22 523.01 1234.66 638.74 1282.09 648.82
00007080 00000163 1125.81 127.19 472.51 700.05 1219.31 369.24 1257.03 387.41 1121.81 521.81 1235.48 639.46 1283.53 649.53
00007081 00000164 1125.64 130.81 473.56 696.07 1219.71 368.04 1257.67 386.77 1122.27 521.28 1235.17 639.08 1283.18 649.82
00007082 00000165 1125.24 131.63 473.98 694.53 1221.10 367.23 1259.77 387.55 1123.45 519.64 1234.35 637.71 1283.12 649.71
00007083 00000166 1124.40 126.85 477.37 699.90 1220.26 372.81 1262.03 394.90 1122.29 519.90 1231.07 636.62 1283.76 649.77
00007084 00000167 1121.78 130.21 480.20 699.86 1216.14 378.45 1262.83 400.85 1120.76 524.43 1227.52 638.67 1284.04 652.04
00007085 00000168 1121.98 138.96 480.75 695.94 1211.84 386.55 1267.09 410.73 1121.95 531.28 1224.16 643.73 1285.30 658.68
00007086 00000169 1122.07 140.80 483.72 700.71 1207.66 397.33 1273.90 420.19 1125.04 543.95 1224.13 654.61 1289.77 668.61
00007087 00000170 1120.35 141.45 473.74 693.51 1199.73 402.16 1274.31 423.13 1119.35 558.33 1225.56 662.96 1292.77 672.95
00007088 00000171 1123.35 149.37 471.30 688.61 1196.73 405.54 1277.89 427.96 1118.34 564.78 1225.00 668.12 1294.43 680.07
00007089 00000172 1125.53 156.61 478.59 681.21 1195.18 409.25 1282.70 433.83 1119.46 571.68 1225.49 673.40 1298.05 687.83
00007090 00000173 1129.44 159.23 491.50 685.08 1195.30 412.75 1291.81 435.84 1121.83 573.87 1228.37 679.01 1307.47 692.73
00007091 00000174 1132.27 159.30 491.33 684.19 1195.16 412.35 1300.83 437.43 1126.92 573.32 1227.86 677.21 1312.84 693.18
00007092 00000175 1137.20 163.94 488.63 674.82 1204.66 412.59 1307.53 442.46 1141.03 568.00 1224.81 672.93 1310.26 693.93
00007093 00000176 1136.99 160.84 499.68 678.53 1195.70 409.67 1310.13 433.71 1132.79 571.67 1230.01 675.14 1318.86 691.22
00007094 00000177 1140.15 160.82 503.05 678.50 1198.62 409.24 1313.74 431.19 1134.87 568.08 1231.47 674.70 1320.90 689.11
00007095 00000178 1140.51 159.81 505.11 679.37 1198.32 407.35 1314.82 430.50 1135.11 567.84 1231.61 674.22 1321.21 689.48
00007096 00000179 1141.16 156.51 503.11 683.68 1200.57 406.78 1313.39 429.15 1135.74 566.21 1232.95 673.96 1321.49 688.34
00007097 00000180 1140.39 152.24 502.88 686.03 1201.51 403.62 1313.35 426.25 1135.72 562.61 1231.66 671.34 1319.85 685.84
00007098 00000181 1139.53 148.48 503.38 691.19 1201.37 403.18 1311.88 424.45 1134.66 561.53 1231.20 671.46 1319.21 684.92
00007099 00000182 1140.05 150.35 498.51 683.85 1210.02 405.40 1310.20 428.18 1143.86 554.33 1227.46 667.41 1310.97 683.44
00007100 00000183 1139.25 150.04 497.44 684.16 1209.24 405.19 1309.34 426.54 1143.95 553.16 1227.85 667.46 1311.54 682.31
00007101 00000184 1138.27 147.28 497.11 687.15 1208.86 404.71 1308.41 425.01 1143.71 552.83 1227.63 668.16 1311.08 681.98
00007102 00000185 1137.56 144.45 496.98 690.31 1207.87 404.03 1307.57 424.11 1143.36 552.40 1226.86 667.78 1311.31 681.37
00007103 00000186 1136.61 146.08 501.05 695.54 1200.39 402.78 1306.60 421.87 1132.56 558.47 1231.39 670.02 1317.39 680.99
00007104 00000187 1136.35 148.13 499.73 692.06 1201.63 401.89 1305.37 421.11 1132.56 557.84 1233.27 668.18 1317.97 679.12
00007105 00000188 1136.42 148.08 500.21 692.20 1201.47 401.61 1305.63 420.16 1132.52 556.67 1232.11 667.96 1316.76 678.31
00007106 00000189 1137.62 147.50 498.38 692.83 1202.58 401.22 1305.39 419.06 1133.00 554.73 1232.37 667.41 1316.31 677.21
00007107 00000190 1137.93 147.11 496.58 689.96 1202.40 400.83 1305.27 418.83 1134.18 554.28 1232.30 666.14 1315.86 676.04
00007108 00000191 1137.90 145.30 498.15 693.75 1201.92 400.21 1304.78 416.82 1133.42 553.78 1232.49 667.56 1315.89 676.33
00007109 00000192 1138.10 142.73 499.92 696.96 1202.93 398.48 1303.83 414.83 1132.87 551.87 1231.68 666.61 1315.53 675.06
00007110 00000193 1139.44 137.70 501.61 702.04 1205.00 396.78 1302.93 411.83 1132.74 549.17 1231.88 666.51 1313.24 673.67
00007111 00000194 1138.87 137.89 503.13 699.33 1205.38 394.98 1301.67 409.80 1132.23 547.80 1232.52 665.90 1311.49 672.70
00007112 00000195 1138.58 142.06 497.70 687.02 1211.13 393.77 1302.84 407.46 1140.18 537.82 1229.38 662.38 1306.22 670.70
00007113 00000196 1138.39 133.08 501.28 702.84 1205.40 393.76 1299.96 406.74 1130.73 543.06 1229.40 664.32 1307.70 669.72
00007114 00000197 1135.86 132.92 499.99 704.53 1204.33 392.53 1296.93 405.53 1128.29 543.64 1228.09 664.72 1305.33 669.99
00007115 00000198 1134.21 130.14 500.32 706.97 1203.37 391.23 1295.32 405.69 1126.65 542.76 1225.71 662.44 1304.00 668.77
00007116 00000199 1131.21 133.00 495.61 701.94 1201.35 389.95 1292.54 404.47 1123.05 542.21 1221.04 660.39 1299.44 666.46
00007117 00000200 1133.29 132.21 495.27 705.76 1203.26 389.31 1288.63 407.76 1132.20 535.44 1217.37 654.57 1294.04 665.50
00007118 00000201 1132.21 128.31 495.11 708.93 1201.66 389.29 1286.12 408.42 1130.67 535.07 1214.95 653.34 1291.06 664.89
00007119 00000202 1130.66 123.27 492.72 713.20 1199.35 388.38 1283.35 407.64 1130.35 534.12 1212.86 652.37 1287.52 664.26
00007120 00000203 1128.53 123.26 491.23 712.10 1197.59 386.49 1282.36 407.06 1130.63 534.11 1210.20 651.03 1284.34 664.21
00007121 00000204 1123.68 118.81 492.90 719.58 1193.73 384.53 1277.06 405.72 1126.07 534.38 1207.26 651.93 1280.10 665.46
00007122 00000205 1120.61 118.73 492.69 719.48 1193.01 385.36 1278.33 408.07 1123.22 530.45 1201.41 649.37 1276.91 664.37
00007123 00000206 1119.70 113.73 489.51 718.42 1192.74 385.40 1276.05 407.99 1120.69 523.49 1197.86 642.66 1272.54 657.61
00007124 00000207 1118.74 127.51 489.66 709.78 1192.62 379.94 1275.61 404.88 1118.18 521.87 1200.18 638.14 1279.85 654.43
00007125 00000208 1119.34 120.62 495.06 713.00 1192.00 374.29 1275.78 398.51 1117.91 517.75 1202.66 633.69 1284.75 649.26
00007126 00000209 1121.27 107.70 486.89 724.23 1191.60 365.83 1284.34 387.42 1108.80 510.74 1202.46 627.66 1285.04 640.00
00007127 00000210 1132.58 107.13 485.95 713.73 1199.39 364.16 1295.15 374.49 1131.35 505.95 1206.89 635.04 1292.17 641.49
00007128 00000211 1136.77 107.72 486.49 707.08 1201.39 361.93 1300.73 370.07 1134.32 502.04 1207.45 631.68 1296.46 636.66
00007129 00000212 1138.04 103.34 488.25 704.60 1203.66 357.02 1304.02 367.09 1136.10 499.45 1207.33 625.88 1297.40 632.68
00007130 00000213 1134.51 105.98 499.55 696.25 1199.81 353.68 1305.02 367.35 1129.06 492.88 1205.88 622.28 1295.74 630.00
00007131 00000214 1136.54 98.81 500.57 701.96 1199.07 352.47 1305.83 367.81 1130.65 491.26 1206.84 619.77 1299.54 628.89
00007132 00000215 1138.27 99.67 503.34 700.53 1200.76 351.69 1308.95 367.33 1133.45 490.75 1208.40 618.78 1301.62 628.35
00007133 00000216 1143.14 89.91 492.11 709.40 1205.29 351.06 1313.95 362.38 1142.53 497.06 1204.94 617.57 1301.40 626.67
00007134 00000217 1137.81 100.26 502.08 697.52 1200.82 349.91 1310.24 366.27 1134.00 488.79 1206.64 616.71 1300.44 626.96
00007135 00000218 1137.19 101.71 501.69 696.96 1201.09 349.73 1310.01 366.96 1134.20 489.91 1206.91 616.91 1299.86 627.87
00007136 00000219 1136.95 100.85 502.55 700.07 1200.75 350.04 1309.10 367.29 1133.22 490.49 1206.82 618.76 1299.29 629.67
00007137 00000220 1137.00 99.10 502.43 701.76 1200.43 350.07 1308.10 367.99 1131.73 489.52 1205.99 618.27 1299.14 629.63
00007138 00000221 1135.51 100.00 500.02 699.48 1198.11 351.54 1306.33 367.28 1130.68 490.17 1203.87 619.19 1295.54 628.96
00007139 00000222 1132.56 101.27 497.02 698.03 1195.92 352.08 1301.78 365.91 1127.17 490.15 1201.93 619.52 1292.33 627.53
00007140 00000223 1138.33 97.44 481.18 703.84 1198.54 352.73 1299.44 362.80 1132.36 495.73 1201.35 619.25 1292.22 626.59
00007141 00000224 1137.50 95.27 480.30 703.84 1197.43 351.78 1297.26 362.26 1130.12 494.76 1199.26 617.92 1290.55 625.74
00007142 00000225 1135.48 95.98 480.68 701.34 1193.43 351.65 1295.58 361.62 1128.37 494.56 1197.07 617.90 1289.60 625.28
00007143 00000226 1123.25 93.56 488.27 705.87 1188.13 349.07 1292.99 360.18 1107.35 488.82 1194.88 613.90 1283.88 617.25
00007144 00000227 1121.44 91.36 487.83 707.07 1185.39 348.02 1291.84 358.56 1105.36 488.81 1191.94 614.30 1281.48 617.25
00007145 00000228 1118.91 88.04 489.19 711.06 1184.10 347.88 1290.97 359.67 1103.86 488.94 1189.52 612.84 1280.53 616.86
00007146 00000229 1115.82 91.22 487.99 707.70 1180.10 348.15 1288.32 360.39 1101.49 490.74 1186.51 612.21 1279.14 616.50
00007147 00000230 1114.10 89.41 485.21 707.63 1178.83 348.14 1285.50 360.01 1100.67 491.20 1185.79 611.42 1277.10 615.22
00007148 00000231 1110.92 87.39 486.82 708.49 1177.62 347.62 1283.38 358.35 1099.17 489.28 1183.16 610.96 1273.20 613.93
00007149 00000232 1107.56 88.39 488.09 709.48 1175.77 348.56 1280.55 357.74 1097.11 489.21 1180.15 611.33 1269.42 613.00
00007150 00000233 1103.48 93.93 488.92 704.26 1172.41 352.01 1277.10 356.98 1094.92 490.08 1175.73 613.87 1264.02 612.32
00007151 00000234 1101.33 94.48 492.75 706.53 1172.08 353.50 1274.37 357.34 1092.17 491.14 1174.44 616.14 1261.73 613.46
00007152 00000235 1105.82 101.12 493.11 697.17 1170.39 352.35 1273.23 365.36 1104.19 489.70 1176.66 614.73 1264.24 622.61
00007153 00000236 1105.16 101.58 493.02 697.74 1170.13 353.71 1271.63 367.11 1103.60 491.37 1175.83 615.84 1263.27 624.09
00007154 00000237 1104.89 101.47 495.77 703.57 1172.24 353.92 1272.89 369.83 1103.65 491.99 1176.47 616.90 1264.98 627.00
00007155 00000238 1105.72 106.32 493.74 697.78 1170.64 353.72 1275.00 370.63 1103.95 494.22 1176.58 616.87 1268.16 627.87
00007156 00000239 1106.90 112.96 493.24 692.69 1171.65 352.86 1276.40 370.29 1106.53 495.68 1178.75 617.39 1271.37 628.70
00007157 00000240 1107.76 112.89 495.79 695.18 1171.39 352.09 1278.44 372.41 1107.35 497.59 1180.97 616.77 1275.61 630.46
00007158 00000241 1107.85 109.15 489.50 705.48 1172.52 360.44 1279.32 370.53 1093.63 500.12 1177.51 621.79 1270.87 625.01
00007159 00000242 1111.92 108.61 488.44 717.82 1173.97 365.66 1282.16 377.58 1097.74 505.18 1179.40 627.20 1275.41 632.36
00007160 00000243 1116.62 108.27 490.64 721.22 1176.77 368.27 1288.49 380.59 1120.65 510.42 1184.19 639.49 1284.81 647.44
00007161 00000244 1110.22 120.89 498.69 712.31 1172.34 371.46 1281.61 393.22 1111.86 515.48 1179.79 635.78 1278.43 650.67
00007162 00000245 1105.03 127.46 502.19 713.39 1167.86 381.56 1277.65 402.14 1104.66 523.56 1174.33 645.57 1274.99 659.26
00007163 00000246 1101.44 129.35 502.56 716.21 1161.93 391.60 1274.76 411.46 1099.09 531.26 1170.00 654.82 1268.08 668.03
00007164 00000247 1093.91 144.80 495.31 690.32 1156.41 399.33 1273.88 414.95 1100.95 534.03 1161.82 659.73 1253.33 671.97
00007165 00000248 1089.43 148.56 494.59 687.85 1155.75 402.51 1268.10 419.48 1095.06 535.73 1158.03 661.59 1245.89 674.91
00007166 00000249 1086.30 145.10 496.63 686.50 1151.81 401.75 1262.02 418.23 1087.08 533.32 1151.04 662.03 1234.74 674.82
00007167 00000250 1081.38 139.72 497.32 687.57 1147.03 397.37 1258.70 413.61 1084.19 530.06 1145.56 660.35 1228.84 673.10
00007168 00000251 1077.58 142.81 497.25 685.04 1143.73 393.18 1255.86 412.38 1079.46 528.32 1141.15 657.73 1224.56 672.59
00007169 00000252 1076.00 141.39 496.12 683.50 1140.43 392.75 1253.65 411.74 1076.71 528.83 1138.91 657.17 1226.13 671.99
00007170 00000253 1077.36 143.09 491.93 678.22 1133.99 395.86 1249.87 413.02 1075.49 532.91 1137.51 659.22 1226.58 672.39
00007171 00000254 1075.55 140.68 493.03 684.09 1132.57 396.00 1247.23 413.59 1073.38 534.25 1139.16 659.51 1229.54 672.75
00007172 00000255 1071.83 141.77 492.84 689.11 1130.91 397.72 1241.62 415.87 1069.41 536.99 1140.13 661.93 1229.27 675.07
00007173 00000256 1074.14 136.70 494.68 710.21 1132.99 403.28 1240.27 418.47 1062.76 540.12 1144.00 665.67 1231.91 674.24
00007174 00000257 1063.94 142.42 496.76 684.70 1123.18 403.78 1236.51 421.90 1056.45 539.96 1131.26 662.97 1218.05 674.24
00007175 00000258 1053.38 145.44 494.01 686.07 1118.53 405.73 1226.07 425.77 1048.34 546.00 1125.19 664.76 1204.37 677.59
00007176 00000259 1051.41 148.90 492.40 688.96 1115.57 408.07 1216.72 433.17 1052.93 549.19 1127.62 666.56 1199.27 684.53
00007177 00000260 1041.36 154.53 489.09 682.86 1110.60 413.10 1204.28 440.34 1039.42 557.56 1122.74 671.07 1188.91 690.57
00007178 00000261 1033.69 160.82 487.81 678.06 1106.80 417.41 1196.17 447.01 1032.78 567.55 1123.10 677.31 1186.37 697.70
00007179 00000262 1026.35 162.80 487.33 693.40 1106.73 422.26 1183.39 448.00 1023.32 571.92 1124.42 684.51 1182.29 701.63
00007180 00000263 1017.24 164.65 480.82 694.39 1105.28 426.33 1174.59 448.59 1016.72 571.91 1122.00 687.12 1172.34 701.43
00007181 00000264 1011.38 156.61 474.53 683.34 1099.23 421.69 1167.71 444.48 1009.31 565.61 1110.70 679.25 1157.37 694.40
00007182 00000265 1008.96 152.63 467.01 676.54 1099.17 417.47 1159.94 439.81 1007.39 559.83 1109.87 670.04 1149.69 685.36
00007183 00000266 1007.52 147.39 464.30 686.91 1098.48 409.89 1156.67 433.95 1004.70 555.74 1108.23 663.13 1154.19 679.21
00007184 00000267 1011.63 157.43 468.26 679.07 1102.20 408.23 1161.54 430.04 1013.39 544.42 1109.99 657.99 1159.83 671.41
00007185 00000268 1010.84 156.02 468.35 675.12 1100.05 401.56 1160.34 424.03 1011.36 540.28 1107.84 655.17 1157.88 669.07
00007186 00000269 1007.33 142.84 460.80 677.37 1097.34 396.98 1154.44 418.57 1002.46 539.85 1101.46 653.67 1148.95 666.77
00007187 00000270 1007.85 140.01 457.53 671.46 1096.85 396.27 1152.09 415.47 1000.98 534.73 1096.40 649.42 1141.15 660.06
00007188 00000271 1007.09 140.13 455.99 672.20 1097.00 393.60 1148.85 411.73 999.75 534.32 1096.92 649.17 1138.96 658.77
00007189 00000272 1006.56 136.55 455.08 674.07 1095.18 394.87 1147.30 413.71 999.23 535.94 1095.00 649.48 1138.19 659.74
00007190 00000273 1005.25 136.75 453.75 677.20 1094.39 395.62 1144.62 412.24 996.56 536.74 1093.94 653.54 1136.12 661.59
00007191 00000274 1005.00 140.08 453.88 684.75 1094.95 396.38 1144.16 412.05 995.81 538.20 1098.61 657.19 1141.84 663.98
00007192 00000275 1004.31 141.38 453.26 681.52 1096.08 395.93 1143.92 412.21 996.10 536.64 1099.15 654.64 1142.72 661.67
00007193 00000276 1003.37 140.20 455.49 686.75 1098.24 393.86 1143.73 410.32 996.80 536.48 1103.57 655.68 1146.54 662.66
00007194 00000277 1004.48 138.66 454.34 688.23 1098.63 392.57 1144.07 409.06 998.17 535.45 1106.54 655.38 1149.47 662.68
CROP_BBOX: 731 0 1840 1017
