Video ID: 	1iPkdi2gnww
H: 	2160
W: 	3840
FPS: 	30.0

FRAME INDEX X0 Y0 W H [Landmarks (5 Points)]

00008033 00000000 2053.55 747.19 490.49 686.04 2256.72 1041.52 2466.52 1017.07 2418.95 1134.28 2299.01 1276.56 2467.00 1256.18
00008034 00000001 2052.68 747.09 490.99 684.49 2255.03 1040.05 2466.02 1016.16 2417.78 1134.34 2296.66 1275.64 2466.05 1255.70
00008035 00000002 2041.45 743.59 500.00 694.44 2248.19 1038.22 2461.85 1015.55 2415.51 1135.29 2292.22 1273.73 2462.92 1254.76
00008036 00000003 2046.87 745.69 493.46 685.43 2249.72 1035.06 2463.33 1013.53 2413.69 1134.38 2290.53 1274.66 2460.96 1256.56
00008037 00000004 2033.25 740.58 503.45 694.11 2241.87 1030.80 2457.34 1011.21 2408.63 1133.58 2288.13 1272.21 2457.54 1255.29
00008038 00000005 2029.69 735.31 504.77 699.38 2238.69 1025.26 2456.01 1008.77 2406.48 1126.65 2285.89 1268.28 2456.06 1253.49
00008039 00000006 2025.69 729.33 506.81 701.58 2235.58 1020.55 2453.33 1005.91 2402.04 1120.39 2282.72 1263.72 2453.23 1249.91
00008040 00000007 2022.87 723.32 508.26 706.29 2232.43 1018.11 2451.81 1004.17 2398.59 1115.25 2279.98 1262.29 2451.17 1249.03
00008041 00000008 2021.31 717.85 509.19 709.59 2229.82 1015.79 2450.62 1001.20 2396.54 1110.86 2277.92 1260.59 2450.49 1247.02
00008042 00000009 2018.95 714.45 511.59 713.80 2227.60 1013.80 2449.97 999.07 2395.82 1106.48 2278.23 1261.22 2449.42 1247.56
00008043 00000010 2017.79 721.64 510.55 716.12 2221.38 1015.55 2445.38 1003.18 2392.75 1100.99 2284.37 1263.50 2446.46 1251.81
00008044 00000011 2016.37 720.91 511.01 723.17 2220.09 1012.69 2444.52 1000.18 2391.99 1096.53 2283.53 1263.33 2445.47 1251.78
00008045 00000012 2015.56 716.03 510.56 724.16 2226.66 1018.71 2444.17 1002.60 2394.31 1097.68 2275.73 1261.40 2445.85 1246.82
00008046 00000013 2015.94 727.42 503.53 713.58 2219.91 1025.60 2441.04 1008.95 2393.84 1100.61 2269.69 1261.63 2448.56 1248.46
00008047 00000014 2014.84 725.88 504.92 714.75 2217.91 1024.62 2440.79 1008.10 2393.06 1101.02 2269.63 1262.76 2448.29 1249.54
00008048 00000015 2010.59 716.13 513.78 724.86 2220.18 1023.05 2442.29 1004.86 2392.29 1101.06 2269.65 1264.63 2447.89 1248.90
00008049 00000016 2009.53 717.07 514.21 722.14 2218.85 1021.88 2441.82 1005.10 2390.75 1102.87 2267.06 1264.53 2447.10 1249.79
00008050 00000017 2009.53 717.18 514.16 720.34 2218.82 1021.70 2441.91 1005.34 2390.75 1104.37 2266.15 1264.24 2447.23 1249.84
00008051 00000018 2009.34 717.57 516.03 717.16 2218.60 1021.77 2443.07 1006.09 2389.79 1105.56 2265.26 1263.88 2447.77 1249.95
00008052 00000019 2009.10 718.98 517.91 713.53 2218.48 1022.07 2444.35 1006.07 2390.15 1107.19 2265.36 1264.23 2450.31 1250.06
00008053 00000020 2008.98 719.30 519.76 712.48 2218.86 1022.33 2445.57 1006.03 2390.92 1108.02 2266.93 1264.61 2451.67 1250.13
00008054 00000021 2010.27 720.50 520.16 715.10 2220.34 1023.83 2446.38 1006.93 2393.16 1109.45 2270.65 1268.47 2452.98 1253.55
00008055 00000022 2013.54 731.70 514.83 706.39 2218.17 1026.96 2445.55 1011.95 2395.07 1110.14 2275.37 1274.18 2452.28 1261.01
00008056 00000023 2014.91 731.00 517.25 707.82 2219.01 1027.97 2447.60 1013.35 2395.45 1110.38 2277.77 1273.11 2453.59 1260.21
00008057 00000024 2016.78 731.96 519.47 705.98 2220.49 1028.19 2449.84 1014.80 2395.35 1110.32 2280.34 1273.48 2454.25 1261.24
00008058 00000025 2017.86 731.05 521.82 707.47 2223.17 1028.90 2452.48 1016.03 2398.35 1111.30 2285.92 1274.15 2456.34 1262.04
00008059 00000026 2019.75 732.23 523.34 706.53 2226.55 1029.79 2454.62 1015.90 2402.28 1111.60 2294.70 1274.90 2459.37 1261.83
00008060 00000027 2021.16 732.43 524.52 706.40 2228.97 1029.64 2457.79 1015.66 2405.61 1112.64 2298.53 1275.88 2462.13 1262.74
00008061 00000028 2022.64 733.78 523.97 707.37 2230.88 1031.54 2459.74 1015.90 2408.68 1115.44 2301.22 1278.80 2464.82 1264.54
00008062 00000029 2024.19 733.21 523.24 709.95 2233.94 1032.26 2462.46 1016.58 2411.86 1118.58 2304.60 1281.52 2466.39 1267.22
00008063 00000030 2025.93 734.62 523.30 710.42 2235.90 1032.42 2463.95 1016.66 2414.50 1118.49 2306.58 1282.69 2468.00 1268.39
00008064 00000031 2027.45 734.77 522.51 710.23 2237.62 1032.88 2465.75 1016.98 2416.87 1118.87 2309.59 1283.53 2470.10 1269.17
00008065 00000032 2029.54 735.29 521.65 707.92 2239.16 1032.62 2467.25 1016.59 2418.53 1118.26 2312.58 1283.17 2471.85 1268.78
00008066 00000033 2029.84 735.25 520.92 705.60 2240.89 1032.23 2468.20 1016.24 2420.22 1118.15 2311.94 1280.88 2473.19 1266.65
00008067 00000034 2031.51 735.59 519.72 702.23 2242.05 1032.00 2468.77 1015.06 2421.43 1116.76 2313.62 1279.47 2474.64 1264.68
00008068 00000035 2031.15 735.51 520.07 702.61 2242.02 1031.90 2468.77 1015.14 2421.42 1116.80 2313.31 1279.36 2474.57 1264.70
00008069 00000036 2030.00 731.49 523.80 707.08 2245.52 1030.61 2470.61 1012.95 2420.51 1113.51 2309.80 1276.44 2471.50 1261.47
00008070 00000037 2039.94 737.16 514.30 695.53 2250.42 1030.00 2478.04 1012.98 2422.36 1114.95 2305.28 1275.97 2474.72 1260.88
00008071 00000038 2040.61 736.28 514.04 697.11 2250.20 1029.49 2478.52 1013.94 2421.90 1115.47 2301.61 1274.96 2474.27 1261.06
00008072 00000039 2039.46 737.80 514.85 706.35 2250.69 1028.88 2478.19 1015.64 2422.51 1113.98 2299.85 1277.97 2472.87 1265.71
00008073 00000040 2038.97 736.95 515.26 711.75 2252.67 1029.27 2480.10 1017.63 2424.99 1114.40 2300.02 1279.91 2473.21 1268.85
00008074 00000041 2041.13 736.75 513.41 714.19 2254.93 1027.40 2482.44 1017.99 2427.12 1113.08 2299.04 1278.62 2474.18 1269.28
00008075 00000042 2041.83 736.41 513.54 715.83 2257.22 1026.44 2484.66 1019.00 2429.26 1113.37 2300.00 1277.73 2474.26 1269.92
00008076 00000043 2044.20 736.18 512.00 712.62 2260.33 1026.98 2488.32 1020.79 2432.02 1112.96 2302.87 1275.92 2476.15 1269.14
00008077 00000044 2044.98 736.46 512.42 710.57 2262.02 1026.71 2491.56 1023.82 2433.52 1117.28 2298.30 1275.16 2477.38 1270.92
00008078 00000045 2045.77 736.28 512.59 714.01 2264.10 1026.73 2491.87 1023.40 2434.93 1118.86 2299.92 1275.76 2477.97 1271.12
00008079 00000046 2046.93 736.94 512.78 716.02 2265.27 1026.94 2492.41 1024.58 2435.29 1120.48 2301.40 1277.64 2476.75 1273.62
00008080 00000047 2047.65 736.65 513.42 717.72 2265.03 1026.50 2494.08 1025.85 2435.71 1121.44 2300.34 1278.58 2476.69 1275.85
00008081 00000048 2047.60 737.01 514.30 715.71 2264.90 1025.80 2494.80 1026.37 2435.80 1122.93 2297.16 1278.55 2477.63 1276.76
00008082 00000049 2048.89 735.47 513.85 716.36 2264.72 1025.13 2495.11 1025.80 2434.45 1122.45 2297.99 1277.51 2476.34 1275.83
00008083 00000050 2050.37 734.77 513.19 714.41 2265.33 1024.19 2495.36 1024.62 2433.84 1122.86 2300.88 1278.08 2474.89 1276.00
00008084 00000051 2050.58 734.41 513.29 714.73 2265.90 1023.76 2495.78 1024.48 2434.37 1123.58 2302.10 1279.29 2474.58 1277.33
00008085 00000052 2050.93 734.85 512.65 714.78 2265.70 1024.05 2495.72 1024.70 2434.55 1123.37 2301.74 1279.67 2474.96 1277.70
00008086 00000053 2049.94 736.07 512.60 717.52 2266.21 1024.73 2494.63 1024.09 2434.77 1122.33 2304.19 1280.25 2474.14 1277.17
00008087 00000054 2049.19 737.80 511.76 716.29 2265.69 1025.00 2493.12 1023.95 2433.97 1121.26 2303.95 1279.95 2473.07 1276.54
00008088 00000055 2046.70 735.68 513.04 718.63 2264.96 1024.95 2492.04 1023.37 2433.17 1121.16 2302.13 1279.19 2472.20 1275.53
00008089 00000056 2045.63 733.20 512.77 720.62 2264.51 1025.02 2491.09 1023.28 2432.64 1121.67 2300.70 1279.24 2471.43 1275.58
00008090 00000057 2044.22 733.00 513.10 721.21 2264.05 1024.86 2490.36 1023.14 2432.07 1121.65 2299.87 1279.11 2470.87 1275.50
00008091 00000058 2043.36 732.92 513.59 721.21 2263.60 1025.21 2489.75 1023.35 2431.76 1121.59 2299.34 1278.86 2470.85 1275.22
00008092 00000059 2043.46 733.67 512.79 718.57 2263.05 1025.25 2489.59 1023.59 2431.04 1121.36 2298.68 1278.15 2470.54 1274.65
00008093 00000060 2043.54 732.63 512.23 716.30 2262.01 1024.31 2490.08 1023.05 2430.17 1120.38 2296.88 1276.43 2470.95 1273.32
00008094 00000061 2043.36 731.98 511.22 715.14 2260.78 1023.44 2488.98 1022.67 2428.50 1120.26 2293.87 1275.53 2469.82 1272.84
00008095 00000062 2044.12 730.40 510.68 713.59 2260.85 1022.39 2489.18 1022.22 2428.12 1120.37 2292.35 1272.70 2470.13 1270.59
00008096 00000063 2045.94 727.84 510.28 714.37 2261.14 1021.15 2491.05 1021.25 2429.14 1118.77 2293.68 1271.08 2471.40 1269.26
00008097 00000064 2046.83 728.51 510.34 711.90 2262.44 1019.38 2493.14 1019.99 2430.98 1117.27 2296.21 1269.29 2472.66 1267.87
00008098 00000065 2048.25 728.41 509.81 712.03 2263.57 1018.57 2493.46 1018.23 2431.80 1115.88 2298.66 1268.51 2473.39 1266.31
00008099 00000066 2049.87 728.22 509.54 712.61 2264.32 1018.25 2494.05 1017.44 2432.51 1115.48 2299.69 1268.47 2474.17 1265.92
00008100 00000067 2050.38 729.35 510.42 713.35 2264.31 1018.34 2494.59 1017.04 2432.85 1114.44 2301.17 1269.31 2474.40 1266.31
00008101 00000068 2052.38 729.76 510.02 712.01 2265.01 1017.91 2495.79 1016.53 2433.33 1114.28 2302.19 1268.78 2476.07 1265.68
00008102 00000069 2054.77 731.37 510.38 710.08 2266.01 1017.56 2497.27 1016.60 2433.57 1114.49 2303.18 1268.42 2477.09 1265.63
00008103 00000070 2056.25 729.62 511.61 710.93 2267.75 1016.50 2500.00 1016.46 2435.21 1114.72 2305.19 1267.39 2478.86 1265.28
00008104 00000071 2059.21 729.94 511.10 708.67 2269.43 1015.09 2502.05 1015.38 2436.48 1115.02 2306.07 1266.03 2481.50 1264.22
00008105 00000072 2060.95 728.78 511.44 708.84 2271.09 1014.95 2503.89 1015.03 2438.50 1114.83 2308.79 1265.48 2483.99 1263.38
00008106 00000073 2064.27 727.16 508.92 712.02 2274.14 1014.28 2505.00 1014.82 2441.46 1113.82 2311.37 1266.27 2486.66 1264.37
00008107 00000074 2065.70 725.59 510.14 717.26 2275.80 1013.57 2506.52 1013.85 2443.10 1112.90 2315.12 1267.57 2489.35 1265.39
00008108 00000075 2067.30 724.22 510.94 720.93 2276.72 1012.71 2507.53 1011.94 2444.06 1111.37 2318.93 1268.93 2491.66 1265.83
00008109 00000076 2068.01 723.05 511.75 724.80 2277.76 1012.67 2508.00 1010.92 2445.34 1109.29 2323.59 1269.27 2492.98 1265.36
00008110 00000077 2067.82 722.39 512.15 728.25 2277.95 1012.29 2507.29 1009.68 2445.85 1107.38 2326.71 1269.75 2493.10 1265.16
00008111 00000078 2067.73 721.35 511.52 731.66 2277.58 1011.39 2505.87 1008.60 2444.81 1105.40 2327.67 1269.80 2491.71 1265.00
00008112 00000079 2066.72 723.64 510.05 730.19 2276.46 1011.40 2503.18 1007.26 2442.67 1102.67 2327.81 1269.52 2489.82 1263.73
00008113 00000080 2065.65 722.51 508.14 732.10 2274.39 1011.08 2500.24 1005.94 2439.63 1100.13 2326.35 1269.02 2486.82 1262.52
00008114 00000081 2062.97 720.90 507.96 733.96 2271.19 1011.30 2496.74 1004.74 2436.07 1098.91 2323.20 1268.92 2482.94 1261.46
00008115 00000082 2061.26 720.81 506.76 732.57 2269.41 1011.72 2494.42 1005.12 2433.04 1099.86 2320.23 1268.52 2478.91 1261.15
00008116 00000083 2059.32 720.42 506.61 727.76 2267.22 1011.26 2495.51 1005.84 2432.29 1100.70 2315.28 1266.05 2478.28 1259.76
00008117 00000084 2059.34 718.21 504.47 718.92 2267.59 1010.94 2496.87 1007.13 2433.72 1106.12 2309.76 1261.14 2479.91 1256.31
00008118 00000085 2057.49 719.34 503.92 714.04 2266.76 1011.39 2495.37 1008.20 2434.47 1109.02 2304.29 1259.81 2479.12 1255.61
00008119 00000086 2048.17 719.82 514.85 713.93 2262.84 1009.03 2485.00 1001.52 2429.02 1106.74 2302.35 1258.65 2474.31 1251.06
00008120 00000087 2047.16 717.86 513.18 708.62 2260.51 1007.53 2482.74 999.95 2426.27 1107.45 2296.10 1253.58 2472.31 1245.64
00008121 00000088 2045.91 715.18 511.49 708.24 2257.94 1006.03 2480.16 998.34 2424.25 1106.41 2291.66 1250.04 2471.45 1241.97
00008122 00000089 2045.09 713.79 510.17 702.29 2256.36 1003.77 2478.38 996.38 2422.49 1103.86 2288.84 1245.58 2470.36 1237.68
00008123 00000090 2044.00 714.19 509.44 698.12 2254.97 1002.49 2476.74 995.77 2420.84 1101.48 2288.05 1243.85 2468.38 1236.45
00008124 00000091 2043.48 711.45 508.29 698.08 2254.10 1001.90 2475.74 994.25 2419.61 1101.03 2286.76 1242.00 2468.26 1233.88
00008125 00000092 2043.18 713.01 507.41 689.89 2253.48 1001.93 2473.99 992.81 2418.67 1100.80 2285.92 1240.43 2467.41 1231.41
00008126 00000093 2042.41 713.46 506.82 686.25 2252.55 1002.11 2472.58 992.43 2417.27 1100.79 2286.62 1240.06 2465.91 1230.61
00008127 00000094 2042.13 714.00 505.99 684.96 2251.86 1002.30 2471.53 991.83 2416.58 1101.30 2286.45 1239.52 2465.65 1229.40
00008128 00000095 2042.42 714.18 504.72 682.93 2250.80 1002.21 2470.09 991.44 2414.86 1100.27 2287.13 1240.32 2464.10 1230.03
00008129 00000096 2042.11 714.33 503.58 682.37 2249.28 1001.74 2468.68 990.63 2413.19 1099.38 2286.90 1239.96 2462.68 1229.25
00008130 00000097 2041.29 715.49 502.75 679.90 2247.96 1002.29 2467.16 991.56 2411.17 1100.16 2283.87 1239.60 2460.74 1229.13
00008131 00000098 2040.68 715.70 502.42 680.79 2247.10 1001.54 2465.37 991.25 2408.68 1099.76 2284.81 1238.84 2458.22 1228.36
00008132 00000099 2040.29 714.63 501.75 680.66 2246.44 1001.60 2464.07 990.46 2407.60 1099.40 2286.39 1238.31 2457.63 1226.99
00008133 00000100 2039.59 714.76 501.31 678.52 2245.87 1000.81 2462.84 989.13 2406.70 1099.04 2285.87 1237.74 2456.41 1225.96
00008134 00000101 2039.84 715.18 499.40 677.28 2245.34 1000.84 2461.47 988.83 2405.84 1098.36 2286.67 1237.83 2455.19 1225.61
00008135 00000102 2039.46 715.38 498.61 676.91 2244.79 1000.19 2459.90 987.77 2405.02 1096.61 2287.91 1236.61 2454.68 1223.95
00008136 00000103 2039.10 716.15 497.72 675.40 2244.14 999.35 2458.72 986.16 2404.43 1094.17 2290.10 1236.19 2454.06 1222.68
00008137 00000104 2038.74 715.52 497.06 679.40 2244.18 999.88 2457.71 986.13 2404.23 1092.56 2295.69 1238.26 2451.71 1224.04
CROP_BBOX: 1690 397 2884 1710
