Video ID: 	L4hdt_JdfXE
H: 	2160
W: 	3840
FPS: 	25.0

FRAME INDEX X0 Y0 W H [Landmarks (5 Points)]

00015135 00000000 1566.19 375.37 503.83 721.78 1626.80 660.68 1768.30 714.13 1587.51 821.95 1652.85 917.46 1767.94 951.19
00015136 00000001 1566.81 374.21 504.21 719.23 1626.78 658.07 1768.95 713.87 1589.11 819.92 1654.49 915.42 1767.88 950.89
00015137 00000002 1571.45 376.19 498.86 713.86 1630.25 655.79 1768.62 713.09 1592.58 819.12 1659.19 911.52 1770.05 948.00
00015138 00000003 1567.90 361.24 491.86 732.26 1626.93 650.52 1765.84 711.31 1592.95 814.89 1653.34 904.29 1772.40 942.65
00015139 00000004 1565.14 375.76 494.29 705.82 1624.82 645.15 1764.51 700.86 1588.52 809.97 1652.34 898.12 1764.64 933.46
00015140 00000005 1560.28 373.11 492.26 706.68 1626.23 639.59 1757.64 688.98 1579.49 801.69 1649.85 895.90 1760.38 927.05
00015141 00000006 1554.17 364.04 492.63 712.35 1621.00 633.23 1751.53 684.40 1574.62 797.79 1644.17 889.88 1754.96 922.55
00015142 00000007 1555.03 363.78 491.80 712.35 1624.37 636.49 1750.99 684.99 1573.64 795.41 1645.54 890.84 1752.62 921.55
00015143 00000008 1560.92 368.59 492.78 705.25 1629.30 639.04 1758.18 686.65 1583.56 798.21 1652.07 892.51 1758.30 922.59
00015144 00000009 1575.62 352.52 490.64 724.92 1636.89 640.68 1769.32 685.32 1599.49 798.46 1664.22 893.11 1781.71 919.69
00015145 00000010 1597.84 359.03 495.33 720.00 1657.05 646.69 1791.38 689.61 1620.63 791.17 1681.57 891.55 1803.34 917.62
00015146 00000011 1633.26 348.21 480.81 727.73 1675.05 648.38 1833.17 682.74 1654.11 790.02 1699.83 897.00 1832.46 918.36
00015147 00000012 1661.67 330.50 486.63 744.08 1700.85 640.06 1875.76 663.01 1699.74 792.97 1727.24 889.98 1890.30 903.14
00015148 00000013 1693.92 323.53 498.10 756.12 1744.29 629.35 1934.80 647.97 1764.37 798.81 1769.02 890.96 1942.07 903.27
00015149 00000014 1712.22 303.22 517.49 777.46 1780.31 637.26 1990.44 644.67 1828.92 803.13 1798.72 888.49 2006.13 892.95
00015150 00000015 1731.84 293.81 522.42 787.52 1812.02 633.81 2030.33 627.98 1876.24 793.37 1838.98 887.87 2047.35 882.77
00015151 00000016 1740.45 300.99 530.62 778.00 1841.99 640.65 2066.72 626.03 1922.76 796.25 1875.83 885.43 2086.56 871.36
00015152 00000017 1751.62 297.59 526.49 778.76 1859.24 643.47 2087.37 619.10 1960.37 793.39 1904.15 889.23 2106.88 868.78
00015153 00000018 1744.61 301.12 537.75 781.49 1867.22 654.97 2102.90 621.23 1989.79 804.60 1918.28 896.55 2131.05 867.25
00015154 00000019 1744.54 312.91 542.18 778.38 1880.29 665.45 2116.72 629.42 2012.17 817.06 1929.96 901.53 2145.27 868.71
00015155 00000020 1750.19 322.95 532.20 768.89 1890.98 680.06 2122.48 637.78 2026.65 828.36 1945.84 910.68 2155.52 872.99
00015156 00000021 1747.49 327.98 533.81 769.63 1897.16 684.99 2128.22 637.59 2041.26 837.24 1951.53 919.41 2164.66 876.49
00015157 00000022 1741.03 333.06 538.18 768.02 1888.40 693.01 2130.55 639.97 2039.75 845.38 1952.01 925.78 2169.29 877.52
00015158 00000023 1734.24 328.80 544.04 768.40 1886.84 692.21 2127.30 632.65 2042.54 843.01 1952.22 922.53 2169.30 871.42
00015159 00000024 1718.60 320.90 549.20 772.70 1877.34 695.89 2112.87 625.89 2038.50 835.49 1953.54 919.72 2165.79 861.17
00015160 00000025 1708.66 314.47 550.11 778.20 1870.05 694.76 2106.10 622.93 2033.96 831.49 1946.58 912.59 2162.10 851.22
00015161 00000026 1703.76 310.13 544.84 777.48 1863.49 697.49 2101.40 620.63 2029.37 827.79 1938.96 912.73 2159.05 847.76
00015162 00000027 1698.06 313.95 544.94 781.88 1854.80 695.83 2093.94 615.86 2021.98 825.77 1925.16 915.87 2152.58 847.21
00015163 00000028 1697.43 320.72 540.70 782.69 1845.84 699.55 2085.30 615.69 2013.88 826.44 1910.85 916.54 2146.96 843.66
00015164 00000029 1683.42 316.82 545.96 794.40 1833.92 698.11 2074.01 617.00 2001.27 833.69 1897.94 920.69 2134.60 849.85
00015165 00000030 1668.72 325.96 546.70 785.21 1821.53 703.69 2057.56 625.27 1983.68 833.43 1885.11 921.80 2119.74 854.40
00015166 00000031 1656.75 336.68 539.05 771.55 1803.41 710.78 2038.14 632.15 1972.49 835.49 1876.08 920.99 2105.24 856.52
00015167 00000032 1638.84 338.11 548.95 760.22 1787.42 707.69 2022.23 621.89 1957.58 833.91 1865.24 921.47 2100.00 846.82
00015168 00000033 1631.64 338.48 545.96 759.07 1782.40 712.93 2013.94 621.94 1952.88 834.16 1860.40 923.54 2089.98 845.19
00015169 00000034 1616.51 342.64 554.68 757.33 1774.01 717.34 2005.53 617.78 1949.96 838.11 1856.14 931.34 2087.80 845.98
00015170 00000035 1599.26 334.16 558.38 774.04 1767.25 724.88 1995.05 614.75 1948.93 844.23 1851.84 935.75 2079.43 842.15
00015171 00000036 1581.41 327.03 559.76 792.73 1745.12 727.92 1982.87 623.77 1932.48 852.23 1837.46 941.89 2061.60 856.37
00015172 00000037 1567.67 325.83 556.66 796.60 1731.06 740.27 1961.29 627.22 1921.74 858.94 1827.14 948.37 2046.16 856.31
00015173 00000038 1540.18 337.81 561.15 790.41 1715.67 749.03 1943.54 624.71 1912.11 861.80 1808.51 952.92 2031.88 849.94
00015174 00000039 1507.88 334.23 568.98 799.61 1689.77 758.27 1914.05 618.98 1885.23 860.82 1790.25 959.85 2011.31 844.84
00015175 00000040 1469.01 357.09 582.05 789.96 1659.71 758.38 1880.95 633.39 1862.41 861.74 1765.15 966.61 1980.57 863.19
00015176 00000041 1446.78 369.80 582.00 777.71 1640.66 776.70 1852.82 638.44 1845.19 864.94 1749.42 973.17 1957.70 859.72
00015177 00000042 1419.05 373.34 597.16 769.11 1605.14 780.24 1830.76 640.65 1815.58 870.88 1726.06 981.22 1934.12 867.57
00015178 00000043 1401.88 370.94 596.81 776.38 1591.63 785.63 1815.03 643.08 1799.47 872.61 1717.95 985.90 1921.47 870.70
00015179 00000044 1391.60 363.57 585.02 777.24 1579.90 776.81 1806.38 634.28 1788.98 867.08 1703.25 982.69 1911.50 867.69
00015180 00000045 1384.71 366.04 586.36 754.91 1568.24 772.11 1790.06 622.59 1773.59 863.56 1695.31 966.81 1902.93 843.81
00015181 00000046 1370.41 358.11 587.98 742.37 1564.10 759.58 1781.79 615.11 1764.57 844.19 1688.51 950.18 1891.02 832.13
00015182 00000047 1361.03 351.21 591.40 733.95 1554.07 753.85 1770.63 604.41 1753.06 830.69 1677.16 943.37 1882.67 821.00
00015183 00000048 1358.19 357.89 589.62 733.65 1538.73 762.26 1764.01 609.06 1744.33 833.21 1667.63 950.72 1875.58 829.25
00015184 00000049 1360.72 365.51 584.13 721.07 1540.94 762.28 1761.35 611.64 1737.50 844.78 1667.21 946.47 1874.26 823.45
00015185 00000050 1359.72 365.25 581.67 728.49 1541.53 766.65 1762.72 614.03 1739.26 850.55 1669.22 951.30 1876.47 826.81
00015186 00000051 1362.85 355.32 574.38 744.85 1547.07 762.21 1766.14 616.25 1742.16 844.67 1672.55 952.31 1875.67 833.47
00015187 00000052 1364.71 349.33 567.70 758.34 1548.01 753.14 1767.31 616.64 1740.44 840.61 1674.99 955.17 1873.11 844.01
00015188 00000053 1361.11 335.78 567.82 772.03 1545.49 741.27 1765.10 615.20 1733.83 839.37 1672.81 954.83 1864.76 853.08
00015189 00000054 1349.58 338.20 576.22 763.11 1531.18 737.58 1750.55 620.06 1711.28 845.37 1664.56 952.67 1851.77 858.89
00015190 00000055 1345.96 339.32 571.40 752.78 1524.74 735.88 1744.11 628.35 1700.90 846.67 1657.34 952.70 1839.59 867.80
00015191 00000056 1337.82 333.47 570.48 754.14 1520.28 736.00 1737.07 630.76 1695.65 846.30 1649.84 947.60 1829.70 864.68
00015192 00000057 1323.25 337.29 583.04 748.84 1514.25 738.02 1738.66 628.85 1701.85 837.64 1642.29 948.70 1825.16 864.50
00015193 00000058 1317.46 342.33 579.58 740.68 1505.65 730.53 1730.75 622.80 1694.28 833.46 1636.37 947.74 1818.45 864.45
00015194 00000059 1313.92 343.38 580.89 740.37 1502.03 732.78 1724.98 621.20 1691.82 833.27 1634.74 948.56 1815.82 862.44
00015195 00000060 1314.32 346.52 580.42 738.07 1501.10 731.64 1722.68 620.43 1690.84 831.21 1634.16 947.23 1816.04 861.00
00015196 00000061 1311.40 341.64 579.49 748.39 1497.06 730.22 1719.53 613.88 1689.36 830.77 1627.94 945.59 1816.82 855.05
00015197 00000062 1308.89 335.25 581.41 751.00 1493.47 732.74 1715.63 610.10 1687.06 829.15 1624.00 942.17 1817.01 846.16
00015198 00000063 1310.00 334.94 583.07 754.04 1492.26 733.67 1715.30 608.11 1683.41 828.90 1617.76 934.94 1817.98 835.01
00015199 00000064 1311.17 333.32 583.57 754.91 1488.90 736.82 1713.02 605.14 1683.53 829.80 1613.51 933.45 1821.10 827.57
00015200 00000065 1303.94 326.63 587.18 756.41 1479.77 736.69 1707.65 600.03 1677.29 828.70 1605.17 931.87 1817.65 821.89
00015201 00000066 1301.12 320.68 586.22 757.78 1474.61 731.31 1703.72 595.31 1668.02 823.01 1599.77 926.35 1812.31 816.65
00015202 00000067 1304.81 317.90 588.60 755.07 1477.49 728.41 1700.05 593.90 1663.98 817.95 1602.34 917.77 1812.75 807.87
00015203 00000068 1307.08 311.87 590.09 756.93 1480.52 722.53 1703.69 589.66 1666.10 814.55 1604.91 911.60 1815.74 802.50
00015204 00000069 1310.76 306.54 595.73 766.37 1483.64 717.04 1708.63 584.69 1669.42 816.70 1610.11 911.69 1823.70 801.75
00015205 00000070 1314.10 305.56 600.44 766.83 1488.76 714.74 1713.70 582.19 1672.56 816.65 1617.45 910.82 1830.62 800.40
00015206 00000071 1313.93 308.98 599.03 761.97 1487.77 712.52 1712.32 581.34 1671.30 816.72 1616.82 908.93 1830.22 799.16
00015207 00000072 1308.39 302.53 595.60 767.00 1480.51 709.37 1708.35 581.09 1667.08 815.57 1604.69 908.29 1820.83 801.53
00015208 00000073 1296.98 306.10 600.48 759.07 1470.55 716.10 1696.28 579.05 1659.65 811.17 1597.83 907.20 1813.71 793.68
00015209 00000074 1289.87 306.63 596.55 757.65 1463.42 713.81 1688.62 577.52 1650.04 809.22 1593.53 910.96 1802.65 799.51
00015210 00000075 1283.01 302.65 598.92 757.60 1456.85 713.71 1680.27 573.47 1644.38 806.03 1591.42 909.49 1797.23 795.64
00015211 00000076 1271.93 301.35 602.26 753.61 1446.14 710.79 1671.67 569.28 1635.93 803.18 1581.22 906.87 1791.25 792.53
00015212 00000077 1264.71 305.79 604.20 737.58 1439.47 697.52 1664.21 569.22 1629.43 793.45 1576.96 900.62 1781.82 795.73
00015213 00000078 1261.78 303.55 607.05 735.61 1436.41 690.81 1662.74 559.52 1628.40 787.17 1572.22 892.41 1782.57 784.03
00015214 00000079 1272.86 297.46 595.25 737.21 1440.83 679.52 1663.16 554.67 1623.27 781.19 1569.04 881.54 1780.80 777.12
00015215 00000080 1274.53 284.89 592.79 751.27 1439.32 672.52 1664.32 548.09 1620.71 777.39 1563.31 874.92 1781.15 770.11
00015216 00000081 1275.61 276.09 591.47 757.28 1440.93 671.92 1665.45 549.80 1617.49 774.78 1564.77 873.04 1779.31 770.58
00015217 00000082 1270.54 269.45 587.86 759.49 1439.69 665.50 1664.87 546.03 1616.98 772.13 1561.16 868.82 1773.63 769.09
00015218 00000083 1256.90 262.95 594.92 766.75 1434.39 660.98 1661.19 539.79 1613.29 765.89 1555.11 866.12 1765.45 765.73
00015219 00000084 1251.47 266.91 593.89 762.92 1428.72 663.77 1655.11 540.09 1611.81 767.01 1546.51 864.15 1759.68 760.74
00015220 00000085 1252.20 270.56 590.69 764.56 1426.36 662.54 1649.72 540.41 1603.93 771.68 1543.40 863.13 1755.73 759.72
00015221 00000086 1253.72 269.66 588.21 761.96 1428.57 662.19 1653.99 540.85 1607.16 769.85 1544.25 863.65 1757.24 761.61
00015222 00000087 1256.26 260.86 589.41 768.54 1429.92 656.94 1658.30 538.52 1607.26 765.76 1544.56 860.30 1758.23 761.13
00015223 00000088 1264.19 259.65 579.50 766.59 1431.11 653.67 1658.42 536.43 1606.08 762.42 1541.77 854.15 1757.08 755.33
00015224 00000089 1263.73 249.44 580.78 779.89 1432.39 646.36 1660.82 531.38 1607.53 759.45 1537.72 848.26 1757.74 750.29
00015225 00000090 1261.78 244.51 585.98 779.90 1431.30 641.11 1659.98 520.64 1610.16 756.64 1536.06 842.73 1757.86 739.83
00015226 00000091 1261.83 236.87 589.58 787.46 1432.32 633.57 1663.14 515.67 1609.69 749.05 1538.28 840.78 1760.59 740.15
00015227 00000092 1264.69 235.45 589.66 788.37 1433.57 629.05 1666.35 514.04 1610.16 748.03 1538.48 840.42 1761.52 742.11
00015228 00000093 1268.30 235.17 586.96 792.09 1436.59 626.64 1671.00 514.73 1614.35 747.57 1536.77 839.26 1762.03 743.32
00015229 00000094 1272.15 232.73 589.58 794.94 1439.78 626.57 1676.20 513.83 1618.63 745.81 1540.59 839.69 1767.50 743.47
00015230 00000095 1282.65 234.31 584.29 795.20 1448.65 632.37 1681.82 517.18 1629.81 748.20 1550.58 839.34 1775.88 741.40
00015231 00000096 1295.99 233.60 575.08 794.03 1467.02 631.10 1691.71 521.19 1643.90 745.65 1561.09 838.88 1779.86 747.85
00015232 00000097 1306.93 231.13 568.31 793.60 1476.91 622.98 1703.81 517.99 1655.82 739.18 1565.14 836.20 1786.27 749.37
00015233 00000098 1313.68 239.68 563.93 786.46 1481.31 621.09 1706.60 518.33 1661.03 744.16 1564.68 835.90 1785.83 749.20
00015234 00000099 1311.32 243.42 561.31 784.12 1479.92 623.06 1704.37 527.52 1654.65 745.21 1562.85 838.44 1781.98 757.59
00015235 00000100 1314.95 251.16 558.91 775.38 1483.67 624.10 1708.07 529.39 1658.93 750.76 1564.57 840.95 1783.25 760.74
00015236 00000101 1322.36 249.29 554.56 781.79 1490.18 623.54 1715.47 533.06 1662.26 748.87 1566.53 841.09 1787.08 764.25
00015237 00000102 1322.50 249.39 550.77 780.38 1486.66 622.03 1713.42 536.04 1657.37 752.26 1560.16 839.54 1783.83 766.11
00015238 00000103 1318.06 248.80 548.53 782.24 1481.65 618.98 1705.77 534.38 1651.69 750.09 1557.12 840.61 1776.53 768.74
00015239 00000104 1318.62 242.85 548.65 790.37 1479.75 611.98 1705.21 531.80 1649.29 749.24 1554.50 839.04 1773.19 770.94
00015240 00000105 1319.48 234.85 547.87 796.77 1480.02 610.30 1703.63 528.07 1649.86 745.04 1553.95 836.73 1771.59 767.21
00015241 00000106 1319.86 228.09 545.36 801.30 1479.49 606.57 1703.88 526.18 1648.34 740.83 1552.33 834.38 1770.49 766.54
00015242 00000107 1322.85 226.34 545.45 804.68 1483.02 602.46 1705.24 524.43 1649.32 738.76 1556.08 834.04 1770.97 768.06
00015243 00000108 1322.16 231.85 545.74 798.15 1483.90 604.94 1706.86 528.25 1649.10 741.77 1559.34 838.65 1770.96 774.13
00015244 00000109 1323.14 230.33 540.46 798.43 1485.96 605.48 1706.85 535.14 1644.76 746.17 1560.41 842.10 1766.71 782.54
00015245 00000110 1324.75 226.78 542.63 805.72 1487.88 603.22 1708.32 534.90 1645.20 744.62 1561.26 842.53 1766.30 784.52
00015246 00000111 1335.29 224.53 533.20 806.58 1502.44 609.18 1718.72 545.16 1655.74 744.26 1568.94 839.20 1772.55 785.44
00015247 00000112 1346.28 223.44 527.88 808.32 1512.67 605.97 1733.27 547.07 1666.10 745.32 1574.88 840.52 1780.25 790.99
00015248 00000113 1360.84 228.70 520.30 804.84 1521.47 605.13 1746.12 552.47 1674.30 748.33 1578.15 838.62 1787.46 794.05
00015249 00000114 1362.95 229.08 528.00 809.07 1532.08 603.31 1764.00 553.68 1691.92 747.77 1582.08 841.49 1798.28 799.93
00015250 00000115 1371.92 229.88 522.66 811.42 1543.50 602.72 1774.85 554.85 1706.25 750.17 1587.91 840.52 1801.69 801.25
00015251 00000116 1377.44 226.78 521.73 815.46 1555.78 602.00 1784.66 556.12 1720.13 751.11 1596.53 842.98 1805.52 806.18
00015252 00000117 1389.79 212.20 518.19 837.76 1565.26 602.72 1788.60 552.44 1732.25 752.90 1607.54 847.75 1816.23 806.46
00015253 00000118 1401.12 215.28 509.19 822.46 1579.19 603.99 1798.82 560.20 1742.36 750.68 1623.31 854.49 1819.80 818.73
00015254 00000119 1411.69 227.57 506.22 798.41 1594.02 608.33 1813.88 564.38 1753.57 751.28 1636.87 852.86 1830.44 817.28
00015255 00000120 1423.58 231.55 505.79 797.74 1606.71 609.64 1831.65 564.38 1769.66 756.22 1646.45 852.18 1844.28 816.30
00015256 00000121 1430.32 237.79 513.63 799.15 1622.60 611.73 1844.61 572.76 1785.07 755.26 1657.65 849.95 1850.77 819.77
00015257 00000122 1434.99 239.94 515.38 799.88 1632.32 615.05 1856.68 575.22 1800.11 751.17 1667.58 850.30 1860.90 820.32
00015258 00000123 1439.22 231.00 523.94 810.79 1647.25 608.14 1871.81 562.54 1822.08 746.57 1673.50 852.09 1871.45 818.36
00015259 00000124 1444.31 235.89 522.98 800.81 1655.99 601.76 1876.35 558.88 1831.46 744.04 1675.87 848.21 1871.72 816.97
00015260 00000125 1448.14 239.15 521.69 799.43 1664.53 599.79 1883.81 556.15 1849.73 741.66 1675.92 847.94 1875.61 817.06
00015261 00000126 1450.82 239.97 517.11 808.12 1667.94 602.42 1882.46 557.91 1852.49 742.08 1676.13 847.70 1876.46 816.29
00015262 00000127 1450.78 249.78 520.77 805.00 1674.24 606.46 1887.04 564.57 1856.26 749.06 1680.57 855.83 1878.90 826.38
00015263 00000128 1456.85 256.77 520.59 805.40 1677.80 611.69 1895.49 582.09 1857.96 757.17 1689.40 863.85 1883.67 843.63
00015264 00000129 1470.49 256.96 507.90 803.92 1688.70 610.60 1900.47 586.53 1864.87 756.45 1697.10 861.75 1890.80 845.46
00015265 00000130 1471.62 259.54 510.47 793.13 1695.36 611.78 1907.22 587.73 1869.19 756.24 1706.38 858.45 1897.71 841.82
00015266 00000131 1476.23 261.35 510.75 785.56 1699.95 613.24 1917.05 587.16 1879.56 755.56 1713.35 857.71 1905.26 839.85
00015267 00000132 1480.66 263.72 514.60 776.42 1707.97 615.64 1927.63 588.10 1888.73 757.28 1722.67 858.63 1914.03 839.99
00015268 00000133 1484.85 265.84 515.54 774.98 1714.80 616.61 1932.19 587.51 1899.19 758.21 1726.47 861.12 1918.99 841.74
00015269 00000134 1485.46 270.58 517.33 774.87 1717.96 623.88 1933.42 588.83 1904.02 762.79 1725.57 864.60 1920.56 841.11
00015270 00000135 1488.06 269.67 518.91 779.65 1721.21 627.14 1936.92 588.46 1910.33 767.36 1723.09 866.59 1924.07 840.89
00015271 00000136 1490.39 273.68 517.36 775.35 1720.52 627.01 1936.69 588.84 1909.79 767.31 1717.89 864.18 1924.75 839.09
00015272 00000137 1485.38 274.34 510.11 778.19 1711.07 624.48 1927.07 589.64 1902.88 762.32 1704.54 862.56 1916.31 840.45
00015273 00000138 1478.70 265.92 506.58 791.84 1705.75 624.77 1918.17 591.07 1895.10 761.46 1697.00 860.34 1906.07 839.39
00015274 00000139 1482.06 271.71 504.35 785.54 1707.46 625.71 1919.86 591.12 1898.84 759.78 1698.06 860.19 1909.11 838.68
00015275 00000140 1481.66 268.88 504.39 788.96 1707.48 633.19 1920.46 595.15 1899.03 763.35 1695.93 862.85 1909.25 839.46
00015276 00000141 1478.24 275.88 502.53 780.42 1706.73 638.68 1916.87 598.67 1895.27 762.26 1693.57 861.23 1906.34 836.65
00015277 00000142 1471.67 269.93 506.77 784.82 1702.16 633.67 1913.83 590.85 1894.86 758.82 1689.26 858.67 1904.41 831.59
00015278 00000143 1468.33 272.00 506.76 780.94 1700.96 628.65 1909.00 589.50 1890.47 756.65 1685.78 855.43 1898.70 831.10
00015279 00000144 1462.18 273.95 507.69 782.35 1707.10 625.48 1908.00 590.32 1887.76 759.30 1687.95 853.11 1890.91 829.55
00015280 00000145 1471.31 269.99 502.34 781.26 1707.30 623.82 1906.99 585.61 1893.82 750.19 1689.52 849.70 1892.12 826.53
00015281 00000146 1473.01 271.86 502.00 776.80 1712.52 618.67 1910.25 583.80 1898.96 746.68 1691.87 848.22 1890.63 827.98
00015282 00000147 1473.65 270.26 499.90 777.19 1718.40 615.18 1910.06 581.18 1905.48 743.05 1693.81 848.09 1886.81 829.34
00015283 00000148 1474.41 272.55 498.63 774.63 1721.77 615.83 1911.16 583.90 1908.10 742.63 1695.66 849.65 1885.71 832.90
00015284 00000149 1463.24 275.29 500.93 779.69 1719.45 617.23 1908.69 589.58 1899.21 748.69 1693.51 853.84 1880.37 837.81
00015285 00000150 1456.84 273.14 497.27 779.67 1712.88 617.03 1900.46 588.07 1893.52 751.50 1685.30 852.94 1872.03 836.09
00015286 00000151 1457.03 274.36 500.24 780.22 1712.80 617.07 1902.22 589.54 1893.58 752.47 1684.74 853.68 1873.79 837.80
00015287 00000152 1461.89 280.71 496.21 770.79 1715.74 616.28 1904.13 588.23 1895.36 751.78 1686.18 851.89 1874.50 835.63
00015288 00000153 1463.38 274.14 495.22 774.64 1715.98 612.67 1903.87 585.91 1894.86 750.63 1685.09 848.82 1872.71 833.65
00015289 00000154 1457.79 267.99 498.65 779.95 1710.54 609.13 1899.58 582.71 1889.12 749.91 1678.18 844.30 1867.38 829.47
00015290 00000155 1450.01 262.62 504.96 786.41 1703.36 608.59 1897.22 581.31 1883.12 749.74 1676.79 845.20 1866.74 829.16
00015291 00000156 1452.65 265.05 504.23 785.06 1701.69 612.41 1896.29 582.79 1879.35 753.74 1677.12 844.62 1867.18 826.12
00015292 00000157 1458.84 276.76 505.11 778.99 1707.18 614.29 1903.06 589.90 1883.07 755.81 1679.69 848.54 1874.35 833.86
00015293 00000158 1463.12 277.14 503.56 778.99 1709.72 617.19 1905.03 592.41 1883.80 760.60 1680.87 850.03 1875.71 834.94
00015294 00000159 1463.34 279.30 503.27 774.40 1709.20 616.60 1905.16 591.27 1882.35 760.87 1681.56 847.82 1876.82 831.96
00015295 00000160 1460.90 275.83 505.10 771.21 1704.86 612.82 1902.98 586.06 1878.19 757.53 1679.54 843.86 1875.98 826.75
00015296 00000161 1461.73 272.92 506.46 763.05 1698.56 609.38 1900.25 578.66 1874.47 751.58 1677.37 838.06 1877.20 817.71
00015297 00000162 1467.19 273.22 502.07 753.24 1699.98 602.72 1904.76 571.88 1878.19 745.91 1678.03 830.47 1884.09 810.04
00015298 00000163 1470.54 269.71 500.62 753.73 1706.36 600.98 1909.56 570.94 1883.01 743.25 1687.02 831.62 1888.33 812.01
00015299 00000164 1469.41 266.46 505.02 756.62 1711.89 605.94 1912.96 576.92 1883.34 747.20 1706.40 843.45 1889.75 822.95
00015300 00000165 1467.32 278.20 502.36 739.14 1699.21 613.56 1908.01 591.51 1868.01 751.31 1714.53 849.29 1884.73 834.93
00015301 00000166 1464.62 262.34 508.44 753.54 1688.52 598.29 1898.45 585.30 1846.25 743.79 1700.71 851.82 1872.21 843.14
00015302 00000167 1463.45 260.19 502.47 746.28 1667.39 590.60 1884.53 587.16 1813.31 743.17 1679.35 843.27 1859.34 839.63
00015303 00000168 1462.03 248.26 502.54 763.27 1648.96 586.88 1869.99 584.80 1787.43 743.16 1660.65 838.89 1842.64 835.46
00015304 00000169 1466.59 240.88 502.98 768.51 1635.32 576.48 1865.17 584.25 1768.06 742.09 1635.22 833.37 1832.67 838.88
00015305 00000170 1463.89 240.15 511.36 764.93 1622.77 566.76 1855.06 583.50 1742.59 740.46 1618.95 831.92 1809.72 844.69
00015306 00000171 1464.53 239.14 518.53 761.23 1622.35 559.09 1853.12 585.00 1734.07 735.87 1610.68 824.22 1800.12 844.92
00015307 00000172 1479.27 238.43 516.08 763.72 1639.79 552.50 1866.73 586.34 1746.12 732.89 1617.97 818.11 1808.36 846.26
00015308 00000173 1496.19 249.67 513.95 761.44 1661.54 550.99 1884.50 590.17 1768.38 725.63 1633.78 813.31 1822.44 846.72
00015309 00000174 1511.61 246.07 516.61 777.06 1686.09 543.44 1909.83 586.58 1800.68 725.96 1651.95 809.88 1842.34 847.88
00015310 00000175 1527.57 240.29 514.43 782.09 1706.98 545.05 1927.99 588.53 1818.68 726.92 1674.53 809.13 1858.05 846.53
00015311 00000176 1540.87 240.59 513.61 774.13 1719.62 554.89 1937.44 592.63 1834.30 723.59 1687.76 809.66 1871.05 841.16
00015312 00000177 1547.02 247.91 515.73 783.59 1723.93 552.07 1945.47 597.61 1836.57 731.68 1682.02 811.60 1876.58 851.03
00015313 00000178 1548.69 265.21 511.31 770.46 1723.89 554.73 1946.63 606.07 1833.61 743.13 1674.63 811.51 1878.45 857.00
00015314 00000179 1546.74 279.91 513.39 764.49 1721.78 569.86 1943.20 623.85 1830.23 764.09 1671.17 811.79 1878.48 859.26
00015315 00000180 1544.70 278.96 509.81 766.67 1713.33 574.54 1937.95 624.34 1826.00 765.74 1669.64 819.49 1875.79 862.66
00015316 00000181 1539.45 268.09 508.74 755.77 1707.19 572.42 1931.36 614.41 1817.28 759.05 1673.76 822.37 1867.32 857.47
00015317 00000182 1533.30 264.60 509.77 751.40 1694.64 573.46 1920.01 611.52 1802.27 756.30 1663.48 816.10 1860.13 848.09
00015318 00000183 1530.43 263.86 505.35 749.63 1685.92 572.24 1908.58 606.98 1791.91 754.50 1659.68 818.27 1852.95 847.57
00015319 00000184 1527.88 255.40 508.09 778.31 1681.43 566.26 1902.89 606.15 1782.31 749.51 1652.49 819.90 1846.87 854.12
00015320 00000185 1532.89 255.36 503.10 782.71 1681.80 568.24 1902.96 605.58 1783.40 750.36 1655.26 823.32 1850.99 855.54
00015321 00000186 1543.91 260.07 501.29 769.99 1689.59 567.20 1909.23 605.92 1787.00 750.74 1665.04 823.31 1853.44 855.90
00015322 00000187 1551.11 258.15 499.88 763.68 1696.54 564.26 1919.99 606.35 1794.30 749.29 1667.11 812.40 1865.37 847.34
00015323 00000188 1552.84 250.79 510.49 767.17 1709.69 560.11 1932.91 601.27 1809.14 747.58 1677.86 812.82 1874.32 848.00
00015324 00000189 1559.06 248.30 511.53 770.09 1723.88 558.99 1947.34 600.16 1826.81 749.91 1690.94 820.60 1888.06 855.81
00015325 00000190 1563.08 258.66 512.51 752.62 1731.68 564.01 1954.30 602.15 1839.01 753.85 1706.72 821.70 1899.14 854.09
00015326 00000191 1566.79 257.43 518.36 758.09 1735.09 561.91 1957.67 603.62 1839.59 751.41 1708.68 813.13 1898.35 847.77
00015327 00000192 1566.29 240.20 513.59 772.21 1738.11 551.59 1954.20 591.44 1840.78 739.76 1707.48 811.36 1892.62 845.94
00015328 00000193 1564.84 232.15 511.75 780.28 1731.11 539.98 1946.78 579.50 1833.29 725.78 1703.49 795.71 1891.49 832.43
00015329 00000194 1554.42 218.31 520.40 794.47 1722.19 537.09 1939.78 573.63 1824.50 721.44 1693.94 791.11 1882.89 825.25
00015330 00000195 1547.43 221.08 517.06 790.77 1714.46 538.61 1934.73 577.03 1816.69 723.18 1683.82 791.24 1874.57 826.88
00015331 00000196 1547.46 226.06 509.71 793.48 1705.16 534.14 1927.42 577.46 1805.53 732.18 1670.16 793.74 1870.51 830.58
00015332 00000197 1541.53 233.64 508.14 791.18 1695.88 548.08 1921.38 589.26 1797.47 738.28 1657.77 793.89 1868.46 829.51
00015333 00000198 1534.60 244.73 508.07 782.64 1685.07 561.74 1911.09 600.84 1787.21 749.19 1650.26 796.52 1866.87 830.33
00015334 00000199 1533.37 247.26 505.50 771.01 1681.29 573.16 1900.86 603.55 1785.00 750.87 1656.08 804.05 1859.01 829.51
00015335 00000200 1530.81 243.57 505.46 770.57 1674.29 570.97 1895.64 602.63 1778.09 751.22 1652.05 801.39 1858.62 827.37
00015336 00000201 1530.55 247.00 501.81 765.01 1668.85 569.29 1892.66 597.63 1775.37 750.58 1651.83 801.60 1860.60 824.37
00015337 00000202 1529.75 243.03 500.70 766.95 1666.72 569.34 1890.93 595.06 1772.60 748.76 1658.53 811.58 1855.73 832.03
00015338 00000203 1532.96 239.86 495.76 771.80 1666.06 571.87 1886.73 594.76 1769.63 751.30 1661.88 816.87 1853.60 835.22
00015339 00000204 1535.06 246.01 493.46 762.66 1665.87 574.36 1884.35 594.44 1767.89 756.39 1666.50 821.60 1852.92 837.34
00015340 00000205 1535.61 249.69 491.02 759.56 1662.94 578.29 1878.78 595.10 1762.76 760.76 1667.86 826.94 1852.03 839.78
00015341 00000206 1538.73 255.08 492.16 753.28 1663.35 583.51 1881.93 598.28 1763.77 767.56 1671.33 832.62 1856.65 843.72
00015342 00000207 1543.75 255.90 491.05 752.08 1665.23 587.84 1883.42 600.63 1764.78 769.83 1674.93 834.90 1859.49 844.54
00015343 00000208 1538.93 261.42 496.39 751.94 1662.66 588.65 1879.65 602.25 1759.99 772.53 1672.54 834.21 1860.58 843.77
00015344 00000209 1536.48 267.22 495.55 752.89 1658.05 588.17 1877.15 604.19 1755.14 777.99 1665.47 829.98 1865.02 840.46
00015345 00000210 1537.47 269.43 496.49 752.84 1657.89 588.77 1876.79 604.68 1753.15 779.80 1664.26 826.75 1870.37 836.57
00015346 00000211 1539.61 269.49 494.99 753.05 1657.97 587.00 1878.85 604.24 1753.04 780.18 1662.37 822.92 1872.66 833.46
00015347 00000212 1541.72 269.66 493.08 754.32 1658.32 586.08 1878.92 602.85 1752.88 778.82 1662.22 820.03 1874.47 829.97
00015348 00000213 1541.49 266.85 494.91 756.05 1660.63 580.80 1881.60 599.06 1755.55 774.51 1660.83 813.17 1876.09 824.74
00015349 00000214 1544.08 270.75 494.39 753.00 1662.23 579.63 1882.05 598.73 1754.71 770.99 1661.22 810.77 1877.93 822.98
00015350 00000215 1544.36 269.18 491.89 754.08 1658.33 575.47 1881.43 596.47 1751.97 771.16 1656.04 808.35 1876.81 822.44
00015351 00000216 1541.96 261.96 492.85 765.60 1653.00 574.96 1875.86 595.57 1744.31 772.86 1653.75 810.10 1873.45 823.61
00015352 00000217 1540.17 264.44 494.92 762.38 1651.07 576.89 1872.05 596.48 1740.70 772.90 1655.23 813.02 1870.44 825.34
00015353 00000218 1535.58 263.61 496.82 753.47 1646.46 580.21 1864.23 597.04 1735.39 774.16 1653.69 817.78 1861.21 827.65
00015354 00000219 1538.20 259.00 486.74 754.67 1644.12 578.28 1859.64 594.82 1726.35 767.89 1653.10 826.13 1845.06 838.81
00015355 00000220 1535.36 251.48 491.95 764.65 1641.78 575.64 1853.01 590.23 1717.04 757.31 1653.63 836.01 1832.88 847.88
00015356 00000221 1530.70 235.67 489.72 778.12 1635.91 569.30 1844.11 584.59 1704.93 751.71 1648.62 837.86 1820.89 850.22
00015357 00000222 1526.02 235.41 493.02 774.26 1626.15 565.19 1835.03 577.48 1694.11 747.32 1642.42 833.38 1815.24 843.63
00015358 00000223 1527.88 229.66 491.26 785.01 1623.12 570.66 1828.40 576.84 1689.34 747.33 1648.07 838.57 1816.41 844.00
00015359 00000224 1525.63 242.24 497.99 794.47 1609.87 576.37 1815.31 581.70 1669.07 760.12 1641.28 840.73 1824.39 842.19
00015360 00000225 1517.58 255.96 497.52 781.28 1598.78 583.61 1804.28 586.37 1657.38 768.38 1633.62 833.66 1829.16 830.37
00015361 00000226 1510.27 264.64 496.74 773.17 1590.64 588.59 1795.60 586.60 1652.74 769.55 1627.01 829.78 1827.81 821.86
00015362 00000227 1499.93 263.84 499.24 750.18 1578.73 583.82 1783.98 581.74 1640.98 758.79 1614.84 823.55 1812.03 817.00
00015363 00000228 1493.48 250.58 498.70 744.61 1569.53 575.78 1775.73 572.99 1630.07 743.09 1604.60 811.08 1797.99 805.79
00015364 00000229 1491.39 237.33 494.41 746.79 1566.13 568.03 1768.20 567.02 1621.71 731.56 1596.36 801.61 1788.44 798.88
00015365 00000230 1490.52 233.04 496.57 749.40 1565.87 561.37 1768.34 563.31 1620.66 729.66 1596.42 800.84 1783.14 800.17
00015366 00000231 1491.85 224.60 493.09 761.60 1566.13 559.53 1771.32 562.83 1619.28 727.79 1598.68 817.49 1767.51 818.62
00015367 00000232 1496.40 233.69 494.00 757.34 1568.76 562.72 1778.40 572.39 1623.12 742.09 1594.63 822.21 1768.87 827.74
00015368 00000233 1495.66 247.29 499.67 757.97 1571.09 568.89 1783.36 579.47 1625.13 749.98 1597.16 828.34 1775.80 834.01
00015369 00000234 1496.47 253.61 501.39 757.24 1570.79 577.60 1776.51 585.15 1618.28 757.49 1605.33 835.25 1773.90 839.57
00015370 00000235 1491.81 258.57 506.23 763.45 1569.69 585.65 1772.09 588.45 1619.09 760.09 1609.91 842.71 1780.43 843.08
00015371 00000236 1493.58 264.64 507.43 761.55 1571.36 587.86 1775.93 591.24 1622.25 761.82 1610.14 842.61 1784.87 843.39
00015372 00000237 1496.10 265.36 505.36 760.76 1575.90 587.32 1781.11 589.40 1629.04 760.33 1610.85 844.43 1789.38 844.58
00015373 00000238 1500.66 264.12 501.18 767.03 1579.54 584.63 1790.11 588.70 1639.17 761.96 1609.27 835.66 1804.84 834.66
00015374 00000239 1500.99 264.79 501.72 765.40 1579.72 584.23 1793.39 590.92 1641.26 766.61 1605.74 830.44 1811.98 830.74
00015375 00000240 1500.93 262.90 500.51 763.21 1578.92 583.16 1792.83 592.16 1640.44 764.85 1602.10 822.02 1811.42 824.10
00015376 00000241 1499.74 262.27 499.08 762.93 1578.42 583.54 1791.29 593.52 1638.64 764.41 1599.15 820.35 1809.49 823.30
00015377 00000242 1494.24 258.15 505.50 763.22 1573.66 581.51 1792.70 594.61 1635.40 764.48 1593.05 820.17 1805.58 825.97
00015378 00000243 1493.40 265.51 503.43 758.33 1572.19 582.51 1788.13 595.13 1630.76 765.15 1591.71 822.10 1801.65 827.40
00015379 00000244 1492.25 267.90 503.22 760.30 1569.62 586.42 1786.10 598.67 1628.70 766.83 1593.41 833.40 1797.24 838.77
00015380 00000245 1489.87 267.79 505.83 764.64 1567.37 590.63 1785.19 601.46 1627.84 768.06 1594.78 838.99 1797.43 843.39
00015381 00000246 1488.05 268.32 508.73 766.17 1565.85 591.99 1781.16 602.52 1627.15 771.85 1594.79 841.10 1793.50 845.30
00015382 00000247 1487.33 272.49 511.43 757.68 1567.41 593.36 1782.70 603.22 1629.52 771.88 1592.34 839.47 1790.43 843.59
00015383 00000248 1487.79 271.42 511.27 754.58 1568.11 594.21 1785.08 602.68 1632.72 771.52 1593.78 842.35 1788.14 846.09
00015384 00000249 1492.87 269.33 509.67 755.25 1573.10 591.69 1784.07 603.98 1628.73 768.66 1600.52 849.22 1777.26 857.52
00015385 00000250 1493.34 262.05 508.81 763.94 1574.94 592.17 1784.11 602.25 1631.76 769.17 1605.16 858.97 1773.40 865.64
00015386 00000251 1492.03 258.08 509.88 766.52 1573.79 591.38 1784.34 602.78 1630.75 768.97 1603.94 859.20 1772.42 866.99
00015387 00000252 1492.16 260.19 508.36 762.20 1574.46 592.13 1783.83 602.48 1631.55 769.00 1606.52 859.45 1772.27 866.52
00015388 00000253 1495.44 261.13 505.00 765.27 1575.92 593.45 1784.42 601.58 1632.19 767.91 1608.28 857.34 1778.07 862.68
00015389 00000254 1495.53 264.05 505.46 768.22 1577.38 593.90 1784.81 602.02 1633.28 767.91 1607.89 848.54 1786.64 853.47
00015390 00000255 1498.60 267.33 505.41 763.82 1579.49 593.56 1788.87 601.24 1637.52 768.38 1610.31 845.39 1794.85 849.86
00015391 00000256 1500.07 268.08 507.45 766.73 1580.95 591.78 1794.31 600.25 1644.42 773.61 1608.27 838.32 1807.33 840.76
00015392 00000257 1500.46 268.02 505.65 765.64 1582.30 589.39 1795.75 599.35 1647.04 772.63 1606.14 834.23 1807.86 837.96
00015393 00000258 1501.00 263.37 505.28 766.72 1580.60 585.87 1796.40 598.26 1644.72 771.22 1602.30 828.26 1809.02 833.66
00015394 00000259 1504.01 261.15 502.95 765.64 1581.88 583.86 1796.57 596.65 1644.33 766.70 1603.17 828.98 1804.44 835.46
00015395 00000260 1504.94 257.86 503.80 760.97 1583.04 582.33 1795.76 597.80 1643.46 765.16 1604.22 830.57 1794.83 840.16
00015396 00000261 1507.84 254.13 503.21 763.13 1583.91 579.48 1796.71 597.38 1643.33 767.11 1605.92 833.09 1791.48 844.99
00015397 00000262 1512.46 253.57 503.48 768.82 1587.66 581.67 1799.39 599.40 1645.34 767.19 1609.13 836.22 1792.50 848.66
00015398 00000263 1515.57 253.31 503.12 772.24 1589.39 584.63 1801.07 601.58 1646.59 769.36 1612.15 838.81 1796.66 850.57
00015399 00000264 1519.54 262.99 501.98 765.58 1600.93 588.68 1806.74 605.00 1653.78 768.29 1619.78 841.63 1799.78 853.61
00015400 00000265 1531.87 262.39 499.20 770.22 1605.09 599.77 1816.72 610.36 1665.81 775.44 1631.60 841.29 1822.84 847.76
00015401 00000266 1546.51 272.22 503.70 763.94 1642.39 599.54 1858.69 600.23 1717.72 760.53 1665.52 846.90 1860.54 846.43
00015402 00000267 1567.21 263.72 504.36 785.53 1683.24 583.90 1908.54 571.61 1784.26 756.89 1709.14 844.34 1916.46 834.23
00015403 00000268 1594.54 250.88 514.16 797.05 1729.08 581.46 1957.66 558.48 1856.61 746.83 1763.38 839.52 1974.06 819.41
00015404 00000269 1620.16 228.32 507.26 808.62 1782.30 576.75 2001.23 547.31 1928.61 724.30 1812.85 831.22 2010.43 806.73
00015405 00000270 1635.94 220.05 501.19 804.41 1815.82 568.50 2031.28 536.33 1969.66 706.51 1863.18 829.88 2041.23 803.69
00015406 00000271 1644.19 219.16 501.05 800.44 1827.93 567.08 2042.85 536.05 1985.40 709.02 1875.54 824.70 2055.94 799.47
00015407 00000272 1641.83 219.46 501.99 797.45 1826.62 568.75 2039.31 535.23 1985.36 706.27 1876.96 823.40 2057.09 796.34
00015408 00000273 1635.06 219.67 501.38 795.47 1814.68 570.42 2029.80 534.35 1971.42 704.16 1867.58 827.37 2045.53 798.15
00015409 00000274 1625.11 223.98 501.83 791.18 1790.05 575.73 2008.01 541.29 1937.37 713.55 1835.53 835.89 2015.60 807.46
00015410 00000275 1609.13 242.85 510.47 800.98 1759.69 579.61 1980.84 550.96 1891.74 733.45 1800.70 843.88 1991.85 819.27
00015411 00000276 1605.45 253.72 508.57 790.15 1746.47 582.89 1968.36 555.88 1873.94 734.79 1785.60 849.20 1975.31 826.22
00015412 00000277 1609.26 258.67 506.10 784.56 1750.31 586.31 1974.61 562.69 1879.61 738.74 1791.13 855.32 1978.30 835.20
00015413 00000278 1621.20 260.50 501.38 773.26 1773.21 589.95 1988.48 562.04 1907.26 744.63 1805.66 859.89 1989.50 835.73
00015414 00000279 1632.47 258.08 493.92 769.99 1791.22 590.74 2007.93 563.59 1931.31 741.46 1823.68 852.44 2008.15 828.58
00015415 00000280 1639.61 255.92 491.98 764.06 1802.15 588.54 2020.66 558.57 1950.48 735.44 1840.94 853.04 2022.21 827.21
00015416 00000281 1639.66 256.03 492.60 763.23 1802.56 588.89 2021.46 557.68 1952.36 734.18 1846.08 854.96 2022.54 827.69
00015417 00000282 1633.12 260.91 497.78 760.34 1794.69 590.35 2011.36 558.82 1935.61 735.83 1838.41 855.38 2014.13 827.38
00015418 00000283 1626.13 265.69 502.74 760.02 1780.88 595.45 2001.37 564.04 1921.74 741.68 1821.25 862.20 2004.25 834.93
00015419 00000284 1623.35 270.45 502.38 767.98 1774.43 601.26 1994.06 569.30 1913.27 746.93 1814.46 868.83 1998.44 841.46
00015420 00000285 1624.15 281.75 500.45 760.14 1778.72 606.60 1996.51 577.58 1916.75 752.24 1814.76 869.25 2000.53 844.11
00015421 00000286 1630.59 282.08 494.60 764.13 1786.50 610.08 2003.35 580.50 1928.01 759.89 1818.58 869.15 2011.86 843.18
00015422 00000287 1635.76 282.84 490.80 761.32 1791.12 616.47 2008.58 584.38 1935.34 761.90 1827.62 872.02 2020.78 844.27
00015423 00000288 1637.61 289.13 492.26 757.16 1791.29 620.75 2007.30 584.26 1936.03 764.20 1831.43 874.39 2025.86 842.93
00015424 00000289 1635.53 287.61 492.22 763.92 1786.61 625.72 2000.99 588.32 1928.95 768.45 1825.33 877.40 2022.39 845.43
00015425 00000290 1632.70 292.94 492.31 761.25 1779.96 629.70 1995.80 594.27 1919.49 772.46 1816.15 877.71 2017.57 847.48
00015426 00000291 1627.72 293.44 499.14 765.52 1773.80 630.71 1994.93 599.00 1913.81 777.36 1805.75 878.35 2014.69 850.88
00015427 00000292 1628.53 298.65 498.36 764.57 1772.94 634.75 1994.89 601.87 1914.51 781.52 1806.02 879.75 2016.99 850.91
00015428 00000293 1627.94 297.53 499.89 771.24 1775.17 642.16 1995.81 605.49 1919.83 784.74 1809.47 883.76 2019.74 852.43
00015429 00000294 1629.26 301.19 499.99 771.51 1778.34 644.04 1999.26 606.88 1924.70 787.79 1812.61 884.53 2022.88 852.60
00015430 00000295 1629.09 303.32 501.96 772.38 1779.41 645.54 1999.79 607.74 1925.91 789.77 1814.86 886.12 2024.29 853.57
00015431 00000296 1628.92 302.82 502.02 774.99 1778.76 643.59 1999.47 606.97 1924.22 788.70 1813.04 885.11 2024.22 853.36
00015432 00000297 1630.83 305.66 500.41 773.81 1781.11 647.65 1997.01 613.70 1919.06 792.46 1815.93 888.50 2018.23 858.62
00015433 00000298 1630.94 306.30 500.42 777.51 1780.91 648.66 1995.30 613.49 1918.51 794.39 1818.07 891.66 2018.30 860.89
00015434 00000299 1631.33 303.34 498.55 786.09 1782.18 652.34 1993.43 616.38 1917.92 796.99 1822.16 899.43 2015.38 868.69
00015435 00000300 1635.05 306.20 494.76 788.65 1783.76 654.42 1993.94 617.31 1917.77 798.09 1827.13 909.88 2015.12 878.76
00015436 00000301 1636.39 302.06 493.82 797.69 1788.71 652.90 1995.91 615.86 1923.06 797.17 1835.28 914.20 2015.03 883.13
00015437 00000302 1638.81 298.37 493.60 804.23 1792.35 651.69 1998.73 614.37 1927.07 797.90 1840.97 914.18 2017.90 882.57
00015438 00000303 1639.05 300.02 493.79 800.60 1793.91 649.93 2001.49 613.97 1928.55 797.18 1842.84 915.16 2017.85 884.39
00015439 00000304 1639.04 301.58 492.85 804.35 1795.31 657.77 2004.08 625.64 1930.61 799.68 1842.02 918.84 2017.12 891.13
00015440 00000305 1640.09 306.50 494.59 802.01 1799.56 663.71 2007.23 633.28 1935.11 802.35 1843.65 921.10 2017.41 894.74
00015441 00000306 1642.70 304.17 498.06 813.26 1806.18 665.62 2017.88 636.45 1945.28 806.49 1847.86 924.38 2026.72 898.80
00015442 00000307 1650.02 304.85 498.24 814.90 1811.51 663.70 2028.59 639.98 1952.59 807.89 1843.35 923.80 2033.08 903.06
00015443 00000308 1656.35 302.18 495.84 814.99 1820.51 663.71 2035.77 641.89 1960.35 812.57 1848.08 920.65 2040.82 901.38
00015444 00000309 1659.26 301.19 496.16 816.15 1826.61 661.00 2043.30 641.11 1970.36 815.71 1849.33 918.70 2048.35 901.07
00015445 00000310 1663.67 306.31 493.92 806.45 1830.26 662.60 2048.89 644.12 1976.46 822.28 1847.37 911.11 2053.80 895.08
00015446 00000311 1665.69 312.84 492.29 803.46 1836.12 667.60 2052.19 650.11 1980.28 820.36 1851.19 908.73 2056.76 893.84
00015447 00000312 1668.02 319.20 488.46 790.48 1841.02 670.13 2057.57 655.53 1987.97 816.52 1859.93 911.72 2061.50 899.49
00015448 00000313 1670.30 320.80 491.27 780.46 1845.74 668.23 2064.54 650.48 1999.34 822.55 1866.33 917.24 2065.38 902.42
00015449 00000314 1676.45 324.02 490.60 772.09 1853.03 672.03 2076.05 645.65 2010.19 829.40 1873.35 916.76 2071.71 896.07
00015450 00000315 1678.18 322.55 489.22 771.48 1859.41 671.93 2079.31 645.69 2016.96 828.99 1881.72 919.01 2073.24 898.18
00015451 00000316 1679.93 324.80 488.11 771.56 1864.99 672.31 2084.93 644.98 2026.29 831.77 1887.15 921.40 2077.42 899.82
00015452 00000317 1683.18 325.66 488.59 783.92 1874.48 673.67 2088.57 648.39 2033.65 832.16 1895.39 926.07 2075.71 906.51
00015453 00000318 1688.20 324.25 486.22 799.70 1883.71 678.04 2092.76 654.80 2043.45 837.13 1893.72 928.61 2073.54 911.85
00015454 00000319 1695.00 333.71 488.34 802.43 1891.21 687.03 2091.88 667.77 2048.37 844.01 1893.74 934.38 2072.75 922.50
00015455 00000320 1699.93 337.51 486.44 808.98 1893.92 687.79 2095.73 671.06 2051.32 845.96 1888.22 935.15 2076.92 925.71
00015456 00000321 1700.29 344.50 493.19 794.47 1900.87 687.56 2108.42 675.68 2059.56 843.55 1896.35 939.62 2078.21 934.17
00015457 00000322 1700.27 344.57 494.81 790.77 1903.74 689.15 2110.73 673.74 2064.78 841.60 1903.01 939.78 2080.71 931.56
00015458 00000323 1700.89 337.16 495.33 792.89 1907.73 688.85 2114.78 669.01 2071.81 838.99 1909.09 939.49 2087.79 928.37
00015459 00000324 1702.95 338.29 497.31 792.15 1909.40 688.34 2118.89 665.27 2075.06 840.09 1910.82 936.13 2092.48 923.11
00015460 00000325 1708.50 339.72 494.94 790.09 1913.38 689.74 2124.74 665.99 2080.52 840.49 1915.69 936.18 2098.35 922.94
00015461 00000326 1718.37 335.66 488.06 801.42 1917.66 687.43 2126.45 661.43 2084.86 840.68 1921.71 935.82 2109.30 919.81
00015462 00000327 1722.91 332.48 490.60 804.81 1922.90 686.17 2132.75 660.13 2090.72 839.56 1926.82 934.57 2115.41 918.83
00015463 00000328 1726.83 337.87 492.21 797.28 1927.82 689.13 2139.32 662.01 2095.36 839.14 1928.06 930.94 2120.00 914.73
00015464 00000329 1728.28 337.71 495.50 793.90 1933.12 685.34 2143.79 658.73 2102.66 833.60 1932.58 928.04 2125.01 912.32
00015465 00000330 1727.91 337.96 495.46 784.42 1931.10 684.11 2144.58 658.80 2099.15 832.24 1931.05 925.63 2125.22 910.40
00015466 00000331 1724.99 339.33 495.30 772.42 1929.37 682.73 2143.43 660.29 2094.06 829.90 1929.13 920.19 2123.02 906.93
00015467 00000332 1723.43 340.78 492.53 761.66 1928.11 679.86 2140.83 658.95 2091.66 829.08 1927.44 915.03 2119.69 902.81
00015468 00000333 1721.61 339.04 490.91 761.00 1924.09 678.52 2137.74 659.53 2086.48 830.46 1924.47 917.57 2113.74 906.71
00015469 00000334 1721.77 336.53 486.85 762.44 1922.99 679.60 2135.67 660.98 2085.05 828.94 1923.62 917.28 2111.71 906.84
00015470 00000335 1721.68 335.45 485.65 764.58 1922.55 678.68 2134.40 660.28 2083.87 830.24 1921.73 916.57 2109.41 906.53
00015471 00000336 1722.01 335.84 480.50 766.95 1921.32 679.34 2131.42 659.35 2084.41 831.12 1918.08 915.80 2108.20 905.23
00015472 00000337 1720.43 336.11 478.00 766.12 1916.66 678.07 2127.41 654.83 2081.82 827.55 1913.60 915.19 2107.59 902.01
00015473 00000338 1717.68 339.64 481.49 768.33 1910.77 674.93 2125.12 650.75 2079.38 825.01 1908.35 915.01 2106.57 901.01
00015474 00000339 1716.49 343.15 479.61 771.63 1910.24 676.47 2119.98 654.94 2076.77 823.65 1906.98 919.44 2102.67 906.94
00015475 00000340 1713.81 342.94 480.99 764.34 1908.84 684.23 2119.57 665.13 2071.55 828.37 1906.22 921.04 2101.02 910.05
00015476 00000341 1709.74 364.03 484.50 738.90 1907.15 696.84 2115.58 678.36 2065.53 833.98 1901.02 919.07 2094.78 908.83
00015477 00000342 1704.88 368.81 487.90 735.13 1897.30 694.92 2107.81 678.79 2050.45 839.90 1895.52 924.85 2086.88 914.96
00015478 00000343 1703.22 356.36 483.04 760.21 1888.95 688.91 2097.50 673.69 2044.34 841.47 1885.74 927.58 2081.41 918.44
00015479 00000344 1698.06 351.49 480.86 758.36 1878.07 671.74 2089.95 660.86 2031.70 823.18 1887.76 932.10 2076.92 923.25
00015480 00000345 1698.35 324.77 475.45 767.12 1870.20 655.19 2084.10 642.06 2023.39 809.44 1892.00 931.32 2070.16 918.46
00015481 00000346 1694.87 314.68 478.65 770.42 1869.32 644.90 2084.63 639.06 2015.16 792.07 1888.12 918.44 2061.87 911.99
00015482 00000347 1694.64 309.15 479.87 768.12 1867.50 642.83 2084.36 644.14 2008.82 792.54 1876.93 903.44 2057.95 903.46
00015483 00000348 1695.10 323.17 484.66 756.06 1868.54 646.01 2088.22 655.19 2008.61 796.26 1861.65 890.53 2061.17 898.69
00015484 00000349 1701.72 342.31 481.70 738.38 1871.02 649.68 2091.74 672.37 2002.95 806.22 1850.21 889.02 2055.58 909.00
00015485 00000350 1699.77 353.47 488.21 731.67 1864.16 665.38 2086.58 688.52 1991.09 829.91 1838.43 884.74 2051.54 906.06
00015486 00000351 1702.76 367.52 484.74 716.30 1863.94 660.07 2086.87 684.43 1983.27 831.62 1836.20 891.47 2045.78 913.37
00015487 00000352 1700.50 367.01 489.82 717.76 1856.26 652.73 2083.52 672.35 1978.26 828.05 1832.57 886.84 2051.74 904.89
00015488 00000353 1696.39 353.49 488.85 734.80 1857.18 637.58 2077.58 650.87 1983.34 813.11 1836.34 879.13 2054.36 893.15
00015489 00000354 1696.13 328.58 489.86 760.11 1858.97 628.21 2072.39 639.76 1982.83 791.73 1851.16 880.99 2050.79 891.84
00015490 00000355 1699.66 310.49 486.52 775.43 1864.71 623.01 2082.49 631.24 1994.11 780.50 1860.39 891.73 2052.52 899.37
00015491 00000356 1701.54 306.68 486.77 776.42 1867.57 630.29 2085.31 630.17 2001.39 778.06 1878.80 895.82 2062.03 895.27
00015492 00000357 1706.19 313.36 482.74 769.89 1873.91 638.89 2090.13 636.80 2009.90 785.99 1890.96 908.56 2066.19 905.66
00015493 00000358 1713.16 323.01 476.66 760.22 1876.92 650.16 2092.67 642.79 2017.30 798.74 1900.12 919.32 2074.68 911.69
00015494 00000359 1715.00 327.41 476.57 758.64 1877.18 649.20 2093.49 641.66 2017.87 804.06 1898.72 924.15 2074.85 916.25
00015495 00000360 1713.51 330.11 476.98 755.14 1871.87 648.98 2089.94 638.02 2014.31 802.57 1895.46 923.24 2073.24 912.59
00015496 00000361 1706.93 326.87 480.36 766.45 1866.64 642.30 2081.90 632.24 2007.33 792.41 1882.11 918.38 2064.82 909.20
00015497 00000362 1696.90 329.65 481.86 761.26 1853.15 639.81 2062.13 630.93 1989.88 792.20 1872.55 899.36 2058.99 892.36
00015498 00000363 1686.74 324.14 483.47 773.00 1836.84 644.33 2049.78 630.63 1971.10 801.53 1856.43 900.08 2050.80 888.43
00015499 00000364 1676.41 327.33 488.08 771.40 1822.33 648.89 2038.78 632.40 1956.37 804.34 1842.91 905.16 2042.50 890.86
00015500 00000365 1668.64 331.87 495.54 772.63 1815.31 658.04 2036.34 640.83 1949.28 810.72 1835.82 907.95 2040.72 892.57
00015501 00000366 1666.42 335.01 497.63 771.40 1817.21 658.36 2037.14 641.58 1952.04 811.53 1835.11 907.55 2042.14 892.51
00015502 00000367 1665.15 335.39 499.78 778.72 1817.45 659.28 2037.99 642.86 1953.21 811.67 1833.52 905.96 2044.89 891.52
00015503 00000368 1662.55 334.98 498.91 791.90 1814.16 660.53 2034.84 643.17 1950.57 815.58 1828.08 910.18 2042.92 895.61
00015504 00000369 1659.13 334.60 502.27 796.86 1808.21 664.99 2031.19 648.01 1943.65 819.94 1823.62 913.44 2038.70 898.99
00015505 00000370 1659.91 338.61 501.10 793.42 1804.18 670.10 2028.22 652.57 1939.89 833.45 1819.92 914.52 2039.82 899.00
00015506 00000371 1657.28 334.35 497.08 781.23 1796.56 684.63 2022.43 669.43 1929.13 838.28 1815.32 914.44 2034.13 899.88
00015507 00000372 1651.30 338.79 497.31 773.04 1790.69 688.14 2011.59 676.03 1913.41 840.96 1807.15 914.85 2021.59 903.19
00015508 00000373 1643.77 338.82 498.28 778.05 1781.42 686.69 2003.76 676.56 1901.88 840.54 1796.26 915.13 2012.08 904.85
00015509 00000374 1638.73 345.55 499.62 772.88 1770.88 685.57 1993.27 676.23 1885.67 839.67 1790.73 919.65 2000.07 909.91
00015510 00000375 1640.06 341.08 497.28 778.61 1770.09 684.82 1988.14 674.71 1882.31 838.99 1794.03 924.25 1993.84 914.14
00015511 00000376 1643.76 337.49 501.06 784.28 1777.54 686.54 1993.17 674.97 1888.90 841.65 1804.30 928.00 1999.73 916.51
00015512 00000377 1646.63 332.46 501.33 792.90 1779.95 689.76 1996.24 674.30 1894.54 844.51 1810.43 932.63 2007.18 918.25
00015513 00000378 1649.15 334.63 497.64 789.34 1778.57 691.18 1996.22 677.88 1891.20 849.46 1807.18 934.77 2005.66 922.19
00015514 00000379 1642.83 344.55 495.07 777.74 1770.12 695.00 1982.71 681.49 1876.10 851.79 1800.05 935.77 1993.62 922.79
00015515 00000380 1640.98 357.58 489.61 764.59 1754.95 697.74 1968.11 687.70 1854.18 861.96 1785.05 941.91 1976.67 931.28
00015516 00000381 1632.35 362.48 491.92 757.09 1736.75 704.45 1952.38 694.65 1830.39 876.74 1770.87 947.15 1965.54 936.46
00015517 00000382 1631.62 360.50 488.19 755.79 1733.64 700.87 1946.43 694.56 1819.87 876.89 1767.45 952.82 1953.45 945.25
00015518 00000383 1639.13 357.01 483.71 763.30 1744.63 697.44 1955.21 692.75 1832.77 876.61 1779.62 961.88 1954.16 955.92
00015519 00000384 1650.07 346.43 479.45 781.63 1761.55 694.70 1969.01 685.71 1852.15 869.45 1798.01 967.34 1964.32 958.29
00015520 00000385 1652.73 341.72 484.40 776.93 1764.47 691.82 1973.20 679.74 1856.19 856.89 1806.59 958.52 1971.73 947.36
00015521 00000386 1649.14 339.16 488.07 767.05 1754.10 686.89 1961.27 673.05 1841.30 845.91 1797.20 945.19 1966.81 932.93
00015522 00000387 1633.35 337.13 507.74 771.28 1733.14 681.44 1938.82 668.40 1806.68 835.71 1775.71 933.27 1946.50 922.57
00015523 00000388 1630.80 335.66 503.10 769.61 1723.25 676.70 1928.44 663.98 1791.54 823.94 1765.38 929.25 1933.55 919.00
00015524 00000389 1637.40 330.53 499.70 783.03 1727.70 672.68 1930.13 661.39 1791.57 817.76 1767.47 926.21 1939.12 917.09
00015525 00000390 1650.58 331.04 498.81 785.80 1743.25 664.64 1956.14 660.30 1814.67 817.69 1773.84 916.86 1963.88 912.63
00015526 00000391 1662.93 332.83 501.06 784.72 1764.89 666.24 1982.05 660.53 1846.55 814.51 1794.10 912.73 1991.54 906.74
00015527 00000392 1671.23 329.85 500.74 789.90 1776.16 668.49 1997.74 663.33 1863.63 814.67 1802.77 913.18 2005.35 907.60
00015528 00000393 1667.94 336.26 498.72 786.43 1769.66 667.61 1988.52 659.82 1853.71 816.71 1800.88 916.19 2000.04 908.03
00015529 00000394 1648.97 325.46 506.01 807.33 1743.77 670.87 1954.10 661.16 1813.90 818.89 1781.48 935.97 1953.33 929.95
00015530 00000395 1636.03 334.28 492.47 806.41 1716.15 674.09 1919.92 662.81 1770.21 815.80 1756.27 952.19 1910.48 944.74
00015531 00000396 1619.91 341.58 483.06 806.31 1686.52 675.05 1875.36 665.46 1723.39 812.57 1724.96 956.26 1868.07 952.05
00015532 00000397 1604.19 361.57 485.00 789.71 1667.13 676.43 1848.23 680.88 1687.85 823.09 1703.99 962.10 1838.67 964.34
00015533 00000398 1596.60 368.81 473.44 789.44 1649.18 677.28 1821.00 685.05 1659.50 832.91 1690.92 960.90 1832.41 965.52
00015534 00000399 1592.77 374.21 476.02 793.08 1648.55 681.82 1819.50 694.04 1657.05 838.06 1694.03 963.12 1832.01 971.01
00015535 00000400 1594.15 378.56 478.95 780.37 1652.34 683.78 1831.08 700.10 1667.11 849.22 1687.53 954.09 1848.11 963.77
00015536 00000401 1599.82 390.26 494.04 775.87 1664.78 697.38 1844.71 712.75 1678.98 861.37 1694.79 963.73 1855.47 973.50
00015537 00000402 1604.24 398.23 495.16 765.75 1672.08 704.27 1852.16 717.58 1689.16 868.58 1702.25 968.57 1861.02 976.62
00015538 00000403 1604.53 401.00 496.73 759.64 1669.80 704.74 1852.87 722.87 1686.86 874.56 1699.06 969.13 1858.11 980.71
00015539 00000404 1596.77 405.87 498.85 753.85 1661.91 707.06 1844.71 736.29 1676.57 883.29 1691.15 967.74 1846.78 987.02
00015540 00000405 1592.20 415.93 500.77 737.96 1656.58 709.80 1837.06 748.40 1665.41 888.03 1685.53 968.94 1836.12 994.40
00015541 00000406 1587.88 414.67 502.30 742.01 1650.59 714.87 1827.97 752.14 1656.62 888.20 1683.97 974.98 1829.11 998.89
00015542 00000407 1589.69 417.80 504.15 749.01 1650.95 722.47 1830.94 760.73 1659.67 891.53 1687.52 979.29 1834.94 1003.66
00015543 00000408 1600.82 425.35 499.42 749.84 1658.64 728.10 1846.83 763.70 1675.61 899.50 1690.16 982.36 1847.41 1005.64
00015544 00000409 1601.21 432.42 504.59 742.30 1664.96 728.94 1858.40 759.51 1693.09 906.01 1692.65 981.98 1855.95 1002.42
00015545 00000410 1605.06 430.99 505.76 744.41 1669.80 730.78 1862.46 756.80 1699.82 907.51 1701.50 987.18 1863.83 1003.91
00015546 00000411 1602.99 432.31 500.14 747.33 1665.62 735.79 1858.26 760.85 1696.63 908.98 1701.27 986.14 1874.92 1000.67
00015547 00000412 1588.83 438.63 507.06 740.32 1652.57 733.65 1836.53 757.46 1673.81 908.15 1700.91 990.81 1861.12 1003.53
00015548 00000413 1574.58 427.24 505.73 747.46 1635.62 729.64 1816.49 750.96 1659.94 901.43 1692.77 989.32 1852.53 1001.01
00015549 00000414 1573.44 422.09 503.57 747.07 1633.61 730.84 1812.41 751.07 1657.67 898.10 1689.20 983.92 1848.18 995.12
00015550 00000415 1581.38 429.73 506.57 736.88 1642.63 731.02 1827.19 753.50 1664.82 901.50 1692.59 984.03 1852.80 995.40
00015551 00000416 1586.45 430.98 510.80 732.37 1652.28 730.09 1842.97 753.31 1678.87 899.15 1696.37 979.24 1863.01 992.19
00015552 00000417 1588.57 433.45 512.45 731.80 1654.60 728.44 1844.54 749.44 1680.49 900.30 1700.58 978.44 1868.37 989.46
00015553 00000418 1587.72 432.90 511.82 732.20 1651.21 724.17 1836.92 743.33 1670.76 896.84 1698.30 980.90 1861.55 990.52
00015554 00000419 1573.45 420.29 510.09 743.50 1633.72 716.49 1811.92 741.71 1648.87 890.82 1688.55 975.00 1847.16 989.63
00015555 00000420 1574.86 420.29 493.28 738.31 1627.20 713.36 1793.90 742.26 1629.46 884.21 1676.11 969.27 1825.19 986.76
00015556 00000421 1568.63 413.63 487.64 743.04 1615.74 704.49 1781.82 740.71 1609.27 879.08 1658.10 960.26 1807.87 982.94
00015557 00000422 1560.74 414.88 486.07 740.54 1607.49 699.47 1773.74 738.42 1600.26 877.62 1649.67 954.95 1797.10 979.45
00015558 00000423 1559.56 414.09 485.37 741.37 1606.66 699.57 1772.55 736.10 1598.51 877.07 1649.25 955.58 1797.17 978.24
00015559 00000424 1558.99 417.37 486.20 741.82 1606.19 701.76 1770.91 736.41 1597.09 877.86 1648.03 958.07 1796.54 979.29
00015560 00000425 1557.99 418.47 485.93 740.30 1606.09 702.40 1767.25 737.47 1595.31 875.71 1649.81 958.39 1793.97 979.62
00015561 00000426 1549.30 416.18 486.30 737.97 1597.36 701.85 1754.82 735.48 1583.89 872.56 1645.17 959.69 1784.18 978.94
00015562 00000427 1541.84 425.10 487.75 730.55 1593.19 703.84 1741.05 737.50 1570.84 869.82 1644.87 960.62 1774.72 979.43
00015563 00000428 1534.27 429.23 491.01 728.42 1589.10 703.36 1734.63 735.96 1560.72 867.24 1642.58 957.50 1775.31 975.27
00015564 00000429 1541.67 422.94 470.46 729.79 1585.49 702.60 1735.51 733.67 1563.19 873.00 1640.11 951.87 1783.40 967.41
00015565 00000430 1541.35 420.89 468.40 730.26 1585.95 701.21 1734.44 731.58 1563.14 869.37 1639.54 949.19 1781.54 964.46
00015566 00000431 1541.28 419.74 464.95 724.93 1584.87 701.93 1735.20 729.82 1566.09 868.72 1639.34 946.14 1782.41 959.84
00015567 00000432 1540.65 424.53 461.53 716.42 1584.00 700.52 1733.70 727.77 1565.29 866.69 1636.47 945.53 1779.05 958.92
00015568 00000433 1538.03 421.31 461.98 718.43 1583.50 700.41 1729.09 724.74 1563.46 864.35 1638.55 944.42 1778.12 955.52
00015569 00000434 1538.64 416.06 459.74 722.28 1585.13 696.97 1729.49 722.00 1563.39 861.65 1640.97 943.66 1775.08 955.41
00015570 00000435 1540.40 414.89 459.54 719.19 1587.51 694.61 1730.95 718.71 1567.03 859.14 1644.69 938.95 1779.83 949.87
00015571 00000436 1540.85 413.04 460.63 719.75 1587.70 693.31 1731.42 717.58 1567.58 856.78 1643.71 936.95 1777.90 948.22
00015572 00000437 1541.62 414.32 457.58 714.53 1588.62 690.74 1728.69 714.54 1565.57 854.05 1645.73 935.36 1775.64 946.07
00015573 00000438 1541.33 410.35 457.25 715.00 1587.36 688.32 1729.10 712.79 1567.90 852.36 1641.71 934.52 1771.80 946.15
00015574 00000439 1541.27 414.95 460.87 714.39 1587.90 687.56 1730.54 712.17 1566.93 849.20 1640.08 936.04 1770.82 947.90
00015575 00000440 1544.45 412.28 459.15 719.60 1593.30 690.56 1732.04 715.11 1569.28 849.49 1644.41 937.24 1769.74 949.10
00015576 00000441 1545.95 412.05 461.67 716.67 1595.29 687.80 1734.37 717.27 1570.85 849.53 1644.33 935.35 1767.48 950.74
00015577 00000442 1550.17 415.17 463.63 704.94 1598.10 687.13 1740.99 721.10 1578.42 850.76 1640.94 932.66 1764.37 951.62
00015578 00000443 1550.22 414.57 465.70 709.84 1602.15 689.74 1741.26 723.83 1576.34 850.11 1640.33 939.73 1754.75 959.17
00015579 00000444 1553.77 411.86 465.82 717.38 1604.68 687.59 1743.93 723.70 1577.98 849.10 1634.72 949.90 1744.34 971.37
00015580 00000445 1555.75 407.12 466.02 724.28 1606.29 682.93 1749.45 721.81 1579.61 843.97 1632.41 949.94 1742.50 973.62
00015581 00000446 1558.45 406.51 469.22 729.55 1610.79 679.38 1752.64 716.39 1580.82 830.45 1622.12 951.88 1732.48 975.33
00015582 00000447 1554.38 401.93 475.49 743.96 1611.21 680.36 1748.27 714.47 1572.64 828.47 1630.73 954.01 1740.82 976.29
00015583 00000448 1557.87 407.26 476.77 746.55 1617.02 685.98 1751.21 719.64 1574.64 834.48 1640.15 958.58 1750.63 979.91
00015584 00000449 1561.92 407.48 478.71 746.43 1619.63 692.49 1758.19 724.71 1581.85 845.86 1645.14 962.89 1758.64 983.05
00015585 00000450 1566.95 402.84 475.71 747.67 1618.98 691.84 1764.58 725.78 1595.36 853.00 1647.20 964.50 1761.01 986.01
00015586 00000451 1571.54 400.23 471.93 745.54 1620.03 690.49 1769.79 721.39 1603.59 852.05 1648.49 962.25 1765.52 982.01
00015587 00000452 1577.02 391.80 475.25 748.22 1624.70 686.68 1776.92 713.17 1613.10 850.08 1661.28 956.38 1780.51 972.65
00015588 00000453 1584.63 385.44 470.94 753.57 1629.54 687.19 1786.52 709.78 1624.33 850.35 1673.70 956.31 1798.16 970.04
00015589 00000454 1586.08 388.10 472.45 748.54 1634.32 692.35 1795.08 707.48 1634.08 852.04 1684.12 956.51 1814.61 964.74
00015590 00000455 1591.13 391.06 475.23 724.40 1643.36 687.45 1811.79 705.16 1656.43 850.13 1686.23 940.73 1832.14 950.36
00015591 00000456 1600.76 388.73 473.03 721.87 1656.29 686.51 1830.44 709.10 1674.16 855.03 1692.12 935.49 1846.32 949.54
00015592 00000457 1611.38 390.28 482.80 722.35 1660.96 683.94 1844.44 708.86 1683.38 858.48 1695.66 933.73 1856.47 948.20
00015593 00000458 1615.54 378.64 483.21 734.70 1667.19 686.36 1854.78 714.32 1695.84 864.34 1699.66 929.28 1877.21 947.14
00015594 00000459 1621.43 384.52 483.94 727.65 1678.56 683.61 1860.35 703.05 1703.40 859.83 1711.97 928.89 1880.19 939.23
00015595 00000460 1623.89 382.62 483.87 725.29 1680.61 681.09 1864.29 704.17 1706.73 859.33 1713.65 922.94 1884.24 935.56
00015596 00000461 1621.77 375.59 486.24 732.48 1681.84 679.21 1865.53 699.80 1709.94 856.60 1716.41 923.58 1886.12 934.22
00015597 00000462 1621.87 378.70 486.82 732.46 1684.92 677.98 1867.34 695.18 1714.62 855.59 1718.99 922.01 1891.88 930.48
00015598 00000463 1621.54 370.74 487.22 746.49 1685.78 678.40 1870.15 693.02 1717.81 855.13 1722.83 923.42 1897.83 929.61
00015599 00000464 1622.18 374.43 485.80 742.16 1687.79 681.92 1872.94 693.37 1721.03 855.09 1726.07 925.94 1900.44 929.72
00015600 00000465 1622.18 377.56 489.85 736.72 1687.52 687.05 1874.98 700.72 1723.42 859.18 1722.88 927.05 1898.21 932.76
00015601 00000466 1626.27 375.30 489.86 738.91 1689.69 695.12 1879.19 706.69 1725.57 852.85 1724.53 936.69 1886.56 942.76
00015602 00000467 1633.01 367.46 490.95 746.60 1702.66 690.44 1898.51 698.94 1746.55 844.57 1736.20 943.01 1884.73 948.65
00015603 00000468 1637.58 346.01 495.44 761.82 1714.65 684.75 1924.78 686.40 1774.89 833.01 1742.43 937.16 1908.95 939.02
00015604 00000469 1650.66 329.18 504.54 786.72 1737.54 668.27 1949.81 666.27 1803.83 829.55 1772.46 930.13 1944.95 928.52
00015605 00000470 1661.78 334.60 501.05 772.30 1767.53 666.57 1982.61 654.30 1853.08 819.23 1810.80 929.75 1981.29 919.09
00015606 00000471 1671.82 331.89 505.76 771.37 1792.10 666.27 2012.17 643.70 1899.38 818.19 1843.13 932.27 2019.14 912.61
00015607 00000472 1679.38 328.15 509.53 776.71 1814.66 674.44 2039.11 639.82 1941.22 820.28 1874.46 938.50 2053.92 908.28
00015608 00000473 1686.85 322.86 508.40 777.33 1835.16 676.64 2052.99 632.55 1973.77 814.09 1893.92 936.45 2077.34 900.92
00015609 00000474 1694.29 319.61 501.26 793.33 1848.90 671.46 2059.60 620.35 1994.70 801.51 1916.77 935.45 2093.10 893.87
00015610 00000475 1696.16 314.84 497.12 796.26 1854.85 667.00 2065.82 608.38 2005.29 780.32 1935.72 926.27 2105.88 879.01
00015611 00000476 1696.80 315.34 499.99 785.58 1860.49 661.34 2071.01 600.57 2015.70 770.32 1941.75 914.35 2115.64 865.79
00015612 00000477 1691.92 315.07 505.34 770.63 1862.36 667.44 2069.79 598.75 2025.06 773.05 1945.27 905.02 2123.93 850.45
00015613 00000478 1688.74 312.87 499.01 767.63 1858.57 672.64 2068.18 601.67 2036.80 783.22 1942.90 907.94 2121.45 852.01
00015614 00000479 1677.91 317.43 502.01 756.71 1857.59 676.97 2069.57 606.91 2031.37 789.25 1941.73 911.86 2110.42 858.80
00015615 00000480 1672.70 311.37 496.80 758.84 1850.04 669.99 2062.97 608.36 2020.66 785.39 1938.05 914.75 2099.57 867.36
00015616 00000481 1664.52 307.67 495.42 754.81 1838.55 659.68 2051.05 602.90 2004.64 779.07 1933.02 915.76 2087.54 870.77
00015617 00000482 1658.79 309.08 491.61 751.26 1827.20 653.15 2040.39 596.58 1994.81 774.20 1926.70 916.59 2078.92 870.69
00015618 00000483 1647.76 305.90 493.35 754.56 1815.56 648.74 2032.37 588.39 1986.76 773.54 1917.96 918.47 2073.80 869.26
00015619 00000484 1642.82 296.47 497.26 769.92 1814.95 653.02 2026.97 594.00 1980.14 774.73 1907.70 918.33 2067.53 871.73
00015620 00000485 1635.78 301.16 498.94 772.61 1810.85 657.11 2021.22 596.34 1975.49 777.75 1896.37 917.72 2059.34 869.30
00015621 00000486 1633.65 311.69 499.54 768.08 1809.23 667.07 2017.88 605.93 1973.15 786.41 1892.60 923.54 2056.21 874.33
00015622 00000487 1630.33 323.76 499.06 762.31 1810.65 683.33 2016.15 627.25 1966.38 801.56 1887.99 929.83 2050.89 883.73
00015623 00000488 1627.55 322.91 499.30 776.48 1808.29 693.40 2013.01 635.58 1967.47 811.77 1881.47 932.00 2050.36 885.35
00015624 00000489 1625.04 322.24 498.11 784.53 1798.89 690.69 2007.69 626.32 1963.43 812.92 1874.82 934.91 2047.75 882.58
00015625 00000490 1621.55 325.16 497.96 773.81 1794.01 684.79 2001.06 619.56 1960.77 809.57 1862.54 926.09 2045.76 872.69
00015626 00000491 1613.62 326.99 502.43 763.70 1779.82 682.75 1992.76 614.53 1952.37 803.03 1842.38 914.12 2039.50 859.21
00015627 00000492 1603.94 334.73 501.01 752.91 1768.24 677.05 1987.59 611.23 1940.35 805.09 1828.55 907.05 2034.76 854.59
00015628 00000493 1593.95 335.49 505.33 755.56 1759.16 677.27 1980.53 614.53 1927.18 807.03 1818.82 909.21 2025.90 858.14
00015629 00000494 1589.83 342.05 501.62 755.38 1755.27 681.48 1974.15 620.10 1917.60 810.85 1812.48 913.62 2016.49 863.38
00015630 00000495 1584.10 343.20 497.33 750.78 1747.28 686.69 1964.21 627.42 1902.40 816.71 1809.47 922.60 2005.48 874.02
00015631 00000496 1574.82 338.49 498.71 756.44 1735.82 694.71 1951.26 632.79 1887.36 823.34 1805.64 930.12 1993.62 879.35
00015632 00000497 1566.30 338.55 496.98 762.88 1721.28 693.18 1936.82 635.55 1865.07 828.23 1785.33 937.54 1977.48 889.11
00015633 00000498 1556.42 335.28 493.34 759.97 1704.99 690.87 1919.24 635.94 1848.95 827.36 1771.99 946.46 1957.51 902.49
00015634 00000499 1551.05 334.30 493.08 762.55 1699.69 691.64 1913.03 637.39 1844.06 826.17 1767.46 943.11 1952.01 899.79
00015635 00000500 1550.01 331.82 496.76 766.46 1706.30 692.01 1918.64 635.55 1852.11 828.19 1771.41 937.63 1960.03 891.26
00015636 00000501 1556.77 329.51 493.65 769.16 1716.30 695.87 1929.18 632.44 1868.11 830.97 1782.96 936.29 1974.19 883.96
00015637 00000502 1558.39 331.49 490.74 773.95 1716.41 697.93 1930.48 633.02 1873.40 831.13 1780.34 937.69 1976.36 884.51
00015638 00000503 1551.96 335.17 494.01 789.34 1710.19 693.82 1922.39 633.72 1866.47 830.46 1761.75 935.37 1965.09 885.30
00015639 00000504 1536.26 342.38 504.19 772.85 1693.75 692.53 1912.74 644.65 1843.64 831.87 1750.69 925.68 1952.35 883.90
00015640 00000505 1535.47 344.10 499.95 760.42 1687.20 687.57 1907.92 639.31 1838.28 824.18 1734.62 912.69 1943.14 871.28
00015641 00000506 1531.33 343.38 500.26 760.26 1683.05 684.70 1905.19 639.80 1834.81 823.06 1725.86 909.58 1938.63 870.71
00015642 00000507 1528.52 348.50 499.94 754.82 1680.91 686.38 1903.43 640.18 1834.48 825.19 1723.26 911.15 1937.11 871.18
00015643 00000508 1522.77 350.06 499.65 759.46 1675.59 691.35 1896.92 644.31 1826.94 832.84 1720.73 915.49 1934.63 873.87
00015644 00000509 1516.81 350.17 502.07 762.11 1670.04 692.73 1893.26 646.20 1822.80 835.29 1712.61 918.74 1928.61 877.78
00015645 00000510 1511.93 352.91 499.11 759.83 1664.70 693.63 1884.98 645.38 1817.63 835.57 1706.14 919.36 1920.80 877.47
00015646 00000511 1512.53 354.78 495.09 750.50 1663.89 694.80 1881.91 641.62 1819.61 832.05 1706.14 917.47 1921.00 872.19
00015647 00000512 1509.84 350.56 496.37 750.97 1664.05 691.95 1880.50 638.12 1819.97 826.57 1707.45 912.76 1920.49 866.96
00015648 00000513 1505.84 347.67 497.61 748.58 1662.35 691.30 1877.92 635.81 1821.00 820.82 1706.23 912.21 1918.66 865.75
00015649 00000514 1501.60 346.71 497.77 750.18 1658.20 689.55 1871.09 634.14 1816.66 817.31 1701.07 913.27 1914.25 867.09
00015650 00000515 1495.18 349.26 496.40 754.22 1649.18 688.41 1862.78 635.93 1804.82 819.31 1691.26 914.83 1905.15 870.27
00015651 00000516 1489.65 357.47 497.60 756.07 1644.60 692.30 1858.62 641.87 1797.17 829.17 1683.76 921.43 1896.94 877.85
00015652 00000517 1485.44 362.80 499.52 761.22 1640.20 700.98 1855.23 650.97 1793.16 841.12 1676.29 931.07 1891.97 888.40
00015653 00000518 1486.00 361.16 498.44 768.31 1640.32 709.54 1855.75 658.38 1796.99 848.62 1677.13 936.78 1891.52 893.78
00015654 00000519 1487.08 363.64 499.76 761.36 1641.47 706.04 1856.04 653.02 1795.28 842.96 1680.14 933.24 1895.30 888.33
00015655 00000520 1486.30 365.56 502.19 758.00 1641.14 698.11 1855.18 647.34 1791.99 832.33 1679.36 927.84 1895.66 884.15
00015656 00000521 1485.94 365.49 503.49 755.06 1641.61 694.23 1855.82 643.36 1792.81 828.76 1680.77 926.28 1896.42 882.23
00015657 00000522 1490.35 367.32 501.93 752.89 1641.08 696.87 1856.56 644.04 1792.53 828.33 1682.66 926.17 1900.07 880.66
00015658 00000523 1490.99 371.78 500.63 749.65 1641.34 703.58 1855.50 646.97 1793.68 832.20 1685.02 930.29 1903.31 881.86
00015659 00000524 1492.70 374.49 502.08 751.88 1643.56 710.73 1858.04 648.89 1801.38 839.83 1690.48 935.70 1909.08 883.46
00015660 00000525 1494.76 375.65 504.81 757.80 1646.91 719.10 1861.90 656.92 1808.57 847.28 1691.83 941.70 1911.32 890.14
00015661 00000526 1495.65 376.94 504.37 755.76 1648.72 719.32 1864.65 657.94 1810.92 848.02 1691.61 941.38 1912.55 890.58
00015662 00000527 1499.74 379.46 501.63 750.17 1649.34 715.61 1865.65 654.93 1811.89 845.09 1692.41 938.93 1915.51 888.51
00015663 00000528 1503.07 380.42 500.46 746.06 1653.96 710.49 1868.76 652.64 1815.45 842.48 1694.69 937.63 1917.22 889.43
00015664 00000529 1505.30 382.75 499.51 743.37 1658.61 713.69 1875.26 656.31 1821.11 845.61 1699.83 939.11 1921.07 891.43
CROP_BBOX: 1044 0 2493 1420
