Video ID: 	wL6T4_H30d0
H: 	2160
W: 	3840
FPS: 	23.976023976023978

FRAME INDEX X0 Y0 W H [Landmarks (5 Points)]

00023267 00000000 1079.90 570.26 878.25 1135.07 1353.99 1035.09 1728.54 954.19 1616.30 1244.14 1440.54 1405.87 1790.79 1335.74
00023268 00000001 1080.30 572.03 881.45 1140.03 1356.11 1044.53 1731.64 964.42 1618.66 1253.89 1442.89 1413.41 1793.44 1344.14
00023269 00000002 1082.20 584.17 880.50 1132.41 1358.24 1047.40 1735.62 966.80 1622.81 1260.07 1444.16 1415.71 1797.47 1346.71
00023270 00000003 1085.30 568.56 875.43 1139.61 1360.15 1045.84 1735.79 963.60 1624.99 1256.57 1450.35 1416.31 1797.52 1345.26
00023271 00000004 1085.21 566.15 881.03 1139.10 1362.38 1042.20 1737.19 956.94 1628.05 1248.41 1455.50 1410.48 1803.33 1336.50
00023272 00000005 1085.68 563.77 883.69 1141.17 1365.57 1034.16 1737.00 947.15 1630.08 1239.98 1458.66 1407.30 1801.55 1331.28
00023273 00000006 1084.21 560.10 888.18 1149.40 1364.05 1032.29 1739.15 945.21 1630.54 1240.97 1455.86 1405.58 1806.11 1329.04
00023274 00000007 1086.30 565.22 883.05 1144.53 1364.30 1034.16 1737.25 946.62 1629.65 1241.49 1455.57 1406.20 1804.43 1329.70
00023275 00000008 1085.36 570.51 877.68 1135.73 1365.22 1037.50 1737.79 952.43 1631.55 1245.61 1458.82 1412.05 1802.09 1338.14
00023276 00000009 1085.07 566.66 881.25 1138.47 1365.66 1038.17 1738.71 955.62 1630.75 1249.32 1455.67 1410.16 1801.62 1338.58
00023277 00000010 1082.81 570.84 882.78 1142.26 1358.98 1040.89 1735.33 956.16 1625.02 1245.99 1449.74 1410.76 1802.53 1337.38
00023278 00000011 1078.80 570.73 883.00 1136.17 1358.76 1042.18 1734.85 959.99 1624.83 1251.18 1448.57 1414.16 1796.94 1343.40
00023279 00000012 1074.53 578.21 887.43 1134.81 1355.31 1040.63 1735.29 958.14 1623.52 1251.78 1443.87 1411.12 1799.13 1340.31
00023280 00000013 1076.59 581.07 886.44 1132.15 1354.78 1042.41 1730.39 959.18 1619.94 1252.71 1441.08 1407.27 1799.02 1335.87
00023281 00000014 1075.16 584.00 884.60 1127.12 1353.99 1039.11 1733.28 954.20 1622.76 1252.98 1444.34 1409.53 1799.49 1336.78
00023282 00000015 1077.94 576.64 880.42 1128.76 1352.23 1042.14 1729.25 956.40 1619.29 1251.83 1438.38 1409.94 1794.94 1336.92
00023283 00000016 1078.49 586.68 877.74 1119.30 1351.18 1040.60 1729.21 958.89 1617.12 1251.13 1434.12 1403.91 1795.35 1334.85
00023284 00000017 1076.61 586.30 880.94 1124.37 1349.94 1040.70 1729.23 955.54 1618.39 1249.15 1435.87 1404.24 1799.06 1331.53
00023285 00000018 1075.48 575.52 886.01 1136.53 1348.68 1040.17 1728.28 949.68 1617.83 1247.04 1437.48 1405.55 1800.51 1327.38
00023286 00000019 1074.21 582.41 885.04 1126.35 1347.75 1043.77 1726.99 953.93 1617.94 1249.92 1433.41 1403.26 1799.64 1326.66
00023287 00000020 1072.48 582.93 884.99 1129.43 1345.57 1044.81 1726.82 957.67 1616.14 1253.80 1428.07 1402.96 1799.07 1328.82
00023288 00000021 1071.72 583.92 885.80 1131.53 1344.77 1042.42 1723.05 957.02 1610.90 1251.10 1428.95 1404.51 1794.48 1331.56
00023289 00000022 1069.03 592.39 886.61 1122.34 1342.63 1049.40 1722.38 962.86 1610.92 1258.58 1422.20 1405.33 1793.86 1332.27
00023290 00000023 1069.48 586.81 886.96 1134.37 1341.92 1045.63 1721.33 959.84 1608.30 1255.69 1424.31 1406.72 1792.97 1333.63
00023291 00000024 1069.84 585.00 885.04 1133.42 1341.47 1044.00 1719.60 960.13 1605.69 1256.69 1425.25 1404.46 1792.09 1332.66
00023292 00000025 1069.88 591.21 884.39 1125.59 1340.23 1043.80 1719.22 961.18 1605.17 1257.36 1423.93 1402.71 1791.92 1332.25
00023293 00000026 1070.02 593.14 884.35 1123.31 1340.01 1042.36 1719.24 959.73 1605.36 1256.94 1423.80 1402.02 1792.34 1331.55
00023294 00000027 1069.23 591.74 885.02 1125.31 1339.57 1044.00 1718.23 959.90 1606.21 1257.55 1422.91 1402.40 1792.68 1330.87
00023295 00000028 1069.76 591.17 884.64 1127.98 1340.20 1045.18 1717.36 961.70 1604.98 1258.49 1422.68 1404.71 1790.67 1333.84
00023296 00000029 1068.29 588.88 884.10 1131.10 1341.66 1046.62 1717.99 963.68 1605.97 1260.29 1421.17 1405.50 1789.03 1335.42
00023297 00000030 1068.15 586.87 882.64 1133.14 1341.31 1047.16 1717.84 963.45 1605.96 1260.40 1419.46 1404.75 1788.84 1334.08
00023298 00000031 1068.76 590.52 884.16 1129.95 1341.10 1046.42 1718.62 963.36 1605.73 1260.93 1419.69 1404.49 1789.18 1334.39
00023299 00000032 1068.93 589.85 883.09 1128.85 1340.84 1045.96 1719.32 963.41 1605.69 1260.75 1418.99 1402.16 1790.46 1332.41
00023300 00000033 1067.39 582.88 884.95 1134.96 1340.58 1045.67 1719.41 964.43 1604.94 1261.05 1417.91 1401.57 1788.77 1332.64
00023301 00000034 1067.34 583.86 885.94 1133.83 1340.78 1045.33 1719.81 963.86 1605.29 1260.05 1418.69 1402.34 1788.69 1333.28
00023302 00000035 1067.35 585.69 888.74 1134.72 1341.35 1044.68 1721.49 961.33 1608.10 1259.35 1420.83 1401.69 1792.89 1330.65
00023303 00000036 1069.09 586.27 887.71 1133.45 1341.64 1045.81 1721.72 960.36 1609.21 1259.18 1423.34 1401.44 1796.27 1328.40
00023304 00000037 1071.91 585.78 887.20 1132.81 1342.05 1044.21 1723.08 960.16 1608.53 1259.07 1422.85 1401.90 1796.32 1330.09
00023305 00000038 1070.37 576.89 884.24 1137.76 1342.30 1041.68 1721.93 957.71 1608.33 1254.29 1422.75 1397.65 1794.55 1325.70
00023306 00000039 1069.68 563.40 881.72 1127.58 1341.38 1029.50 1715.00 940.16 1607.10 1230.92 1426.37 1387.73 1790.32 1310.32
00023307 00000040 1064.77 536.62 877.34 1119.82 1327.10 993.72 1711.40 920.76 1585.98 1195.02 1411.53 1363.19 1762.74 1304.93
00023308 00000041 1062.90 512.17 877.70 1124.19 1323.97 966.13 1701.57 897.65 1575.10 1153.32 1414.26 1334.56 1759.15 1278.78
00023309 00000042 1063.87 504.36 884.21 1125.88 1320.35 957.71 1694.58 886.15 1566.33 1141.40 1415.50 1324.61 1760.64 1264.34
00023310 00000043 1067.39 515.60 871.63 1113.59 1323.80 968.55 1698.73 902.70 1567.46 1157.52 1411.48 1330.12 1753.98 1275.46
00023311 00000044 1065.06 535.16 865.72 1111.44 1327.77 991.01 1698.07 928.28 1568.06 1193.83 1415.69 1360.68 1737.08 1309.61
00023312 00000045 1073.44 554.27 848.42 1112.47 1331.52 1045.22 1699.18 968.04 1576.70 1247.84 1420.67 1400.08 1744.59 1339.18
00023313 00000046 1069.13 575.56 847.99 1119.93 1332.80 1100.67 1712.65 1019.02 1589.78 1299.27 1417.43 1436.86 1752.48 1371.81
00023314 00000047 1066.95 641.15 865.72 1098.63 1328.55 1121.42 1707.39 1050.31 1576.82 1333.45 1404.66 1462.73 1753.12 1407.49
00023315 00000048 1065.41 634.78 856.48 1125.24 1333.88 1141.31 1704.73 1075.58 1577.92 1357.84 1412.86 1495.67 1736.72 1444.67
00023316 00000049 1066.01 632.72 859.61 1139.87 1330.98 1151.46 1698.52 1087.07 1569.95 1373.99 1409.25 1504.53 1733.11 1453.93
00023317 00000050 1066.50 640.01 860.11 1124.04 1333.49 1141.29 1703.42 1080.10 1572.33 1358.23 1409.46 1495.77 1731.41 1448.90
00023318 DELETE   1069.09 630.78 863.04 1114.24 1329.63 1117.78 1703.36 1053.71 1571.94 1336.46 1401.76 1461.33 1747.45 1410.92
00023319 DELETE   1071.01 573.14 854.90 1129.57 1335.07 1095.66 1714.05 1025.03 1582.66 1301.03 1406.14 1429.87 1745.86 1374.51
00023320 00000053 1072.62 569.48 846.82 1105.02 1334.32 1050.30 1705.24 993.85 1570.80 1265.03 1401.80 1399.94 1730.44 1356.90
00023321 00000054 1077.95 548.75 848.94 1112.02 1339.47 1031.24 1702.72 968.57 1574.45 1226.33 1416.27 1389.18 1731.80 1339.70
00023322 00000055 1077.03 536.61 857.89 1112.91 1336.83 1016.62 1702.69 960.08 1566.25 1214.05 1405.11 1367.51 1732.10 1322.55
00023323 00000056 1076.33 537.71 864.58 1117.96 1340.02 1015.33 1704.22 956.13 1571.89 1215.60 1413.27 1373.20 1733.41 1326.15
00023324 00000057 1079.15 550.31 857.52 1114.01 1339.39 1024.72 1709.70 958.61 1580.73 1234.95 1413.38 1385.27 1743.43 1333.32
00023325 00000058 1077.55 567.06 872.59 1115.91 1337.98 1035.13 1720.22 969.70 1585.06 1261.29 1406.34 1394.48 1755.32 1343.13
00023326 00000059 1072.80 587.16 875.81 1133.24 1342.30 1040.58 1720.13 974.79 1596.05 1267.80 1411.11 1402.78 1773.66 1346.85
00023327 00000060 1070.84 585.81 879.15 1138.20 1343.37 1039.80 1719.16 977.14 1594.49 1267.90 1410.73 1403.67 1770.00 1350.17
00023328 00000061 1071.23 590.45 881.73 1130.24 1341.08 1035.54 1719.84 967.46 1596.51 1263.09 1413.94 1399.00 1779.96 1340.54
00023329 00000062 1071.84 579.36 880.19 1127.71 1340.17 1029.01 1717.21 956.14 1596.20 1247.41 1417.49 1392.26 1781.69 1329.13
00023330 00000063 1073.02 562.46 877.93 1117.55 1334.76 1025.78 1720.81 951.33 1594.28 1248.34 1413.08 1390.40 1771.41 1330.97
00023331 00000064 1071.54 551.32 876.63 1128.30 1333.67 1022.10 1718.65 946.73 1593.77 1242.30 1413.64 1388.57 1772.53 1328.10
00023332 00000065 1071.88 558.69 880.12 1123.04 1334.58 1023.66 1720.70 949.64 1593.95 1244.02 1413.68 1388.66 1773.20 1329.33
00023333 00000066 1071.74 568.30 882.69 1135.09 1341.22 1025.30 1716.32 950.01 1598.03 1238.60 1420.87 1390.45 1781.81 1324.45
00023334 00000067 1070.78 582.03 880.23 1127.97 1341.08 1029.81 1718.03 957.09 1598.56 1248.24 1417.39 1392.19 1782.99 1329.33
00023335 00000068 1072.60 586.61 887.22 1132.01 1340.18 1034.15 1718.03 959.47 1597.27 1251.85 1417.08 1397.63 1785.67 1333.10
00023336 00000069 1073.56 583.22 884.02 1129.60 1340.62 1034.11 1718.24 958.02 1598.30 1250.53 1418.22 1396.62 1786.17 1330.78
00023337 00000070 1072.93 579.30 884.02 1128.62 1340.97 1031.70 1719.34 952.54 1602.20 1247.42 1420.93 1394.98 1790.24 1326.35
00023338 00000071 1070.65 567.88 885.13 1133.55 1340.90 1028.13 1717.48 951.32 1599.45 1243.13 1420.55 1391.98 1785.80 1324.74
00023339 00000072 1071.74 565.28 884.62 1137.91 1341.09 1027.19 1716.24 947.41 1599.25 1240.82 1422.83 1391.31 1788.34 1321.50
00023340 00000073 1071.40 565.23 884.56 1136.37 1339.90 1030.03 1717.46 950.65 1600.18 1240.95 1420.78 1391.51 1790.00 1322.18
00023341 00000074 1071.00 573.35 883.63 1141.70 1339.61 1034.65 1717.09 952.21 1602.34 1245.29 1421.73 1398.24 1792.59 1326.67
00023342 00000075 1070.24 581.10 880.42 1148.42 1339.88 1036.47 1718.36 954.67 1603.91 1249.78 1426.69 1412.27 1791.05 1341.79
00023343 00000076 1068.00 585.66 883.63 1149.48 1342.06 1037.08 1720.02 957.80 1606.28 1258.18 1435.39 1429.71 1785.48 1361.29
00023344 00000077 1069.77 585.31 886.28 1150.85 1340.88 1040.51 1722.01 955.55 1607.29 1259.92 1441.19 1435.57 1793.06 1361.68
00023345 00000078 1068.35 581.72 888.23 1154.27 1340.78 1039.49 1720.34 952.79 1607.78 1257.23 1443.20 1434.96 1793.33 1359.54
00023346 00000079 1068.26 578.86 890.97 1156.61 1341.65 1036.12 1720.24 955.18 1603.96 1254.31 1438.48 1431.28 1788.03 1360.63
00023347 00000080 1069.35 575.98 885.37 1159.58 1340.61 1032.38 1716.96 952.46 1601.41 1254.85 1438.92 1433.06 1779.44 1363.21
00023348 00000081 1068.91 579.98 881.83 1150.75 1339.12 1031.15 1718.18 950.81 1601.72 1251.31 1435.41 1428.85 1781.23 1358.99
00023349 00000082 1063.82 578.66 887.51 1153.16 1336.58 1027.24 1719.60 950.57 1600.03 1250.44 1430.60 1424.36 1780.68 1357.22
00023350 00000083 1064.86 586.79 887.15 1146.11 1335.39 1029.30 1718.76 953.76 1596.19 1255.39 1425.55 1423.53 1778.76 1357.84
00023351 00000084 1065.67 586.01 883.55 1144.57 1337.17 1032.05 1717.03 956.36 1598.24 1251.83 1424.78 1422.07 1778.45 1356.69
00023352 00000085 1064.46 586.21 886.72 1147.99 1337.51 1030.38 1718.36 955.76 1598.56 1253.66 1424.80 1421.89 1778.32 1357.32
00023353 00000086 1064.23 584.24 884.08 1140.77 1339.66 1031.60 1717.72 954.83 1600.52 1249.98 1428.40 1416.32 1780.76 1349.92
00023354 00000087 1067.21 589.23 881.65 1137.19 1337.95 1027.89 1716.58 954.55 1595.52 1246.79 1423.68 1413.67 1777.91 1350.19
00023355 00000088 1066.15 591.29 889.36 1133.88 1338.73 1029.75 1715.64 954.18 1596.97 1245.46 1425.79 1408.99 1783.07 1343.16
00023356 00000089 1066.13 588.58 888.09 1134.39 1340.97 1028.95 1714.61 955.13 1596.27 1245.50 1425.90 1407.55 1777.20 1343.15
00023357 00000090 1067.36 587.05 882.09 1129.93 1341.43 1029.63 1716.80 953.23 1599.69 1244.75 1425.65 1407.05 1779.76 1340.95
00023358 00000091 1070.05 586.55 883.46 1135.13 1341.08 1032.48 1715.89 955.89 1598.38 1245.68 1423.02 1404.16 1781.81 1337.93
00023359 00000092 1069.43 584.04 878.58 1125.15 1341.26 1030.31 1718.56 955.76 1599.09 1247.43 1421.79 1403.29 1778.43 1339.47
00023360 00000093 1070.00 584.01 880.07 1125.27 1341.86 1032.08 1719.47 956.65 1599.79 1248.13 1422.41 1403.42 1779.97 1338.82
00023361 00000094 1070.44 580.47 884.68 1142.29 1342.06 1030.69 1719.41 953.97 1600.91 1248.36 1425.96 1406.46 1785.48 1339.67
00023362 00000095 1070.79 585.90 880.84 1138.89 1343.02 1036.46 1721.32 957.44 1604.09 1250.81 1427.83 1411.68 1786.07 1343.66
00023363 00000096 1070.44 589.36 884.70 1140.88 1340.68 1038.33 1720.92 962.96 1600.91 1259.11 1423.56 1410.87 1788.38 1345.80
00023364 00000097 1070.36 586.35 883.51 1147.57 1340.76 1041.93 1719.71 966.77 1601.31 1261.73 1420.75 1412.12 1786.38 1347.61
00023365 00000098 1071.23 589.45 882.60 1140.31 1341.83 1039.14 1720.10 964.70 1600.56 1259.70 1423.16 1411.04 1785.39 1346.98
00023366 00000099 1072.66 585.14 880.26 1141.84 1340.43 1037.92 1719.81 959.97 1600.98 1255.66 1420.49 1407.18 1788.22 1340.46
00023367 00000100 1071.06 591.49 880.04 1129.01 1341.89 1028.43 1720.03 955.91 1599.37 1248.90 1423.52 1404.34 1782.90 1341.75
00023368 00000101 1071.47 584.85 878.11 1135.47 1341.74 1032.47 1718.77 957.48 1599.66 1249.11 1420.92 1403.41 1782.67 1339.16
00023369 00000102 1070.62 583.49 876.34 1127.79 1342.70 1030.53 1721.08 955.26 1602.36 1248.47 1422.19 1403.50 1780.07 1339.24
00023370 00000103 1070.79 587.09 875.81 1128.20 1343.84 1028.50 1722.37 956.31 1601.71 1250.98 1422.18 1403.45 1779.68 1341.72
00023371 00000104 1069.27 585.76 880.99 1133.17 1341.93 1031.70 1720.93 957.57 1601.63 1251.07 1421.34 1405.49 1781.55 1341.94
00023372 00000105 1070.68 589.00 877.71 1127.71 1341.32 1034.06 1720.06 958.93 1601.53 1252.93 1420.02 1402.80 1783.39 1338.75
00023373 00000106 1072.43 588.84 880.32 1136.99 1340.11 1035.56 1720.75 958.84 1601.55 1256.55 1418.74 1402.96 1789.94 1337.12
00023374 00000107 1073.87 585.42 879.76 1136.65 1344.82 1034.47 1719.88 959.92 1600.59 1252.43 1422.64 1403.43 1784.09 1339.31
00023375 00000108 1073.24 585.16 878.18 1135.13 1343.66 1032.88 1720.98 959.37 1600.28 1251.73 1422.43 1402.02 1784.76 1338.74
00023376 00000109 1072.86 583.25 881.13 1134.87 1343.93 1032.50 1721.72 959.15 1600.44 1251.27 1423.63 1401.72 1785.10 1338.41
00023377 00000110 1073.95 585.32 879.21 1134.77 1344.31 1033.20 1721.70 958.55 1601.48 1251.65 1424.91 1403.39 1786.40 1339.05
00023378 00000111 1073.77 586.53 881.51 1137.45 1343.43 1034.36 1720.51 959.93 1600.71 1253.42 1421.50 1402.61 1787.61 1338.50
00023379 00000112 1073.07 584.52 881.49 1138.65 1344.36 1033.66 1720.50 959.45 1601.13 1251.94 1422.31 1402.36 1786.09 1338.43
00023380 00000113 1073.68 581.92 877.36 1137.54 1343.52 1033.86 1720.03 957.95 1600.84 1250.33 1424.53 1402.74 1786.44 1337.34
00023381 00000114 1072.59 583.20 880.55 1136.36 1342.81 1032.88 1719.78 958.55 1601.13 1250.22 1421.34 1399.15 1786.81 1335.17
00023382 00000115 1072.16 584.31 881.59 1132.40 1342.26 1032.35 1720.12 956.31 1603.12 1249.36 1422.22 1398.53 1790.49 1333.22
00023383 00000116 1072.88 580.70 880.67 1133.56 1342.32 1031.50 1720.30 955.78 1601.45 1248.28 1421.86 1398.47 1787.99 1333.31
00023384 00000117 1072.57 580.33 879.68 1132.71 1343.34 1031.25 1720.38 955.77 1602.35 1247.65 1423.64 1399.17 1787.25 1334.32
00023385 00000118 1074.15 585.27 880.08 1133.20 1342.29 1032.58 1718.20 955.84 1601.48 1246.97 1423.39 1398.64 1789.38 1332.42
00023386 00000119 1070.97 560.81 883.28 1149.98 1344.82 1029.72 1716.32 956.03 1600.37 1245.74 1426.62 1401.30 1780.18 1337.05
00023387 00000120 1072.41 540.81 857.19 1159.68 1338.15 1050.71 1710.23 964.69 1597.67 1256.20 1427.23 1416.69 1771.31 1347.68
00023388 00000121 1068.16 519.83 864.32 1188.66 1331.46 1053.57 1700.31 980.66 1576.47 1235.89 1420.77 1423.94 1752.20 1363.48
00023389 00000122 1072.36 545.46 872.84 1179.57 1336.65 1034.70 1688.31 969.42 1567.82 1207.38 1435.26 1418.41 1743.13 1359.50
00023390 00000123 1069.54 547.49 872.09 1177.02 1326.30 1020.79 1681.14 961.94 1552.87 1200.19 1422.74 1406.62 1732.18 1352.08
00023391 00000124 1064.38 519.75 862.09 1185.63 1313.50 1009.87 1683.99 962.58 1538.62 1193.57 1399.48 1392.14 1729.87 1352.87
00023392 00000125 1066.76 517.43 857.46 1178.26 1308.80 1003.31 1679.99 957.22 1531.22 1189.60 1386.89 1382.98 1725.09 1345.67
00023393 00000126 1068.48 516.26 854.88 1170.87 1308.82 998.45 1678.12 953.77 1528.95 1184.47 1387.23 1376.56 1723.38 1340.50
00023394 00000127 1068.55 512.55 853.43 1174.76 1307.50 997.83 1677.79 953.28 1529.16 1185.47 1381.55 1374.74 1722.54 1339.22
00023395 00000128 1065.47 511.97 858.76 1176.26 1306.96 997.58 1679.01 951.61 1530.08 1185.34 1381.05 1374.30 1723.85 1337.69
00023396 00000129 1066.25 514.07 859.18 1175.09 1305.17 998.00 1681.05 950.30 1530.75 1190.49 1379.76 1376.05 1728.19 1337.65
00023397 00000130 1064.63 513.04 859.08 1179.65 1304.87 996.23 1679.89 949.88 1529.96 1198.24 1377.40 1375.83 1728.10 1337.69
00023398 00000131 1059.93 517.57 867.02 1183.45 1301.61 992.14 1680.08 942.41 1531.54 1205.15 1377.83 1383.75 1728.31 1342.29
00023399 00000132 1061.96 556.93 877.02 1174.28 1311.05 996.78 1681.07 948.94 1544.75 1218.55 1387.76 1388.91 1731.61 1344.28
00023400 00000133 1063.27 566.35 874.44 1183.92 1311.89 1008.67 1683.39 958.94 1548.28 1233.34 1389.03 1403.97 1738.23 1358.20
00023401 00000134 1067.19 566.09 874.35 1200.61 1312.87 1016.72 1687.45 965.30 1551.55 1250.64 1393.28 1421.66 1743.39 1374.94
00023402 00000135 1055.72 543.79 874.33 1188.79 1302.08 1018.36 1689.17 964.50 1544.90 1255.84 1386.18 1420.94 1734.36 1377.96
00023403 00000136 1058.75 550.18 877.81 1160.91 1307.95 1009.05 1698.27 959.68 1548.57 1253.00 1391.22 1409.45 1735.93 1370.29
00023404 00000137 1060.05 543.42 872.34 1157.46 1313.30 1000.57 1702.00 951.06 1555.97 1240.69 1397.61 1405.86 1734.06 1366.86
00023405 00000138 1063.06 542.55 871.74 1144.98 1318.38 994.66 1704.24 943.49 1561.66 1229.68 1402.80 1399.86 1734.06 1359.02
00023406 00000139 1064.06 530.83 875.42 1159.17 1323.47 990.93 1705.12 937.22 1567.05 1218.81 1410.79 1399.22 1737.04 1355.84
00023407 00000140 1065.28 530.63 873.97 1160.81 1325.67 994.64 1705.64 937.68 1569.82 1222.01 1412.30 1399.95 1740.29 1354.12
00023408 00000141 1066.22 537.79 871.40 1156.22 1324.59 998.14 1711.33 942.04 1572.84 1234.58 1412.00 1405.97 1745.65 1361.04
00023409 00000142 1062.18 547.89 876.11 1152.78 1324.61 1005.73 1712.35 951.94 1573.45 1250.12 1410.74 1408.77 1745.82 1366.24
00023410 00000143 1062.31 544.09 879.79 1161.76 1324.80 1010.49 1711.75 956.21 1573.12 1256.80 1410.88 1411.08 1747.62 1368.10
00023411 00000144 1065.73 533.92 876.65 1168.06 1325.11 1010.18 1712.51 955.56 1571.87 1253.03 1407.28 1407.88 1749.12 1364.35
00023412 00000145 1066.28 543.80 877.43 1153.45 1324.28 1004.57 1717.79 950.44 1572.87 1242.12 1405.30 1404.77 1751.06 1361.66
00023413 00000146 1068.78 541.66 876.05 1150.73 1326.86 997.66 1718.24 942.10 1576.12 1228.01 1404.00 1398.69 1749.36 1354.12
00023414 00000147 1070.36 536.96 874.63 1150.97 1329.59 994.21 1715.78 935.56 1578.24 1219.31 1410.95 1391.79 1754.36 1344.18
00023415 00000148 1069.24 528.79 877.89 1163.54 1329.54 994.50 1717.07 934.88 1578.73 1218.97 1406.95 1390.47 1756.36 1342.49
00023416 00000149 1071.22 530.44 876.32 1164.32 1332.93 1002.50 1716.70 941.63 1581.22 1227.12 1408.67 1392.00 1758.40 1342.89
00023417 00000150 1073.89 538.38 874.42 1167.73 1334.33 1011.12 1720.05 950.42 1583.13 1235.17 1408.71 1400.41 1759.62 1351.67
00023418 00000151 1077.83 540.54 867.06 1165.28 1339.60 1043.70 1717.47 977.37 1583.20 1246.14 1408.55 1406.43 1757.16 1352.86
00023419 00000152 1080.63 533.28 865.00 1162.18 1343.84 1046.28 1718.91 978.53 1587.46 1241.45 1413.69 1404.30 1758.84 1349.47
00023420 00000153 1079.12 531.28 866.65 1154.14 1337.33 1032.08 1712.43 960.02 1585.02 1231.66 1415.66 1397.19 1760.84 1338.29
00023421 00000154 1080.81 526.88 872.08 1152.79 1336.92 1011.64 1712.60 943.90 1582.16 1219.76 1415.03 1385.15 1762.03 1329.89
00023422 00000155 1078.99 530.71 881.11 1144.25 1333.83 999.99 1714.52 935.79 1577.83 1213.47 1412.07 1378.19 1762.09 1326.07
00023423 00000156 1077.89 534.55 881.78 1143.50 1336.54 999.38 1714.76 937.37 1579.50 1216.18 1414.07 1377.59 1759.68 1327.21
00023424 00000157 1077.27 539.36 881.60 1145.99 1334.94 1005.20 1714.96 942.14 1578.64 1222.77 1411.19 1384.32 1759.00 1333.00
00023425 00000158 1078.33 552.28 883.11 1155.68 1337.80 1002.41 1713.19 940.06 1584.25 1224.30 1422.24 1389.38 1764.52 1332.59
00023426 00000159 1074.44 545.21 875.67 1151.58 1329.72 1012.34 1711.08 952.02 1572.80 1235.46 1408.79 1397.45 1752.95 1348.47
00023427 00000160 1073.12 551.07 880.09 1141.82 1325.28 1010.05 1710.45 949.92 1568.89 1235.69 1409.79 1398.08 1753.01 1348.84
00023428 00000161 1070.94 549.33 879.34 1139.31 1324.52 1007.39 1709.51 945.93 1570.56 1230.97 1410.54 1398.50 1752.33 1348.42
00023429 00000162 1069.69 541.62 876.65 1142.42 1324.82 996.59 1708.80 936.35 1570.67 1224.88 1412.88 1394.50 1749.45 1345.14
00023430 00000163 1068.71 535.34 881.84 1152.52 1323.42 995.46 1707.45 933.39 1567.90 1217.75 1414.61 1397.24 1748.79 1346.26
00023431 00000164 1068.31 531.63 881.15 1164.06 1320.84 994.23 1708.14 933.41 1565.87 1218.43 1413.34 1404.07 1748.77 1353.74
00023432 00000165 1064.64 531.47 878.52 1169.59 1318.92 997.82 1703.17 936.09 1565.13 1223.90 1418.30 1412.47 1746.69 1361.85
00023433 00000166 1068.38 553.22 876.39 1174.36 1322.84 997.49 1703.55 936.43 1570.65 1227.92 1423.80 1420.28 1743.77 1364.84
00023434 00000167 1066.27 562.09 881.44 1179.02 1320.62 1004.41 1698.69 940.52 1568.88 1232.73 1426.00 1429.77 1746.81 1372.04
00023435 00000168 1065.71 564.78 882.17 1178.70 1319.50 1005.63 1697.51 943.03 1566.45 1235.91 1423.66 1429.23 1745.05 1373.17
00023436 00000169 1066.22 563.65 881.50 1180.35 1319.80 1005.72 1697.09 945.20 1564.91 1235.01 1421.34 1427.86 1744.00 1372.96
00023437 00000170 1066.91 569.61 878.90 1181.16 1318.84 1006.29 1697.83 942.89 1566.10 1234.48 1420.07 1429.24 1748.37 1372.44
00023438 00000171 1069.44 573.18 874.34 1181.48 1318.71 1006.06 1698.50 939.67 1568.97 1232.64 1422.33 1435.03 1750.81 1375.83
00023439 00000172 1068.82 557.41 880.04 1203.80 1317.83 1003.69 1699.69 935.15 1570.57 1227.69 1428.92 1442.74 1753.32 1380.80
00023440 00000173 1069.95 550.31 877.77 1209.70 1319.44 1003.24 1702.33 935.10 1575.39 1223.99 1431.67 1444.13 1754.90 1382.22
00023441 00000174 1069.08 545.64 880.29 1217.08 1320.13 1003.88 1699.58 935.17 1574.16 1224.01 1428.01 1438.54 1757.96 1376.12
00023442 00000175 1065.27 553.76 885.14 1211.25 1320.99 1004.46 1699.17 933.93 1574.54 1223.90 1429.50 1435.96 1761.72 1372.25
00023443 00000176 1066.44 553.15 885.19 1210.99 1319.96 1003.30 1699.23 933.42 1573.32 1224.07 1426.95 1434.48 1760.70 1371.60
00023444 00000177 1067.23 556.38 886.13 1204.15 1320.32 1004.53 1699.42 934.57 1573.47 1224.59 1424.56 1430.47 1761.56 1367.53
00023445 00000178 1068.79 553.37 884.29 1203.42 1320.52 1003.28 1703.43 935.46 1574.95 1226.23 1423.22 1428.82 1760.16 1367.49
00023446 00000179 1067.27 564.63 888.89 1188.68 1317.26 1001.00 1704.38 934.28 1570.27 1227.23 1418.03 1427.25 1759.86 1366.54
00023447 00000180 1069.57 545.27 884.00 1201.73 1318.19 999.99 1707.01 934.45 1572.49 1225.32 1415.65 1422.10 1762.31 1362.39
00023448 00000181 1069.42 547.90 888.37 1201.34 1317.90 997.72 1707.83 932.51 1571.69 1224.06 1410.78 1415.94 1762.86 1356.55
00023449 00000182 1069.20 554.92 886.54 1196.71 1319.39 998.21 1705.25 934.58 1571.56 1222.45 1408.24 1409.22 1764.66 1351.21
00023450 00000183 1068.79 564.71 886.24 1187.88 1321.35 998.92 1702.69 935.43 1571.25 1220.76 1410.02 1407.20 1763.68 1349.30
00023451 00000184 1070.22 564.13 878.80 1186.56 1324.31 996.68 1703.23 935.57 1572.58 1216.71 1412.25 1406.54 1759.64 1350.69
00023452 00000185 1069.02 551.24 883.65 1193.08 1323.77 995.70 1703.79 932.55 1574.26 1214.15 1415.60 1406.01 1760.03 1348.14
00023453 00000186 1071.63 547.32 877.55 1193.01 1325.19 994.93 1704.03 932.48 1574.54 1211.71 1416.14 1401.91 1760.98 1344.55
00023454 00000187 1070.02 545.55 882.90 1191.00 1325.11 992.21 1706.86 931.26 1574.13 1212.16 1416.69 1401.06 1760.40 1344.80
00023455 00000188 1073.09 544.13 882.72 1188.80 1322.41 993.88 1705.72 930.44 1570.64 1210.72 1413.32 1399.70 1761.30 1341.07
00023456 00000189 1072.99 549.20 878.93 1185.77 1322.50 991.56 1703.69 926.45 1570.71 1207.40 1414.47 1399.21 1760.75 1339.19
00023457 00000190 1074.32 540.62 878.46 1188.35 1323.90 992.13 1703.27 927.32 1570.91 1205.81 1416.03 1396.93 1759.31 1337.15
00023458 00000191 1073.72 538.22 880.25 1186.57 1325.03 990.18 1704.16 926.63 1570.41 1203.45 1418.02 1395.18 1758.07 1336.41
00023459 00000192 1072.05 539.06 880.63 1185.12 1322.07 987.38 1705.02 925.23 1568.72 1203.22 1415.30 1392.52 1758.13 1334.99
00023460 00000193 1071.71 541.49 879.09 1183.94 1320.88 987.27 1703.21 924.69 1566.64 1202.25 1413.87 1392.20 1757.49 1334.38
00023461 00000194 1066.24 519.86 876.60 1190.05 1314.03 984.83 1701.73 926.50 1556.78 1202.47 1403.40 1397.23 1750.77 1349.04
00023462 00000195 1066.51 522.72 874.43 1186.89 1316.76 985.06 1700.98 928.75 1558.66 1203.00 1405.35 1398.29 1745.38 1352.15
00023463 00000196 1068.04 525.34 872.50 1177.88 1317.88 986.07 1699.89 931.12 1556.77 1202.36 1406.10 1400.45 1738.53 1356.02
00023464 00000197 1069.16 522.92 870.22 1181.18 1318.13 984.36 1702.54 928.32 1560.37 1202.82 1409.52 1404.65 1741.31 1359.37
00023465 00000198 1070.27 508.84 867.06 1190.32 1319.65 979.47 1693.73 927.31 1558.48 1196.06 1412.80 1399.81 1733.36 1357.22
00023466 00000199 1076.95 502.05 857.85 1182.76 1328.48 961.77 1697.34 914.19 1566.00 1178.00 1420.33 1381.40 1734.67 1341.68
00023467 00000200 1079.78 467.34 860.85 1191.82 1335.69 920.31 1705.69 878.51 1583.86 1132.83 1432.06 1345.83 1742.87 1308.18
00023468 00000201 1090.36 441.40 867.13 1186.08 1349.22 897.64 1716.40 844.21 1593.64 1109.37 1438.50 1311.27 1756.50 1262.82
00023469 00000202 1098.02 416.96 868.07 1159.42 1356.07 862.08 1724.60 807.44 1600.04 1070.78 1449.09 1268.56 1765.19 1217.20
00023470 00000203 1095.10 379.00 864.09 1166.59 1358.75 841.37 1732.79 792.29 1601.91 1048.08 1436.68 1237.28 1773.78 1195.03
00023471 00000204 1100.38 360.08 860.60 1176.16 1360.99 822.52 1729.54 782.09 1599.53 1025.31 1433.11 1215.08 1770.39 1179.62
00023472 00000205 1101.86 346.93 862.45 1180.22 1364.90 810.19 1732.52 774.45 1600.41 1008.54 1437.66 1205.28 1769.75 1172.47
00023473 00000206 1100.45 345.52 864.01 1195.07 1364.93 802.78 1732.40 768.02 1598.92 1002.41 1441.24 1213.98 1765.21 1181.09
00023474 00000207 1100.36 350.47 862.37 1193.21 1366.59 806.65 1730.17 775.57 1598.20 1002.08 1440.18 1217.18 1760.89 1187.87
00023475 00000208 1098.23 350.58 863.33 1187.41 1360.72 816.86 1726.68 781.20 1595.64 1012.05 1434.61 1215.72 1762.91 1183.55
00023476 00000209 1095.85 361.23 866.87 1179.53 1357.31 825.60 1733.71 787.09 1596.91 1024.38 1425.54 1219.10 1767.94 1185.40
CROP_BBOX: 515 0 2513 2058
