Video ID: 	YYNNNQKkXXk
H: 	1080
W: 	1920
FPS: 	23.976023976023978

FRAME INDEX X0 Y0 W H [Landmarks (5 Points)]

00005012 00000000 736.48 249.80 406.48 520.98 888.95 439.99 1078.46 449.21 1016.33 533.81 905.08 637.25 1059.85 644.07
00005013 00000001 737.90 253.75 408.91 522.60 890.15 441.37 1080.62 451.65 1017.67 536.22 903.64 638.97 1061.41 646.81
00005014 00000002 738.61 255.00 407.74 522.94 891.93 442.49 1082.61 454.39 1019.64 538.66 903.79 639.84 1062.14 649.18
00005015 00000003 735.84 257.10 408.26 521.56 890.31 441.62 1080.95 454.85 1017.73 539.93 900.58 640.03 1059.05 650.51
00005016 00000004 733.81 253.75 408.09 525.41 888.53 440.54 1078.28 453.28 1015.81 539.26 899.88 640.33 1056.31 650.31
00005017 00000005 732.69 250.27 407.26 525.96 887.75 439.29 1075.80 451.53 1012.71 537.93 901.44 641.36 1052.18 650.50
00005018 00000006 735.97 245.65 402.85 523.72 885.57 437.81 1080.91 449.21 1013.42 537.88 903.98 643.91 1056.49 652.22
00005019 00000007 735.82 244.82 402.76 521.86 885.94 437.65 1080.89 448.32 1013.34 534.62 904.69 641.88 1057.37 649.55
00005020 00000008 735.11 246.86 404.16 519.25 888.25 436.44 1076.20 448.05 1012.19 530.06 905.78 639.71 1050.55 648.13
00005021 00000009 735.08 247.42 405.57 518.61 888.18 436.66 1076.94 446.85 1014.02 529.16 903.76 635.73 1054.35 643.10
00005022 00000010 733.79 244.04 404.18 518.80 886.92 434.09 1075.59 443.20 1013.27 526.90 902.69 634.15 1052.50 640.51
00005023 00000011 732.40 243.55 402.89 515.99 886.72 430.19 1072.88 440.02 1010.97 524.71 902.10 631.44 1048.05 638.32
00005024 00000012 729.92 236.42 400.74 516.11 885.00 426.81 1072.91 436.35 1011.28 523.80 903.73 631.43 1046.39 638.06
00005025 00000013 728.09 235.79 400.51 513.93 884.23 424.91 1071.76 433.74 1012.05 522.83 905.33 630.41 1046.99 636.53
00005026 00000014 728.05 235.38 398.13 521.23 884.18 425.89 1067.87 434.71 1011.23 521.71 906.73 635.04 1043.29 640.99
00005027 00000015 722.22 239.94 404.86 531.78 883.73 428.34 1060.86 435.99 1010.01 522.87 901.58 637.26 1038.57 642.45
00005028 00000016 719.90 243.16 407.81 534.67 884.33 431.19 1061.21 439.32 1010.58 525.15 903.51 640.05 1040.85 645.61
00005029 00000017 719.79 244.96 406.14 532.21 886.38 433.58 1060.65 444.90 1010.82 527.66 905.06 640.48 1038.41 648.78
00005030 00000018 721.40 245.53 403.91 532.16 890.05 435.66 1064.63 449.45 1014.60 530.63 908.15 642.35 1040.57 652.87
00005031 00000019 722.07 246.65 401.88 528.52 890.98 436.18 1066.82 451.50 1015.05 532.87 908.94 643.65 1039.75 655.50
00005032 00000020 721.57 245.75 401.47 524.40 887.71 436.98 1065.74 452.95 1011.01 532.97 906.15 642.79 1036.91 655.04
00005033 00000021 720.27 246.46 401.89 520.17 885.14 437.68 1068.61 452.41 1011.67 532.68 905.21 641.82 1041.68 652.69
00005034 00000022 717.17 246.00 402.20 521.39 883.76 436.22 1066.40 451.58 1011.71 531.23 903.10 640.14 1040.13 651.45
00005035 00000023 713.33 246.25 405.79 529.11 883.95 433.76 1061.64 453.25 1008.46 531.80 900.18 643.39 1029.87 658.60
00005036 00000024 711.86 248.14 408.99 533.51 883.92 435.10 1064.48 454.65 1011.65 533.06 898.54 644.84 1034.65 660.23
00005037 00000025 710.64 252.55 410.93 533.27 884.37 436.60 1065.86 457.19 1013.85 535.18 896.68 645.95 1036.52 662.51
00005038 00000026 711.17 254.81 410.79 531.63 883.71 438.99 1068.91 458.96 1014.49 537.91 895.21 646.35 1039.86 662.45
00005039 00000027 712.26 257.14 410.40 526.94 886.34 440.46 1071.24 460.66 1015.26 540.77 895.28 644.72 1040.46 661.18
00005040 00000028 710.37 253.05 410.88 530.64 888.56 440.16 1070.22 461.67 1016.18 540.13 894.94 642.53 1038.55 660.27
00005041 00000029 710.81 247.51 410.46 534.86 888.84 438.37 1068.97 460.27 1016.09 536.99 896.59 642.32 1036.29 660.10
00005042 00000030 709.94 244.16 410.49 538.69 888.10 435.74 1065.51 458.07 1014.26 533.55 897.51 642.30 1033.24 660.28
00005043 00000031 709.37 243.65 411.23 541.96 887.76 434.27 1062.85 455.69 1012.53 532.65 896.93 642.09 1032.06 659.27
00005044 00000032 708.32 245.17 412.28 537.85 888.20 435.12 1063.88 456.48 1012.98 533.34 899.10 642.17 1032.76 659.11
00005045 00000033 708.71 248.94 410.68 529.76 887.01 437.72 1065.46 458.83 1011.71 537.73 900.38 643.02 1034.01 659.59
00005046 00000034 708.16 252.50 410.31 524.51 885.01 440.10 1066.51 460.57 1011.66 540.82 900.26 644.75 1035.27 660.81
00005047 00000035 707.31 253.53 411.32 525.39 884.42 442.75 1065.63 462.55 1011.43 541.96 900.10 646.97 1034.80 662.34
00005048 00000036 704.48 252.87 413.19 528.09 882.81 443.41 1063.83 461.96 1010.07 543.48 900.19 648.61 1034.03 662.79
00005049 00000037 702.48 251.94 413.37 529.45 880.11 441.70 1061.05 460.61 1006.07 542.06 897.12 647.24 1030.76 661.60
00005050 00000038 699.17 251.76 414.40 529.72 875.35 440.06 1056.87 457.50 1002.29 539.68 892.94 644.13 1030.56 657.48
00005051 00000039 696.60 253.29 413.46 528.03 872.58 436.97 1054.27 453.23 1001.57 536.03 888.72 641.12 1029.55 653.54
00005052 00000040 694.38 252.70 413.55 530.15 869.56 435.62 1051.59 451.48 998.98 535.32 885.19 640.25 1028.46 652.50
00005053 00000041 692.01 253.01 413.53 530.24 865.87 436.69 1048.94 453.10 996.01 535.50 880.86 640.02 1026.17 652.89
00005054 00000042 691.66 253.17 413.10 531.01 865.42 438.76 1049.60 455.90 994.96 537.38 880.40 641.84 1026.32 655.37
00005055 00000043 691.03 253.36 412.09 532.56 863.42 441.28 1047.96 458.37 992.55 539.55 877.50 643.65 1023.94 657.23
00005056 00000044 688.46 256.25 412.71 531.33 860.99 442.12 1046.54 459.40 990.94 539.59 873.99 642.50 1022.55 656.40
00005057 00000045 685.43 255.57 412.59 532.73 859.04 441.06 1042.87 459.46 987.52 539.90 869.87 640.85 1017.94 655.69
00005058 00000046 681.31 254.26 413.09 532.58 856.01 440.94 1037.87 458.01 983.84 537.99 865.46 636.94 1014.26 650.93
00005059 00000047 677.96 254.18 415.28 532.37 851.61 440.55 1032.89 455.72 978.25 535.58 860.71 633.51 1011.25 645.87
00005060 00000048 673.86 252.14 416.98 533.94 845.56 441.86 1027.93 455.73 972.29 535.12 855.15 632.43 1007.96 643.84
00005061 00000049 673.03 250.67 415.99 534.04 842.36 440.62 1025.93 455.12 968.27 534.14 851.15 630.50 1005.63 642.44
00005062 00000050 669.44 255.50 416.47 529.18 842.11 447.69 1025.61 465.59 965.26 536.25 847.95 628.49 1004.15 643.51
00005063 00000051 669.17 258.82 416.08 527.57 841.20 450.78 1026.51 470.37 963.33 539.60 844.61 629.42 1004.21 646.01
00005064 00000052 669.03 257.72 413.98 533.99 840.73 448.58 1025.95 469.51 962.97 542.47 840.11 632.74 1000.83 650.58
00005065 00000053 668.72 260.39 413.58 534.91 840.88 448.01 1025.61 469.98 962.61 545.66 836.16 634.67 998.47 653.57
00005066 00000054 667.86 261.86 413.61 535.53 839.25 448.82 1024.17 470.41 960.71 549.00 832.09 634.57 996.73 653.28
00005067 00000055 665.57 262.03 414.45 534.55 837.32 448.91 1022.67 469.52 959.18 550.04 829.23 635.16 994.39 653.13
00005068 00000056 662.19 261.81 417.00 533.33 835.20 448.71 1020.13 468.63 956.97 549.81 827.27 634.80 992.38 652.24
00005069 00000057 660.02 261.59 418.75 532.02 832.67 449.22 1018.14 467.54 954.63 550.76 824.12 633.63 991.62 649.89
00005070 00000058 658.79 260.17 418.56 531.22 831.99 448.26 1016.70 465.98 954.00 549.39 822.73 632.56 989.75 648.38
00005071 00000059 658.72 260.41 418.35 529.35 831.95 447.84 1016.70 466.18 953.52 548.48 822.39 631.88 989.06 648.09
00005072 00000060 659.09 260.53 417.79 528.31 832.64 448.75 1017.30 468.03 953.61 549.63 821.79 631.97 988.32 648.98
00005073 00000061 659.07 262.51 417.12 525.33 832.55 450.71 1017.92 470.15 953.67 551.62 821.01 632.83 987.72 649.97
00005074 00000062 658.79 263.85 416.64 524.15 831.75 451.83 1018.33 471.72 953.24 553.22 819.92 633.80 988.13 651.34
00005075 00000063 657.92 264.59 416.49 523.28 831.21 452.77 1017.36 472.33 952.62 554.42 818.85 634.40 986.69 651.73
00005076 00000064 657.11 265.32 415.42 521.48 829.96 452.83 1015.04 471.18 951.04 554.43 818.11 634.29 985.07 650.65
00005077 00000065 654.93 264.55 415.43 521.85 828.04 450.88 1009.81 467.14 948.44 553.00 817.05 634.67 980.97 649.25
00005078 00000066 652.68 264.22 415.78 525.08 824.35 449.66 1005.79 463.78 945.58 551.24 816.22 636.01 979.44 648.84
00005079 00000067 654.79 262.31 408.69 527.29 824.46 449.26 1006.64 469.32 949.99 552.75 817.04 636.87 978.08 654.87
00005080 00000068 655.66 259.10 407.53 528.83 822.14 449.36 1006.44 468.88 946.70 551.19 824.56 645.74 975.86 662.16
00005081 00000069 652.97 255.73 409.30 530.74 818.64 452.07 1008.53 470.79 947.72 552.43 829.78 652.66 979.19 667.61
00005082 00000070 652.61 255.54 409.99 531.45 819.47 452.61 1008.77 472.57 947.76 553.82 831.11 655.10 977.56 670.85
00005083 00000071 651.53 257.10 411.40 533.88 821.04 453.50 1008.70 473.39 949.22 555.51 831.51 655.87 976.84 671.55
00005084 00000072 650.30 258.97 410.16 532.54 821.32 453.21 1006.16 472.97 948.24 553.47 832.46 656.51 972.96 672.03
00005085 00000073 649.24 258.64 409.21 530.59 818.87 452.66 1002.41 470.84 944.22 551.85 831.25 655.01 970.05 669.34
00005086 00000074 646.28 259.72 410.67 529.37 818.72 450.41 998.59 468.49 942.10 551.27 830.76 653.98 964.82 668.16
00005087 00000075 643.10 255.73 411.79 532.12 816.81 449.64 996.08 467.03 940.10 549.79 830.87 654.36 962.59 667.97
00005088 00000076 643.09 254.13 411.01 531.97 814.66 448.28 995.61 465.53 938.18 548.02 829.17 652.68 963.25 666.10
00005089 00000077 643.52 255.75 409.43 528.39 813.60 448.03 995.14 466.36 937.04 544.78 826.76 649.93 963.70 664.24
00005090 00000078 644.77 261.61 409.00 522.43 812.94 449.10 995.42 466.07 937.71 544.94 821.32 644.04 967.36 657.94
00005091 00000079 643.23 263.98 410.32 519.08 809.47 448.57 992.70 465.82 933.31 544.92 813.18 638.46 965.64 653.52
00005092 00000080 641.08 263.89 410.38 518.83 807.97 447.74 993.23 466.87 931.82 546.08 808.46 638.04 963.44 655.09
00005093 00000081 636.88 261.72 411.00 521.28 803.97 448.72 992.73 470.05 928.05 547.48 804.35 640.34 959.25 659.17
00005094 00000082 631.32 260.16 411.96 524.46 800.26 446.70 987.28 468.87 923.19 547.32 801.47 639.93 953.86 659.26
00005095 00000083 625.73 258.11 413.60 527.68 795.88 445.16 982.66 467.14 918.65 545.32 795.99 638.99 949.61 657.83
00005096 00000084 620.19 257.30 411.00 528.70 788.26 443.43 974.39 464.17 911.35 540.81 791.69 637.12 945.50 654.46
00005097 00000085 611.92 254.51 409.85 531.83 779.50 444.70 963.69 463.66 903.62 538.82 785.27 637.92 937.27 653.72
00005098 00000086 607.66 252.92 408.91 533.24 772.58 446.80 957.32 463.81 896.41 539.55 779.25 638.55 931.89 652.77
00005099 00000087 605.28 253.01 408.07 532.06 769.50 448.20 953.51 464.46 891.80 540.63 774.45 638.61 927.35 652.30
00005100 00000088 600.56 252.98 410.78 531.23 768.41 448.42 950.07 464.91 888.88 541.26 771.26 638.01 921.80 651.77
00005101 00000089 597.13 253.47 413.41 530.77 767.06 446.47 948.57 463.72 885.66 540.99 767.69 636.48 918.68 650.77
00005102 00000090 594.70 250.68 415.84 533.52 763.49 443.99 945.76 461.29 881.05 539.05 763.98 635.06 915.36 649.32
00005103 00000091 593.75 251.92 415.83 532.26 759.13 442.70 941.80 459.70 876.16 536.76 758.75 633.63 912.17 647.74
00005104 00000092 591.69 252.51 417.38 529.57 757.25 441.78 940.32 458.08 874.74 535.23 758.44 632.69 912.10 646.02
00005105 00000093 590.03 250.25 417.26 530.94 754.85 441.75 936.89 456.68 873.02 534.03 758.29 631.78 911.48 643.96
00005106 00000094 590.83 249.81 415.92 530.15 753.54 440.96 936.13 455.19 871.72 533.23 758.30 631.91 911.07 643.48
00005107 00000095 593.57 246.19 408.59 526.55 750.67 437.79 935.63 455.43 871.95 532.10 757.09 634.72 905.64 648.66
00005108 00000096 594.93 240.91 403.14 523.66 748.00 437.34 940.62 456.23 873.05 532.96 759.42 638.77 908.61 653.70
00005109 00000097 595.31 241.57 401.61 519.42 747.19 437.02 940.57 455.25 873.26 531.02 760.37 637.58 909.10 652.05
00005110 00000098 592.97 240.19 402.25 519.17 746.28 435.57 934.81 452.53 871.45 523.89 762.58 635.41 904.41 648.51
00005111 00000099 594.04 241.59 401.43 514.55 747.44 435.44 934.96 449.73 871.60 522.64 764.90 632.78 907.03 643.62
00005112 00000100 592.56 240.75 401.86 513.64 747.94 434.92 935.65 448.28 873.12 523.47 763.52 630.00 908.52 640.15
00005113 00000101 592.38 240.53 401.55 515.06 747.13 433.91 934.56 447.70 872.46 522.06 762.48 630.01 906.36 640.42
00005114 00000102 592.03 239.39 401.00 515.62 747.01 432.73 932.36 445.79 871.38 521.02 764.72 630.55 904.43 640.12
00005115 00000103 591.99 239.88 400.29 515.03 746.99 431.98 931.48 445.41 871.33 519.82 764.73 629.95 903.59 639.80
00005116 00000104 593.00 237.12 399.92 517.89 747.53 431.32 930.99 443.15 872.46 517.38 767.05 629.40 905.30 637.92
00005117 00000105 593.01 234.27 399.82 521.55 746.79 432.16 933.89 441.94 874.98 517.40 764.10 627.79 911.09 634.84
00005118 00000106 593.31 232.16 399.22 522.61 745.20 432.62 934.14 442.98 874.45 517.26 761.27 626.68 911.72 634.46
00005119 00000107 594.31 233.02 398.15 522.22 743.49 434.22 935.23 444.31 874.44 518.37 760.51 627.72 914.64 635.34
00005120 00000108 593.30 232.80 399.83 528.84 743.76 434.51 934.90 446.17 874.81 517.92 758.97 629.61 913.75 638.43
00005121 00000109 593.08 233.61 400.61 529.76 745.63 432.76 933.56 445.49 875.49 515.84 763.54 629.94 912.59 639.22
00005122 00000110 594.37 231.09 399.77 524.16 748.88 427.99 934.48 443.21 876.65 515.18 767.29 625.65 910.90 637.18
00005123 00000111 589.73 222.11 408.99 532.66 756.66 419.41 948.04 438.78 884.02 514.27 776.95 621.64 922.53 637.82
00005124 00000112 591.57 221.23 409.48 531.09 759.11 419.82 949.79 438.02 887.37 515.04 781.32 621.95 925.38 637.16
CROP_BBOX: 464 25 1271 912
