Video ID: 	yaj21Am7F_U
H: 	1080
W: 	1440
FPS: 	60.0

FRAME INDEX X0 Y0 W H [Landmarks (5 Points)]

00008531 00000000 376.64 176.42 500.33 701.74 647.53 393.38 852.77 436.71 816.50 547.89 649.62 670.97 820.02 704.99
00008532 00000001 377.14 177.31 499.95 700.55 647.33 393.34 852.90 436.72 816.10 547.89 649.45 670.95 819.97 705.00
00008533 DELETE   392.22 176.57 495.22 702.05 660.51 397.43 861.20 444.12 820.56 554.20 660.53 673.87 825.01 710.47
00008534 00000003 392.43 173.62 495.21 706.15 660.69 397.11 861.73 444.07 820.74 554.32 659.87 674.50 825.02 711.32
00008535 00000004 400.81 174.45 496.93 711.14 667.91 401.07 863.41 445.19 826.20 551.50 668.40 681.06 828.57 716.02
00008536 DELETE   400.46 174.97 497.27 710.41 667.80 401.11 863.38 445.40 825.86 551.72 668.23 680.98 828.40 716.08
00008537 00000006 405.51 177.57 503.26 710.88 675.69 401.58 871.31 445.85 834.29 554.07 676.51 684.96 835.29 720.67
00008538 00000007 406.85 179.02 502.05 709.58 675.47 401.84 871.07 445.03 833.58 555.30 676.01 685.19 835.35 720.03
00008539 00000008 406.19 180.95 502.53 707.22 674.79 401.73 871.05 445.15 833.33 554.96 675.65 684.84 835.46 719.84
00008540 00000009 410.23 180.98 505.21 709.28 678.58 402.84 876.07 444.92 836.71 556.54 681.24 688.09 839.46 722.23
00008541 00000010 410.29 181.14 505.26 708.41 678.35 402.84 876.19 445.10 836.53 556.44 681.38 687.90 839.58 722.15
00008542 00000011 416.42 179.94 503.36 711.10 685.43 403.54 881.72 443.37 843.97 560.24 689.45 691.79 844.18 724.32
00008543 00000012 418.06 180.06 501.17 710.51 685.23 403.45 881.04 441.69 843.84 560.16 689.86 692.30 844.32 723.45
00008544 00000013 417.46 180.76 501.75 709.80 685.30 402.95 881.36 441.57 844.02 560.24 690.07 692.23 844.53 723.71
00008545 00000014 419.90 190.44 501.45 699.82 686.29 402.43 882.44 443.61 844.33 559.36 692.06 691.47 846.09 725.03
00008546 00000015 419.88 190.07 501.59 700.16 686.33 402.10 882.61 443.43 844.36 559.17 692.04 691.35 846.13 725.03
00008547 00000016 423.45 192.12 500.59 696.13 687.84 407.95 885.51 451.68 846.44 560.18 694.31 691.46 848.54 727.11
00008548 00000017 423.00 195.81 500.08 692.21 687.21 408.47 884.69 451.22 845.70 560.73 694.21 691.25 848.77 726.04
00008549 00000018 423.09 197.80 500.93 688.42 685.78 409.12 885.72 452.02 845.65 561.95 694.28 691.91 850.24 726.72
00008550 00000019 423.44 197.85 500.66 688.32 686.06 409.38 885.74 452.31 845.72 561.98 694.57 692.02 850.27 726.84
00008551 00000020 423.37 197.24 501.20 689.04 686.12 409.28 885.82 452.20 845.75 562.03 694.64 692.15 850.23 726.99
00008552 00000021 424.32 193.81 499.73 692.76 690.44 411.63 885.28 454.41 848.77 564.08 696.79 693.18 848.79 727.99
00008553 00000022 424.15 195.75 499.80 690.91 688.98 411.12 885.02 452.77 848.09 564.67 695.81 693.82 849.21 727.63
00008554 00000023 426.50 189.79 499.12 702.21 693.65 413.58 886.07 452.76 852.96 565.37 699.04 697.22 851.13 729.31
00008555 00000024 426.42 190.41 499.14 701.60 693.90 413.49 886.17 452.90 853.00 565.44 698.74 696.92 850.92 729.21
00008556 00000025 426.37 190.05 499.42 701.74 693.89 413.37 886.17 453.00 852.95 565.30 698.61 696.66 850.71 729.13
00008557 00000026 432.96 193.43 496.10 698.39 698.51 410.73 888.55 450.13 854.85 563.54 704.76 696.02 854.07 728.31
00008558 00000027 426.94 191.93 498.57 701.92 700.89 419.84 886.80 453.44 860.69 559.33 707.50 697.95 848.31 726.75
00008559 00000028 438.59 194.07 492.60 686.50 698.54 407.29 894.18 441.87 858.08 556.30 711.88 690.91 864.49 718.90
00008560 00000029 438.81 194.30 492.51 686.42 698.47 407.35 894.04 441.97 857.68 556.13 711.64 690.79 864.32 718.83
00008561 00000030 441.24 194.63 486.96 674.77 697.82 403.57 897.18 434.98 862.13 550.19 720.41 687.38 873.48 711.79
00008562 00000031 440.59 194.98 487.46 674.29 697.61 403.81 896.70 435.35 861.54 550.17 719.99 687.23 872.89 711.74
00008563 00000032 441.21 195.93 486.85 673.36 697.35 403.77 896.78 435.41 861.30 549.94 719.85 686.96 873.31 711.52
00008564 00000033 442.62 196.14 485.68 666.96 700.56 400.20 897.71 430.54 867.22 542.88 728.39 683.03 879.46 706.27
00008565 00000034 442.55 196.25 485.72 666.97 700.61 400.07 897.82 430.46 867.25 543.02 728.25 683.00 879.48 706.30
00008566 00000035 442.35 198.69 484.03 661.10 702.14 394.42 896.74 428.46 866.43 536.25 726.97 674.25 878.71 700.57
00008567 00000036 442.10 198.25 484.04 661.76 702.39 394.20 896.79 428.71 866.60 535.97 726.78 674.00 878.29 700.72
00008568 00000037 442.92 197.03 483.45 661.98 702.15 394.59 896.58 428.57 866.45 536.00 727.52 674.50 878.50 700.79
00008569 00000038 442.68 200.79 483.69 658.64 702.05 393.32 896.72 428.88 866.15 535.29 725.41 673.39 876.84 700.97
00008570 00000039 442.83 201.25 483.60 658.36 702.10 393.42 896.89 428.80 866.34 535.48 725.56 673.63 876.95 701.06
00008571 00000040 447.00 196.83 480.67 663.53 703.16 394.69 898.07 429.56 868.27 535.21 727.15 675.18 878.49 702.45
00008572 00000041 447.07 195.74 481.16 665.02 704.12 394.22 898.34 429.41 869.09 534.80 727.52 674.69 878.83 702.27
00008573 00000042 448.58 195.45 480.87 667.51 706.69 394.62 901.04 430.78 873.83 536.24 729.30 676.66 880.24 705.22
00008574 00000043 448.60 195.41 480.86 667.59 706.84 394.50 901.09 430.68 873.91 536.24 729.34 676.62 880.21 705.22
00008575 00000044 448.52 195.34 481.03 667.64 706.81 394.48 901.09 430.69 873.90 536.16 729.32 676.60 880.20 705.21
00008576 00000045 449.15 199.42 482.28 665.58 707.65 395.70 903.13 432.83 874.93 538.29 728.68 678.37 879.30 707.77
00008577 00000046 450.14 198.66 481.00 667.02 707.97 395.62 903.29 432.70 874.99 538.20 728.84 678.72 879.43 708.11
00008578 00000047 449.11 206.86 485.26 664.32 706.77 398.43 902.78 432.30 875.15 545.21 727.34 682.63 879.97 709.69
00008579 00000048 449.55 207.31 484.69 663.35 706.62 398.31 902.43 431.80 874.76 544.98 727.51 682.48 879.95 709.22
00008580 00000049 449.66 206.94 484.72 664.19 706.95 398.35 902.61 432.09 875.28 544.92 727.83 682.76 879.98 709.71
00008581 00000050 444.17 197.85 496.45 676.45 705.94 408.31 903.91 455.88 867.82 555.53 718.40 677.35 876.68 714.77
00008582 00000051 444.12 197.58 496.55 676.70 704.79 408.99 903.13 456.48 866.73 555.11 717.74 677.35 876.42 714.65
00008583 00000052 450.23 198.55 496.87 682.60 709.21 413.28 908.09 462.17 870.08 562.19 719.86 685.35 879.14 724.36
00008584 00000053 450.16 198.80 496.93 682.46 709.06 413.39 908.07 462.14 870.12 562.03 719.81 685.43 879.25 724.35
00008585 00000054 454.48 193.00 494.03 694.08 716.02 415.60 910.98 462.38 876.08 566.14 726.66 691.86 882.05 729.10
00008586 00000055 454.20 193.50 494.53 694.24 715.68 415.50 911.10 462.25 876.13 565.96 725.66 691.82 882.15 729.07
00008587 00000056 454.42 193.56 494.00 694.22 715.43 415.33 911.10 462.05 875.69 565.99 725.21 691.68 882.07 728.89
00008588 00000057 456.98 195.94 496.08 697.21 717.32 417.81 913.53 460.99 876.86 572.13 728.90 698.69 883.92 732.97
00008589 00000058 456.67 196.34 496.20 696.56 717.20 417.64 913.40 460.75 876.77 572.22 729.03 698.68 883.96 732.92
00008590 00000059 461.28 203.52 494.87 694.75 718.72 421.29 916.35 459.42 877.37 577.09 731.93 705.71 887.39 735.82
00008591 00000060 461.49 204.44 494.45 693.76 718.49 421.18 916.63 459.00 877.16 577.13 732.09 705.94 887.84 735.78
00008592 00000061 461.83 203.79 493.35 695.00 717.98 421.29 916.59 459.20 876.92 576.55 732.24 706.02 888.61 735.87
00008593 00000062 462.43 210.08 496.02 691.92 723.93 427.65 919.07 466.13 882.74 582.56 735.53 711.93 887.54 742.53
00008594 00000063 462.27 210.36 496.15 691.70 723.99 427.49 919.10 465.99 882.82 582.66 735.39 711.85 887.48 742.49
00008595 00000064 463.42 211.93 497.42 696.09 727.60 432.98 920.44 474.94 886.57 585.82 735.32 715.81 885.09 749.47
00008596 00000065 463.49 212.53 497.48 695.36 727.01 432.69 920.66 474.75 885.83 585.51 735.72 715.88 885.53 749.56
00008597 00000066 461.34 216.93 490.95 692.02 725.81 431.89 926.86 475.59 885.48 585.20 730.66 717.10 884.11 751.03
00008598 00000067 460.64 217.44 492.14 691.48 725.51 431.82 927.00 475.32 885.47 585.34 730.52 717.33 884.23 751.06
00008599 00000068 460.89 218.14 492.11 691.01 725.55 431.81 927.10 475.66 885.61 585.08 730.15 717.11 884.19 751.14
00008600 00000069 461.22 214.83 492.06 699.48 725.58 433.39 927.88 477.55 884.83 588.38 728.54 720.32 883.76 754.90
00008601 00000070 463.91 216.54 499.62 699.27 728.73 435.69 920.92 478.81 887.43 593.47 734.28 722.92 882.75 757.69
00008602 00000071 456.33 220.21 496.60 698.49 722.17 436.94 929.38 482.85 884.37 592.31 723.39 725.23 884.29 761.19
00008603 00000072 456.12 219.67 496.63 698.96 722.10 437.02 929.31 482.55 884.32 592.42 723.58 725.26 884.26 760.89
00008604 00000073 456.20 218.35 496.63 700.26 722.07 436.75 929.55 482.58 884.37 592.16 723.43 725.15 884.26 761.04
00008605 00000074 455.72 220.17 497.61 701.08 720.87 438.35 927.86 485.42 883.22 591.43 721.85 725.77 883.65 762.67
00008606 00000075 460.45 221.01 504.03 700.56 726.27 439.81 920.08 487.86 885.02 598.02 728.16 726.94 881.31 766.07
00008607 00000076 455.05 222.43 498.22 704.31 720.83 440.20 927.26 487.96 882.58 593.22 720.63 726.71 883.69 764.33
00008608 00000077 454.89 222.63 498.21 704.08 720.89 440.14 927.15 487.67 882.62 593.51 720.49 726.71 883.43 764.16
00008609 00000078 453.46 219.35 498.05 709.91 719.81 442.12 927.20 489.41 883.71 595.16 720.70 728.80 883.65 766.06
00008610 00000079 453.15 219.59 498.27 709.87 719.60 441.89 927.15 488.90 883.76 595.04 720.51 728.86 883.66 765.90
00008611 00000080 453.11 219.37 498.24 709.85 719.64 441.86 927.16 488.83 883.78 595.02 720.57 728.82 883.64 765.83
00008612 00000081 459.81 215.81 498.56 714.00 725.38 448.80 917.39 493.76 884.75 603.65 726.76 733.54 881.55 770.45
00008613 00000082 459.67 216.59 498.93 713.13 725.16 448.80 917.34 493.91 884.87 603.34 726.76 733.60 881.69 770.59
00008614 00000083 456.67 225.28 501.64 703.73 721.85 450.50 917.55 494.47 887.78 604.14 727.43 734.77 882.55 770.88
00008615 00000084 456.78 225.74 501.56 703.33 721.97 450.08 917.73 494.10 887.92 604.23 727.15 734.69 882.32 770.87
00008616 00000085 456.73 225.55 501.55 703.56 721.72 450.25 917.50 494.19 887.67 604.07 727.10 734.63 882.38 770.71
00008617 00000086 451.22 225.44 494.91 705.98 714.81 450.86 926.49 497.68 884.91 600.40 721.55 731.23 887.87 768.12
00008618 00000087 450.76 223.97 495.47 707.11 714.61 451.10 926.14 497.92 884.56 600.35 721.76 731.05 887.67 767.90
00008619 00000088 453.72 227.62 494.77 704.31 714.95 454.25 930.41 502.50 885.52 602.17 720.63 732.57 891.78 770.76
00008620 00000089 454.10 227.55 494.52 704.49 714.80 453.42 930.78 501.90 885.26 601.95 720.29 732.71 891.82 771.13
00008621 00000090 464.73 229.27 498.38 700.12 723.94 459.24 922.22 501.94 888.43 606.86 729.70 736.43 889.44 771.47
00008622 00000091 464.82 228.66 498.23 700.60 723.95 459.24 922.18 501.74 888.45 607.01 729.61 736.45 889.52 771.32
00008623 00000092 465.05 229.35 498.06 699.94 723.90 459.17 922.13 502.04 888.31 606.70 729.90 736.41 889.51 771.56
00008624 00000093 468.70 232.26 494.33 694.15 725.73 461.43 921.48 501.77 886.47 610.42 729.26 735.62 887.98 769.02
00008625 00000094 468.65 231.48 494.66 695.07 726.02 461.59 921.82 501.93 886.78 610.47 729.14 735.53 888.36 768.84
00008626 00000095 472.59 226.23 488.90 693.10 729.89 463.29 923.01 502.62 888.11 611.45 733.56 731.41 890.77 763.74
00008627 00000096 472.47 225.71 489.25 693.68 729.98 463.35 923.14 502.65 888.26 611.43 733.44 731.50 890.74 763.79
00008628 00000097 472.57 226.11 489.01 693.35 729.93 463.30 923.09 502.60 888.24 611.44 733.46 731.45 890.81 763.75
00008629 00000098 472.81 227.95 488.95 683.62 729.52 466.43 921.76 500.00 888.57 611.22 735.06 729.23 891.80 756.92
00008630 00000099 472.91 227.65 488.66 684.29 729.62 466.14 921.42 500.00 888.52 610.58 734.76 729.05 891.36 756.97
00008631 00000100 474.79 226.65 486.88 683.85 730.72 466.27 922.44 500.80 888.67 610.96 735.20 727.65 891.40 756.16
00008632 00000101 474.94 227.24 486.76 683.10 730.56 466.35 922.04 500.79 888.30 610.99 735.43 727.64 891.37 756.09
00008633 00000102 474.77 230.77 486.35 684.39 731.12 466.53 921.95 501.43 889.82 612.91 737.55 732.31 891.06 761.27
00008634 00000103 474.64 231.19 486.37 683.42 731.08 466.50 921.66 501.60 889.19 613.07 737.27 732.13 890.18 761.33
00008635 00000104 474.35 231.50 486.87 683.37 731.06 466.33 921.63 501.48 889.47 612.95 737.52 732.20 890.36 761.44
00008636 00000105 474.33 232.52 486.96 688.38 730.72 466.59 922.00 501.71 890.16 614.73 739.26 737.28 891.06 766.41
00008637 00000106 474.25 232.94 486.98 687.90 730.57 466.57 922.04 501.60 890.13 614.65 739.21 737.41 891.03 766.48
00008638 00000107 475.40 235.31 485.57 688.01 732.73 469.00 921.57 503.13 890.00 618.19 743.54 741.72 889.29 770.12
00008639 00000108 475.85 234.04 484.26 689.07 732.67 468.88 921.45 502.69 889.59 617.84 743.63 741.80 889.51 769.92
00008640 00000109 476.19 233.30 484.73 689.92 733.15 468.75 921.92 502.75 889.88 617.63 744.18 742.04 890.01 770.27
00008641 00000110 474.64 240.52 486.84 687.83 731.89 470.33 922.64 505.35 891.28 619.25 744.63 745.35 890.68 774.26
00008642 00000111 474.56 241.03 486.85 687.15 731.78 470.32 922.70 505.47 891.03 619.29 744.54 745.30 890.56 774.31
00008643 00000112 460.38 251.01 502.06 687.19 719.36 469.15 930.57 510.21 883.70 621.73 732.41 749.20 893.56 780.98
00008644 00000113 460.81 251.13 501.17 687.14 718.84 468.90 930.17 509.72 883.43 620.68 732.38 748.67 893.66 780.19
00008645 00000114 459.75 239.18 503.39 703.16 717.68 470.22 928.46 510.43 879.59 623.62 726.44 752.44 889.05 783.69
00008646 00000115 459.69 238.84 503.52 703.29 717.20 470.42 928.47 510.09 879.30 623.75 726.40 752.81 889.18 783.59
00008647 00000116 459.94 240.10 503.31 702.19 717.20 470.42 928.49 510.14 879.24 623.89 726.35 752.83 889.24 783.66
00008648 00000117 462.46 229.41 500.20 720.75 718.01 472.04 924.09 516.30 877.09 624.26 724.55 754.50 885.84 789.12
00008649 00000118 462.37 230.44 500.24 719.27 717.66 472.29 924.11 516.21 876.89 624.49 724.20 754.38 885.82 788.74
00008650 00000119 461.84 233.78 497.34 717.51 717.10 479.37 921.13 516.23 876.51 633.73 720.94 760.70 884.90 789.58
00008651 00000120 461.97 233.24 497.23 718.17 717.40 479.28 921.24 516.45 876.71 633.79 720.87 760.60 884.82 789.75
00008652 00000121 462.12 233.78 497.24 717.73 717.51 479.38 921.28 516.27 876.79 633.89 721.21 760.66 885.05 789.58
00008653 00000122 459.11 235.76 497.30 716.32 711.25 479.55 918.38 512.61 872.82 633.97 717.69 762.77 884.51 788.45
00008654 00000123 459.52 234.65 497.15 717.27 711.32 479.75 918.37 512.73 872.48 634.30 718.10 762.86 884.60 788.41
00008655 00000124 464.32 236.89 492.90 711.25 709.49 485.65 910.77 509.32 875.01 635.19 718.47 762.72 884.79 782.62
00008656 00000125 464.46 236.86 492.84 711.37 709.52 485.59 910.71 509.00 874.95 635.03 718.53 762.86 884.78 782.56
00008657 00000126 463.43 234.97 493.62 708.76 709.08 484.44 910.58 505.25 876.49 631.65 722.14 760.03 888.15 777.55
00008658 00000127 463.83 232.42 493.03 712.09 709.71 484.80 910.71 506.18 876.51 631.99 721.58 759.96 888.13 777.78
00008659 00000128 464.25 231.93 492.52 712.14 709.80 485.02 910.85 505.86 876.54 632.33 721.68 760.01 888.51 777.40
00008660 00000129 466.15 233.69 492.46 712.59 711.51 482.76 910.60 503.38 879.69 628.96 722.01 757.90 888.68 775.36
00008661 00000130 466.26 233.16 492.42 713.44 711.45 482.83 910.59 503.31 879.83 628.93 722.05 757.98 888.84 775.30
00008662 00000131 462.15 228.14 495.47 723.54 715.70 472.98 924.62 504.88 879.99 626.28 719.26 757.44 890.98 782.06
00008663 00000132 462.03 228.63 495.43 722.93 716.21 473.49 924.44 505.09 881.08 626.42 719.93 757.91 891.17 782.37
00008664 00000133 462.13 228.32 495.34 723.49 716.43 473.37 924.39 505.21 881.19 626.30 719.85 757.76 891.04 782.41
00008665 00000134 465.74 237.29 494.86 713.17 719.98 474.87 926.33 504.34 884.20 627.09 725.09 759.18 894.95 781.97
00008666 00000135 465.66 236.38 494.79 714.26 720.14 474.78 926.50 504.64 884.56 626.97 724.73 759.07 894.85 782.21
00008667 00000136 471.85 238.58 492.44 708.65 724.09 477.94 930.68 505.03 888.73 626.59 731.70 759.01 902.31 779.55
00008668 00000137 471.54 233.29 492.23 716.12 724.60 477.53 930.32 504.31 890.04 626.12 731.95 759.26 902.30 779.50
00008669 00000138 475.53 234.86 493.62 713.83 727.16 479.36 935.45 503.95 892.49 625.91 737.60 759.53 910.09 778.13
00008670 00000139 475.48 235.14 493.81 713.39 727.04 479.68 935.41 504.11 892.27 625.93 737.51 759.44 910.09 777.93
00008671 00000140 475.75 235.73 493.66 712.77 727.00 479.66 935.28 504.02 891.97 625.93 737.66 759.40 909.98 777.82
00008672 00000141 479.11 232.22 497.34 717.21 732.83 478.30 941.69 500.49 899.80 625.23 744.79 760.45 916.82 777.40
00008673 00000142 478.47 231.98 496.98 717.34 733.67 478.37 941.61 501.05 900.99 625.13 745.11 760.27 917.06 777.60
00008674 00000143 481.85 227.60 499.34 722.06 738.62 473.97 945.67 496.93 907.02 622.03 750.04 759.47 920.48 777.86
00008675 00000144 482.05 229.07 499.12 720.33 738.47 473.97 945.52 496.85 906.73 622.05 749.94 759.45 920.47 777.73
00008676 00000145 482.12 227.87 498.94 721.41 738.74 473.81 945.63 496.74 907.12 621.97 750.22 759.40 920.52 777.75
00008677 00000146 483.31 230.50 500.92 720.04 741.24 474.27 947.05 499.81 907.40 622.94 750.37 759.15 919.87 779.81
00008678 00000147 483.61 231.57 500.90 718.75 740.59 474.62 946.27 499.62 906.35 622.97 750.03 758.85 919.19 779.06
00008679 00000148 484.61 231.74 501.19 717.28 740.72 476.44 947.98 501.02 906.48 624.49 752.29 759.36 921.20 779.03
00008680 00000149 484.68 231.58 501.27 717.84 740.82 476.21 948.01 500.89 906.51 624.39 752.27 759.39 921.15 779.15
00008681 00000150 484.41 229.07 500.70 718.62 739.24 480.67 947.47 504.01 905.75 624.10 753.80 759.87 923.03 778.18
00008682 00000151 484.30 229.62 500.50 718.86 739.52 480.85 947.45 504.73 906.17 624.26 754.43 760.27 923.55 778.97
00008683 00000152 484.07 228.57 500.59 719.21 739.55 480.35 947.47 503.93 906.67 623.68 754.41 760.19 922.99 778.65
00008684 00000153 480.27 238.38 500.40 708.91 739.54 482.24 943.39 508.24 904.75 624.39 753.22 759.51 918.67 779.62
00008685 00000154 480.39 238.81 500.33 708.43 739.86 482.18 943.42 508.26 904.73 624.67 753.31 759.53 918.49 779.71
00008686 00000155 475.62 245.45 501.99 702.79 736.67 480.94 942.74 512.53 904.55 623.69 749.42 757.49 916.57 781.89
00008687 00000156 475.39 245.23 502.75 703.16 737.67 480.85 942.63 513.38 904.76 624.14 749.63 756.88 915.84 782.06
00008688 00000157 476.09 243.98 501.87 704.44 737.64 480.53 943.32 512.83 904.77 623.25 749.70 757.04 916.75 782.06
00008689 00000158 474.93 245.69 498.20 699.69 733.25 480.15 938.87 511.77 900.05 622.24 746.55 756.83 912.68 781.12
00008690 00000159 475.28 246.71 497.69 698.28 733.07 480.23 938.65 511.73 899.78 622.26 746.79 756.96 912.85 781.12
00008691 00000160 474.72 236.53 494.16 707.75 730.87 481.35 935.31 508.80 897.89 621.46 746.32 757.39 912.19 777.98
00008692 00000161 475.41 239.16 493.24 704.68 731.11 481.52 935.42 508.97 897.62 622.05 746.44 757.69 912.25 778.26
00008693 00000162 481.63 237.80 485.12 698.01 727.53 484.70 918.34 502.75 891.78 620.85 748.29 753.28 904.35 768.18
00008694 00000163 481.56 237.62 485.15 697.93 727.73 484.65 918.49 502.65 891.95 621.07 748.47 753.38 904.29 768.26
00008695 00000164 481.69 237.73 484.84 697.84 727.58 484.73 918.56 502.57 891.84 621.23 748.37 753.47 904.39 768.20
00008696 00000165 475.59 232.09 489.17 711.05 726.72 480.27 932.61 505.02 893.94 620.86 745.16 756.14 910.98 774.25
00008697 00000166 481.48 235.54 483.95 702.24 728.95 483.25 918.32 502.23 893.32 620.05 749.14 753.40 905.14 769.12
00008698 00000167 475.44 232.63 487.83 709.95 727.24 478.07 933.05 503.14 894.49 620.76 745.12 755.77 911.02 774.08
00008699 00000168 475.56 231.86 487.64 711.13 727.16 478.15 933.10 502.98 894.75 620.74 744.89 755.83 911.23 773.95
00008700 00000169 481.56 234.55 482.73 702.38 729.36 480.93 918.11 499.37 894.12 620.26 750.01 753.48 904.71 768.71
00008701 00000170 476.84 235.43 486.55 704.61 728.35 476.00 933.20 500.84 895.04 620.13 744.91 754.05 910.49 772.25
00008702 00000171 476.45 233.39 486.75 707.78 729.24 475.21 933.60 500.42 896.28 619.48 745.07 753.74 910.26 772.36
00008703 00000172 475.93 236.11 488.75 702.55 729.62 471.63 933.66 497.43 894.89 616.72 746.64 749.58 910.46 768.59
00008704 00000173 475.70 235.96 488.53 703.22 729.91 471.50 933.57 497.76 895.29 616.57 746.00 749.52 909.93 768.96
00008705 00000174 475.38 230.80 488.63 699.04 728.40 468.44 932.96 493.50 894.63 610.76 749.22 745.47 911.92 763.67
00008706 00000175 475.83 230.54 488.14 699.16 728.36 468.47 932.75 493.25 894.09 610.96 749.55 745.28 911.88 763.20
00008707 00000176 475.72 230.33 488.32 699.44 728.43 468.55 932.79 493.52 894.37 610.78 749.44 745.32 911.90 763.43
00008708 00000177 474.97 227.11 490.12 696.43 730.82 463.50 935.33 490.78 897.19 605.83 749.37 740.76 911.49 760.99
00008709 00000178 475.44 225.33 489.40 697.84 731.00 463.47 935.00 491.04 897.36 604.93 750.07 740.42 911.83 760.89
00008710 00000179 473.90 218.54 490.74 701.11 730.61 459.30 934.36 489.14 898.26 598.89 746.45 734.60 910.11 757.35
00008711 00000180 474.10 218.57 490.41 701.19 730.75 459.26 934.64 489.28 898.39 598.87 746.43 734.58 910.36 757.47
00008712 00000181 474.07 218.46 490.39 701.30 730.76 459.20 934.57 489.23 898.36 598.79 746.51 734.51 910.31 757.40
00008713 00000182 471.35 216.32 493.24 702.18 729.13 454.79 930.95 482.70 895.85 593.27 746.58 729.49 908.09 750.59
00008714 00000183 470.79 217.38 493.47 701.33 729.48 454.96 931.49 483.27 896.83 593.77 745.13 729.58 907.62 751.09
00008715 00000184 471.75 215.56 494.49 702.61 727.83 449.96 931.42 476.68 895.37 589.93 745.54 725.89 908.66 746.01
00008716 00000185 471.53 215.37 494.82 702.76 727.77 450.12 931.41 476.78 895.63 589.56 745.63 726.03 908.70 746.11
00008717 00000186 466.39 215.82 497.92 700.55 729.51 447.92 929.02 474.38 895.38 588.76 747.59 723.03 905.19 742.70
00008718 00000187 465.32 213.22 497.88 702.58 729.53 447.87 928.77 473.50 895.42 589.24 748.43 723.14 905.08 742.14
00008719 00000188 465.65 213.51 497.56 702.10 729.09 447.98 928.66 473.30 894.81 589.46 748.27 723.12 905.48 741.79
00008720 00000189 463.66 205.27 494.03 713.80 732.56 443.65 921.31 466.65 898.50 584.25 747.07 721.03 899.08 738.28
00008721 00000190 463.83 204.53 494.01 714.58 732.50 443.53 921.50 466.43 898.27 584.25 747.21 721.00 899.12 738.17
00008722 00000191 463.47 198.40 490.39 720.05 732.79 442.16 917.68 463.78 897.34 583.31 744.33 719.59 894.73 735.77
00008723 00000192 463.18 197.75 490.31 721.72 732.55 441.17 917.75 462.80 897.87 582.46 744.20 720.22 895.18 736.56
00008724 00000193 462.34 198.40 490.89 720.76 732.62 441.07 917.99 462.95 898.37 582.81 743.71 720.03 894.84 736.55
00008725 00000194 459.11 195.13 492.63 724.56 727.92 438.63 919.27 459.95 896.81 582.79 734.71 720.43 891.90 736.72
00008726 00000195 459.10 195.66 492.74 724.33 728.37 438.49 919.21 460.00 896.90 582.79 735.00 720.35 891.80 736.80
00008727 00000196 456.65 201.29 499.54 716.46 724.09 436.65 923.26 457.94 895.99 583.48 733.37 719.02 897.24 734.97
00008728 00000197 456.64 202.10 499.76 715.71 724.68 437.36 923.49 458.01 896.53 583.54 734.33 719.45 897.57 734.84
00008729 00000198 461.01 195.89 495.74 719.05 729.96 435.70 922.01 455.41 897.05 582.50 741.54 716.71 897.59 731.42
00008730 00000199 460.99 195.67 495.88 719.32 730.08 435.54 922.09 454.71 897.49 582.28 741.71 717.08 897.72 731.43
00008731 00000200 460.65 196.09 496.10 719.08 730.05 435.72 921.89 454.97 897.68 582.25 741.51 717.02 897.65 731.44
00008732 00000201 460.69 195.47 497.06 719.14 731.02 435.91 923.47 454.47 900.74 580.73 742.93 715.66 899.86 729.55
00008733 00000202 461.79 192.78 496.23 721.46 731.40 435.66 923.48 455.05 900.50 579.71 742.91 715.24 899.64 729.84
00008734 00000203 472.60 195.99 490.50 711.26 734.76 431.92 926.13 445.74 899.63 575.58 753.13 714.96 904.12 725.49
00008735 00000204 472.29 194.77 491.08 712.70 734.84 431.75 926.26 445.77 899.69 575.42 753.33 714.98 904.20 725.64
00008736 00000205 472.16 193.53 491.04 713.82 734.86 431.84 925.83 445.42 899.73 575.18 753.62 715.01 904.04 725.33
00008737 00000206 472.08 182.17 497.61 721.84 735.00 422.33 930.97 447.36 903.39 570.08 754.19 706.10 912.27 725.07
00008738 00000207 472.30 181.76 497.23 722.95 734.78 421.74 931.09 447.07 902.78 570.08 753.50 706.05 912.17 725.26
00008739 00000208 474.39 177.39 498.15 718.97 738.09 414.78 932.70 440.57 901.21 564.90 751.63 697.63 909.31 717.28
00008740 00000209 474.45 177.60 498.01 718.83 738.06 414.68 932.89 440.31 901.47 564.93 751.46 697.64 909.64 717.15
00008741 00000210 474.90 176.48 499.35 715.05 736.63 411.10 934.29 436.02 899.68 556.50 750.79 692.49 911.44 711.34
00008742 00000211 474.36 177.11 499.96 713.76 737.08 411.21 934.26 436.36 900.23 556.65 751.24 692.52 911.27 711.60
00008743 00000212 475.61 176.71 498.53 714.82 737.17 411.16 934.27 436.36 899.63 556.46 751.41 692.37 911.59 711.46
00008744 00000213 473.38 160.25 497.52 728.84 736.69 404.88 934.28 430.35 900.36 552.85 745.20 687.17 908.57 706.48
00008745 00000214 473.12 160.90 497.94 727.85 736.46 405.12 934.38 430.48 900.27 553.15 744.86 687.30 908.38 706.53
00008746 00000215 469.78 162.40 498.35 721.73 732.36 398.35 932.77 423.83 895.79 551.61 739.78 683.58 904.02 702.96
00008747 00000216 469.93 163.83 498.14 720.78 731.94 398.79 932.23 423.44 895.51 551.63 739.50 683.59 904.29 702.22
00008748 00000217 470.24 162.87 497.79 721.14 732.97 398.27 932.90 423.95 895.92 551.86 740.45 683.34 904.09 702.85
00008749 00000218 467.22 164.59 496.78 712.54 727.91 394.05 930.32 420.66 891.72 549.33 736.90 679.96 900.13 700.06
00008750 00000219 467.55 163.97 496.43 713.10 727.93 394.06 930.48 420.67 891.80 549.25 737.13 679.99 900.45 700.07
00008751 00000220 464.30 155.56 493.64 713.92 722.07 389.82 927.08 415.05 889.40 542.80 736.12 675.59 899.36 694.30
00008752 00000221 463.56 154.12 494.14 715.32 722.00 390.14 926.99 414.88 889.86 542.96 735.45 675.34 899.06 693.72
00008753 00000222 455.15 147.75 498.81 719.32 718.09 382.43 923.94 409.66 888.67 537.59 730.85 672.70 893.28 693.24
00008754 00000223 455.38 146.92 498.47 719.80 718.21 382.51 923.72 409.82 888.70 537.40 730.84 672.61 893.17 693.22
00008755 00000224 455.26 146.87 498.51 719.80 718.13 382.46 923.67 409.77 888.71 537.31 730.81 672.54 893.19 693.16
00008756 00000225 448.82 150.86 499.98 719.56 715.60 380.68 920.72 413.18 886.41 536.63 723.04 670.41 887.83 695.51
00008757 00000226 449.39 151.22 499.91 719.91 716.06 380.96 921.30 413.54 886.80 536.91 723.17 670.89 888.29 696.06
00008758 00000227 452.12 153.44 497.80 714.88 716.64 385.56 905.82 408.87 890.85 538.86 726.91 674.00 882.77 693.60
00008759 00000228 452.31 153.78 497.50 714.55 716.57 385.43 905.78 408.67 890.71 538.74 727.18 673.93 882.86 693.46
00008760 00000229 452.28 153.81 497.62 714.55 716.60 385.41 905.73 408.70 890.77 538.72 727.23 673.93 882.81 693.49
00008761 00000230 437.28 147.45 497.78 712.63 709.41 381.88 908.07 405.08 882.84 535.70 728.50 667.82 882.10 684.67
00008762 00000231 437.75 150.07 497.50 710.06 709.10 381.37 908.39 404.83 882.18 535.65 728.31 667.42 882.15 684.41
00008763 00000232 442.98 143.39 490.11 713.59 711.04 387.26 896.69 400.58 884.55 533.37 736.62 676.14 881.05 687.57
00008764 00000233 443.26 143.66 489.79 713.25 711.19 387.19 896.53 400.63 884.28 533.31 736.78 676.06 880.92 687.56
00008765 00000234 434.74 135.22 493.84 725.23 701.68 384.24 889.55 407.01 874.67 531.69 722.14 668.54 879.99 685.76
00008766 00000235 434.80 135.58 493.43 725.52 701.80 384.21 889.74 407.49 874.59 531.67 722.44 668.18 880.86 685.81
00008767 00000236 436.39 129.16 491.57 725.93 705.00 386.84 891.62 402.34 875.61 529.92 733.17 672.59 877.46 685.30
00008768 00000237 426.77 124.42 497.28 733.75 696.90 384.11 883.88 397.96 865.09 527.27 724.98 670.75 870.75 682.18
00008769 00000238 426.86 124.39 497.24 733.80 696.89 384.11 883.78 397.87 865.15 527.14 725.55 670.71 871.16 682.03
00008770 00000239 419.81 131.18 497.35 730.55 693.16 379.29 880.13 401.28 858.15 525.91 713.14 669.90 859.46 688.46
00008771 00000240 419.58 130.10 497.89 731.67 693.07 379.32 879.94 401.11 858.44 525.45 713.20 670.07 859.43 688.45
00008772 00000241 419.36 130.06 498.23 731.84 692.48 379.09 880.01 401.02 858.00 525.37 712.94 670.07 859.61 688.58
00008773 00000242 410.37 129.94 503.27 737.72 684.48 374.29 875.09 402.27 847.30 523.06 702.99 668.45 850.07 691.23
00008774 00000243 410.47 129.72 503.03 737.84 684.00 374.27 874.80 402.01 847.08 522.61 702.90 668.46 850.23 691.03
00008775 00000244 407.20 131.22 503.27 729.75 675.81 373.27 871.90 398.55 839.37 521.91 690.57 662.13 846.26 682.04
00008776 00000245 407.25 132.24 502.57 727.00 675.33 374.19 871.32 399.28 839.01 522.57 688.43 661.66 844.92 681.57
00008777 00000246 404.56 134.19 501.12 715.98 670.26 375.11 868.39 400.42 834.24 523.61 681.00 657.18 840.49 676.98
00008778 00000247 404.87 135.64 500.25 714.65 670.22 375.17 868.12 400.01 834.21 523.45 681.50 657.63 840.61 677.03
00008779 00000248 404.78 135.45 500.33 714.83 670.02 375.12 868.07 399.62 834.21 523.34 681.75 657.88 840.83 677.00
00008780 00000249 402.36 132.11 498.16 716.12 665.88 375.08 863.01 397.84 829.31 521.90 678.70 656.39 837.10 673.78
00008781 00000250 401.73 133.50 499.27 715.57 665.82 374.95 863.69 398.10 830.23 522.05 677.70 656.38 837.36 674.11
00008782 00000251 398.82 132.57 493.07 715.67 660.59 374.10 857.60 396.96 826.54 517.10 677.28 656.96 834.61 674.03
00008783 00000252 398.99 133.15 493.05 715.42 660.69 374.20 857.58 397.03 826.69 517.06 677.02 656.89 834.59 673.94
00008784 00000253 398.77 132.05 493.17 716.74 660.80 373.94 857.41 397.11 826.47 516.97 676.74 656.05 834.41 673.39
00008785 00000254 391.68 129.88 493.27 715.53 657.14 369.62 855.36 395.27 825.11 517.89 668.35 654.86 825.70 674.53
00008786 00000255 392.51 128.56 492.33 716.90 657.56 369.65 854.87 394.89 825.05 517.84 668.76 654.76 825.51 674.13
00008787 00000256 386.04 132.21 492.88 713.78 653.64 367.10 851.92 389.66 824.31 516.79 664.10 655.02 822.69 672.35
00008788 00000257 386.52 131.72 492.41 714.18 653.96 366.91 851.97 389.81 824.38 516.56 664.21 654.95 822.70 672.52
00008789 00000258 382.87 125.63 492.52 721.71 652.11 365.13 848.74 387.91 822.58 516.69 658.39 654.15 815.74 671.66
00008790 00000259 382.42 126.03 493.49 721.73 652.07 365.12 848.72 387.84 822.64 517.07 657.82 654.37 815.43 671.84
00008791 00000260 382.31 124.59 493.27 722.98 651.92 365.15 848.75 388.19 822.66 517.02 657.77 654.08 815.37 671.82
00008792 00000261 381.62 139.00 495.39 716.42 645.80 365.57 833.12 382.61 826.58 519.09 647.88 657.66 811.18 672.73
00008793 00000262 381.66 139.30 495.15 716.16 645.70 365.53 833.44 382.71 826.52 519.19 647.96 657.72 811.41 672.87
00008794 00000263 376.51 142.41 499.21 707.67 642.95 364.38 830.24 380.62 825.51 519.24 645.57 654.25 807.88 668.86
00008795 00000264 376.97 142.60 498.78 708.15 643.33 365.36 830.02 381.47 825.04 519.60 645.63 654.33 807.49 668.84
00008796 00000265 377.25 142.85 498.65 707.97 643.43 365.38 829.96 381.52 825.06 519.73 645.51 654.41 807.39 668.98
00008797 00000266 374.34 137.37 497.65 714.26 638.85 363.58 827.69 374.79 822.93 521.06 641.99 655.81 806.53 666.22
00008798 00000267 374.49 137.16 497.60 714.74 638.71 363.10 827.75 375.09 822.41 520.64 642.00 655.50 806.64 666.51
00008799 00000268 374.19 123.02 490.42 735.23 639.45 363.02 824.10 374.94 823.37 517.55 638.69 656.40 806.07 667.20
00008800 00000269 373.97 121.76 490.37 735.57 639.30 363.29 823.59 374.59 824.12 516.93 638.81 656.72 805.48 667.04
00008801 00000270 366.62 124.21 495.07 724.41 639.30 368.93 816.38 373.47 810.48 511.17 650.61 650.73 796.28 657.34
00008802 00000271 366.80 123.90 494.91 724.91 639.46 369.06 816.42 373.65 810.66 511.18 650.53 650.68 796.23 657.36
00008803 00000272 366.55 123.78 495.06 725.08 639.41 369.07 816.37 373.52 810.57 511.07 650.61 650.73 796.27 657.28
00008804 00000273 359.59 126.11 493.47 716.86 632.58 369.20 808.38 371.49 804.49 508.92 649.62 650.63 792.25 654.88
00008805 00000274 359.67 125.86 493.55 717.03 632.53 368.96 808.70 370.42 804.79 508.60 649.74 650.45 792.82 654.05
00008806 00000275 351.80 121.60 493.76 720.34 621.68 370.19 802.05 367.34 794.25 508.88 641.74 651.45 788.01 650.75
00008807 00000276 351.56 122.00 494.20 719.83 621.35 369.82 802.19 367.15 794.12 508.78 641.61 651.46 788.21 650.90
00008808 00000277 351.86 122.11 493.81 719.71 621.60 370.30 801.96 367.39 794.06 508.82 641.90 651.47 788.00 650.70
00008809 00000278 344.10 117.13 491.80 722.76 614.66 374.07 793.84 367.84 787.71 509.27 636.88 654.73 781.09 650.93
00008810 00000279 344.72 118.87 491.42 720.97 614.66 373.19 794.71 366.75 787.38 509.19 636.91 654.70 781.47 650.73
00008811 00000280 336.81 116.44 490.14 720.60 606.73 373.53 786.94 364.96 782.21 508.69 635.43 656.71 776.31 649.75
00008812 00000281 336.85 116.58 490.24 720.52 606.57 373.46 787.08 364.89 781.96 508.59 635.12 656.75 776.40 649.75
00008813 00000282 334.04 115.89 486.28 714.26 603.64 373.42 779.51 365.09 775.11 505.27 638.17 653.38 773.54 646.13
00008814 00000283 333.57 117.03 486.06 712.66 603.65 372.98 779.08 364.70 775.00 505.15 637.85 653.10 773.03 645.88
00008815 DELETE   333.70 116.86 485.71 712.59 603.86 373.10 779.38 365.04 775.53 505.20 637.91 653.14 773.21 646.13
00008816 00000285 326.46 128.46 486.06 699.40 595.80 372.37 770.11 362.67 767.62 504.72 634.78 652.05 769.56 643.13
00008817 00000286 326.04 128.57 486.54 699.23 595.89 372.84 769.65 362.88 767.57 504.66 634.58 651.81 769.33 642.70
00008818 00000287 320.72 122.13 486.80 706.66 593.40 371.74 762.06 358.34 767.90 502.55 635.07 652.20 764.19 640.52
00008819 00000288 320.00 121.44 487.30 706.23 593.23 372.43 761.82 358.70 767.75 502.98 635.00 652.05 763.78 640.09
00008820 00000289 319.65 121.30 487.47 706.22 593.11 372.57 761.84 358.62 767.85 503.04 634.78 652.15 763.72 640.02
00008821 00000290 315.01 112.31 487.98 716.11 592.01 370.13 757.07 355.78 767.42 499.63 637.07 652.80 762.05 640.27
00008822 00000291 317.21 112.24 486.36 717.96 590.14 369.79 757.21 355.67 765.67 498.92 636.49 654.33 763.20 641.78
00008823 00000292 312.84 109.80 486.39 717.12 588.35 369.31 752.36 352.85 764.40 496.10 634.95 652.41 760.11 638.03
00008824 00000293 314.28 110.11 485.31 716.34 588.86 369.57 751.82 353.19 764.07 495.96 635.58 651.95 759.85 637.65
00008825 00000294 307.91 107.90 489.06 717.54 576.32 364.25 750.37 348.03 767.15 493.56 620.87 650.96 759.91 637.53
00008826 00000295 308.05 107.82 488.84 717.74 576.35 364.34 750.20 348.08 766.87 493.76 620.92 651.09 759.85 637.65
00008827 00000296 307.88 107.87 489.05 717.39 576.24 364.42 750.23 348.07 766.92 493.69 620.70 650.97 759.69 637.43
00008828 00000297 300.63 108.09 493.06 714.82 569.24 366.32 741.77 347.29 760.65 494.76 613.79 649.94 754.33 634.17
00008829 00000298 300.83 108.60 493.13 714.04 569.18 366.90 741.91 346.86 760.54 495.16 613.81 650.26 754.48 633.68
00008830 00000299 294.67 106.83 497.26 716.95 566.48 369.54 736.61 345.63 759.69 495.68 611.88 651.19 752.24 631.52
00008831 00000300 295.53 106.92 496.43 716.93 567.10 369.53 737.08 345.89 759.52 496.02 611.61 650.59 752.10 631.15
00008832 00000301 294.70 107.00 496.58 716.65 565.40 369.32 735.59 345.04 758.26 495.38 610.63 651.11 751.33 631.17
00008833 00000302 292.12 107.73 494.64 716.61 562.74 370.35 731.19 346.92 755.45 495.85 607.63 651.48 745.96 632.27
00008834 DELETE   291.78 107.27 494.97 716.39 562.98 370.38 730.58 347.37 754.90 495.54 608.08 650.90 745.43 632.03
00008835 DELETE   289.78 105.14 495.21 720.76 560.63 368.51 729.91 346.86 751.89 495.53 606.25 651.80 744.68 633.99
00008836 00000305 291.58 107.41 493.52 715.15 574.63 371.00 729.78 348.17 758.67 492.20 623.06 651.43 740.73 633.73
00008837 00000306 293.22 108.05 489.67 716.82 570.87 367.76 727.71 348.32 753.26 490.07 618.86 650.20 738.84 635.57
00008838 00000307 293.05 107.41 489.78 717.49 570.80 368.14 727.49 348.39 753.23 490.24 619.07 650.41 738.98 635.56
00008839 00000308 293.11 107.33 489.80 717.60 570.74 367.98 727.55 348.22 753.17 490.14 619.20 650.51 739.08 635.66
00008840 00000309 294.42 110.20 486.25 713.11 569.91 365.41 724.76 346.19 749.76 489.02 618.69 649.60 736.31 635.43
00008841 00000310 294.78 110.73 485.74 712.81 570.08 365.44 724.75 346.20 749.73 489.15 619.06 649.78 736.43 635.59
00008842 00000311 291.00 107.68 486.63 715.30 568.18 365.10 721.61 341.24 747.21 487.04 616.98 647.41 734.21 629.12
00008843 00000312 291.16 108.34 486.26 714.11 568.01 364.80 721.77 341.58 747.00 486.85 616.77 647.40 734.20 629.62
00008844 00000313 291.27 108.40 486.11 713.93 568.09 364.77 721.72 341.56 747.03 486.83 616.83 647.35 734.15 629.59
00008845 00000314 288.74 111.20 487.17 712.72 565.18 362.94 722.55 343.20 743.05 486.57 609.87 646.50 730.51 631.47
00008846 00000315 288.13 110.80 487.60 713.30 565.55 362.46 722.99 343.10 743.39 486.49 610.22 646.44 730.85 631.76
00008847 00000316 286.13 109.64 489.42 712.78 564.48 360.64 723.10 340.68 744.35 486.21 606.33 644.78 729.23 629.66
00008848 00000317 286.27 109.38 489.42 712.96 564.22 360.99 723.23 340.83 743.87 486.33 606.33 644.86 729.35 629.51
00008849 00000318 286.92 112.51 489.14 720.62 563.38 358.20 720.69 340.34 740.92 484.55 598.19 642.25 724.12 629.50
00008850 00000319 286.61 113.07 489.39 720.29 563.31 358.09 720.82 340.71 740.51 484.56 598.09 642.12 724.14 629.72
00008851 00000320 286.64 112.31 489.51 720.96 563.62 357.96 721.11 340.54 740.73 484.50 598.09 641.99 724.07 629.57
00008852 00000321 285.20 114.78 489.45 725.74 561.76 358.46 718.04 344.44 740.29 484.19 589.28 641.94 718.47 632.78
00008853 00000322 285.65 115.05 489.01 725.69 561.68 358.34 717.91 344.35 740.15 484.12 589.25 641.98 718.52 632.84
00008854 00000323 283.84 109.56 489.38 723.70 562.69 359.75 721.59 344.59 741.34 487.49 594.39 644.73 721.35 634.45
00008855 00000324 283.39 109.28 490.05 723.88 562.74 359.91 721.46 344.63 741.54 487.46 594.46 644.68 721.19 634.36
00008856 00000325 283.35 109.18 490.07 724.11 562.90 360.28 721.51 344.83 741.83 487.59 594.49 644.67 721.37 634.18
00008857 00000326 285.86 111.78 490.52 712.88 567.77 365.15 722.61 344.83 747.62 489.95 610.12 649.13 728.53 634.08
00008858 00000327 285.75 111.62 490.55 713.15 567.91 365.18 722.92 345.18 747.54 490.05 610.05 649.06 728.51 634.27
00008859 00000328 288.31 111.94 492.70 708.16 571.85 367.74 723.86 345.67 753.76 488.97 618.75 648.28 736.44 631.75
00008860 00000329 286.94 112.23 493.35 707.69 571.68 367.72 723.81 346.12 753.83 488.96 618.36 647.85 736.16 631.63
00008861 00000330 290.40 107.85 493.95 714.64 561.82 363.02 733.14 345.93 750.00 494.58 602.46 647.43 744.97 633.53
00008862 00000331 290.59 108.12 493.96 714.06 561.95 363.38 732.82 345.79 749.85 494.66 603.19 647.72 745.25 633.36
00008863 00000332 290.71 108.24 493.77 713.89 561.92 363.40 732.98 345.71 750.09 494.56 603.55 647.82 745.62 633.39
00008864 00000333 292.17 106.20 494.23 721.10 563.91 364.08 733.50 346.45 752.82 495.26 604.67 650.30 745.93 636.01
00008865 00000334 292.02 106.24 494.51 720.36 564.31 363.66 733.58 346.71 753.16 495.13 604.76 649.98 745.60 636.34
00008866 00000335 292.34 114.32 494.79 713.09 574.69 369.16 730.97 349.11 758.38 493.98 619.50 653.13 739.34 638.50
00008867 00000336 292.07 111.91 493.86 720.55 563.74 363.40 733.90 348.62 755.00 497.84 603.83 653.71 745.44 642.04
00008868 00000337 292.01 111.88 494.21 720.03 563.74 363.30 734.18 348.73 754.81 497.94 603.65 653.40 745.49 641.92
00008869 00000338 290.68 112.11 493.50 722.44 571.96 371.63 727.19 354.09 752.98 497.29 612.31 654.69 732.35 642.59
00008870 00000339 290.32 110.99 494.07 723.48 572.16 371.21 727.74 353.80 753.35 496.89 612.84 654.61 733.06 642.63
00008871 00000340 290.91 108.43 492.27 728.51 571.64 371.95 729.02 356.11 753.00 498.47 607.85 653.97 730.77 643.49
00008872 00000341 291.22 109.13 492.25 727.35 571.06 372.23 729.06 356.42 752.41 498.63 607.17 654.24 730.70 643.79
00008873 00000342 289.36 105.60 491.36 730.55 569.85 371.58 727.06 357.88 750.00 498.28 603.14 652.65 726.39 644.14
00008874 00000343 289.07 107.92 491.60 727.78 569.42 371.58 727.26 357.30 749.67 498.81 603.01 653.11 726.29 644.03
00008875 00000344 289.27 107.91 491.44 728.01 569.76 371.77 727.31 357.39 749.99 498.89 603.14 653.09 726.31 643.97
00008876 00000345 286.89 109.11 491.83 727.20 566.95 370.85 725.60 356.76 747.75 499.83 598.82 654.07 722.61 645.18
00008877 00000346 287.02 109.13 491.39 726.81 567.18 370.03 725.63 356.38 747.60 499.53 599.40 654.04 722.77 645.48
00008878 00000347 285.79 114.59 490.01 722.16 565.09 368.98 725.01 356.49 744.96 500.06 594.95 654.21 719.93 646.56
00008879 00000348 285.09 116.06 490.33 720.43 564.59 368.45 724.94 356.12 744.66 499.92 594.73 654.09 720.13 646.38
00008880 00000349 285.52 116.46 490.22 719.36 565.05 368.50 725.77 356.37 744.98 500.04 595.23 654.11 720.75 646.53
00008881 00000350 285.89 115.05 487.78 721.91 563.74 368.18 726.45 356.32 741.86 501.21 593.52 654.51 720.80 647.02
00008882 00000351 286.10 114.87 487.88 722.34 563.77 368.78 726.57 356.38 741.84 501.54 593.64 654.69 720.68 646.77
00008883 00000352 285.01 115.43 487.87 722.73 561.26 367.98 726.88 356.54 738.48 502.58 590.31 655.42 719.92 648.29
00008884 00000353 284.96 114.83 487.93 723.56 561.04 367.72 726.92 356.66 738.50 502.30 589.89 655.70 719.72 648.95
00008885 00000354 281.95 116.70 488.80 722.99 559.59 368.50 727.71 358.48 736.67 503.49 587.34 656.69 719.28 650.72
00008886 00000355 281.93 116.90 488.67 723.02 559.68 368.34 727.68 358.74 736.64 503.54 587.35 656.57 719.33 650.93
00008887 00000356 282.10 117.18 488.55 723.00 559.77 368.59 727.71 358.72 736.72 503.74 587.63 656.95 719.61 651.07
00008888 00000357 280.54 119.16 487.66 721.45 557.07 367.37 726.13 359.15 732.99 504.18 584.68 657.08 717.49 652.34
00008889 00000358 279.87 119.41 488.17 721.83 557.32 367.56 725.72 359.79 733.47 504.30 584.48 657.25 716.91 652.94
00008890 00000359 276.61 120.60 490.13 720.12 554.95 367.32 725.32 360.29 731.21 504.72 584.55 658.13 716.65 654.15
00008891 00000360 276.83 120.31 489.92 720.51 554.97 367.28 725.47 360.17 731.33 504.70 584.49 658.21 716.82 654.17
00008892 00000361 276.88 121.54 489.69 719.17 554.68 367.33 725.20 360.25 730.96 504.73 584.40 658.29 716.71 654.24
00008893 00000362 275.73 121.35 489.07 720.31 553.74 368.58 723.07 360.04 729.84 505.51 583.99 659.34 715.44 654.22
00008894 00000363 276.36 122.11 488.90 719.34 552.59 368.75 723.40 359.45 729.60 504.69 583.37 659.30 716.06 653.52
00008895 00000364 275.77 119.51 488.52 722.51 550.87 369.49 723.65 361.50 727.30 505.77 581.22 659.41 714.75 654.48
00008896 00000365 275.09 120.69 488.96 721.07 550.07 370.03 723.37 361.29 726.42 505.90 580.70 659.69 715.07 654.10
00008897 00000366 270.08 121.03 489.62 719.89 548.93 370.15 722.60 365.09 726.98 506.33 578.94 659.71 713.63 656.78
00008898 00000367 269.70 121.72 490.16 719.23 548.76 370.35 722.39 365.38 726.89 506.54 578.76 659.71 713.44 656.81
00008899 00000368 269.81 121.89 490.08 719.05 548.81 370.34 722.42 365.30 726.90 506.51 578.79 659.72 713.47 656.77
00008900 00000369 268.11 138.01 486.08 699.65 542.02 375.35 714.42 366.78 718.10 507.71 574.40 658.85 709.84 652.02
00008901 00000370 267.98 137.49 486.16 700.04 541.92 375.02 714.69 366.72 718.03 507.83 574.32 658.75 709.79 652.15
00008902 00000371 262.02 138.39 488.43 700.17 536.53 377.06 709.56 368.50 711.37 510.00 569.63 660.92 705.17 653.64
00008903 00000372 261.85 138.98 488.69 699.32 536.30 377.06 709.52 368.56 711.16 510.15 569.63 661.04 705.12 653.80
00008904 00000373 261.87 138.70 488.68 699.61 536.34 377.12 709.53 368.66 711.16 510.24 569.61 661.03 705.11 653.81
00008905 00000374 256.46 124.70 486.95 715.78 530.53 378.51 704.61 374.22 703.46 511.04 563.21 662.45 698.78 658.46
00008906 00000375 257.21 125.46 486.26 714.84 530.77 378.04 704.98 374.09 703.34 510.84 563.64 662.59 699.06 658.91
00008907 00000376 255.49 130.10 484.45 712.72 519.96 377.14 702.72 374.02 693.20 512.35 554.30 664.34 698.05 660.44
00008908 00000377 255.65 129.92 484.43 712.61 520.07 377.34 702.66 374.01 693.15 512.35 554.48 664.32 697.82 660.26
00008909 00000378 246.84 133.48 488.56 706.83 508.68 380.07 697.60 375.11 685.39 515.60 543.89 665.46 693.00 659.74
00008910 00000379 246.85 133.61 488.66 706.84 508.67 380.22 697.45 375.05 685.24 515.55 543.76 665.35 692.96 659.47
00008911 00000380 247.85 134.20 487.64 706.48 509.03 380.50 697.41 375.19 685.70 515.91 543.68 665.50 692.94 659.56
00008912 DELETE   239.97 125.57 491.69 717.82 504.16 382.88 693.57 381.00 681.56 517.63 540.42 666.13 688.88 662.61
00008913 DELETE   239.23 123.93 492.05 719.65 504.60 382.51 693.89 380.76 682.09 517.73 540.33 666.14 688.63 662.76
00008914 00000383 231.44 119.19 499.30 727.92 501.06 380.87 692.73 384.20 680.51 515.96 532.30 666.13 683.62 666.77
00008915 00000384 231.36 119.64 499.50 727.52 501.26 381.07 692.87 384.21 680.59 516.36 532.35 666.17 683.71 666.69
00008916 00000385 231.65 120.30 499.28 727.07 501.06 381.23 692.81 384.17 680.54 516.44 532.25 666.27 683.77 666.60
00008917 DELETE   229.27 116.72 498.11 738.00 494.80 381.28 692.19 385.22 677.98 520.19 524.59 671.25 679.92 671.99
00008918 DELETE   229.05 117.09 498.16 737.14 494.78 381.50 692.05 385.18 678.01 520.21 524.97 670.94 680.06 671.45
00008919 00000388 228.45 117.28 496.01 741.27 491.11 384.19 690.35 387.25 675.78 524.25 520.92 675.87 677.71 675.99
00008920 00000389 228.48 117.18 495.70 741.05 491.21 384.31 690.43 387.28 675.88 524.52 521.18 675.85 677.85 675.87
00008921 00000390 231.78 131.80 498.54 732.35 493.26 388.41 682.35 383.03 680.19 537.02 520.57 681.93 678.84 677.77
00008922 00000391 231.94 132.59 498.26 731.05 493.25 387.48 682.36 382.74 679.66 537.11 520.85 681.55 678.65 677.84
00008923 DELETE   232.60 132.34 497.59 730.83 493.53 387.82 682.09 382.78 679.54 537.24 520.67 681.20 678.32 677.29
00008924 00000393 222.15 148.89 502.39 709.83 483.89 394.39 686.69 395.09 666.21 542.19 511.13 681.06 671.51 679.46
00008925 00000394 222.27 147.02 501.78 711.00 483.38 394.57 686.43 394.84 666.21 541.71 511.18 681.32 671.56 679.38
00008926 00000395 218.26 149.96 504.21 714.94 475.75 398.72 681.09 398.18 659.65 544.62 504.47 685.58 667.99 682.93
00008927 00000396 217.29 149.90 505.09 715.06 476.11 398.33 681.29 398.20 659.90 544.94 504.89 685.43 668.02 683.10
00008928 00000397 217.19 150.11 505.31 714.83 476.01 398.21 681.34 398.05 659.91 544.80 505.00 685.40 668.11 683.04
00008929 00000398 221.84 146.67 504.75 732.05 475.14 405.91 668.98 394.03 663.55 550.17 501.60 692.74 666.69 683.48
00008930 00000399 221.92 145.93 504.94 732.86 475.13 405.56 669.54 394.01 663.37 549.97 501.59 692.71 667.14 683.66
00008931 00000400 216.08 141.02 506.30 734.85 474.72 406.55 675.65 404.24 657.05 551.63 494.10 691.31 661.70 687.71
00008932 00000401 214.92 140.27 508.02 735.71 475.85 406.35 676.31 404.68 656.92 552.26 494.24 691.20 661.66 688.18
00008933 00000402 216.86 143.40 506.14 734.44 469.91 409.13 673.67 410.22 647.69 556.13 493.14 693.17 662.88 692.12
00008934 00000403 216.90 142.86 505.70 734.90 470.10 409.30 673.58 410.34 647.92 556.05 493.44 693.14 662.90 692.03
00008935 00000404 216.96 143.03 505.58 734.66 470.07 409.34 673.58 410.41 647.94 556.01 493.38 693.12 662.92 692.04
00008936 00000405 217.71 146.04 505.36 735.04 470.46 414.78 671.43 413.05 646.62 560.19 495.21 697.39 663.74 694.22
00008937 00000406 217.80 148.22 505.34 733.01 470.10 414.55 671.21 412.48 646.52 560.04 495.18 697.45 664.00 694.02
00008938 00000407 217.88 152.25 503.01 728.39 469.82 417.40 672.61 414.71 647.10 563.27 498.07 700.51 665.81 696.53
00008939 00000408 218.03 152.79 503.23 728.49 469.87 417.05 672.40 414.56 646.75 563.12 498.23 700.64 665.41 696.84
00008940 00000409 217.87 152.60 503.53 728.41 469.76 417.03 672.35 414.55 646.69 563.02 498.19 700.60 665.33 696.80
00008941 00000410 225.28 153.84 501.66 727.17 469.85 426.37 669.91 416.16 649.07 567.90 501.66 702.72 666.74 694.94
00008942 00000411 226.13 153.33 500.98 727.99 469.98 426.31 669.86 415.81 649.11 567.70 502.40 703.43 667.54 695.33
00008943 00000412 225.89 151.87 501.27 733.13 467.18 427.33 670.11 415.58 646.99 567.61 501.88 706.10 669.55 696.79
00008944 00000413 226.03 153.66 501.07 730.92 466.78 427.68 669.93 415.68 646.97 567.96 501.81 706.20 669.51 696.70
00008945 00000414 224.58 155.72 499.22 726.80 463.27 433.40 668.32 418.05 645.45 569.60 504.83 708.92 671.86 696.46
00008946 00000415 225.02 155.15 498.82 727.40 463.03 433.17 668.16 417.68 644.99 569.15 504.54 708.96 671.71 696.39
00008947 00000416 224.89 155.63 498.83 726.23 463.05 433.44 668.18 417.59 645.34 569.52 504.76 708.99 671.84 696.18
00008948 00000417 227.87 152.40 490.91 723.85 463.49 438.06 668.57 419.63 644.77 572.73 512.12 711.83 673.84 696.62
00008949 00000418 227.93 154.09 490.77 722.34 463.11 437.95 668.51 419.35 644.63 572.91 512.40 712.19 673.84 696.83
00008950 00000419 220.75 168.88 494.95 712.20 458.09 440.44 662.98 423.11 641.19 571.02 511.16 713.77 671.36 699.02
00008951 00000420 220.89 169.06 494.47 712.03 458.63 440.35 663.15 423.41 641.50 570.95 511.45 713.56 671.60 699.10
00008952 00000421 220.66 168.85 494.87 712.07 458.18 440.47 662.98 423.14 641.22 571.00 511.25 713.70 671.52 698.94
00008953 00000422 220.01 177.49 494.29 695.37 458.46 429.57 667.29 415.99 641.36 563.24 514.24 714.98 673.66 702.35
00008954 00000423 220.26 177.25 493.87 696.14 458.80 429.78 667.37 416.32 641.69 563.29 514.16 715.35 673.40 702.85
00008955 00000424 219.41 175.67 489.11 685.57 455.41 427.06 662.97 410.90 636.98 561.29 515.76 711.90 670.21 697.22
00008956 00000425 219.51 175.12 488.62 686.17 455.80 426.98 663.33 411.48 637.24 561.45 515.83 711.84 670.29 697.69
00008957 00000426 213.89 177.51 493.85 688.17 451.03 424.97 663.36 410.15 633.76 562.10 506.23 710.72 666.73 697.30
00008958 00000427 213.50 177.02 494.39 690.11 450.72 425.22 663.39 410.24 633.85 562.00 505.60 711.08 666.57 697.58
00008959 00000428 213.65 176.83 494.07 689.90 450.75 425.18 663.32 410.22 633.78 562.02 505.74 710.91 666.63 697.41
CROP_BBOX: 2 0 1188 1080
