Video ID: 	C8GnDNjspjA
H: 	2160
W: 	3840
FPS: 	30.0

FRAME INDEX X0 Y0 W H [Landmarks (5 Points)]

00064235 00000000 1642.21 221.40 1095.92 1510.85 1846.19 736.27 2351.43 805.92 1981.05 1093.16 1829.48 1325.14 2218.53 1386.80
00064236 00000001 1642.12 215.30 1094.90 1510.59 1846.33 731.87 2344.12 797.37 1976.23 1079.05 1830.23 1322.16 2203.07 1380.62
00064237 00000002 1639.64 218.02 1099.14 1527.01 1852.34 717.75 2329.84 780.25 1980.55 1064.49 1833.75 1320.67 2196.57 1377.94
00064238 00000003 1638.80 223.75 1101.70 1536.67 1855.59 711.07 2328.77 774.99 1976.23 1060.97 1834.96 1323.52 2192.05 1381.82
00064239 00000004 1642.48 229.23 1099.41 1530.00 1860.61 708.02 2336.72 776.85 1983.01 1060.37 1834.06 1317.33 2195.40 1379.64
00064240 00000005 1649.63 232.12 1096.45 1524.26 1869.69 705.85 2352.14 786.05 1992.02 1066.01 1833.10 1313.22 2201.56 1384.81
00064241 00000006 1657.29 225.78 1095.64 1511.70 1879.28 714.01 2381.65 800.73 2003.15 1085.27 1840.53 1318.30 2205.68 1395.87
00064242 00000007 1666.25 244.51 1095.15 1496.29 1893.40 719.17 2399.68 806.57 2027.08 1103.56 1859.99 1326.26 2225.61 1404.60
00064243 00000008 1679.08 249.23 1096.85 1492.45 1907.70 718.96 2418.18 807.43 2047.85 1102.23 1877.21 1330.32 2244.36 1409.27
00064244 00000009 1703.47 251.04 1097.33 1488.59 1929.19 720.46 2441.01 801.92 2073.32 1101.17 1908.59 1338.65 2269.59 1411.82
00064245 00000010 1719.88 260.90 1095.01 1503.16 1953.08 720.52 2456.93 804.32 2098.13 1109.81 1928.62 1343.60 2286.50 1418.73
00064246 00000011 1736.34 269.49 1086.91 1501.87 1963.69 727.15 2459.39 805.95 2108.93 1119.73 1950.60 1352.02 2300.21 1422.72
00064247 00000012 1736.68 273.53 1089.71 1483.15 1964.54 725.84 2465.60 805.17 2115.23 1121.54 1951.06 1346.47 2304.28 1417.58
00064248 00000013 1737.23 268.30 1086.05 1474.56 1961.24 725.45 2463.70 802.19 2114.74 1116.28 1950.53 1338.67 2304.42 1407.67
00064249 00000014 1733.48 262.05 1086.01 1471.72 1957.75 721.83 2462.31 794.48 2114.72 1108.11 1946.64 1332.13 2301.81 1398.07
00064250 00000015 1734.08 259.53 1083.61 1482.63 1954.39 721.38 2458.97 793.04 2110.94 1107.09 1944.04 1335.60 2303.63 1400.76
00064251 00000016 1729.72 257.20 1086.77 1496.32 1951.64 722.65 2457.19 795.06 2107.68 1110.20 1942.21 1340.60 2311.86 1406.15
00064252 00000017 1726.49 252.98 1088.69 1505.54 1944.08 726.45 2451.82 796.78 2100.83 1118.58 1939.08 1350.12 2312.41 1413.71
00064253 00000018 1716.44 252.31 1091.76 1490.70 1937.73 734.42 2448.46 807.82 2099.53 1124.36 1928.70 1342.26 2303.19 1408.40
00064254 00000019 1722.01 255.04 1087.61 1492.97 1936.92 753.80 2437.34 826.45 2088.58 1127.40 1928.05 1347.06 2304.66 1411.90
00064255 00000020 1719.45 247.13 1090.20 1526.23 1930.33 766.11 2429.80 836.16 2079.38 1128.85 1925.09 1360.59 2309.76 1422.47
00064256 00000021 1715.02 246.76 1087.27 1521.20 1924.94 767.08 2426.74 842.14 2072.92 1134.34 1916.68 1360.36 2300.19 1426.39
00064257 00000022 1712.81 242.65 1082.47 1505.27 1922.15 765.82 2424.26 841.63 2071.22 1130.48 1915.08 1354.35 2287.86 1420.99
00064258 00000023 1712.11 237.47 1079.73 1501.98 1918.94 763.46 2421.03 836.70 2070.01 1126.12 1914.59 1351.68 2281.41 1416.46
00064259 00000024 1709.58 238.68 1081.82 1511.77 1916.66 763.11 2416.57 832.56 2066.25 1126.22 1917.50 1357.45 2282.09 1418.82
00064260 00000025 1706.46 247.33 1082.04 1498.76 1908.83 759.66 2410.62 826.78 2057.63 1125.93 1916.68 1362.49 2281.17 1421.27
00064261 00000026 1702.27 247.21 1083.17 1522.37 1902.52 757.41 2403.25 823.30 2046.91 1120.73 1910.09 1366.43 2278.74 1424.12
00064262 00000027 1692.91 253.38 1089.81 1522.80 1907.35 758.04 2394.70 814.68 2057.64 1101.15 1907.72 1362.64 2261.91 1415.00
00064263 00000028 1697.76 230.31 1079.07 1525.95 1900.31 756.03 2387.63 819.86 2033.03 1107.89 1901.90 1356.62 2249.87 1413.64
00064264 00000029 1694.65 226.98 1081.96 1526.20 1898.18 754.20 2384.03 816.41 2027.91 1105.05 1900.14 1354.11 2247.38 1409.95
00064265 00000030 1695.28 223.54 1080.14 1529.01 1897.12 753.18 2380.33 813.01 2024.74 1099.87 1897.89 1351.19 2245.69 1405.13
00064266 00000031 1693.82 229.17 1078.32 1528.26 1897.00 753.39 2378.02 812.66 2024.44 1097.78 1895.37 1348.46 2244.99 1402.11
00064267 00000032 1693.76 228.66 1076.14 1521.29 1893.91 753.47 2376.29 812.17 2021.71 1096.71 1891.66 1345.32 2244.30 1398.53
00064268 00000033 1691.83 231.75 1080.01 1532.58 1894.20 752.78 2376.17 813.86 2020.62 1101.31 1888.17 1347.10 2247.03 1402.24
00064269 00000034 1688.83 230.32 1080.74 1528.25 1889.83 755.95 2377.02 815.02 2021.72 1105.15 1886.09 1348.08 2257.19 1400.91
00064270 00000035 1684.92 227.15 1081.37 1538.83 1883.72 754.92 2378.02 816.04 2019.20 1108.96 1879.34 1348.53 2269.71 1402.22
00064271 00000036 1686.82 235.47 1084.87 1550.16 1889.84 754.52 2370.91 807.87 2026.90 1097.16 1879.29 1349.98 2280.49 1397.24
00064272 00000037 1683.60 229.02 1086.27 1547.70 1875.34 757.47 2378.89 819.24 2014.33 1115.58 1872.33 1348.72 2294.89 1401.78
00064273 00000038 1682.41 229.84 1087.94 1551.12 1874.22 757.25 2378.91 819.85 2013.95 1115.25 1868.92 1346.43 2297.37 1400.08
00064274 00000039 1680.95 226.39 1089.51 1558.87 1873.02 757.03 2376.77 819.99 2013.13 1113.94 1868.46 1343.58 2298.21 1397.56
00064275 00000040 1679.30 225.72 1090.50 1557.08 1873.61 758.56 2374.97 820.30 2013.46 1114.18 1869.76 1342.33 2297.51 1395.26
00064276 00000041 1677.82 225.57 1091.56 1553.15 1871.38 759.19 2373.63 819.47 2012.94 1114.39 1870.09 1342.67 2297.19 1394.37
00064277 00000042 1677.20 226.12 1091.77 1552.63 1872.36 761.25 2373.36 822.49 2013.99 1113.34 1869.06 1339.01 2297.78 1391.63
00064278 00000043 1675.48 225.16 1092.54 1545.37 1870.25 759.25 2375.66 821.32 2015.22 1115.78 1868.24 1336.61 2300.40 1389.90
00064279 00000044 1675.74 221.23 1089.72 1545.28 1869.58 759.75 2374.28 820.28 2014.67 1115.00 1869.67 1336.68 2300.48 1388.92
00064280 00000045 1670.60 221.02 1094.64 1550.56 1866.95 757.51 2372.38 818.60 2011.59 1113.81 1865.59 1338.71 2299.72 1391.34
00064281 00000046 1669.52 227.68 1096.31 1549.72 1866.43 758.52 2370.87 816.71 2010.85 1113.05 1866.45 1342.38 2301.77 1392.18
00064282 00000047 1669.43 228.71 1094.38 1548.57 1863.20 758.49 2367.86 816.53 2005.08 1112.64 1862.68 1344.46 2302.49 1393.82
00064283 00000048 1667.44 226.80 1094.57 1539.86 1860.82 759.18 2365.65 816.60 2003.12 1112.99 1862.67 1345.17 2298.58 1393.86
00064284 00000049 1667.59 227.90 1094.76 1548.31 1860.87 759.02 2364.88 817.31 2001.54 1111.05 1860.49 1344.13 2299.14 1393.63
00064285 00000050 1667.00 227.47 1095.14 1545.38 1860.42 758.56 2365.84 817.21 2001.94 1110.46 1859.71 1342.80 2300.50 1392.54
00064286 00000051 1666.22 223.85 1095.16 1541.18 1859.05 757.79 2364.04 816.24 2000.65 1108.99 1859.84 1341.35 2298.47 1390.89
00064287 00000052 1667.36 219.08 1093.20 1541.15 1857.62 756.13 2362.89 814.32 1998.59 1107.40 1859.33 1340.90 2295.45 1390.19
00064288 00000053 1670.20 220.36 1088.85 1536.01 1857.73 754.99 2360.85 813.59 1997.34 1106.24 1859.92 1339.09 2292.79 1388.64
00064289 00000054 1666.65 221.18 1092.86 1554.73 1857.64 753.24 2357.20 812.40 1994.87 1104.00 1858.09 1337.29 2295.06 1387.32
00064290 00000055 1667.54 223.44 1093.14 1557.74 1858.31 752.98 2355.35 810.06 1993.19 1099.07 1858.05 1338.06 2293.38 1386.17
00064291 00000056 1668.08 212.77 1088.97 1555.09 1860.55 754.69 2352.45 807.88 1995.58 1093.91 1868.55 1337.02 2284.51 1382.54
00064292 00000057 1677.46 213.08 1073.50 1490.14 1861.00 758.44 2339.71 806.51 2000.02 1089.50 1879.72 1326.97 2246.69 1370.85
00064293 00000058 1675.58 216.42 1074.17 1478.76 1856.52 751.85 2329.87 796.69 1994.39 1085.36 1888.21 1324.34 2243.95 1365.09
00064294 00000059 1672.44 212.02 1076.73 1516.70 1854.78 733.96 2330.57 789.00 1985.08 1082.34 1872.99 1312.27 2263.85 1362.01
00064295 00000060 1659.62 218.29 1085.34 1529.92 1852.93 726.76 2339.95 774.91 1994.92 1073.93 1869.19 1309.71 2288.18 1352.89
00064296 00000061 1658.44 215.79 1076.18 1543.54 1864.92 726.26 2336.97 759.90 2004.43 1051.93 1856.20 1289.04 2293.46 1317.97
00064297 00000062 1645.22 189.28 1095.27 1566.03 1843.64 705.68 2341.74 747.60 1995.88 1057.38 1857.55 1294.04 2300.41 1331.04
00064298 00000063 1643.58 194.49 1094.83 1561.90 1841.96 702.16 2336.05 742.67 1992.47 1053.77 1855.33 1290.46 2294.97 1326.19
00064299 00000064 1641.25 189.70 1097.74 1568.18 1839.99 702.28 2335.44 743.47 1990.29 1057.44 1854.63 1294.03 2292.78 1330.51
00064300 00000065 1640.23 190.01 1100.12 1572.74 1839.34 704.00 2334.35 744.99 1987.87 1059.31 1854.60 1297.35 2293.22 1333.34
00064301 00000066 1637.69 193.85 1101.30 1567.86 1837.55 705.53 2335.16 747.43 1988.79 1063.45 1852.20 1300.81 2291.32 1337.58
00064302 00000067 1636.55 194.35 1101.42 1571.39 1835.14 708.86 2334.79 749.98 1988.46 1069.26 1851.52 1304.72 2290.10 1341.10
00064303 00000068 1634.19 197.01 1103.04 1566.49 1834.65 710.69 2336.37 753.96 1988.56 1072.37 1849.32 1306.23 2289.80 1344.22
00064304 00000069 1633.42 196.25 1105.39 1571.24 1834.62 712.61 2338.15 756.83 1988.14 1076.46 1848.13 1309.89 2289.28 1348.77
00064305 00000070 1632.97 197.58 1105.58 1572.89 1835.24 716.04 2339.54 758.41 1989.48 1078.61 1850.95 1317.15 2292.48 1354.08
00064306 00000071 1637.31 193.50 1105.99 1574.83 1860.75 731.28 2320.65 774.14 2011.32 1064.79 1871.95 1306.74 2289.28 1340.34
00064307 00000072 1637.90 193.23 1103.46 1587.37 1859.67 734.59 2315.44 775.46 2006.03 1079.16 1874.19 1314.02 2288.79 1345.98
00064308 00000073 1636.00 196.45 1106.36 1588.21 1857.31 737.41 2318.88 777.10 2008.85 1081.31 1870.37 1323.99 2290.32 1354.96
00064309 00000074 1631.46 204.92 1108.89 1594.68 1852.56 739.29 2320.77 776.59 2011.13 1092.79 1868.34 1334.01 2290.44 1363.43
00064310 00000075 1628.41 219.09 1106.00 1557.73 1831.95 740.25 2342.94 779.56 1997.98 1114.67 1855.77 1347.60 2280.51 1382.46
00064311 00000076 1629.63 214.22 1103.25 1536.89 1834.03 743.80 2345.76 785.46 1998.89 1116.63 1854.80 1347.44 2253.72 1385.58
00064312 00000077 1631.49 212.30 1098.87 1517.90 1836.74 745.77 2350.49 784.69 2006.77 1117.23 1863.19 1350.02 2253.83 1385.86
00064313 00000078 1638.73 212.39 1091.89 1507.85 1840.85 744.91 2349.12 780.29 2011.11 1110.78 1872.40 1349.14 2245.36 1382.56
00064314 00000079 1639.97 213.97 1094.12 1504.44 1844.51 738.43 2349.72 772.90 2015.47 1101.24 1877.93 1348.04 2241.04 1380.77
00064315 00000080 1642.02 212.41 1095.83 1512.60 1847.75 734.96 2354.80 770.52 2018.54 1098.24 1882.12 1348.87 2245.68 1382.30
00064316 00000081 1646.37 216.48 1092.98 1490.23 1849.63 732.09 2361.95 768.59 2026.07 1101.71 1886.84 1344.06 2254.69 1378.02
00064317 00000082 1648.58 213.21 1093.06 1513.40 1851.18 731.04 2367.93 770.61 2028.39 1106.28 1884.83 1346.80 2262.84 1383.60
00064318 00000083 1647.30 214.82 1102.29 1546.99 1850.58 732.90 2374.86 774.08 2028.70 1116.07 1880.09 1351.08 2285.88 1388.80
00064319 00000084 1645.75 219.17 1105.63 1559.09 1851.84 734.15 2378.15 776.98 2029.04 1120.32 1878.19 1355.95 2293.64 1394.84
00064320 00000085 1646.39 220.41 1103.67 1558.61 1851.84 734.51 2379.64 777.36 2029.13 1119.85 1877.66 1356.25 2299.07 1394.84
00064321 00000086 1647.69 220.03 1103.35 1557.44 1850.45 736.80 2378.30 776.49 2028.55 1120.05 1880.07 1359.63 2301.52 1395.41
00064322 00000087 1650.48 217.44 1100.79 1550.31 1851.78 740.83 2382.56 781.43 2033.68 1128.26 1879.75 1355.78 2304.19 1392.67
00064323 00000088 1652.49 221.32 1097.74 1521.87 1851.55 745.92 2382.32 787.21 2037.49 1137.70 1880.76 1349.20 2302.39 1386.84
00064324 00000089 1651.23 219.23 1095.03 1511.18 1853.51 745.27 2384.78 792.29 2041.04 1143.76 1877.85 1343.86 2292.04 1386.71
00064325 00000090 1653.39 229.65 1093.93 1493.05 1854.77 746.32 2386.45 791.67 2044.90 1142.77 1880.56 1342.05 2294.78 1383.35
00064326 00000091 1653.72 235.90 1093.72 1482.40 1859.15 747.10 2387.90 788.23 2050.06 1135.33 1891.20 1346.54 2289.85 1384.50
00064327 00000092 1653.16 230.16 1094.41 1502.71 1861.93 751.80 2387.67 792.01 2051.78 1140.59 1893.57 1356.75 2284.12 1394.58
00064328 00000093 1653.52 239.50 1090.90 1503.01 1865.02 761.98 2388.89 802.61 2053.02 1150.80 1896.43 1370.39 2282.09 1408.46
00064329 00000094 1651.39 267.36 1089.26 1484.08 1862.43 769.95 2385.99 808.01 2054.39 1168.72 1901.68 1387.10 2279.40 1422.65
00064330 00000095 1647.74 296.30 1088.89 1455.48 1857.29 784.28 2380.85 822.65 2051.26 1187.44 1905.29 1399.70 2276.44 1434.61
00064331 00000096 1638.15 322.10 1092.69 1447.81 1840.60 802.56 2378.87 843.04 2043.36 1223.37 1894.17 1419.24 2279.97 1456.48
00064332 00000097 1632.21 329.04 1096.36 1457.62 1843.49 823.70 2385.63 868.67 2052.85 1250.05 1897.35 1436.69 2290.50 1476.94
00064333 00000098 1629.31 336.04 1101.35 1494.25 1843.35 840.02 2390.35 877.39 2064.83 1265.27 1898.18 1450.47 2316.37 1483.65
00064334 00000099 1628.28 344.72 1094.65 1514.00 1846.11 870.05 2380.13 891.47 2077.37 1296.31 1912.87 1468.53 2334.55 1488.91
00064335 00000100 1624.41 353.13 1098.60 1510.52 1845.87 885.12 2385.92 905.19 2085.29 1311.86 1913.61 1480.41 2342.13 1498.83
00064336 00000101 1622.84 349.82 1094.28 1506.41 1846.28 892.35 2386.04 911.66 2087.92 1316.81 1914.18 1483.78 2338.10 1501.84
00064337 00000102 1615.22 349.51 1099.56 1502.37 1839.65 891.05 2381.88 909.64 2084.22 1317.83 1908.65 1485.09 2332.62 1502.51
00064338 00000103 1599.90 357.56 1113.56 1439.34 1828.87 871.65 2393.35 906.01 2074.53 1318.99 1897.52 1484.72 2301.42 1515.03
00064339 00000104 1595.97 353.71 1114.51 1439.70 1823.57 865.16 2387.82 900.93 2065.28 1308.83 1892.84 1485.49 2288.52 1517.12
00064340 00000105 1592.44 351.41 1117.55 1454.22 1818.05 861.68 2380.67 899.59 2055.19 1303.89 1887.20 1485.25 2280.97 1519.07
00064341 00000106 1590.05 354.71 1116.54 1445.10 1815.91 858.33 2375.78 899.38 2048.53 1296.10 1883.12 1484.45 2262.61 1522.35
00064342 00000107 1588.25 355.03 1118.03 1441.41 1813.75 857.59 2372.85 898.15 2043.58 1295.92 1883.81 1483.82 2261.66 1521.05
00064343 00000108 1588.20 351.20 1117.27 1447.80 1812.16 857.79 2368.70 894.90 2040.19 1290.22 1885.05 1483.43 2264.66 1517.33
00064344 00000109 1587.36 348.96 1117.44 1458.03 1811.45 854.36 2368.19 892.85 2037.48 1285.99 1879.99 1479.09 2265.95 1514.08
00064345 00000110 1587.78 344.95 1119.70 1471.80 1809.47 853.84 2366.40 888.58 2034.52 1284.85 1878.25 1475.41 2278.68 1506.25
00064346 00000111 1584.34 343.32 1129.60 1508.19 1810.88 849.83 2364.28 884.56 2032.43 1281.09 1873.71 1472.24 2288.68 1502.99
00064347 00000112 1586.58 341.42 1130.50 1522.86 1810.38 851.74 2363.66 882.39 2032.36 1282.75 1875.57 1472.07 2301.00 1498.78
00064348 00000113 1586.92 342.85 1135.16 1512.45 1810.80 854.78 2366.50 886.02 2034.23 1285.66 1877.13 1470.38 2304.17 1497.26
00064349 00000114 1592.11 346.07 1126.10 1457.80 1811.06 854.77 2370.48 891.61 2035.31 1288.83 1876.98 1468.79 2287.84 1500.55
00064350 00000115 1593.71 352.88 1119.35 1423.07 1810.92 853.02 2372.87 896.36 2034.35 1290.10 1877.05 1474.27 2270.28 1512.22
00064351 00000116 1593.11 348.32 1121.49 1434.30 1810.20 851.57 2370.06 897.00 2030.05 1285.13 1873.53 1470.22 2267.54 1510.21
00064352 00000117 1594.06 346.32 1119.14 1435.46 1809.34 849.17 2368.13 896.86 2024.91 1278.28 1869.71 1471.50 2257.99 1513.54
00064353 00000118 1595.34 346.28 1114.35 1438.94 1809.29 846.49 2363.30 895.50 2018.21 1269.96 1865.29 1469.74 2249.63 1512.97
00064354 00000119 1595.97 343.28 1113.15 1468.92 1810.20 845.87 2354.68 895.85 2009.59 1265.32 1862.93 1472.96 2240.87 1517.56
00064355 00000120 1593.23 343.73 1110.96 1462.02 1804.32 848.36 2349.96 897.26 2003.23 1269.42 1858.78 1474.18 2234.75 1517.78
00064356 00000121 1589.70 345.04 1111.72 1464.58 1800.29 848.11 2345.40 897.67 1998.18 1269.55 1854.89 1475.25 2229.15 1519.37
00064357 00000122 1585.70 336.92 1116.46 1502.64 1796.76 843.93 2340.86 892.97 1992.08 1266.26 1851.15 1478.56 2234.82 1522.11
00064358 00000123 1582.55 328.87 1121.15 1544.62 1796.24 839.05 2335.65 888.14 1988.94 1259.04 1844.18 1472.07 2244.49 1515.57
00064359 00000124 1582.56 328.55 1117.86 1559.31 1796.11 835.25 2332.54 885.17 1985.04 1254.85 1836.31 1467.83 2246.33 1511.92
00064360 00000125 1580.17 321.45 1115.22 1570.93 1792.71 836.64 2327.16 884.73 1980.83 1254.15 1832.60 1465.29 2250.99 1507.21
00064361 00000126 1576.74 325.96 1115.13 1563.89 1790.25 857.58 2319.64 903.90 1978.34 1256.11 1832.63 1464.15 2256.34 1503.27
00064362 00000127 1574.80 333.61 1117.03 1543.40 1779.92 860.95 2303.94 915.50 1955.60 1259.87 1828.40 1458.75 2247.80 1504.13
00064363 00000128 1574.25 332.95 1114.94 1546.39 1776.94 860.19 2301.50 915.89 1950.41 1259.62 1823.86 1457.86 2243.40 1504.15
00064364 00000129 1575.50 327.68 1112.77 1549.69 1779.64 858.92 2303.73 918.00 1951.23 1260.19 1820.52 1454.74 2243.49 1503.48
00064365 00000130 1576.11 327.02 1111.10 1551.77 1781.56 866.39 2309.09 922.85 1957.52 1262.43 1818.86 1458.66 2248.10 1505.65
00064366 00000131 1602.88 326.76 1093.05 1553.79 1813.12 889.38 2286.33 911.34 1991.76 1248.64 1850.38 1455.11 2248.62 1473.63
00064367 00000132 1574.79 317.38 1112.51 1568.39 1780.83 869.34 2306.26 918.60 1955.93 1259.20 1820.46 1462.85 2250.28 1503.57
00064368 00000133 1576.89 315.30 1111.13 1566.81 1780.10 868.36 2305.35 916.93 1955.23 1261.53 1821.63 1461.07 2252.34 1501.07
00064369 00000134 1594.55 323.07 1100.21 1560.67 1806.41 884.30 2284.73 902.91 1990.68 1243.52 1846.91 1452.85 2250.14 1468.14
00064370 00000135 1591.96 325.29 1100.00 1549.65 1804.85 880.90 2283.22 902.15 1992.17 1239.99 1844.94 1450.48 2251.30 1467.70
00064371 00000136 1590.82 319.82 1102.62 1567.35 1806.26 877.84 2283.38 899.34 1991.34 1240.23 1845.19 1447.88 2254.45 1464.70
00064372 00000137 1574.18 315.99 1111.75 1557.07 1778.20 863.02 2305.55 906.82 1961.02 1261.22 1824.18 1453.67 2261.29 1489.12
00064373 00000138 1575.85 314.28 1110.42 1550.29 1778.05 860.09 2304.12 902.99 1962.14 1260.65 1824.88 1446.80 2262.55 1481.30
00064374 00000139 1574.70 314.87 1109.22 1540.20 1775.35 859.49 2300.63 899.22 1960.77 1256.56 1825.66 1442.04 2263.56 1473.60
00064375 00000140 1573.96 310.06 1119.72 1545.76 1770.22 862.49 2279.84 892.21 1950.58 1240.24 1831.47 1433.38 2247.30 1457.38
00064376 00000141 1585.11 317.72 1100.24 1517.07 1774.43 856.33 2285.14 894.86 1949.66 1229.84 1823.43 1438.65 2227.34 1472.38
00064377 00000142 1580.23 323.06 1097.26 1469.63 1769.37 856.01 2280.79 892.06 1944.35 1223.51 1826.84 1439.39 2207.60 1471.56
00064378 00000143 1581.61 324.68 1093.78 1476.55 1769.64 854.55 2274.87 891.18 1938.67 1220.60 1829.15 1444.23 2198.93 1476.72
00064379 00000144 1574.08 326.81 1096.22 1475.80 1765.59 855.23 2270.86 893.01 1935.91 1220.84 1826.91 1445.85 2191.94 1479.35
00064380 00000145 1572.11 326.46 1091.87 1459.27 1760.95 854.83 2269.28 891.88 1935.70 1227.71 1822.32 1440.39 2193.23 1473.07
00064381 00000146 1569.32 327.71 1093.93 1463.32 1755.94 855.13 2263.05 890.43 1930.18 1231.11 1818.58 1435.57 2196.84 1466.70
00064382 00000147 1567.60 325.46 1103.39 1485.78 1751.79 852.48 2262.29 885.72 1925.14 1231.87 1814.84 1438.30 2209.40 1466.92
00064383 00000148 1575.85 316.70 1104.29 1508.55 1756.15 851.04 2263.63 879.96 1925.49 1230.29 1823.83 1447.82 2216.28 1472.63
00064384 00000149 1587.27 310.27 1101.52 1511.34 1767.01 845.92 2264.55 870.32 1930.16 1222.69 1836.79 1441.19 2224.24 1461.94
00064385 00000150 1589.99 302.19 1091.75 1504.44 1772.71 850.57 2277.37 867.35 1945.11 1229.62 1853.61 1435.15 2261.27 1447.00
00064386 00000151 1595.08 304.92 1099.15 1517.03 1779.98 849.94 2288.35 861.17 1959.28 1226.07 1862.49 1430.78 2282.01 1437.73
00064387 00000152 1606.26 281.53 1091.91 1544.96 1795.11 839.88 2289.14 847.28 1979.64 1210.05 1872.14 1417.58 2292.96 1423.27
00064388 00000153 1634.79 298.88 1090.44 1481.87 1818.55 832.87 2330.18 834.25 2006.75 1206.17 1896.18 1415.56 2316.39 1415.05
00064389 00000154 1669.78 288.88 1087.81 1483.63 1842.65 810.05 2351.89 811.36 2024.92 1186.93 1915.74 1396.09 2340.20 1397.12
00064390 00000155 1687.71 275.95 1094.68 1487.79 1862.90 786.79 2382.11 794.09 2048.98 1168.52 1931.62 1380.43 2363.29 1386.33
00064391 00000156 1721.30 268.05 1065.96 1503.87 1907.02 771.25 2387.89 780.31 2082.50 1127.99 1966.60 1352.11 2374.73 1357.58
00064392 00000157 1730.41 248.33 1081.05 1497.82 1917.06 758.82 2406.94 767.86 2083.95 1109.97 1970.08 1338.83 2378.76 1347.00
00064393 00000158 1741.62 226.76 1056.26 1445.46 1919.89 732.36 2427.77 758.78 2098.10 1102.36 1979.26 1314.37 2370.22 1336.80
00064394 00000159 1758.69 215.04 1047.98 1409.63 1943.04 718.08 2443.72 752.23 2117.59 1081.46 1996.21 1288.03 2368.70 1317.83
00064395 00000160 1774.52 214.64 1042.72 1410.30 1960.23 714.34 2449.93 744.29 2126.49 1071.71 2016.55 1285.15 2378.34 1311.74
00064396 00000161 1782.55 220.75 1047.99 1444.35 1975.20 726.23 2447.90 743.04 2145.22 1069.12 2029.15 1288.65 2393.12 1304.82
00064397 00000162 1792.85 213.77 1055.92 1467.86 1982.42 726.07 2458.92 744.60 2145.42 1071.57 2030.35 1297.55 2404.43 1315.28
00064398 00000163 1802.02 213.13 1061.75 1496.44 1985.48 726.39 2465.71 745.27 2144.90 1078.96 2033.17 1311.41 2420.54 1329.38
00064399 00000164 1811.18 216.02 1060.56 1495.07 1992.84 730.10 2472.54 750.95 2149.36 1085.21 2037.55 1314.00 2429.64 1333.73
00064400 00000165 1821.42 221.72 1055.85 1471.36 1997.95 746.94 2474.01 762.28 2155.12 1095.44 2047.79 1325.81 2431.05 1340.98
00064401 00000166 1823.12 236.40 1051.70 1425.59 1996.84 766.42 2471.65 776.62 2162.76 1104.96 2052.57 1332.82 2414.88 1344.34
00064402 00000167 1826.84 244.63 1050.72 1420.25 2001.10 779.64 2467.27 790.26 2159.08 1113.72 2057.38 1339.90 2403.82 1351.84
00064403 00000168 1827.10 238.00 1050.67 1429.55 2002.16 786.80 2456.95 794.02 2154.31 1111.46 2061.21 1338.19 2395.63 1347.59
00064404 00000169 1828.26 238.41 1047.91 1420.93 1998.20 786.45 2447.60 790.78 2148.06 1106.73 2059.44 1334.66 2386.46 1341.69
00064405 00000170 1823.28 241.18 1049.12 1420.64 1990.34 788.72 2438.98 789.58 2141.26 1108.67 2056.54 1341.44 2379.32 1345.54
00064406 00000171 1820.74 250.81 1047.86 1413.23 1986.75 796.05 2432.75 794.16 2135.98 1110.57 2058.24 1348.71 2375.28 1350.01
00064407 00000172 1818.65 261.35 1047.85 1406.37 1975.57 807.11 2428.40 805.79 2122.79 1123.33 2052.44 1365.49 2370.53 1366.55
00064408 00000173 1814.10 266.81 1051.46 1400.75 1968.46 807.81 2424.28 811.71 2115.91 1132.56 2046.60 1370.25 2365.57 1375.48
00064409 00000174 1812.90 269.13 1051.36 1418.05 1966.07 805.11 2423.17 809.37 2111.25 1129.16 2043.39 1369.00 2371.69 1374.47
00064410 00000175 1810.42 253.39 1049.06 1444.42 1964.03 798.19 2422.93 796.52 2105.98 1109.53 2034.26 1360.19 2380.48 1360.72
00064411 00000176 1805.05 233.02 1046.80 1449.75 1957.82 785.81 2415.39 783.30 2097.78 1093.21 2025.38 1343.30 2375.21 1343.41
00064412 00000177 1794.98 230.48 1046.64 1457.84 1951.35 777.76 2410.33 778.47 2089.49 1083.07 2009.96 1330.40 2368.40 1333.46
00064413 00000178 1781.91 233.51 1044.97 1452.82 1943.23 772.13 2400.42 775.02 2084.37 1086.29 2002.34 1321.89 2361.91 1326.54
00064414 00000179 1771.57 222.47 1049.59 1465.47 1925.67 758.89 2394.94 776.81 2059.37 1085.40 1990.01 1321.39 2351.35 1337.53
00064415 00000180 1765.77 220.94 1049.76 1467.89 1917.87 760.67 2386.78 778.54 2047.40 1080.11 1976.93 1323.10 2337.48 1339.16
00064416 00000181 1756.03 214.99 1049.13 1484.87 1911.23 760.85 2376.10 778.74 2036.88 1085.97 1972.11 1327.46 2328.25 1343.65
00064417 00000182 1754.82 216.32 1044.53 1463.64 1908.60 761.00 2370.85 780.76 2029.65 1080.66 1967.31 1320.94 2318.30 1338.49
00064418 00000183 1759.54 223.60 1041.65 1450.99 1912.95 760.92 2363.22 784.20 2024.96 1076.96 1968.69 1313.87 2311.32 1334.24
00064419 00000184 1781.67 232.13 1030.48 1425.42 1926.37 750.62 2380.57 782.94 2038.80 1062.61 1982.12 1306.01 2311.46 1334.00
00064420 00000185 1804.10 226.93 1026.70 1425.94 1959.99 736.48 2410.55 776.40 2067.21 1041.13 1995.03 1291.34 2321.08 1327.27
00064421 00000186 1826.01 240.91 1030.09 1423.23 1998.32 740.84 2440.95 774.97 2115.76 1048.87 2018.38 1292.61 2341.66 1325.10
00064422 00000187 1841.45 225.18 1042.48 1446.12 2028.41 722.77 2479.78 774.28 2143.75 1044.75 2034.86 1291.82 2351.43 1339.46
00064423 00000188 1874.46 228.87 1025.94 1436.20 2049.11 719.33 2511.58 770.83 2173.93 1051.28 2058.66 1301.90 2374.26 1350.77
00064424 00000189 1902.84 249.86 1022.26 1440.26 2075.28 725.71 2536.70 778.86 2189.16 1056.13 2083.28 1315.32 2387.95 1365.25
00064425 00000190 1910.81 272.53 1033.92 1458.43 2098.66 733.62 2563.56 796.14 2214.79 1082.61 2099.97 1340.06 2406.86 1397.29
00064426 00000191 1914.66 291.50 1040.69 1466.23 2100.89 758.82 2569.97 818.59 2227.43 1113.05 2113.55 1370.99 2425.39 1425.09
00064427 00000192 1893.85 298.79 1057.14 1480.27 2123.92 775.99 2583.21 842.86 2252.50 1130.69 2127.10 1378.02 2441.84 1438.28
00064428 00000193 1894.19 330.39 1053.84 1451.67 2118.85 789.21 2583.31 863.34 2245.24 1160.57 2117.19 1390.30 2437.04 1456.64
00064429 00000194 1885.67 356.74 1063.14 1453.08 2115.26 813.42 2585.90 887.18 2239.26 1185.69 2106.68 1411.92 2426.26 1477.69
00064430 00000195 1876.97 361.41 1074.28 1460.62 2076.64 826.88 2576.76 912.36 2220.08 1208.12 2078.54 1441.58 2415.74 1517.01
00064431 00000196 1878.07 381.17 1051.82 1434.87 2066.19 852.46 2569.52 921.60 2217.04 1236.60 2072.71 1457.15 2410.56 1521.19
00064432 00000197 1855.80 386.42 1063.88 1438.62 2054.43 868.53 2563.15 945.80 2210.21 1266.75 2054.79 1464.39 2409.69 1534.71
00064433 00000198 1838.42 415.93 1069.64 1432.78 2041.82 873.95 2550.53 955.96 2197.53 1287.57 2042.16 1470.98 2405.39 1544.60
00064434 00000199 1817.34 416.81 1081.40 1465.60 2031.40 882.72 2541.97 960.54 2191.88 1301.65 2031.35 1484.44 2404.76 1554.36
00064435 00000200 1804.21 420.16 1092.31 1481.08 2018.29 893.51 2536.04 965.92 2181.45 1313.87 2022.58 1496.56 2412.66 1561.34
00064436 00000201 1797.29 421.82 1091.88 1493.78 2000.47 896.07 2515.05 966.76 2153.71 1313.26 2007.47 1502.37 2410.58 1564.67
00064437 00000202 1785.48 417.33 1090.68 1496.91 1984.68 895.60 2497.68 970.11 2134.61 1318.65 1994.20 1503.33 2401.23 1568.06
00064438 00000203 1773.57 419.81 1088.43 1493.05 1969.76 898.34 2485.48 968.94 2126.62 1324.59 1984.77 1506.70 2393.93 1567.95
00064439 00000204 1762.46 426.03 1088.31 1488.08 1963.50 900.12 2473.35 966.33 2121.99 1320.74 1982.39 1502.27 2385.19 1559.89
00064440 00000205 1764.60 394.75 1081.55 1535.76 1977.19 885.73 2463.26 943.96 2140.74 1296.73 1981.31 1495.32 2374.41 1545.80
00064441 00000206 1758.84 388.41 1076.52 1534.16 1966.19 879.77 2455.35 935.18 2134.52 1295.20 1973.19 1490.07 2371.93 1538.50
00064442 00000207 1759.00 384.99 1073.48 1533.60 1964.15 876.60 2448.90 933.26 2128.90 1289.42 1970.29 1478.80 2373.27 1527.92
00064443 00000208 1757.27 381.69 1073.09 1526.55 1959.79 870.49 2444.48 927.96 2122.94 1285.95 1968.72 1473.87 2370.09 1523.81
00064444 00000209 1754.61 377.98 1072.79 1533.41 1957.01 868.44 2436.75 921.72 2117.24 1278.06 1967.21 1471.10 2368.90 1517.03
00064445 00000210 1752.43 366.27 1072.07 1541.18 1955.27 865.41 2434.51 920.10 2112.48 1273.99 1964.38 1462.70 2362.57 1510.41
00064446 00000211 1742.87 383.56 1093.71 1510.20 1931.71 866.97 2434.21 920.70 2079.60 1258.90 1958.35 1467.04 2357.41 1513.46
00064447 00000212 1737.38 376.85 1095.89 1517.13 1927.34 856.39 2427.29 912.17 2071.99 1252.04 1956.65 1457.96 2357.46 1506.05
00064448 00000213 1731.25 361.65 1098.46 1517.87 1923.63 850.92 2423.11 909.38 2066.08 1239.85 1951.38 1448.53 2350.79 1499.13
00064449 00000214 1728.07 357.23 1085.18 1505.38 1913.53 849.71 2414.24 907.53 2061.15 1238.73 1940.29 1442.41 2337.46 1493.25
00064450 00000215 1719.41 349.24 1078.56 1481.35 1905.77 848.84 2409.11 905.78 2060.94 1237.85 1933.62 1433.50 2327.44 1483.77
00064451 00000216 1725.32 364.00 1059.00 1425.09 1904.28 864.45 2395.72 917.03 2061.02 1234.80 1940.78 1432.81 2313.13 1479.30
00064452 00000217 1718.76 360.64 1061.68 1421.92 1908.73 853.36 2388.86 929.69 2048.74 1239.98 1935.15 1417.99 2305.24 1482.93
00064453 00000218 1721.22 352.96 1059.61 1448.38 1906.70 865.67 2382.29 911.79 2059.32 1227.95 1947.07 1428.21 2314.00 1468.99
00064454 00000219 1716.69 351.78 1077.47 1483.07 1900.16 851.58 2388.00 901.36 2051.77 1220.79 1938.99 1422.85 2334.07 1465.64
00064455 00000220 1708.86 337.37 1088.31 1511.62 1894.15 836.04 2388.18 880.15 2050.80 1213.17 1936.10 1413.78 2346.77 1450.76
00064456 00000221 1702.35 335.61 1095.48 1518.54 1895.20 824.34 2388.02 870.65 2050.28 1206.78 1935.36 1408.99 2343.94 1447.94
00064457 00000222 1706.66 322.44 1090.59 1520.31 1896.58 814.41 2390.09 864.09 2047.36 1200.23 1937.92 1404.46 2344.53 1445.75
00064458 00000223 1707.65 325.51 1085.86 1505.83 1895.49 815.73 2389.63 863.07 2047.70 1198.17 1936.99 1404.11 2340.34 1443.80
00064459 00000224 1707.70 319.04 1085.19 1510.02 1895.83 812.74 2390.25 859.60 2047.58 1194.32 1937.08 1403.66 2339.20 1443.19
00064460 00000225 1709.08 314.15 1084.75 1516.02 1894.83 811.50 2388.98 857.65 2045.56 1192.42 1937.00 1403.34 2340.13 1442.08
00064461 00000226 1708.48 319.23 1085.49 1508.98 1894.26 812.20 2388.98 858.38 2046.10 1193.56 1937.10 1401.79 2341.11 1440.39
00064462 00000227 1708.51 321.48 1084.45 1504.89 1894.96 812.50 2390.56 858.99 2047.38 1192.61 1936.96 1399.83 2341.81 1438.68
00064463 00000228 1705.35 319.06 1084.04 1502.11 1894.79 808.70 2389.12 852.28 2049.68 1188.72 1940.61 1399.32 2341.41 1435.56
00064464 00000229 1705.93 308.22 1080.62 1512.31 1895.11 801.53 2381.98 844.99 2045.75 1177.09 1937.29 1391.87 2336.67 1427.69
00064465 00000230 1706.16 302.00 1079.18 1518.51 1894.70 790.50 2382.23 835.36 2042.17 1165.79 1936.06 1387.99 2334.98 1424.61
00064466 00000231 1707.64 304.00 1078.33 1517.71 1891.17 785.58 2379.02 832.19 2034.82 1161.27 1931.00 1386.06 2330.32 1424.19
00064467 00000232 1698.70 304.87 1079.88 1516.26 1884.12 797.57 2359.68 836.31 2027.06 1162.18 1930.80 1391.22 2321.81 1422.85
00064468 00000233 1697.81 300.72 1071.07 1513.98 1876.54 815.38 2345.30 846.53 2017.85 1160.42 1923.45 1394.91 2317.39 1420.17
00064469 00000234 1692.97 298.11 1071.74 1523.46 1869.22 822.82 2336.25 848.83 2010.24 1161.54 1917.13 1404.70 2312.31 1425.91
00064470 00000235 1686.20 300.83 1070.83 1531.53 1861.43 828.62 2323.94 851.77 2000.51 1168.37 1910.26 1411.33 2307.10 1430.17
00064471 00000236 1681.69 296.41 1070.74 1542.71 1854.50 831.74 2317.38 855.58 1990.51 1176.36 1901.96 1415.19 2305.59 1434.47
00064472 00000237 1675.25 299.47 1069.41 1539.77 1846.70 840.47 2311.82 859.25 1988.95 1182.70 1897.71 1420.89 2304.53 1436.09
00064473 00000238 1664.28 297.73 1074.94 1560.60 1836.29 842.25 2305.82 860.37 1982.75 1189.42 1888.51 1422.36 2306.89 1436.46
00064474 00000239 1659.26 299.90 1076.49 1551.79 1828.79 845.20 2299.21 859.61 1977.57 1195.59 1890.94 1427.99 2301.97 1439.12
00064475 00000240 1653.39 304.88 1078.16 1545.65 1822.25 846.16 2294.35 861.77 1972.87 1201.26 1886.28 1425.49 2301.81 1437.20
00064476 00000241 1642.35 329.18 1095.24 1505.74 1811.30 849.72 2307.45 861.48 1969.00 1206.77 1878.09 1414.16 2314.13 1420.17
00064477 00000242 1634.77 324.43 1088.20 1485.21 1801.90 847.83 2298.92 863.63 1963.70 1209.87 1870.06 1405.39 2297.55 1415.49
00064478 00000243 1626.89 321.87 1088.25 1497.69 1797.28 855.98 2288.39 862.48 1963.71 1204.69 1864.54 1403.71 2299.43 1406.09
00064479 00000244 1620.88 313.72 1090.18 1497.64 1795.68 843.11 2281.18 857.52 1956.49 1197.98 1859.42 1397.49 2280.72 1407.26
00064480 00000245 1613.30 307.75 1090.06 1489.08 1788.80 845.18 2276.43 850.03 1957.32 1192.91 1859.76 1404.69 2271.40 1407.39
00064481 00000246 1609.55 295.64 1094.51 1507.22 1799.39 827.99 2270.84 836.10 1958.78 1160.75 1869.43 1402.73 2238.72 1407.49
00064482 00000247 1604.96 294.84 1080.37 1477.82 1783.40 827.55 2259.30 830.36 1940.58 1167.83 1855.93 1400.42 2221.24 1403.81
00064483 00000248 1598.71 300.74 1079.94 1456.89 1771.00 827.71 2253.85 824.30 1938.17 1174.05 1858.24 1408.22 2221.22 1406.40
00064484 00000249 1589.55 313.31 1085.45 1483.88 1759.67 823.87 2247.32 820.98 1928.62 1183.76 1851.03 1422.55 2224.23 1420.58
00064485 00000250 1585.07 314.60 1087.15 1479.95 1751.11 826.12 2245.68 825.46 1922.27 1198.62 1838.06 1419.19 2232.56 1418.38
00064486 00000251 1582.72 319.99 1085.62 1473.06 1745.92 830.53 2241.89 832.77 1918.34 1210.16 1837.88 1425.82 2226.32 1427.72
00064487 00000252 1580.52 332.32 1083.85 1455.01 1739.94 834.51 2240.00 835.09 1915.87 1214.35 1834.97 1433.39 2226.39 1433.49
00064488 00000253 1578.75 333.64 1083.97 1452.14 1738.10 834.67 2241.07 837.92 1914.80 1216.00 1829.73 1433.30 2225.49 1435.67
00064489 00000254 1576.05 337.34 1085.87 1443.17 1736.54 833.32 2240.62 837.68 1914.15 1216.89 1828.81 1432.66 2222.30 1435.79
00064490 00000255 1577.12 336.77 1085.99 1449.87 1736.84 834.95 2240.49 839.48 1913.93 1219.03 1827.66 1431.26 2223.66 1434.66
00064491 00000256 1580.20 335.03 1084.80 1447.67 1739.42 836.35 2240.83 843.75 1914.08 1220.71 1831.19 1431.60 2221.02 1437.59
00064492 00000257 1579.74 340.55 1083.23 1449.72 1741.80 840.84 2239.91 851.39 1912.61 1225.47 1829.89 1429.71 2220.19 1438.08
00064493 00000258 1580.42 343.66 1077.81 1441.76 1742.02 848.13 2236.03 858.27 1911.36 1225.57 1828.87 1430.34 2210.32 1438.65
00064494 00000259 1579.48 349.71 1077.31 1431.44 1740.32 843.77 2233.60 859.99 1904.30 1222.72 1824.71 1426.33 2199.32 1440.07
00064495 00000260 1581.34 344.62 1073.75 1440.40 1740.01 839.72 2231.32 859.18 1897.75 1221.31 1816.49 1420.50 2196.88 1437.03
00064496 00000261 1578.07 328.44 1077.87 1480.79 1742.39 840.15 2221.14 853.24 1894.21 1201.22 1819.20 1428.90 2188.92 1440.49
00064497 00000262 1574.97 318.80 1085.91 1507.34 1737.62 842.26 2208.18 854.64 1878.04 1199.38 1811.17 1440.27 2176.35 1451.68
00064498 00000263 1583.55 336.38 1084.17 1489.59 1739.26 853.56 2204.41 867.77 1866.85 1203.55 1809.15 1448.37 2166.46 1461.31
00064499 00000264 1583.24 362.32 1072.16 1438.02 1734.16 856.84 2205.75 884.87 1867.00 1217.75 1806.33 1453.80 2142.32 1478.02
00064500 00000265 1586.06 358.26 1075.88 1456.98 1746.80 860.17 2215.20 892.94 1876.26 1224.76 1811.46 1467.33 2137.52 1496.31
00064501 00000266 1593.18 368.83 1075.25 1440.99 1750.40 867.18 2232.30 902.35 1895.78 1236.34 1816.44 1474.19 2147.96 1505.30
00064502 00000267 1599.70 375.65 1075.02 1434.97 1758.34 865.93 2246.52 909.69 1904.29 1243.84 1817.91 1470.38 2156.20 1509.07
00064503 00000268 1600.35 379.19 1074.61 1409.77 1761.03 867.17 2263.11 904.84 1908.96 1249.84 1827.78 1481.64 2159.56 1513.59
00064504 00000269 1603.42 380.24 1076.50 1404.45 1766.56 866.05 2270.59 906.62 1914.95 1251.69 1830.53 1482.01 2162.06 1516.30
00064505 00000270 1607.53 379.92 1082.29 1413.70 1772.95 867.42 2276.31 905.31 1920.79 1249.28 1839.77 1487.43 2171.12 1519.44
00064506 00000271 1605.80 379.41 1091.48 1404.78 1774.79 872.55 2282.99 907.12 1925.89 1254.34 1847.97 1498.49 2172.67 1527.20
00064507 00000272 1609.78 387.04 1093.19 1411.61 1772.37 879.71 2282.07 907.97 1926.34 1265.30 1853.98 1508.32 2184.37 1531.51
00064508 00000273 1616.35 382.65 1089.90 1416.03 1776.91 882.31 2287.44 912.50 1932.29 1267.54 1856.09 1508.36 2188.41 1533.38
00064509 00000274 1619.69 375.31 1089.30 1424.78 1781.86 876.62 2296.30 914.89 1941.42 1269.95 1856.45 1499.32 2197.81 1531.56
00064510 00000275 1618.91 378.17 1092.20 1401.85 1783.17 869.04 2306.03 910.99 1951.47 1264.41 1854.27 1488.44 2198.92 1523.94
00064511 00000276 1631.87 367.11 1088.07 1423.65 1794.20 864.67 2308.55 907.36 1959.85 1255.67 1862.64 1485.32 2205.06 1521.75
00064512 00000277 1641.19 367.25 1085.13 1423.61 1803.08 862.58 2314.83 905.07 1965.51 1248.22 1868.03 1481.70 2210.85 1518.31
00064513 00000278 1655.34 378.54 1072.28 1407.94 1815.18 854.13 2318.46 898.60 1972.57 1233.91 1875.82 1470.78 2211.09 1509.41
00064514 00000279 1657.84 370.37 1072.67 1409.90 1820.00 849.31 2322.87 896.92 1977.97 1238.05 1880.00 1462.46 2220.33 1503.61
00064515 00000280 1649.03 363.10 1086.44 1431.71 1824.31 845.80 2333.26 896.36 1985.89 1238.86 1881.75 1455.42 2237.23 1499.04
00064516 00000281 1650.65 363.67 1088.53 1442.69 1827.72 845.58 2338.96 893.46 1993.73 1237.66 1882.41 1445.17 2263.51 1485.59
00064517 00000282 1652.79 360.40 1086.60 1456.69 1831.75 843.77 2343.67 891.74 1998.50 1237.23 1883.28 1442.57 2273.68 1482.70
00064518 00000283 1662.56 337.90 1078.21 1488.67 1842.25 860.84 2340.81 887.57 2010.06 1240.60 1895.11 1452.54 2289.65 1476.34
00064519 00000284 1655.80 360.53 1088.22 1450.26 1841.09 845.46 2358.15 890.48 2017.40 1246.44 1898.70 1440.31 2295.03 1478.20
00064520 00000285 1656.23 342.50 1080.77 1487.36 1846.98 857.52 2353.10 883.05 2033.40 1249.13 1906.28 1447.87 2307.92 1470.93
00064521 00000286 1655.76 340.58 1082.37 1487.87 1851.57 857.00 2360.28 881.68 2046.25 1250.83 1912.51 1448.32 2314.78 1470.79
00064522 00000287 1655.34 348.86 1087.84 1489.72 1853.53 856.63 2369.79 877.91 2055.81 1256.91 1917.58 1456.79 2326.32 1476.42
00064523 00000288 1652.84 361.29 1091.03 1484.29 1856.33 865.84 2375.75 885.17 2064.08 1267.07 1919.38 1459.85 2333.29 1478.20
00064524 00000289 1652.35 371.72 1088.70 1451.94 1859.57 874.86 2379.75 891.86 2074.99 1271.27 1927.41 1461.14 2334.78 1477.32
00064525 00000290 1654.49 364.74 1080.38 1452.89 1853.91 883.91 2374.68 904.50 2066.07 1284.06 1919.15 1466.64 2319.17 1486.60
00064526 00000291 1650.69 374.14 1079.36 1448.87 1850.72 894.50 2369.92 912.61 2063.48 1288.44 1914.37 1480.55 2304.39 1498.87
00064527 00000292 1649.52 373.71 1079.36 1454.96 1844.79 897.22 2363.04 917.13 2051.54 1294.58 1907.39 1485.56 2296.85 1505.38
00064528 00000293 1646.61 387.29 1081.30 1436.86 1839.76 900.86 2359.27 921.00 2046.97 1300.98 1902.22 1489.44 2291.14 1509.36
00064529 00000294 1645.27 377.22 1085.97 1458.02 1839.24 898.87 2359.61 917.11 2046.40 1297.77 1902.47 1490.15 2303.78 1507.83
00064530 00000295 1646.69 372.59 1090.78 1487.74 1837.82 893.74 2359.64 912.61 2039.13 1297.53 1899.14 1492.77 2315.96 1510.47
00064531 00000296 1646.85 371.32 1095.76 1507.86 1838.45 888.44 2360.46 906.50 2038.05 1293.79 1897.86 1490.45 2325.99 1506.77
00064532 00000297 1649.18 366.08 1093.78 1513.66 1838.09 885.08 2358.08 903.73 2033.02 1290.81 1895.85 1487.48 2328.82 1504.02
00064533 00000298 1649.76 358.38 1090.38 1512.70 1836.75 884.90 2355.50 906.11 2029.54 1290.55 1890.10 1479.52 2326.02 1498.27
00064534 00000299 1648.64 361.07 1090.00 1515.87 1834.22 885.84 2352.40 908.95 2025.28 1296.46 1885.00 1480.88 2323.23 1501.37
00064535 00000300 1644.23 368.16 1096.01 1509.83 1831.56 889.44 2352.88 910.07 2027.73 1299.84 1887.19 1486.01 2324.73 1504.30
00064536 00000301 1641.30 366.02 1100.16 1522.50 1828.04 895.00 2352.15 912.07 2025.26 1301.22 1883.71 1484.28 2331.61 1498.92
00064537 00000302 1638.67 363.95 1102.26 1523.72 1825.51 897.41 2348.27 914.35 2021.93 1306.12 1884.12 1486.68 2329.75 1501.16
00064538 00000303 1637.15 360.91 1103.92 1528.27 1822.98 898.56 2348.35 913.67 2021.46 1304.90 1878.87 1485.59 2329.61 1498.58
00064539 00000304 1636.98 353.90 1099.09 1523.92 1824.76 896.77 2347.37 913.00 2023.63 1302.57 1881.71 1485.49 2323.86 1500.00
00064540 00000305 1635.51 348.65 1097.07 1517.84 1821.09 890.07 2343.04 907.63 2019.93 1297.62 1878.70 1477.64 2319.48 1492.97
00064541 00000306 1637.04 344.58 1092.24 1514.71 1824.62 884.30 2341.22 903.28 2019.03 1286.28 1880.76 1473.09 2314.64 1490.01
00064542 00000307 1625.54 344.19 1110.75 1514.49 1824.07 864.85 2342.74 899.53 2005.05 1257.90 1881.81 1457.25 2304.90 1485.04
00064543 00000308 1648.15 354.12 1089.05 1500.95 1834.54 869.92 2321.08 909.90 1988.78 1238.67 1886.94 1442.70 2288.66 1474.02
00064544 00000309 1652.03 341.20 1089.47 1503.86 1829.75 862.40 2308.32 898.96 1968.13 1220.09 1880.82 1435.80 2275.76 1464.59
00064545 00000310 1652.71 340.99 1089.76 1489.09 1829.17 849.90 2307.91 887.95 1964.23 1210.87 1878.66 1424.86 2276.77 1454.08
00064546 00000311 1661.82 329.36 1087.47 1508.85 1834.79 842.58 2315.84 876.28 1969.82 1196.01 1879.41 1423.05 2282.44 1449.41
00064547 00000312 1678.94 316.52 1073.50 1525.57 1846.75 836.84 2319.98 860.08 1990.30 1188.85 1900.79 1427.67 2294.38 1447.79
00064548 00000313 1691.34 315.25 1073.20 1535.08 1865.43 817.01 2338.42 849.53 2003.78 1178.37 1907.51 1415.74 2308.29 1443.67
00064549 00000314 1697.62 313.27 1079.09 1529.77 1877.26 803.49 2359.90 836.46 2026.69 1170.85 1926.28 1408.54 2325.71 1435.91
00064550 00000315 1707.46 313.83 1082.03 1515.72 1888.16 788.74 2378.64 830.44 2037.63 1167.10 1937.53 1396.06 2339.53 1429.60
00064551 00000316 1716.81 298.80 1076.34 1515.07 1900.37 783.53 2384.19 828.00 2044.22 1161.01 1946.44 1386.20 2341.66 1421.98
00064552 00000317 1714.70 302.09 1078.02 1506.73 1901.11 783.31 2388.81 823.66 2052.41 1161.07 1949.29 1385.00 2344.67 1417.64
00064553 00000318 1713.89 305.26 1086.61 1523.24 1904.03 780.55 2389.72 823.30 2050.84 1161.05 1950.10 1388.41 2348.04 1422.85
00064554 00000319 1714.24 297.84 1087.13 1538.98 1906.79 784.22 2389.14 826.29 2050.59 1163.41 1953.15 1389.68 2351.01 1423.49
00064555 00000320 1714.01 301.91 1082.98 1516.87 1903.25 790.21 2391.81 829.55 2053.20 1166.23 1952.03 1392.69 2344.81 1424.97
00064556 00000321 1716.56 311.03 1074.19 1461.84 1895.85 796.47 2398.53 839.42 2051.80 1183.82 1940.18 1398.92 2321.17 1436.83
00064557 00000322 1711.55 320.39 1073.13 1437.04 1892.69 800.05 2398.43 844.28 2055.82 1187.95 1941.15 1402.04 2312.39 1441.24
00064558 00000323 1711.26 317.90 1076.07 1456.98 1893.14 799.37 2397.54 842.85 2053.27 1189.68 1939.71 1402.91 2319.82 1441.21
00064559 00000324 1709.11 311.59 1077.00 1467.78 1893.31 796.76 2398.22 843.08 2050.00 1188.48 1933.16 1407.46 2312.58 1448.65
00064560 00000325 1708.22 315.19 1075.22 1459.79 1892.58 800.40 2396.43 843.31 2051.11 1189.00 1934.02 1413.23 2301.14 1451.99
00064561 00000326 1707.46 317.11 1073.77 1456.56 1889.20 803.68 2392.62 844.03 2049.98 1188.87 1936.27 1415.22 2297.91 1452.00
00064562 00000327 1703.86 328.05 1070.60 1437.38 1880.00 805.86 2385.86 847.14 2043.98 1195.04 1932.55 1418.10 2294.33 1455.21
00064563 00000328 1693.53 322.09 1076.98 1457.44 1872.83 811.93 2380.47 855.85 2040.55 1207.22 1920.61 1420.86 2294.95 1460.29
00064564 00000329 1684.72 336.13 1077.82 1452.72 1864.31 822.37 2376.64 867.38 2036.22 1219.71 1915.53 1428.28 2293.83 1468.54
00064565 00000330 1674.67 326.31 1075.35 1469.93 1855.61 848.43 2356.80 873.00 2038.91 1220.32 1918.67 1443.66 2293.06 1467.22
00064566 00000331 1664.89 352.74 1082.48 1437.71 1844.35 841.78 2356.29 885.77 2017.20 1224.60 1906.11 1443.28 2273.99 1480.82
00064567 00000332 1645.74 354.37 1089.89 1428.40 1827.07 848.92 2343.52 887.60 2001.61 1231.99 1888.92 1447.23 2265.92 1479.54
00064568 00000333 1624.71 358.71 1101.72 1442.58 1807.49 855.25 2327.33 893.42 1980.22 1254.20 1873.97 1456.26 2264.32 1487.74
00064569 00000334 1599.85 356.28 1100.83 1459.39 1777.32 862.81 2305.96 896.12 1955.88 1268.41 1845.81 1467.76 2248.49 1494.69
00064570 00000335 1586.36 355.87 1097.32 1493.43 1760.67 875.42 2288.66 908.45 1934.38 1276.08 1825.60 1480.30 2235.40 1507.66
00064571 00000336 1582.40 372.39 1093.43 1494.10 1758.05 901.06 2267.25 924.77 1928.81 1279.13 1817.21 1484.21 2217.41 1505.29
00064572 00000337 1574.85 383.37 1096.30 1499.21 1741.57 907.23 2257.83 934.53 1912.26 1303.03 1802.01 1500.32 2211.65 1523.99
00064573 00000338 1566.61 402.88 1084.09 1500.65 1742.38 910.85 2241.16 927.80 1918.57 1293.06 1805.74 1509.77 2194.88 1524.41
00064574 00000339 1550.62 394.96 1100.36 1511.30 1721.90 921.99 2236.95 939.49 1895.32 1319.56 1789.57 1527.14 2197.99 1542.55
00064575 00000340 1546.75 402.54 1100.13 1490.74 1710.45 929.63 2226.71 943.45 1884.55 1329.86 1786.71 1532.94 2192.98 1545.03
00064576 00000341 1537.69 414.64 1104.44 1497.46 1708.32 940.62 2218.25 948.74 1882.07 1336.51 1789.78 1543.07 2189.63 1550.53
00064577 00000342 1537.50 424.69 1102.64 1492.65 1704.59 947.27 2211.59 952.94 1875.98 1340.87 1790.34 1552.82 2186.01 1557.96
00064578 00000343 1537.10 431.69 1100.48 1491.79 1704.86 948.31 2209.50 952.41 1876.26 1341.96 1792.52 1556.24 2184.99 1560.13
00064579 00000344 1536.81 427.85 1102.82 1495.19 1704.86 947.99 2210.17 951.15 1875.62 1341.49 1795.54 1556.97 2187.70 1559.77
00064580 00000345 1540.56 420.66 1099.05 1502.36 1707.42 944.70 2215.17 950.64 1879.28 1339.31 1793.72 1556.62 2185.55 1562.19
00064581 00000346 1546.34 408.19 1096.37 1492.41 1711.96 938.73 2220.40 946.59 1882.46 1328.33 1792.64 1547.89 2181.58 1555.31
00064582 00000347 1550.10 389.85 1092.56 1503.04 1712.04 926.26 2221.58 936.41 1882.32 1309.80 1785.82 1531.52 2181.27 1540.93
00064583 00000348 1551.41 368.49 1098.93 1522.27 1714.77 914.52 2220.53 928.65 1876.87 1294.99 1781.89 1518.74 2181.25 1531.43
00064584 00000349 1552.08 346.97 1101.69 1544.23 1718.23 902.95 2210.09 912.45 1871.78 1264.51 1782.99 1502.14 2180.69 1510.95
00064585 00000350 1557.98 335.43 1098.46 1552.95 1722.21 897.47 2194.05 897.96 1862.29 1241.82 1796.62 1497.82 2175.01 1498.79
00064586 00000351 1542.96 339.16 1106.33 1537.17 1718.12 894.65 2187.06 904.90 1853.67 1238.89 1795.32 1490.59 2158.86 1498.02
00064587 00000352 1532.47 354.59 1102.79 1492.51 1701.32 896.38 2178.03 901.89 1848.64 1237.60 1785.98 1502.53 2128.84 1506.95
00064588 00000353 1523.96 361.76 1109.29 1449.89 1689.69 907.80 2171.58 906.79 1842.80 1252.16 1787.78 1513.46 2114.80 1512.69
00064589 00000354 1515.51 375.55 1110.88 1434.47 1679.16 920.25 2165.03 920.07 1837.34 1276.03 1788.67 1527.98 2109.79 1527.11
00064590 00000355 1518.85 404.75 1110.96 1400.51 1677.18 943.38 2168.15 935.37 1845.18 1310.04 1797.32 1548.79 2117.02 1541.09
00064591 00000356 1517.42 416.92 1111.11 1411.48 1681.47 953.02 2168.98 944.48 1848.47 1324.29 1805.79 1557.91 2128.49 1550.03
00064592 00000357 1511.31 434.05 1113.83 1399.98 1677.84 966.23 2173.16 955.50 1853.55 1340.27 1810.85 1569.31 2137.20 1559.18
00064593 00000358 1507.70 445.79 1112.96 1424.38 1674.60 976.57 2176.11 955.48 1858.35 1348.05 1808.50 1588.36 2141.59 1569.82
00064594 00000359 1503.83 456.68 1112.12 1409.80 1673.10 982.91 2162.93 957.04 1855.40 1348.90 1815.04 1595.73 2133.67 1574.71
00064595 00000360 1501.63 454.29 1116.86 1430.31 1671.00 981.99 2162.00 954.78 1854.04 1350.18 1815.14 1598.06 2138.03 1576.39
00064596 00000361 1500.75 448.55 1112.70 1422.44 1670.17 973.71 2165.67 948.70 1852.29 1340.98 1805.61 1587.60 2134.49 1567.70
00064597 00000362 1512.69 442.34 1102.13 1405.67 1680.11 959.54 2170.78 936.79 1859.89 1322.61 1806.71 1570.23 2131.64 1552.45
00064598 00000363 1519.24 423.88 1109.67 1405.13 1678.81 941.81 2185.79 923.71 1868.94 1310.02 1803.37 1555.55 2143.28 1540.31
00064599 00000364 1520.88 380.23 1108.65 1432.62 1691.88 914.89 2196.10 907.53 1876.60 1288.80 1801.94 1528.66 2145.86 1523.23
00064600 00000365 1531.57 364.96 1099.20 1421.36 1697.85 892.41 2206.94 890.35 1887.55 1258.48 1800.57 1498.72 2147.94 1498.11
00064601 00000366 1550.64 351.21 1090.18 1444.35 1722.75 867.94 2224.24 877.81 1905.81 1232.05 1812.08 1471.47 2158.44 1481.66
00064602 00000367 1572.11 334.90 1081.71 1461.29 1737.56 850.39 2233.55 854.65 1914.39 1216.34 1833.30 1456.86 2178.71 1462.42
00064603 00000368 1588.96 312.26 1078.92 1471.19 1754.30 826.45 2247.58 832.09 1924.98 1190.53 1835.79 1426.97 2193.96 1434.12
00064604 00000369 1597.12 289.48 1081.20 1500.25 1771.20 818.72 2265.26 828.13 1933.99 1170.82 1831.92 1404.45 2211.89 1414.40
00064605 00000370 1596.94 281.69 1090.25 1526.66 1791.11 803.71 2272.94 818.19 1952.93 1141.16 1844.68 1392.17 2217.63 1404.45
00064606 00000371 1606.52 271.21 1096.65 1536.60 1799.04 806.01 2278.48 811.96 1964.33 1138.32 1863.00 1399.35 2237.54 1403.28
00064607 00000372 1613.52 267.36 1100.72 1559.58 1807.62 805.09 2280.28 811.13 1967.19 1142.02 1874.64 1399.69 2254.79 1402.20
00064608 00000373 1613.88 276.62 1102.53 1539.71 1809.59 810.19 2285.36 815.48 1974.90 1152.67 1881.14 1400.95 2259.72 1402.95
00064609 00000374 1613.85 284.43 1074.61 1526.21 1796.32 821.75 2278.31 820.46 1970.25 1173.17 1868.74 1406.18 2274.03 1404.54
00064610 00000375 1607.58 288.35 1083.77 1498.75 1786.34 832.22 2286.85 831.15 1963.03 1188.70 1862.61 1418.58 2268.11 1416.71
00064611 00000376 1619.05 294.35 1079.80 1486.56 1790.41 825.65 2276.08 831.99 1950.05 1181.90 1865.77 1413.70 2235.92 1419.83
00064612 00000377 1619.18 296.52 1076.80 1480.02 1786.36 836.26 2269.89 839.81 1944.67 1192.06 1869.84 1424.20 2225.28 1428.46
00064613 00000378 1614.07 311.88 1077.19 1476.78 1782.20 839.97 2266.22 855.77 1936.15 1205.86 1858.85 1424.94 2206.62 1440.00
00064614 00000379 1603.45 317.11 1068.47 1482.12 1774.77 859.47 2254.73 864.10 1939.88 1220.11 1856.66 1443.94 2212.53 1451.09
00064615 00000380 1609.15 350.91 1079.07 1454.64 1769.30 860.80 2258.13 876.67 1925.07 1226.82 1850.38 1452.07 2200.50 1466.97
00064616 00000381 1595.87 346.56 1076.84 1453.18 1760.46 858.41 2259.32 876.88 1922.30 1237.03 1846.09 1462.63 2206.29 1478.42
00064617 00000382 1592.25 340.60 1102.49 1503.35 1770.79 873.24 2252.46 881.44 1924.48 1229.42 1847.39 1461.21 2213.55 1468.33
00064618 00000383 1586.44 345.34 1091.50 1491.90 1754.79 862.96 2257.57 880.38 1917.08 1245.58 1836.75 1467.49 2226.34 1480.71
00064619 00000384 1589.40 339.45 1105.81 1511.91 1764.12 874.25 2248.30 882.45 1915.49 1236.17 1839.19 1462.38 2220.94 1469.05
00064620 00000385 1586.68 338.91 1105.56 1515.28 1760.37 872.72 2247.85 883.10 1912.54 1238.18 1833.84 1463.02 2219.78 1471.61
00064621 00000386 1583.74 351.16 1103.86 1492.07 1753.87 875.91 2245.85 886.00 1911.01 1242.97 1829.16 1463.66 2219.41 1471.93
00064622 00000387 1587.19 352.51 1101.85 1500.58 1754.03 875.25 2243.36 886.29 1904.78 1244.12 1826.59 1463.15 2215.61 1472.33
00064623 00000388 1585.80 358.24 1100.72 1493.67 1749.56 875.15 2240.95 885.97 1903.24 1247.25 1823.69 1462.89 2214.80 1471.94
00064624 00000389 1587.61 359.20 1095.55 1490.92 1752.39 877.12 2236.47 889.65 1899.94 1243.08 1825.32 1461.47 2207.53 1472.29
00064625 00000390 1582.97 354.04 1096.96 1498.33 1754.36 881.60 2223.19 910.17 1886.78 1235.95 1815.41 1455.00 2194.36 1477.64
00064626 00000391 1608.93 362.16 1068.55 1485.44 1779.04 894.30 2202.28 900.14 1882.28 1202.41 1819.30 1450.27 2182.23 1458.27
00064627 00000392 1617.76 369.34 1065.26 1463.14 1780.11 888.38 2204.77 898.64 1873.25 1189.41 1813.08 1446.18 2167.40 1458.50
00064628 00000393 1607.93 348.95 1088.18 1483.38 1764.49 858.05 2234.96 910.48 1863.63 1202.10 1803.41 1434.90 2167.96 1478.42
00064629 00000394 1623.06 354.15 1075.97 1477.14 1776.50 859.49 2254.57 914.59 1881.01 1207.97 1817.97 1441.22 2182.48 1487.38
00064630 00000395 1632.24 364.20 1087.68 1487.77 1790.17 854.18 2278.31 915.66 1899.71 1228.46 1835.61 1448.64 2220.51 1498.75
00064631 00000396 1680.74 346.99 1068.66 1523.37 1835.39 870.68 2307.34 918.20 1944.03 1237.27 1861.23 1456.82 2255.09 1497.73
00064632 00000397 1704.32 351.91 1068.17 1513.57 1860.88 863.19 2342.47 919.81 1977.06 1247.87 1881.46 1450.19 2286.01 1500.04
00064633 00000398 1723.25 362.04 1079.96 1518.21 1896.81 850.42 2393.32 916.56 2020.95 1244.85 1907.65 1447.13 2318.15 1505.13
00064634 00000399 1750.05 363.53 1076.42 1526.46 1924.93 847.76 2420.79 917.72 2050.78 1248.50 1942.60 1448.44 2343.20 1509.14
00064635 00000400 1745.08 365.26 1085.84 1489.40 1946.65 844.38 2464.69 930.53 2099.66 1275.02 1962.12 1460.83 2348.98 1534.47
00064636 00000401 1758.04 392.47 1087.43 1419.61 1959.50 862.89 2488.84 946.95 2131.03 1287.20 1989.62 1464.51 2364.04 1536.66
00064637 00000402 1776.98 404.83 1081.37 1445.94 1988.05 888.36 2499.91 953.00 2159.05 1297.71 2004.56 1472.83 2387.57 1530.73
00064638 00000403 1785.75 422.93 1079.20 1443.72 2000.27 893.77 2515.48 958.16 2176.15 1310.63 2014.28 1486.27 2399.36 1544.15
00064639 00000404 1788.51 419.01 1077.45 1442.27 2004.78 898.27 2519.94 962.06 2183.20 1316.62 2016.73 1488.11 2398.68 1546.05
00064640 00000405 1787.18 423.52 1077.50 1434.12 2001.32 898.43 2519.00 964.34 2180.06 1317.83 2014.04 1485.30 2397.53 1544.92
00064641 00000406 1785.03 421.10 1076.93 1426.52 1998.21 894.56 2513.42 961.69 2172.51 1312.40 2010.25 1481.25 2390.85 1541.68
00064642 00000407 1782.21 413.09 1075.81 1434.02 1994.40 896.31 2507.35 962.04 2167.91 1310.42 2008.79 1480.44 2386.49 1539.62
00064643 00000408 1776.60 414.59 1076.29 1429.34 1984.72 892.88 2499.98 960.51 2156.70 1306.69 1998.42 1478.46 2378.10 1538.80
00064644 00000409 1772.20 412.38 1073.26 1429.46 1977.54 893.68 2488.85 962.05 2146.76 1309.16 1992.81 1472.60 2379.71 1533.04
00064645 00000410 1766.70 414.09 1075.20 1436.25 1971.35 897.20 2481.06 961.66 2141.05 1309.65 1989.50 1473.46 2380.18 1530.55
00064646 00000411 1761.17 407.52 1075.30 1445.14 1968.71 897.94 2470.16 959.84 2134.89 1306.80 1991.44 1470.01 2376.61 1524.69
00064647 00000412 1762.62 398.47 1067.76 1447.36 1971.81 904.43 2450.68 967.06 2125.68 1297.21 1993.38 1465.94 2370.70 1520.78
00064648 00000413 1746.19 385.97 1084.05 1470.82 1944.76 882.40 2444.31 961.28 2098.77 1294.13 1978.64 1461.13 2368.57 1526.55
00064649 00000414 1741.50 376.83 1071.56 1435.10 1927.87 870.42 2438.61 939.24 2091.56 1274.63 1971.94 1450.79 2354.98 1508.75
00064650 00000415 1736.61 353.86 1061.61 1436.52 1921.76 861.97 2421.13 927.66 2069.89 1246.80 1961.22 1433.78 2335.44 1489.31
00064651 00000416 1735.57 353.56 1057.51 1426.13 1914.12 862.32 2389.41 918.18 2055.28 1224.49 1954.66 1419.92 2314.49 1468.37
00064652 00000417 1718.91 355.06 1055.54 1407.11 1895.17 852.02 2368.47 913.18 2036.08 1221.27 1940.93 1414.67 2291.81 1467.06
00064653 00000418 1695.50 347.58 1063.96 1410.98 1870.94 854.15 2335.80 903.85 2013.13 1216.21 1929.66 1418.52 2260.36 1461.17
00064654 00000419 1675.70 333.70 1062.99 1426.96 1846.98 866.86 2305.61 898.80 1982.36 1210.95 1908.71 1424.65 2232.99 1453.27
00064655 00000420 1652.89 340.06 1061.98 1423.57 1821.19 871.05 2296.66 906.44 1965.78 1215.26 1880.35 1425.91 2221.23 1457.94
00064656 00000421 1630.03 341.13 1070.48 1427.17 1793.08 876.85 2274.31 896.46 1944.42 1216.68 1871.78 1443.14 2208.00 1461.87
00064657 00000422 1616.80 347.54 1062.96 1413.85 1772.00 880.16 2253.00 894.69 1922.81 1222.43 1858.21 1452.29 2191.04 1466.86
00064658 00000423 1606.34 343.18 1063.53 1421.61 1761.01 875.06 2243.28 890.40 1911.46 1218.90 1843.92 1450.32 2178.12 1465.11
00064659 00000424 1603.91 347.68 1059.81 1432.75 1754.25 867.17 2217.65 887.66 1895.03 1222.67 1836.37 1449.04 2157.36 1468.17
00064660 00000425 1587.56 337.39 1067.84 1430.50 1745.03 873.01 2204.47 886.27 1881.42 1221.67 1829.48 1447.81 2147.92 1460.49
00064661 00000426 1569.86 337.74 1074.23 1415.17 1734.06 875.64 2195.41 887.53 1875.70 1219.95 1820.85 1444.91 2137.30 1455.91
00064662 00000427 1564.03 342.86 1076.38 1412.59 1725.87 875.87 2188.59 885.73 1868.85 1220.28 1816.30 1445.73 2138.49 1454.83
00064663 00000428 1556.02 341.40 1088.72 1437.26 1719.54 877.37 2188.13 883.32 1863.33 1221.79 1812.66 1450.11 2154.67 1454.88
00064664 00000429 1554.78 329.69 1080.41 1464.38 1723.24 882.53 2174.75 877.92 1873.33 1206.24 1813.89 1440.12 2163.29 1436.59
00064665 00000430 1550.98 328.35 1080.86 1476.35 1719.87 880.29 2170.14 876.78 1866.50 1207.29 1808.12 1436.16 2167.80 1433.17
00064666 00000431 1553.51 329.76 1078.68 1463.68 1718.74 885.37 2166.17 875.08 1866.21 1205.20 1814.52 1440.86 2167.39 1432.05
00064667 00000432 1553.26 348.79 1082.08 1428.18 1713.06 882.42 2174.54 872.01 1861.52 1219.48 1816.68 1442.86 2168.22 1432.41
00064668 00000433 1552.99 343.67 1077.18 1419.63 1715.32 878.11 2174.95 869.04 1863.61 1208.33 1816.76 1436.52 2158.94 1428.03
00064669 00000434 1551.20 333.85 1081.58 1416.41 1720.04 866.26 2175.66 862.85 1864.84 1203.17 1817.18 1428.59 2150.20 1425.40
00064670 00000435 1558.70 326.42 1077.43 1422.33 1726.17 853.02 2180.21 853.52 1865.33 1197.54 1816.49 1423.03 2146.80 1423.82
00064671 00000436 1559.79 311.61 1079.28 1428.17 1728.09 840.28 2185.44 842.84 1868.96 1187.77 1813.75 1414.14 2145.15 1417.54
00064672 00000437 1553.93 303.22 1086.95 1436.96 1733.38 831.24 2190.34 822.88 1892.56 1151.56 1821.75 1397.26 2149.03 1391.44
00064673 00000438 1557.46 300.25 1087.97 1454.25 1738.60 814.30 2196.36 810.20 1892.79 1137.93 1825.02 1390.57 2157.36 1387.96
00064674 00000439 1558.96 292.29 1092.96 1475.43 1742.59 804.66 2201.95 801.21 1896.87 1132.31 1830.51 1388.39 2175.17 1385.51
00064675 00000440 1565.58 288.33 1090.24 1486.31 1745.65 799.99 2211.74 801.09 1901.73 1131.69 1826.62 1382.84 2185.27 1383.17
00064676 00000441 1569.80 297.38 1089.89 1473.46 1750.36 797.80 2222.86 802.05 1911.16 1136.87 1833.61 1379.55 2201.41 1381.50
00064677 00000442 1578.41 299.07 1085.75 1476.16 1753.30 799.15 2228.67 802.36 1917.94 1142.36 1836.22 1373.03 2222.22 1372.47
00064678 00000443 1583.95 297.66 1089.63 1481.92 1757.04 801.45 2237.31 804.94 1922.36 1146.53 1835.52 1370.25 2237.95 1368.85
00064679 00000444 1586.17 300.05 1091.05 1479.96 1763.09 802.04 2247.44 807.16 1935.06 1154.47 1840.37 1370.32 2249.31 1369.90
00064680 00000445 1593.98 300.96 1096.80 1482.84 1761.03 814.63 2257.99 814.44 1923.42 1167.05 1830.48 1380.89 2254.91 1379.25
00064681 00000446 1598.26 301.48 1093.71 1491.32 1766.20 821.48 2261.70 825.14 1926.31 1179.76 1832.49 1389.87 2257.92 1391.55
00064682 00000447 1601.55 311.42 1099.43 1500.16 1771.15 831.54 2265.28 830.90 1930.84 1191.29 1845.80 1406.67 2264.87 1404.35
00064683 00000448 1597.42 319.46 1088.50 1504.91 1774.17 843.87 2271.87 845.32 1941.32 1220.91 1858.85 1421.32 2287.91 1418.60
00064684 00000449 1597.33 329.15 1090.07 1492.22 1775.61 853.02 2282.81 854.11 1952.48 1232.91 1864.57 1429.84 2295.01 1427.19
00064685 00000450 1597.40 329.36 1096.75 1509.73 1779.82 855.78 2289.33 859.34 1958.99 1232.53 1863.15 1435.72 2298.08 1435.21
00064686 00000451 1604.15 322.49 1086.35 1537.87 1789.54 861.59 2283.50 866.16 1971.88 1236.61 1866.89 1442.58 2291.41 1445.41
00064687 00000452 1601.93 338.27 1092.79 1477.59 1784.66 861.96 2299.79 867.42 1972.48 1242.49 1873.97 1444.33 2290.99 1446.13
00064688 00000453 1606.06 338.83 1086.10 1448.31 1786.41 862.64 2302.82 872.37 1974.95 1248.56 1875.24 1447.54 2278.74 1453.26
00064689 00000454 1606.52 334.90 1090.90 1455.59 1787.39 864.64 2304.44 876.91 1974.91 1253.44 1873.25 1448.88 2280.16 1456.55
00064690 00000455 1604.35 341.94 1098.07 1459.70 1786.69 863.85 2305.35 879.09 1971.89 1260.63 1872.72 1454.88 2278.94 1465.21
00064691 00000456 1604.81 342.98 1103.87 1482.78 1792.98 861.72 2306.84 884.19 1972.56 1262.67 1869.78 1457.84 2273.59 1474.78
00064692 00000457 1607.31 346.60 1104.79 1479.23 1795.71 864.50 2311.81 888.51 1977.34 1268.02 1870.86 1456.72 2280.00 1474.70
00064693 00000458 1609.79 346.93 1105.99 1494.27 1799.62 864.48 2315.41 888.57 1981.32 1265.68 1872.07 1456.09 2285.47 1474.44
00064694 00000459 1609.80 346.13 1106.28 1481.87 1798.98 863.98 2313.86 885.46 1980.87 1260.81 1872.93 1452.56 2286.36 1468.69
00064695 00000460 1610.20 343.84 1104.44 1479.74 1801.28 861.46 2315.75 883.93 1982.60 1258.10 1873.11 1451.87 2282.44 1469.13
00064696 00000461 1611.46 347.07 1101.81 1471.11 1800.52 858.81 2314.20 883.03 1980.81 1259.42 1873.27 1454.04 2273.65 1473.24
00064697 00000462 1611.44 347.82 1104.24 1476.26 1798.82 861.27 2313.23 883.33 1978.89 1260.46 1875.05 1457.67 2275.99 1474.91
00064698 00000463 1609.80 345.64 1108.11 1487.57 1798.09 863.82 2313.96 885.20 1979.67 1262.91 1874.77 1462.31 2278.29 1478.98
00064699 00000464 1607.86 341.77 1111.33 1501.79 1799.56 861.74 2316.02 887.51 1980.22 1262.24 1870.17 1459.79 2280.27 1480.05
00064700 00000465 1613.41 331.94 1099.50 1539.03 1804.12 872.72 2304.65 881.71 1986.07 1257.01 1874.46 1471.86 2288.50 1480.00
00064701 00000466 1607.83 326.22 1099.80 1547.87 1795.85 877.60 2296.34 881.85 1981.54 1257.13 1874.75 1470.47 2294.44 1473.55
00064702 00000467 1588.17 349.89 1109.64 1508.27 1777.12 898.31 2280.88 910.45 1953.62 1259.71 1863.05 1469.93 2280.18 1477.71
00064703 00000468 1589.63 362.62 1092.08 1479.53 1752.94 898.99 2242.64 925.10 1903.04 1266.63 1835.33 1467.51 2234.46 1485.65
00064704 DELETE   1573.97 360.60 1098.01 1522.50 1736.58 922.18 2186.52 939.67 1860.39 1272.69 1822.75 1489.71 2192.05 1500.60
00064705 DELETE   1548.63 384.05 1082.98 1493.72 1704.68 949.61 2154.91 939.97 1837.50 1270.69 1787.82 1505.66 2170.50 1496.55
00064706 00000471 1527.42 388.91 1083.23 1501.65 1681.72 957.46 2123.76 956.98 1798.78 1284.39 1762.95 1510.51 2140.76 1509.37
00064707 00000472 1506.89 395.98 1089.26 1500.46 1653.14 955.08 2090.49 957.08 1762.90 1294.93 1737.30 1512.26 2115.18 1513.58
00064708 00000473 1485.87 391.35 1105.75 1508.56 1637.89 952.23 2077.80 949.29 1749.58 1297.46 1727.55 1514.92 2105.91 1512.13
00064709 00000474 1481.49 391.51 1098.90 1503.83 1631.56 955.86 2068.08 947.04 1744.25 1292.37 1720.93 1517.80 2099.57 1509.93
00064710 00000475 1476.54 385.56 1099.29 1509.69 1625.97 957.13 2068.25 941.57 1742.99 1284.44 1712.88 1520.03 2096.53 1506.68
00064711 00000476 1474.24 373.64 1094.12 1508.50 1622.04 952.97 2067.54 934.97 1741.66 1277.96 1707.92 1513.18 2089.29 1498.55
00064712 00000477 1477.54 373.21 1091.41 1499.52 1620.35 951.12 2060.45 931.83 1733.54 1270.46 1705.44 1507.01 2085.41 1491.30
00064713 00000478 1477.10 367.06 1083.00 1479.68 1619.31 946.38 2060.99 928.43 1736.89 1262.12 1705.44 1496.47 2083.60 1483.03
00064714 00000479 1472.51 362.19 1087.59 1473.50 1622.66 941.57 2071.58 921.47 1752.58 1263.82 1709.95 1495.42 2083.68 1480.92
00064715 00000480 1473.46 360.00 1090.18 1477.49 1630.72 938.70 2080.47 918.13 1765.65 1262.94 1719.47 1490.80 2091.76 1476.24
00064716 00000481 1473.61 356.76 1093.80 1483.92 1639.65 932.43 2088.41 910.27 1778.31 1259.20 1734.34 1492.25 2103.29 1476.44
00064717 00000482 1466.18 351.28 1119.74 1467.07 1629.50 915.37 2108.79 908.30 1773.71 1271.06 1746.57 1488.51 2122.24 1478.76
00064718 00000483 1467.22 343.41 1122.31 1482.39 1635.32 911.87 2115.46 896.65 1788.18 1254.51 1753.38 1480.61 2138.07 1463.82
00064719 00000484 1484.62 349.68 1097.43 1487.15 1656.42 924.21 2100.43 887.86 1809.57 1234.94 1758.61 1475.46 2134.98 1446.35
00064720 00000485 1478.91 332.70 1119.29 1487.77 1646.29 905.30 2122.58 873.51 1802.40 1232.22 1771.11 1468.05 2161.85 1437.33
00064721 00000486 1505.80 317.34 1092.90 1487.49 1668.20 887.60 2125.34 857.85 1822.59 1202.28 1783.30 1457.49 2154.56 1431.30
00064722 00000487 1516.68 300.99 1085.01 1486.30 1680.11 848.93 2142.87 830.31 1840.27 1175.48 1781.98 1429.39 2145.75 1413.56
00064723 00000488 1521.85 292.05 1088.77 1469.03 1693.25 835.21 2161.58 816.98 1860.74 1149.71 1788.37 1420.67 2138.96 1406.00
00064724 00000489 1523.98 280.87 1090.41 1461.80 1699.05 830.42 2166.21 809.73 1868.63 1144.02 1797.03 1419.24 2130.89 1403.70
00064725 00000490 1525.20 281.62 1088.34 1464.80 1691.24 830.76 2160.01 808.73 1846.93 1155.30 1790.24 1427.25 2127.04 1410.06
00064726 00000491 1519.46 278.90 1092.55 1479.14 1687.14 834.20 2159.37 811.21 1845.91 1157.06 1788.76 1432.84 2131.79 1414.51
00064727 00000492 1516.61 281.84 1091.15 1470.92 1686.26 836.93 2157.81 813.76 1847.08 1161.50 1789.96 1434.69 2131.00 1416.01
00064728 00000493 1512.76 287.34 1093.31 1474.07 1681.45 838.80 2156.12 812.61 1844.95 1164.37 1790.00 1440.12 2133.03 1418.95
00064729 00000494 1511.04 286.25 1094.29 1475.55 1680.01 841.66 2155.16 814.58 1843.64 1167.20 1788.24 1443.32 2135.07 1421.18
00064730 00000495 1510.11 287.93 1093.41 1467.95 1680.17 844.12 2158.08 817.88 1845.20 1167.40 1786.27 1440.73 2138.38 1419.09
00064731 00000496 1513.69 286.78 1101.58 1487.07 1680.23 842.09 2161.02 816.62 1840.52 1164.59 1780.29 1437.12 2150.54 1415.26
00064732 00000497 1515.21 275.45 1099.56 1500.51 1678.35 833.94 2161.20 806.05 1841.15 1158.86 1779.74 1428.00 2161.16 1403.92
00064733 00000498 1515.92 269.58 1096.75 1507.47 1678.31 829.12 2158.32 802.38 1837.16 1152.96 1773.69 1416.72 2160.54 1393.53
00064734 00000499 1517.96 255.92 1093.50 1504.43 1679.88 825.83 2156.79 800.39 1836.47 1143.06 1772.60 1406.40 2150.16 1385.02
00064735 00000500 1522.28 253.68 1085.17 1488.87 1682.64 821.33 2155.62 799.80 1838.05 1135.29 1767.58 1392.08 2141.50 1374.47
00064736 00000501 1522.58 244.46 1082.59 1462.19 1683.64 816.32 2158.27 795.85 1843.03 1126.69 1764.25 1374.93 2134.14 1359.19
00064737 00000502 1521.84 241.18 1081.02 1451.88 1682.46 807.05 2152.94 786.27 1843.75 1120.53 1767.14 1367.13 2126.74 1351.70
00064738 00000503 1523.98 231.57 1084.53 1494.49 1681.71 802.47 2150.73 781.81 1833.75 1114.17 1762.79 1372.49 2133.48 1356.67
00064739 00000504 1523.11 255.32 1082.45 1489.42 1689.45 816.83 2145.16 792.07 1841.78 1106.38 1769.35 1376.97 2137.49 1357.40
00064740 00000505 1543.50 256.54 1063.19 1482.22 1704.39 831.13 2135.56 802.86 1843.85 1095.65 1773.56 1377.17 2153.89 1355.86
00064741 00000506 1534.12 253.54 1077.34 1478.53 1694.87 821.45 2149.54 794.66 1842.75 1102.46 1774.90 1377.81 2151.38 1355.51
00064742 00000507 1531.60 245.21 1082.64 1499.89 1694.88 806.25 2153.52 780.64 1841.90 1092.31 1774.98 1368.25 2157.09 1347.05
00064743 00000508 1528.99 232.63 1086.87 1512.05 1693.13 791.62 2156.31 764.31 1840.04 1081.07 1767.33 1358.60 2150.93 1336.50
00064744 00000509 1531.10 218.41 1077.68 1520.55 1696.14 781.49 2152.13 756.89 1840.40 1068.50 1764.25 1347.30 2140.91 1328.00
00064745 00000510 1539.23 209.12 1070.62 1521.73 1700.46 774.69 2151.74 754.66 1836.25 1058.64 1758.82 1339.06 2137.89 1323.49
00064746 00000511 1544.42 212.02 1066.25 1513.21 1702.77 767.24 2151.93 751.37 1831.56 1052.56 1753.45 1332.45 2130.75 1320.76
00064747 00000512 1558.54 206.19 1056.06 1519.53 1715.35 754.46 2157.24 745.14 1832.81 1042.77 1759.74 1322.50 2135.13 1316.26
00064748 00000513 1571.29 206.29 1050.89 1512.78 1727.88 738.06 2166.24 733.96 1838.46 1025.47 1765.78 1310.59 2133.05 1309.69
00064749 00000514 1570.34 187.41 1066.24 1532.16 1727.73 731.88 2170.24 731.37 1827.34 1015.19 1768.36 1306.92 2140.07 1308.58
00064750 00000515 1585.14 183.07 1068.96 1530.49 1749.75 724.23 2180.21 724.43 1862.66 977.21 1793.72 1292.20 2158.46 1294.99
00064751 00000516 1589.76 174.13 1079.86 1546.82 1759.59 714.15 2193.85 717.68 1869.77 964.89 1800.42 1288.76 2167.27 1293.94
00064752 00000517 1595.20 146.05 1083.77 1577.15 1770.42 703.86 2201.49 715.25 1876.68 961.51 1806.12 1276.57 2173.19 1288.22
00064753 00000518 1601.70 155.01 1082.76 1574.03 1778.89 692.91 2224.79 705.14 1862.96 968.38 1793.12 1275.51 2189.43 1288.30
00064754 00000519 1603.97 146.00 1083.82 1570.81 1777.77 686.41 2230.63 698.51 1869.92 957.32 1791.43 1266.66 2194.14 1279.81
00064755 00000520 1609.06 133.36 1081.43 1550.13 1772.25 682.38 2233.36 694.53 1874.71 951.56 1782.65 1256.25 2193.46 1270.90
00064756 00000521 1607.57 133.68 1088.02 1560.85 1766.34 660.11 2228.65 692.53 1853.17 958.86 1779.09 1251.58 2178.69 1278.93
00064757 00000522 1608.15 138.07 1081.04 1540.01 1763.91 661.08 2230.11 693.69 1857.02 959.78 1777.64 1249.24 2171.50 1277.14
00064758 00000523 1610.69 136.07 1076.12 1539.07 1767.17 666.59 2232.11 701.11 1861.06 960.49 1775.64 1248.89 2160.82 1278.50
00064759 00000524 1608.55 135.96 1070.29 1526.97 1769.54 675.66 2234.32 710.21 1871.16 961.80 1773.75 1243.61 2147.43 1274.81
00064760 00000525 1612.59 146.59 1067.61 1503.18 1772.60 674.80 2242.78 711.57 1880.63 965.47 1779.18 1243.20 2153.23 1276.10
00064761 00000526 1611.99 144.89 1072.20 1523.50 1782.00 673.99 2248.17 714.80 1884.51 963.24 1782.88 1239.80 2161.14 1275.15
00064762 00000527 1609.56 145.57 1084.85 1546.05 1782.68 680.27 2256.02 716.29 1892.02 972.77 1789.64 1258.39 2181.36 1289.24
00064763 00000528 1610.92 142.84 1087.57 1566.48 1790.27 687.57 2260.15 722.93 1900.53 979.29 1797.76 1267.85 2196.93 1297.24
00064764 00000529 1610.30 140.57 1091.04 1571.03 1787.62 694.67 2264.00 728.12 1900.20 985.63 1793.60 1274.12 2198.38 1302.43
00064765 00000530 1612.73 145.87 1085.46 1564.58 1786.32 706.33 2265.11 739.17 1900.79 995.09 1792.27 1280.62 2196.94 1308.67
00064766 00000531 1612.87 150.16 1084.52 1557.27 1784.80 711.72 2265.78 745.78 1902.68 1003.03 1791.94 1282.36 2196.22 1311.69
00064767 00000532 1610.48 153.46 1089.74 1570.08 1784.12 714.02 2266.65 750.42 1901.82 1011.51 1789.52 1289.36 2195.27 1321.08
00064768 00000533 1610.15 159.74 1081.16 1573.35 1806.96 725.98 2259.87 765.06 1937.58 1002.97 1804.79 1284.53 2203.61 1320.26
00064769 00000534 1609.53 169.73 1081.77 1584.20 1800.87 735.47 2250.63 776.61 1919.80 1030.21 1804.80 1298.62 2201.34 1335.15
00064770 00000535 1606.78 184.87 1084.09 1574.17 1792.34 750.05 2239.80 789.11 1903.44 1038.03 1793.31 1316.11 2185.24 1352.28
CROP_BBOX: 952 0 3468 2160
