Video ID: 	y8auuRnLaZg
H: 	2160
W: 	3840
FPS: 	29.97002997002997

FRAME INDEX X0 Y0 W H [Landmarks (5 Points)]

00013372 00000000 1772.33 229.14 599.46 900.23 1928.96 551.04 2193.75 571.32 2048.59 726.13 1943.63 873.06 2129.48 894.29
00013373 00000001 1774.38 232.81 604.52 898.77 1931.76 551.75 2202.20 569.52 2053.98 723.57 1948.74 874.65 2136.61 893.85
00013374 00000002 1776.26 238.86 601.71 893.04 1935.17 553.29 2203.11 569.99 2057.22 725.42 1951.07 874.38 2139.83 892.94
00013375 00000003 1772.08 239.80 601.43 874.00 1931.94 553.72 2202.68 571.29 2054.29 727.92 1948.12 869.39 2142.36 887.67
00013376 00000004 1762.15 234.35 610.70 911.89 1927.88 550.32 2197.35 565.99 2053.69 730.04 1940.21 870.03 2141.97 888.83
00013377 00000005 1759.91 228.85 608.04 914.90 1922.51 548.86 2190.63 564.14 2047.94 731.77 1936.26 869.50 2134.86 887.87
00013378 00000006 1755.57 226.39 607.36 922.08 1920.03 548.74 2187.82 562.97 2045.55 733.16 1933.68 869.21 2135.54 886.65
00013379 00000007 1753.38 224.50 609.98 920.96 1919.36 548.15 2187.56 563.50 2044.55 731.53 1932.07 867.89 2133.89 886.20
00013380 00000008 1750.49 224.01 609.18 924.96 1918.80 547.25 2186.11 564.44 2042.95 730.95 1930.02 867.79 2130.18 887.97
00013381 00000009 1751.96 230.61 605.00 918.38 1913.73 552.80 2184.24 572.61 2035.40 729.23 1923.09 871.66 2124.07 893.71
00013382 00000010 1751.72 243.08 600.78 904.32 1909.89 554.63 2175.58 574.47 2028.27 727.15 1917.20 870.41 2115.43 892.50
00013383 00000011 1742.26 246.84 607.49 896.69 1903.13 555.03 2169.82 577.58 2020.28 723.20 1909.00 866.64 2109.13 890.28
00013384 00000012 1738.90 252.50 608.72 899.20 1898.00 553.86 2162.50 576.43 2012.46 721.89 1901.44 867.07 2098.64 891.32
00013385 00000013 1731.41 256.61 607.64 893.43 1893.04 554.91 2157.10 578.53 2006.95 717.91 1896.38 867.42 2089.32 892.22
00013386 00000014 1718.51 252.41 614.94 912.47 1884.42 555.05 2154.21 581.08 2003.29 714.37 1886.74 870.19 2086.81 896.94
00013387 00000015 1703.58 231.71 610.08 930.72 1870.96 563.53 2141.94 592.24 1984.46 719.96 1858.95 877.97 2083.41 906.22
00013388 00000016 1693.96 227.93 611.86 922.51 1853.99 566.70 2135.55 595.56 1976.10 721.90 1851.26 883.97 2069.82 910.89
00013389 00000017 1684.15 215.83 604.93 925.22 1832.22 569.62 2120.16 596.40 1963.67 726.13 1839.20 888.96 2053.64 913.83
00013390 00000018 1672.79 233.32 599.45 917.50 1820.23 575.53 2105.89 601.39 1949.41 731.05 1824.56 891.14 2041.78 915.22
00013391 00000019 1654.87 254.33 604.43 904.63 1812.75 584.06 2094.74 610.90 1940.27 742.94 1817.34 899.36 2032.77 923.52
00013392 00000020 1645.14 246.51 600.41 920.12 1807.52 585.65 2081.81 607.39 1937.54 744.85 1807.77 900.97 2027.47 923.99
00013393 00000021 1638.64 248.29 601.94 923.06 1802.57 586.41 2078.77 611.32 1930.94 748.56 1800.07 902.84 2022.53 928.16
00013394 00000022 1628.58 244.17 607.15 935.78 1796.53 594.67 2075.80 622.57 1922.70 755.26 1791.22 907.83 2017.07 935.28
00013395 00000023 1631.65 221.04 516.13 804.23 1771.79 533.87 2003.68 541.70 1882.64 699.17 1777.85 803.60 1978.18 809.19
00013396 00000024 1632.45 220.77 515.84 802.76 1772.97 533.43 2004.23 540.73 1883.21 697.16 1779.78 804.44 1978.31 809.68
00013397 00000025 1633.86 225.37 517.72 793.15 1770.02 539.72 2003.36 544.69 1878.39 696.93 1784.99 811.30 1970.91 816.02
00013398 00000026 1633.55 220.43 519.24 789.07 1769.39 540.24 2003.79 544.68 1878.82 693.87 1787.45 812.65 1970.11 817.24
00013399 00000027 1631.64 221.67 519.49 778.27 1769.17 539.64 2002.88 543.91 1879.29 688.74 1791.11 810.73 1968.19 815.12
00013400 00000028 1633.39 214.43 515.40 777.82 1771.35 532.46 2003.73 540.64 1880.04 684.45 1790.98 805.20 1967.21 811.33
00013401 00000029 1633.05 210.41 517.08 786.14 1771.10 532.85 2003.95 540.72 1879.84 686.81 1790.53 808.51 1967.18 814.41
00013402 00000030 1633.53 223.09 523.41 782.71 1770.87 539.63 2003.58 544.58 1878.57 692.75 1792.31 819.16 1965.76 824.04
00013403 00000031 1636.78 220.96 521.22 797.77 1770.85 542.84 2003.40 545.79 1879.26 697.97 1792.62 828.43 1968.73 831.54
00013404 00000032 1638.92 222.25 521.91 799.16 1770.71 547.52 2007.61 547.84 1881.62 698.78 1795.18 832.34 1977.03 833.36
00013405 00000033 1641.33 222.61 520.90 788.59 1771.93 547.70 2009.41 546.77 1882.80 698.79 1799.44 829.09 1981.63 828.99
00013406 00000034 1642.28 221.77 523.42 791.03 1772.64 545.62 2010.03 544.94 1881.95 693.85 1798.95 827.10 1983.07 827.64
00013407 00000035 1641.57 213.61 523.21 797.40 1773.04 541.63 2008.45 540.51 1881.25 690.16 1799.53 820.96 1980.23 821.25
00013408 00000036 1640.32 194.40 523.57 822.58 1772.29 531.13 1999.61 530.12 1875.19 680.27 1792.45 808.31 1977.43 807.48
00013409 00000037 1634.38 193.32 528.63 825.79 1767.16 526.09 1997.05 523.60 1869.55 669.81 1787.14 803.02 1976.26 801.35
00013410 00000038 1633.70 198.57 525.21 804.65 1762.97 523.96 1992.06 517.24 1863.96 663.98 1785.94 799.11 1973.85 794.08
00013411 00000039 1632.91 205.98 522.84 800.35 1759.94 529.71 1988.48 518.73 1864.51 666.89 1785.68 798.61 1976.69 790.06
00013412 00000040 1636.51 203.40 522.02 805.36 1760.55 531.35 1988.23 521.85 1865.33 673.59 1784.07 797.24 1978.66 789.57
00013413 00000041 1637.23 203.08 520.45 809.52 1762.32 530.64 1992.24 521.12 1869.97 677.74 1785.51 799.07 1982.36 790.86
00013414 00000042 1635.00 200.36 527.03 812.40 1765.24 529.26 1997.57 521.49 1872.29 677.72 1788.63 799.69 1986.51 792.75
00013415 00000043 1638.05 199.17 525.12 811.57 1766.14 523.64 1997.62 515.91 1870.94 673.02 1788.85 798.14 1986.67 791.23
00013416 00000044 1638.05 195.23 524.08 813.72 1767.29 520.43 1997.18 512.89 1870.92 668.87 1788.77 797.66 1985.26 790.97
00013417 00000045 1637.06 195.52 525.79 811.92 1766.82 518.73 1998.50 512.42 1870.98 667.58 1788.35 797.31 1984.95 791.65
00013418 00000046 1637.18 194.04 525.37 806.01 1766.50 517.07 1997.87 510.96 1869.16 667.30 1791.83 798.30 1983.60 792.66
00013419 00000047 1639.10 195.71 522.78 796.75 1767.68 515.80 1999.04 509.86 1869.62 666.89 1794.04 798.28 1983.39 792.77
00013420 00000048 1637.00 193.93 525.22 804.66 1768.99 515.36 2000.31 508.95 1872.76 666.02 1794.28 800.33 1985.33 794.36
00013421 00000049 1637.98 195.76 525.26 805.98 1770.25 514.08 2000.79 509.56 1872.88 664.86 1792.08 796.50 1983.48 792.02
00013422 00000050 1637.91 198.93 524.82 806.62 1771.27 512.62 2002.46 508.47 1874.20 663.26 1789.94 795.88 1984.97 791.69
00013423 00000051 1638.01 197.52 522.26 807.32 1771.89 510.92 2002.19 506.76 1874.69 661.84 1789.20 794.03 1985.03 789.80
00013424 00000052 1637.02 202.48 526.31 804.38 1771.25 510.05 2003.75 505.85 1873.77 659.99 1788.80 792.79 1986.50 788.52
00013425 00000053 1640.18 204.00 524.09 800.43 1772.49 508.17 2004.99 504.56 1874.13 658.39 1788.28 790.39 1987.88 786.88
00013426 00000054 1643.03 208.55 523.68 790.98 1773.88 507.35 2009.47 504.51 1877.19 655.15 1791.76 786.39 1992.76 783.41
00013427 00000055 1647.20 208.57 522.33 788.56 1775.80 508.94 2012.82 506.38 1879.20 651.42 1793.21 784.83 1995.69 782.51
00013428 00000056 1647.89 206.61 524.27 797.49 1778.16 510.13 2013.92 507.53 1882.62 651.57 1795.20 784.16 1997.62 781.78
00013429 00000057 1650.34 201.10 526.56 806.18 1779.79 512.45 2015.25 511.46 1883.94 652.49 1795.22 784.33 1996.39 783.66
00013430 00000058 1650.51 203.54 524.67 804.92 1780.35 510.76 2016.60 512.41 1885.35 652.60 1795.08 786.05 1992.26 787.59
00013431 00000059 1652.17 195.91 523.04 815.25 1781.96 507.97 2019.13 510.05 1887.59 652.33 1796.70 788.71 1992.54 790.68
00013432 00000060 1649.65 191.78 527.24 814.29 1783.32 502.86 2022.91 506.84 1888.81 649.55 1798.99 788.33 1993.80 791.71
00013433 00000061 1652.11 189.09 525.23 812.76 1787.70 498.55 2026.93 504.09 1892.64 642.24 1803.24 785.31 1997.64 789.94
00013434 00000062 1653.83 193.21 524.63 811.62 1788.26 496.31 2029.05 501.13 1894.62 637.29 1803.85 784.85 2001.96 789.32
00013435 00000063 1654.10 195.66 525.01 813.40 1789.48 496.28 2029.24 499.79 1894.63 637.84 1803.26 783.63 2006.30 787.30
00013436 00000064 1654.73 194.20 525.84 808.81 1788.18 497.95 2028.90 501.86 1893.32 644.28 1803.15 784.41 2005.67 787.93
00013437 00000065 1651.50 192.55 526.90 815.70 1786.21 500.79 2023.59 504.31 1890.25 650.65 1800.87 788.22 1999.12 791.21
00013438 00000066 1651.83 189.78 524.53 824.49 1783.77 502.31 2018.57 504.66 1887.92 653.69 1799.96 798.34 1989.95 799.98
00013439 00000067 1648.23 194.41 526.63 825.06 1781.44 504.57 2012.70 506.03 1883.98 654.04 1798.62 802.97 1982.31 803.81
00013440 00000068 1645.53 196.97 526.90 819.82 1779.39 503.44 2011.73 504.74 1883.20 651.61 1799.17 804.32 1979.18 804.97
00013441 00000069 1643.82 202.41 525.95 805.52 1778.83 501.44 2012.05 503.52 1882.38 651.34 1799.40 800.97 1979.85 801.85
00013442 00000070 1642.75 198.44 525.83 810.16 1778.12 500.35 2012.89 501.58 1881.53 650.27 1798.57 798.56 1982.10 798.68
00013443 00000071 1643.66 197.41 524.56 806.28 1777.60 501.12 2012.08 502.33 1879.62 651.55 1797.51 795.68 1983.40 795.89
00013444 00000072 1644.09 198.13 525.51 805.81 1776.46 503.42 2010.40 503.80 1877.78 652.82 1796.21 797.27 1984.33 796.88
00013445 00000073 1643.49 192.47 527.26 814.06 1775.89 509.48 2007.96 508.91 1877.06 659.36 1794.35 799.42 1985.28 798.57
00013446 00000074 1643.10 195.23 528.15 815.60 1777.05 512.66 2008.57 511.48 1881.16 664.70 1795.26 800.31 1987.97 798.77
00013447 00000075 1644.35 194.17 527.35 814.45 1779.81 512.11 2012.15 511.42 1885.25 668.46 1799.74 801.41 1990.52 799.83
00013448 00000076 1647.21 195.80 529.36 820.32 1784.19 513.48 2016.89 514.25 1888.91 673.91 1801.42 805.19 1994.75 804.99
00013449 00000077 1648.29 192.06 530.79 833.04 1785.11 517.10 2017.71 517.48 1890.04 678.44 1801.61 810.00 1995.41 809.80
00013450 00000078 1650.12 193.24 532.16 836.02 1785.36 520.97 2017.36 521.05 1889.09 683.57 1802.86 814.88 1995.80 814.40
00013451 00000079 1655.18 200.22 530.90 825.92 1788.45 526.83 2018.73 526.06 1891.86 682.09 1808.02 813.74 1998.40 812.84
00013452 00000080 1657.10 218.47 530.98 801.28 1789.04 531.44 2023.67 532.13 1894.30 678.74 1808.30 807.48 2001.36 808.20
00013453 00000081 1659.82 218.43 531.72 793.27 1793.10 529.55 2027.95 532.79 1898.03 676.14 1809.98 801.81 2003.62 804.55
00013454 00000082 1663.34 218.97 532.32 795.99 1798.96 529.64 2033.47 532.63 1906.58 675.83 1814.84 802.44 2007.93 805.03
00013455 00000083 1667.88 232.36 536.42 783.77 1806.36 530.88 2044.72 533.53 1922.22 673.63 1825.64 801.56 2009.54 807.80
00013456 00000084 1673.68 223.88 531.59 782.75 1813.48 520.66 2054.98 528.14 1924.33 669.69 1829.11 801.37 2015.40 807.35
00013457 00000085 1683.59 220.62 526.96 781.06 1823.29 513.39 2064.15 525.39 1930.65 670.25 1836.15 798.62 2019.98 808.15
00013458 00000086 1692.63 221.98 523.18 779.67 1831.50 506.15 2073.87 522.23 1941.74 662.46 1840.89 794.03 2027.45 806.88
00013459 00000087 1697.05 210.67 527.32 793.15 1838.94 502.64 2080.69 519.10 1950.06 658.97 1845.67 791.14 2035.16 804.34
00013460 00000088 1706.08 203.70 525.28 810.50 1848.37 501.63 2088.46 518.43 1958.69 661.56 1853.53 792.68 2042.55 806.22
00013461 00000089 1707.60 216.48 542.50 795.76 1848.20 496.19 2096.70 514.50 1964.36 663.75 1860.03 785.18 2046.42 803.90
00013462 00000090 1713.81 219.42 540.20 787.17 1856.49 491.63 2102.12 512.52 1969.11 661.30 1865.33 780.99 2051.62 801.69
00013463 00000091 1719.13 226.82 535.67 774.93 1862.89 492.33 2105.09 512.63 1973.63 660.61 1869.64 777.31 2056.49 797.66
00013464 00000092 1725.74 224.92 534.46 776.61 1867.60 493.59 2110.45 513.49 1976.74 659.21 1873.11 778.04 2062.08 798.17
00013465 00000093 1728.45 224.96 530.91 774.36 1869.86 493.58 2112.03 513.37 1980.11 657.85 1875.35 777.27 2063.82 797.38
00013466 00000094 1732.22 215.16 524.46 784.70 1878.46 495.44 2113.15 515.66 1984.09 657.08 1875.39 777.73 2068.05 796.91
00013467 00000095 1731.76 215.81 525.76 784.30 1878.67 495.66 2113.12 515.52 1983.60 656.55 1875.68 777.77 2069.24 796.57
00013468 00000096 1732.43 215.36 525.89 784.40 1878.70 495.99 2113.54 515.51 1984.00 656.06 1875.86 777.55 2070.07 796.10
00013469 00000097 1731.95 217.86 526.81 782.99 1879.09 496.40 2113.22 515.84 1984.64 656.48 1876.62 778.53 2069.59 796.88
00013470 00000098 1728.60 231.69 535.13 767.55 1871.42 495.99 2115.08 514.91 1982.18 661.38 1876.26 777.25 2068.74 796.43
00013471 00000099 1729.55 220.62 529.00 786.03 1877.94 498.66 2113.74 520.07 1984.95 661.92 1873.72 780.52 2068.19 800.72
00013472 00000100 1722.84 229.85 539.30 778.55 1867.48 498.16 2111.47 517.89 1978.22 664.95 1872.05 780.54 2065.43 800.44
00013473 00000101 1725.46 215.92 525.79 794.66 1872.46 498.57 2107.91 519.28 1980.28 668.22 1868.01 783.09 2062.75 802.45
00013474 00000102 1720.63 213.83 522.21 799.11 1865.89 498.45 2102.49 518.23 1975.69 668.03 1862.71 784.54 2058.14 802.56
00013475 00000103 1713.02 212.19 521.88 806.49 1859.79 498.72 2097.52 516.72 1972.13 670.21 1857.07 784.82 2056.21 800.57
00013476 00000104 1710.24 210.49 515.52 802.54 1853.39 498.98 2089.57 514.27 1965.40 668.63 1852.36 785.46 2049.71 798.37
00013477 00000105 1699.84 212.41 520.56 803.20 1845.02 500.96 2084.00 515.41 1958.18 666.64 1845.59 787.31 2045.42 799.34
00013478 00000106 1694.43 214.67 521.60 797.16 1836.98 502.90 2075.76 513.23 1949.67 664.89 1840.25 789.16 2041.35 797.56
00013479 00000107 1685.19 215.71 524.71 795.34 1828.95 503.82 2070.09 512.82 1943.99 663.33 1834.87 788.99 2036.15 796.17
00013480 00000108 1679.06 215.64 525.56 796.18 1822.60 503.44 2065.31 511.85 1939.32 662.06 1828.11 788.57 2031.78 795.41
00013481 00000109 1670.23 207.77 532.54 817.71 1812.68 503.97 2054.73 513.58 1927.18 669.59 1822.58 791.68 2025.34 802.03
00013482 00000110 1660.67 207.50 541.59 820.92 1807.33 506.74 2048.23 513.08 1921.34 664.62 1815.71 793.54 2024.30 800.36
00013483 00000111 1658.99 207.33 541.75 816.39 1803.32 507.51 2044.85 514.03 1913.78 665.62 1812.74 793.70 2019.68 800.42
00013484 00000112 1654.41 199.76 540.25 825.56 1801.11 507.68 2040.46 513.52 1910.65 669.96 1811.71 797.70 2015.16 803.42
00013485 00000113 1651.98 198.79 539.08 833.23 1797.79 509.52 2037.84 512.99 1909.17 678.00 1810.04 801.62 2013.88 805.14
00013486 00000114 1651.59 185.83 536.68 849.33 1795.24 508.80 2035.66 512.59 1906.55 685.45 1807.03 802.61 2011.53 806.18
CROP_BBOX: 1303 0 2704 1380
