Video ID: 	1W89ZuP2ktY
H: 	1080
W: 	1920
FPS: 	25.0

FRAME INDEX X0 Y0 W H [Landmarks (5 Points)]

00008021 00000000 1098.64 200.33 398.51 535.32 1195.39 382.68 1357.95 453.74 1220.65 522.91 1142.68 583.08 1264.33 641.99
00008022 00000001 1096.29 201.97 399.86 536.92 1194.11 381.63 1357.16 457.66 1216.83 526.23 1137.33 582.68 1262.94 645.64
00008023 00000002 1095.80 201.48 399.67 541.97 1192.92 380.76 1357.61 457.29 1214.54 526.31 1136.03 585.93 1262.50 649.47
00008024 00000003 1097.24 201.87 396.62 547.02 1192.45 381.78 1358.38 453.39 1215.13 525.38 1140.36 594.63 1261.21 654.55
00008025 00000004 1093.94 204.77 397.39 548.10 1189.97 380.36 1357.01 454.69 1211.65 525.34 1134.99 592.00 1259.89 654.47
00008026 00000005 1090.79 208.79 396.41 543.35 1187.56 380.85 1353.58 457.82 1209.36 526.57 1131.50 591.46 1256.40 656.01
00008027 00000006 1088.26 212.55 396.78 540.10 1184.08 383.13 1348.45 459.41 1206.53 527.89 1128.66 595.14 1247.62 659.12
00008028 00000007 1085.77 219.68 396.08 537.57 1179.45 385.47 1344.51 461.18 1201.31 532.73 1126.50 599.57 1243.99 663.07
00008029 00000008 1080.21 225.35 397.48 536.88 1173.77 387.75 1338.27 467.78 1193.46 540.77 1120.22 599.56 1239.37 666.52
00008030 00000009 1084.33 226.43 389.97 536.23 1169.83 408.18 1327.68 470.86 1184.50 536.78 1119.56 608.06 1236.04 658.75
00008031 00000010 1073.82 226.88 392.23 543.95 1160.63 396.52 1328.05 475.05 1181.60 549.14 1111.75 607.34 1237.06 672.95
00008032 00000011 1077.90 230.72 385.27 536.82 1162.17 415.28 1317.19 476.52 1177.23 544.32 1111.65 614.35 1226.88 663.91
00008033 00000012 1070.41 235.70 388.22 536.35 1157.24 416.49 1313.16 478.66 1171.53 551.78 1105.39 617.31 1222.75 668.09
00008034 00000013 1069.69 238.31 385.34 537.64 1152.98 420.09 1310.11 480.84 1167.18 555.14 1102.18 624.35 1218.93 673.97
00008035 00000014 1066.14 237.16 386.26 544.78 1148.16 423.88 1305.03 483.72 1164.74 557.02 1098.94 627.01 1216.59 676.25
00008036 00000015 1061.45 238.41 386.90 544.86 1143.34 427.92 1301.78 486.38 1162.34 560.91 1098.15 631.72 1215.63 679.87
00008037 00000016 1055.65 242.45 389.95 545.17 1138.26 430.79 1300.01 489.38 1158.33 566.88 1096.29 635.86 1214.36 684.19
00008038 00000017 1049.25 248.49 392.18 542.18 1135.35 435.74 1296.27 496.71 1154.27 575.54 1093.55 639.99 1210.17 690.03
00008039 00000018 1047.60 255.22 390.14 538.66 1133.60 437.37 1295.65 500.55 1150.86 583.70 1090.39 644.05 1209.09 695.56
00008040 00000019 1043.74 260.61 391.53 537.99 1129.94 439.70 1294.77 502.39 1149.61 590.47 1087.84 649.75 1208.77 700.70
00008041 00000020 1043.91 269.22 389.43 537.45 1133.38 442.28 1292.71 516.72 1149.62 583.93 1091.54 645.12 1211.93 707.48
00008042 00000021 1041.36 272.25 387.44 538.01 1128.30 446.70 1288.31 521.84 1147.83 590.31 1086.30 649.60 1208.09 712.54
00008043 00000022 1035.80 277.67 389.29 531.91 1116.84 451.44 1282.96 520.82 1136.47 596.24 1081.20 661.42 1195.45 717.89
00008044 00000023 1036.47 277.62 392.43 528.49 1117.28 453.38 1283.16 516.62 1139.24 602.59 1076.71 664.96 1197.64 716.21
00008045 00000024 1035.54 280.24 392.49 529.02 1115.20 454.64 1284.16 516.99 1140.09 606.35 1075.73 671.98 1197.17 722.54
00008046 00000025 1038.38 289.73 388.40 527.80 1120.21 456.88 1286.60 533.05 1143.48 602.30 1080.25 665.52 1204.21 728.68
00008047 00000026 1040.03 290.07 387.73 531.46 1122.43 457.82 1288.27 532.38 1145.00 601.29 1082.82 667.95 1204.35 729.82
00008048 00000027 1038.98 288.58 389.58 530.80 1123.15 456.27 1287.99 531.15 1145.58 599.50 1083.28 664.27 1205.34 726.42
00008049 00000028 1039.71 283.72 390.83 534.42 1125.94 454.83 1288.48 529.75 1147.98 595.91 1086.33 659.47 1208.89 721.59
00008050 00000029 1040.54 278.13 390.96 538.71 1127.90 453.32 1290.52 527.52 1150.27 595.70 1088.62 657.62 1211.37 719.31
00008051 00000030 1042.55 275.73 389.71 537.34 1130.61 451.45 1291.59 524.69 1151.36 592.69 1090.32 654.24 1211.89 715.36
00008052 00000031 1042.89 273.18 390.01 539.57 1132.13 450.12 1292.10 522.14 1151.56 589.80 1091.62 652.83 1212.26 713.08
00008053 00000032 1042.82 268.55 390.22 543.57 1129.65 447.86 1292.10 517.95 1148.89 586.80 1088.99 651.57 1212.92 710.43
00008054 00000033 1042.41 264.41 390.01 544.23 1127.93 444.39 1291.64 512.50 1147.50 582.14 1088.17 649.45 1213.36 706.85
00008055 00000034 1042.76 258.32 390.50 546.89 1128.19 440.67 1292.37 507.96 1147.03 578.73 1090.20 648.41 1214.18 705.12
00008056 00000035 1042.07 254.00 391.95 548.98 1128.92 438.78 1291.54 506.15 1144.46 573.52 1090.60 645.48 1213.35 702.23
00008057 00000036 1042.88 250.16 390.25 550.25 1129.43 435.79 1291.56 504.17 1143.60 570.95 1090.87 641.70 1213.82 699.34
00008058 00000037 1042.16 247.51 391.63 548.03 1127.59 438.12 1289.64 496.33 1148.79 581.46 1088.45 646.06 1207.40 694.01
00008059 00000038 1042.51 242.27 393.64 551.13 1129.78 432.05 1289.57 499.40 1140.77 561.43 1088.29 636.79 1207.03 693.64
00008060 00000039 1044.56 239.95 393.49 552.68 1132.09 433.50 1290.32 496.44 1141.37 558.77 1092.80 637.49 1208.39 690.71
00008061 00000040 1047.50 239.20 385.45 548.80 1129.41 437.13 1288.90 489.11 1152.48 573.43 1092.75 643.57 1204.84 686.79
00008062 00000041 1039.29 238.91 394.69 549.91 1123.05 421.75 1293.83 485.57 1145.04 560.61 1091.56 636.40 1210.18 688.66
00008063 00000042 1041.01 236.64 394.78 549.75 1124.60 418.00 1295.03 481.14 1146.71 558.05 1093.43 633.23 1212.11 684.98
00008064 00000043 1040.04 236.33 395.00 548.73 1124.39 414.13 1295.14 477.45 1146.63 555.88 1092.25 628.93 1214.22 680.73
00008065 00000044 1043.01 230.55 393.09 543.45 1128.68 422.76 1283.57 479.05 1151.27 555.86 1095.31 621.64 1213.25 666.96
00008066 00000045 1048.26 235.53 387.70 531.15 1131.29 418.99 1289.09 480.83 1154.37 536.32 1096.81 609.62 1218.07 662.35
00008067 00000046 1053.49 229.11 386.12 537.72 1135.19 413.87 1296.78 473.71 1157.86 533.08 1101.68 612.31 1220.89 663.24
00008068 00000047 1055.02 224.70 386.13 540.97 1135.47 409.85 1300.47 469.91 1158.65 530.58 1102.37 612.39 1222.10 663.38
00008069 00000048 1054.01 223.07 387.19 541.51 1135.19 406.11 1301.64 467.48 1158.64 527.87 1101.71 610.56 1222.71 662.59
00008070 00000049 1052.66 219.78 386.90 544.81 1133.39 404.84 1300.78 465.17 1157.38 526.94 1100.02 611.62 1220.96 662.82
00008071 00000050 1044.66 217.44 391.38 549.88 1124.26 407.73 1296.47 465.09 1151.56 538.56 1095.04 623.23 1210.51 670.27
00008072 00000051 1045.52 215.43 390.01 554.72 1126.98 410.99 1291.38 457.74 1158.10 544.42 1100.41 628.50 1212.33 666.65
00008073 00000052 1044.59 217.99 389.88 554.66 1124.17 413.57 1287.73 461.13 1153.55 547.68 1097.58 630.27 1210.58 668.91
00008074 00000053 1046.49 233.13 383.45 539.94 1123.90 416.43 1289.99 478.79 1149.11 546.61 1091.83 620.84 1210.62 674.44
00008075 00000054 1035.93 234.67 384.39 550.97 1116.63 425.34 1284.94 482.44 1141.53 563.28 1089.72 641.09 1203.49 687.96
00008076 00000055 1038.39 240.64 387.99 554.17 1121.30 436.65 1282.16 490.86 1143.82 569.90 1092.10 647.47 1210.16 694.07
00008077 00000056 1030.90 249.38 384.94 550.30 1114.97 447.15 1280.60 498.35 1141.60 580.40 1088.87 655.50 1203.77 697.67
00008078 00000057 1026.83 252.00 385.24 551.73 1109.85 452.49 1277.66 500.37 1139.18 585.58 1088.08 660.83 1202.35 700.22
00008079 00000058 1027.35 261.68 385.79 542.00 1104.74 448.84 1272.47 501.35 1143.44 591.11 1087.37 659.54 1208.69 704.18
00008080 00000059 1024.30 262.81 382.54 538.78 1099.31 451.62 1268.75 500.90 1140.58 593.72 1086.12 664.23 1206.08 706.18
00008081 00000060 1021.24 258.64 387.25 535.34 1096.20 460.78 1257.70 499.00 1128.01 591.99 1076.62 668.62 1193.78 700.78
00008082 00000061 1016.57 256.37 388.29 537.31 1093.90 462.50 1256.95 501.53 1125.88 592.69 1070.94 668.43 1190.47 701.22
00008083 00000062 1013.93 254.77 387.66 539.23 1091.93 462.83 1254.71 502.07 1124.20 592.31 1068.93 668.57 1187.89 701.56
00008084 00000063 1013.22 254.10 385.57 538.54 1090.32 461.17 1252.85 500.54 1123.14 592.45 1068.53 667.55 1188.00 700.57
00008085 00000064 1012.52 252.77 382.49 539.85 1090.65 460.08 1251.87 498.71 1124.98 590.53 1071.45 666.96 1187.84 699.41
00008086 00000065 1011.56 251.63 382.87 540.06 1089.76 457.00 1251.96 495.59 1123.88 586.08 1069.91 664.14 1187.43 696.52
00008087 00000066 1012.14 245.77 383.43 545.26 1087.65 452.62 1249.87 490.43 1120.12 576.75 1067.68 659.88 1187.52 691.78
00008088 00000067 1017.73 235.90 376.56 545.84 1087.08 446.39 1248.32 486.73 1115.94 570.49 1063.64 655.39 1186.33 689.13
00008089 00000068 1016.69 237.85 378.42 545.38 1082.50 427.08 1249.20 476.01 1118.86 568.93 1067.58 645.77 1190.99 685.58
00008090 00000069 1016.06 231.84 375.51 547.11 1081.58 421.02 1247.63 467.80 1118.47 563.60 1069.71 640.93 1192.89 679.17
00008091 00000070 1014.67 226.51 378.30 547.23 1082.47 415.57 1247.64 459.61 1119.38 557.01 1073.01 636.71 1190.64 673.04
00008092 00000071 1018.39 215.42 375.47 552.09 1084.22 417.96 1242.71 452.12 1116.68 541.68 1072.81 632.04 1189.14 660.52
00008093 00000072 1019.92 207.10 372.96 555.59 1081.37 413.74 1239.20 445.62 1114.13 535.15 1072.21 627.02 1188.43 653.70
00008094 00000073 1014.33 217.44 377.90 542.28 1091.72 406.06 1254.87 445.04 1122.84 523.81 1079.46 621.60 1185.96 653.11
00008095 00000074 1013.03 206.58 378.09 547.37 1091.80 400.77 1252.59 437.16 1121.89 520.29 1079.55 615.38 1186.75 645.14
00008096 00000075 1010.45 195.89 380.25 555.86 1088.59 397.74 1251.13 430.81 1118.90 516.70 1078.68 613.10 1186.93 640.50
00008097 00000076 1004.86 188.26 381.54 552.83 1080.73 397.33 1238.16 426.11 1114.03 518.47 1071.59 609.58 1182.85 634.33
00008098 00000077 999.95 184.26 381.73 554.82 1076.01 396.14 1236.37 424.39 1111.30 514.05 1067.50 605.65 1184.39 629.71
00008099 00000078 996.03 183.13 380.11 551.44 1070.26 394.15 1232.91 421.60 1105.74 510.39 1061.90 601.94 1181.86 624.80
00008100 00000079 996.11 181.53 382.68 557.36 1071.29 393.58 1233.33 419.09 1096.53 501.75 1065.82 605.02 1181.17 626.37
00008101 00000080 992.43 182.00 385.79 556.17 1065.98 394.37 1228.88 417.68 1094.04 502.74 1062.71 606.87 1178.71 626.57
00008102 00000081 987.32 186.30 386.67 555.98 1060.31 399.86 1224.40 419.52 1093.48 509.50 1061.04 612.74 1176.22 629.81
00008103 00000082 984.55 192.81 382.62 554.72 1047.57 402.12 1213.95 419.23 1085.95 519.79 1053.91 620.54 1165.05 634.97
00008104 00000083 980.59 199.01 385.32 556.34 1043.88 408.42 1209.81 424.67 1082.43 525.91 1054.56 629.37 1161.43 642.89
00008105 00000084 976.26 205.54 385.88 559.38 1038.53 413.84 1205.19 430.37 1075.79 532.09 1052.97 637.79 1155.89 651.06
00008106 00000085 971.87 213.52 385.79 563.92 1033.56 419.53 1200.87 439.37 1069.62 543.15 1047.76 642.53 1151.95 658.28
00008107 00000086 966.90 226.32 389.44 555.11 1028.11 430.64 1197.32 449.52 1066.97 554.00 1042.55 651.51 1149.70 666.44
00008108 00000087 957.36 226.05 394.10 561.43 1016.27 437.72 1194.40 452.24 1060.08 566.38 1031.46 665.32 1152.74 679.10
00008109 00000088 951.37 234.05 388.56 553.58 1010.89 455.79 1171.40 464.91 1051.88 580.29 1028.21 672.11 1149.53 679.63
00008110 00000089 944.65 247.62 393.47 551.14 1007.72 464.41 1167.56 469.86 1052.62 587.89 1031.98 680.02 1150.46 684.46
00008111 00000090 938.44 264.06 397.39 546.28 1000.96 472.47 1160.19 478.25 1043.93 598.13 1030.15 688.69 1148.95 692.74
00008112 00000091 930.14 269.56 395.07 547.67 993.88 479.07 1152.92 488.69 1036.19 609.27 1022.57 693.02 1143.13 699.63
00008113 00000092 931.57 272.87 396.67 547.42 991.77 482.38 1158.09 490.87 1041.44 620.75 1026.79 698.72 1146.20 704.28
00008114 00000093 929.49 275.25 396.41 545.71 987.95 484.94 1157.05 493.76 1039.11 626.45 1022.92 703.73 1144.26 709.64
00008115 DELETE   930.66 279.86 393.12 543.40 988.78 493.93 1151.17 502.89 1036.88 629.96 1021.34 704.52 1141.98 710.35
00008116 00000095 929.95 281.60 393.69 542.58 987.29 494.36 1149.15 503.24 1034.64 630.00 1019.82 705.06 1140.59 710.69
00008117 00000096 925.03 278.87 396.30 546.20 984.95 491.08 1150.62 500.29 1033.76 629.77 1017.68 706.18 1138.61 712.34
00008118 00000097 922.78 278.68 398.76 546.76 983.22 487.43 1151.90 498.02 1033.09 628.34 1015.78 705.32 1137.60 712.60
00008119 00000098 923.90 278.69 397.75 546.43 983.42 486.11 1152.19 497.26 1033.17 628.19 1015.73 704.67 1138.28 712.41
00008120 00000099 924.09 278.14 396.95 546.22 983.89 485.61 1152.15 496.63 1032.95 627.18 1015.91 703.91 1138.36 711.65
00008121 00000100 924.53 275.36 396.61 548.15 984.53 484.95 1152.78 495.93 1033.65 626.77 1017.03 703.80 1138.28 711.56
00008122 00000101 925.65 273.88 396.89 548.62 985.70 483.97 1153.35 494.63 1034.03 624.87 1018.25 701.97 1139.16 709.54
00008123 00000102 924.31 275.88 388.59 543.65 976.51 478.84 1147.88 493.71 1028.84 631.42 1012.23 698.58 1141.35 710.23
00008124 00000103 924.37 273.25 388.33 545.59 976.97 478.28 1147.81 492.18 1028.90 629.84 1013.03 697.80 1141.48 708.72
00008125 00000104 917.68 270.14 396.74 545.58 980.08 481.98 1143.56 492.08 1024.08 615.89 1013.18 694.83 1139.44 701.20
00008126 00000105 917.53 269.05 396.84 548.68 979.90 483.17 1143.33 491.91 1024.26 615.71 1013.84 695.38 1140.80 700.67
00008127 00000106 917.61 268.41 396.78 549.62 979.69 482.91 1142.86 491.28 1023.62 615.44 1013.75 695.82 1140.37 700.79
00008128 00000107 917.43 269.58 396.84 549.21 979.56 483.34 1141.91 490.63 1023.40 614.47 1014.00 696.18 1139.71 700.28
00008129 00000108 917.87 270.11 396.83 549.21 979.64 483.16 1140.55 489.64 1022.46 612.92 1014.55 696.45 1138.55 699.94
00008130 00000109 918.19 266.50 396.83 551.51 979.95 481.65 1140.21 487.96 1023.08 610.82 1014.64 695.69 1136.69 699.11
00008131 00000110 928.56 265.28 386.49 549.42 980.42 478.76 1144.32 489.72 1029.51 617.89 1017.43 694.67 1138.32 702.88
00008132 00000111 930.85 260.14 395.47 556.70 991.87 483.77 1146.98 490.07 1030.66 604.69 1025.85 693.94 1133.88 697.76
00008133 00000112 934.24 252.67 394.97 554.23 991.10 476.30 1149.99 481.77 1029.98 598.16 1024.74 689.45 1132.31 692.82
00008134 DELETE   943.26 241.07 389.24 561.16 999.75 469.08 1159.03 470.04 1035.37 586.66 1028.76 682.68 1136.74 683.33
00008135 DELETE   946.46 231.06 384.12 558.30 1005.88 455.77 1158.85 461.53 1045.34 573.91 1027.17 670.74 1143.17 675.68
00008136 00000115 953.61 219.70 394.30 565.80 1011.46 440.63 1180.73 451.66 1054.56 560.81 1034.87 656.10 1150.44 663.89
00008137 00000116 959.97 208.55 391.40 566.39 1020.87 428.49 1188.32 443.56 1060.87 543.07 1037.84 642.29 1149.79 653.81
00008138 00000117 966.89 196.76 390.07 567.31 1028.02 413.32 1197.90 426.96 1067.61 529.04 1043.76 633.24 1157.98 644.09
00008139 00000118 973.45 191.62 387.64 563.71 1037.50 408.11 1203.36 419.59 1076.26 521.10 1053.69 626.73 1164.41 635.95
00008140 00000119 975.74 183.33 388.35 557.79 1040.13 402.12 1208.88 410.24 1083.57 511.99 1054.13 616.01 1170.90 622.61
00008141 00000120 976.66 177.79 386.55 557.35 1041.45 399.05 1207.58 406.20 1086.01 503.67 1054.81 608.77 1169.84 614.61
00008142 00000121 975.81 175.40 388.08 556.60 1040.25 397.16 1204.50 402.59 1083.95 500.31 1055.45 606.07 1169.92 610.50
00008143 00000122 973.38 175.11 388.90 555.21 1036.71 397.72 1199.55 401.20 1079.23 500.25 1054.33 606.84 1166.45 609.56
00008144 00000123 968.19 171.55 388.83 561.44 1031.82 398.83 1196.34 402.70 1072.93 503.35 1049.29 609.39 1162.45 612.56
00008145 00000124 960.47 175.03 392.23 560.88 1023.90 404.18 1185.97 406.63 1063.97 507.25 1043.66 610.97 1154.46 612.98
00008146 00000125 955.21 178.75 389.86 559.08 1016.78 408.84 1176.44 408.18 1055.72 510.07 1040.61 616.54 1147.41 615.83
00008147 00000126 947.24 181.79 392.86 563.25 1007.27 410.42 1171.40 408.95 1048.06 517.09 1034.77 625.19 1147.24 623.74
00008148 00000127 940.90 186.57 395.61 566.94 1001.09 412.75 1165.01 413.32 1041.41 523.88 1031.51 630.94 1143.97 631.07
00008149 00000128 936.29 192.76 395.08 567.59 994.90 415.94 1155.79 413.84 1034.05 527.06 1032.94 637.16 1138.87 634.59
00008150 00000129 927.72 194.54 394.64 573.07 985.43 421.40 1141.72 420.48 1021.25 535.50 1015.57 641.35 1131.44 640.76
00008151 00000130 923.92 199.71 395.41 571.11 978.92 424.34 1138.14 424.45 1013.49 541.55 1007.48 643.33 1128.28 643.45
00008152 00000131 924.86 211.51 397.94 554.34 979.90 431.03 1143.50 432.21 1019.10 549.88 1013.41 645.70 1127.81 645.98
00008153 00000132 923.65 214.36 394.56 552.52 977.40 437.37 1140.93 438.06 1016.27 557.42 1010.49 654.70 1122.27 655.05
00008154 00000133 912.92 220.71 398.94 560.44 969.09 442.21 1141.25 442.92 1003.99 565.67 998.31 667.40 1117.44 668.40
00008155 00000134 910.70 226.14 399.87 563.80 969.78 450.38 1137.88 450.05 1005.16 571.85 1003.58 674.14 1117.22 674.06
00008156 00000135 907.07 228.62 400.80 572.53 962.39 455.04 1127.00 455.14 1006.41 582.43 1002.08 678.80 1111.08 678.41
00008157 00000136 902.92 238.90 401.96 566.50 959.45 459.91 1126.95 463.41 1002.19 590.17 996.35 683.42 1107.13 685.84
00008158 00000137 903.18 248.36 399.19 560.31 956.44 465.23 1124.34 472.38 998.82 601.47 988.28 688.68 1104.48 694.00
00008159 00000138 902.73 257.26 398.16 552.45 954.08 470.46 1121.68 478.77 996.46 606.93 985.34 693.16 1101.82 699.50
00008160 00000139 901.93 266.67 395.82 546.84 950.42 478.03 1116.87 486.72 993.58 616.26 984.64 698.84 1099.85 705.50
00008161 00000140 898.33 275.24 396.64 542.33 947.26 485.21 1113.66 495.29 993.39 629.25 988.17 705.78 1100.54 712.78
00008162 00000141 894.69 289.37 399.25 536.34 944.74 498.30 1110.14 507.93 995.06 641.84 990.01 718.84 1099.30 724.75
00008163 00000142 888.90 302.78 402.19 537.85 941.80 509.99 1111.92 519.23 996.67 653.91 988.47 728.13 1106.12 733.49
00008164 00000143 885.28 303.52 399.87 537.38 942.80 509.46 1119.61 519.30 996.02 657.01 986.40 737.86 1111.95 745.57
00008165 00000144 888.79 309.64 398.06 529.69 942.42 518.84 1113.19 525.37 1000.46 660.01 989.16 733.99 1103.86 737.59
00008166 00000145 891.08 306.66 395.70 520.36 940.51 515.10 1112.26 522.76 998.56 655.86 984.77 731.25 1098.11 735.49
00008167 00000146 892.20 304.24 395.15 522.69 943.08 511.11 1112.27 518.95 999.08 652.00 986.18 729.77 1094.88 734.21
00008168 00000147 894.12 301.01 395.37 524.33 945.76 506.32 1113.20 515.60 999.87 648.50 987.98 726.78 1095.15 732.29
00008169 00000148 893.99 297.83 395.67 526.97 946.53 505.31 1113.84 514.43 1000.85 646.93 989.69 727.06 1095.76 732.50
00008170 00000149 893.58 296.72 396.26 526.44 946.63 504.41 1113.69 513.61 1000.99 646.41 990.03 725.88 1096.19 731.34
00008171 00000150 893.79 295.22 396.57 528.55 945.14 503.01 1113.47 512.52 999.16 646.15 987.61 724.33 1098.40 730.02
00008172 00000151 893.43 291.43 395.90 530.41 944.19 499.44 1114.16 510.57 998.01 646.18 985.15 721.40 1098.03 728.40
00008173 00000152 893.93 288.17 395.41 534.28 944.35 498.07 1114.01 508.92 997.73 644.74 985.64 720.82 1099.19 727.62
00008174 00000153 893.95 287.14 395.53 535.05 946.46 498.24 1113.45 507.97 999.54 643.49 990.34 720.62 1099.84 726.46
00008175 00000154 894.09 289.45 396.28 535.90 947.31 498.63 1114.17 507.02 1000.62 642.36 994.54 720.59 1101.59 725.34
00008176 00000155 896.72 287.02 393.37 536.66 948.77 495.12 1114.70 505.68 999.10 640.95 994.35 716.90 1100.53 723.37
00008177 00000156 897.44 282.95 393.88 539.65 949.25 493.03 1115.92 503.67 999.95 639.50 995.49 714.04 1103.52 720.73
00008178 00000157 897.36 281.99 394.51 538.93 948.62 491.01 1116.35 500.42 1000.35 637.43 996.52 712.92 1106.25 718.70
00008179 00000158 898.27 276.11 396.52 544.89 950.72 489.07 1118.05 499.09 1000.48 634.59 997.75 711.10 1107.56 717.66
00008180 00000159 899.76 274.96 395.93 544.23 952.16 487.72 1118.64 496.63 1000.93 631.16 998.74 710.45 1107.54 716.39
00008181 00000160 901.87 266.39 395.34 551.03 954.47 484.37 1119.42 492.20 1001.07 625.99 998.88 707.19 1106.46 712.79
00008182 00000161 903.61 266.84 395.30 546.20 957.06 479.84 1122.08 487.36 1003.83 617.82 999.29 701.58 1109.61 707.04
00008183 00000162 903.79 261.56 397.63 544.51 958.64 473.93 1124.98 480.34 1005.73 608.99 996.49 695.66 1109.32 700.32
00008184 00000163 901.97 250.77 400.81 555.89 958.99 465.27 1128.18 471.52 1006.77 602.43 996.36 688.51 1109.54 692.96
00008185 00000164 903.92 238.46 401.10 566.57 961.74 458.99 1128.70 461.52 1006.98 592.39 1001.04 684.25 1113.02 685.63
00008186 00000165 908.06 231.00 399.04 567.78 964.28 454.57 1132.17 456.38 1011.26 585.21 1001.40 676.71 1116.45 677.70
00008187 00000166 908.46 228.11 400.82 565.08 970.68 454.12 1143.29 453.35 1013.13 575.96 1005.14 677.87 1121.68 677.60
00008188 00000167 909.53 226.94 402.83 564.58 971.59 452.06 1142.85 448.90 1013.74 569.92 1007.04 675.07 1122.24 672.83
00008189 00000168 908.42 223.30 404.42 565.97 970.01 448.19 1141.21 443.14 1010.89 564.80 1005.29 671.58 1122.69 668.04
00008190 00000169 912.12 223.66 394.56 559.16 961.60 453.67 1115.33 456.85 999.03 568.11 996.48 662.38 1102.54 664.02
00008191 00000170 904.30 216.81 393.09 559.00 952.25 447.39 1103.72 449.10 984.80 556.94 990.05 652.81 1094.05 652.72
00008192 00000171 902.52 203.79 390.93 564.00 949.72 439.09 1103.35 440.06 983.73 549.50 988.18 646.70 1092.69 646.13
00008193 00000172 901.18 198.52 390.82 562.79 947.98 430.96 1103.11 429.56 981.23 540.49 986.89 642.84 1092.44 640.56
00008194 00000173 900.05 195.70 392.29 563.29 948.73 424.71 1105.64 423.59 981.81 534.35 986.19 639.17 1092.19 637.43
00008195 00000174 901.08 193.96 391.57 560.85 950.15 421.75 1106.87 419.64 982.71 528.36 985.79 634.20 1092.58 631.77
00008196 00000175 900.76 192.71 389.79 555.53 950.68 417.97 1105.47 414.43 981.61 522.54 985.48 628.58 1091.55 624.98
00008197 00000176 894.58 187.61 393.00 555.59 947.97 415.53 1097.30 408.29 976.73 515.40 985.64 624.90 1085.26 618.27
00008198 00000177 891.54 187.35 389.32 550.20 947.65 409.00 1093.09 400.51 973.29 503.64 982.72 616.87 1079.40 609.22
00008199 00000178 891.68 177.47 385.80 555.48 944.07 405.13 1092.27 393.80 967.68 494.76 976.97 613.24 1077.25 603.67
00008200 00000179 888.30 166.98 389.06 560.46 939.36 400.35 1095.09 389.55 965.06 492.57 967.25 607.75 1077.94 599.14
00008201 00000180 887.91 163.63 390.64 561.13 939.06 397.84 1096.80 386.42 967.24 490.38 965.57 608.13 1075.41 599.26
00008202 00000181 886.34 163.66 390.85 563.45 938.55 397.15 1096.26 385.99 965.50 489.74 969.29 609.73 1076.09 600.80
00008203 00000182 886.82 165.86 387.44 562.39 937.91 398.94 1093.88 388.66 962.40 491.27 966.83 611.03 1072.27 602.86
00008204 00000183 887.42 171.44 386.09 561.14 937.91 402.57 1093.63 394.24 962.69 496.46 965.49 613.56 1071.58 606.81
00008205 00000184 884.58 179.55 388.52 558.13 937.37 406.12 1091.11 399.57 962.56 499.72 967.14 618.29 1067.32 612.34
00008206 00000185 884.88 189.03 388.93 556.62 937.73 410.86 1088.42 405.11 962.65 507.53 971.68 626.24 1067.54 620.43
00008207 00000186 883.07 195.98 390.78 565.46 934.94 417.65 1086.87 413.90 964.34 519.13 973.03 635.62 1071.14 631.06
00008208 00000187 882.88 201.98 390.73 562.97 934.74 421.02 1086.29 422.20 964.52 529.69 972.44 637.83 1073.95 637.11
00008209 00000188 882.61 201.36 391.56 562.95 935.97 421.71 1086.74 423.85 965.11 530.97 972.44 636.86 1075.53 636.88
00008210 00000189 882.19 196.53 394.11 562.55 936.22 419.31 1088.85 420.55 966.36 526.92 971.05 632.05 1077.56 631.48
00008211 00000190 882.09 194.82 395.51 560.56 935.28 415.86 1089.06 415.74 965.78 523.82 970.29 628.82 1079.71 627.13
00008212 00000191 882.19 194.40 395.34 556.60 936.45 414.59 1089.13 412.24 966.87 518.11 970.11 624.16 1079.72 620.73
00008213 00000192 882.36 194.49 394.05 556.59 935.38 414.32 1087.18 412.76 964.13 518.61 968.47 623.23 1077.78 620.38
00008214 00000193 881.00 197.32 394.65 558.63 933.24 416.83 1083.76 417.70 960.70 526.67 966.79 626.27 1077.38 625.29
00008215 00000194 877.89 203.86 397.59 558.66 930.67 422.54 1081.82 425.91 958.55 536.10 964.00 631.84 1076.21 632.78
00008216 00000195 874.51 211.60 393.12 556.54 918.81 433.50 1074.00 436.41 948.44 547.30 945.06 641.90 1068.92 644.40
00008217 00000196 874.80 215.61 387.97 556.61 918.97 438.04 1070.05 442.97 946.80 552.62 944.23 646.76 1064.94 650.88
00008218 00000197 873.53 218.08 386.34 557.67 918.47 440.85 1069.24 445.79 945.71 555.60 941.68 650.08 1062.46 654.41
00008219 00000198 875.12 215.50 386.11 559.83 919.44 440.02 1069.70 444.48 946.66 554.04 943.99 649.89 1063.51 653.82
00008220 00000199 875.43 212.32 390.46 558.18 918.81 436.62 1071.46 440.24 946.80 551.75 945.37 647.43 1066.40 650.46
00008221 00000200 874.83 212.57 392.87 557.41 919.47 435.74 1073.04 438.38 949.04 549.97 946.26 647.10 1066.65 649.37
00008222 00000201 876.13 213.06 392.31 556.23 921.22 436.37 1075.27 438.93 952.05 550.38 947.97 647.75 1069.36 649.88
00008223 00000202 879.60 211.48 389.75 557.98 924.60 438.31 1078.19 440.52 955.97 551.34 952.07 647.96 1075.42 649.85
00008224 00000203 878.86 215.04 392.71 557.16 926.18 441.12 1079.82 443.43 958.34 554.11 953.24 650.59 1075.59 652.43
00008225 00000204 877.47 218.08 393.67 559.45 927.26 443.61 1080.06 446.20 959.38 558.75 953.74 655.44 1073.85 657.42
00008226 00000205 877.64 225.10 394.77 553.78 929.24 447.63 1080.19 448.69 962.22 562.88 958.17 659.64 1074.60 660.20
00008227 00000206 878.59 226.13 402.25 563.99 925.86 444.58 1093.41 445.22 963.79 569.14 967.21 669.19 1078.43 670.97
00008228 00000207 879.56 226.73 400.21 566.38 927.06 446.66 1093.32 447.23 964.12 570.04 971.14 672.69 1077.06 674.12
00008229 00000208 879.61 230.61 391.00 562.13 935.06 456.52 1077.59 455.49 963.62 571.71 970.25 671.90 1074.45 670.68
00008230 00000209 879.01 231.77 390.62 562.62 935.31 458.48 1077.41 457.66 964.59 576.33 972.48 676.88 1075.18 675.77
00008231 00000210 878.22 230.54 392.20 559.72 933.13 459.10 1081.53 459.20 965.14 577.29 966.30 674.19 1078.21 673.75
00008232 00000211 877.65 231.71 391.67 555.53 932.25 458.05 1080.68 458.48 964.19 573.96 962.12 671.93 1074.68 671.92
00008233 00000212 877.63 230.10 392.38 557.42 932.28 457.00 1080.52 457.48 964.42 572.63 961.16 670.07 1074.36 670.16
00008234 00000213 877.42 230.17 392.66 556.09 932.25 456.96 1080.32 456.98 964.99 573.25 963.11 669.82 1075.70 669.45
00008235 00000214 877.53 230.59 392.25 555.30 932.27 457.19 1079.88 457.37 964.95 572.75 962.74 668.16 1075.26 667.99
00008236 00000215 878.79 230.92 391.24 556.97 933.87 457.26 1079.60 456.31 966.23 572.89 968.09 667.89 1078.32 666.67
00008237 00000216 879.84 232.15 389.88 558.14 933.95 457.36 1077.58 455.33 964.39 574.03 970.85 669.45 1079.37 667.15
00008238 00000217 881.30 230.13 389.58 558.53 934.59 455.64 1078.56 454.74 963.78 571.51 968.09 667.65 1076.32 666.47
00008239 00000218 881.09 228.96 389.95 558.01 933.86 453.10 1078.43 453.74 962.77 569.63 964.85 667.20 1071.77 667.57
CROP_BBOX: 711 0 1659 976
