Video ID: 	6CxP-EV9gCU
H: 	1080
W: 	1920
FPS: 	25.0

FRAME INDEX X0 Y0 W H [Landmarks (5 Points)]

00010321 00000000 611.02 196.90 475.46 688.52 663.97 448.94 868.13 468.07 695.53 597.32 677.71 709.40 832.84 725.73
00010322 00000001 595.47 211.41 502.82 706.94 663.46 456.37 885.97 483.74 720.19 621.32 680.08 737.84 837.68 759.70
00010323 00000002 616.41 214.62 483.10 718.64 671.97 465.31 895.60 487.33 732.67 649.56 694.32 740.31 866.71 758.76
00010324 00000003 609.53 217.71 509.95 718.07 693.73 460.74 915.05 499.71 755.02 667.93 701.77 719.34 893.79 752.36
00010325 00000004 618.95 231.46 500.54 710.32 692.46 468.23 920.39 498.07 757.51 656.49 708.69 730.03 894.57 753.28
00010326 00000005 628.99 230.86 496.35 710.13 705.22 461.87 919.16 492.61 755.80 641.51 718.20 726.84 897.82 751.54
00010327 00000006 637.65 214.69 492.51 723.06 703.74 463.95 919.75 489.07 752.52 639.30 719.55 728.34 909.52 749.15
00010328 00000007 666.60 204.98 484.02 730.71 724.68 474.11 932.09 479.85 762.72 610.54 742.64 740.44 910.30 745.74
00010329 00000008 667.84 205.54 491.77 717.94 739.62 478.42 953.73 489.29 789.07 603.01 751.16 732.55 922.36 742.21
00010330 00000009 673.04 199.63 499.02 716.78 758.94 475.76 982.95 486.34 821.88 597.77 764.29 726.21 940.13 736.20
00010331 DELETE   686.15 203.51 508.84 705.52 788.93 475.51 1015.20 487.10 862.48 595.65 795.08 723.22 971.21 733.76
00010332 DELETE   710.53 205.90 505.60 707.10 818.49 472.14 1051.78 482.06 904.23 599.78 829.12 730.07 1003.84 740.51
00010333 DELETE   730.60 209.46 500.05 705.89 842.89 469.72 1084.26 480.54 940.34 597.93 850.90 731.25 1047.62 740.89
00010334 00000013 743.02 200.91 513.26 737.04 869.04 469.72 1107.63 471.21 978.00 596.87 891.46 745.85 1072.11 748.27
00010335 00000014 751.80 209.31 517.05 734.18 890.85 470.56 1129.86 478.43 1007.23 595.88 904.84 748.19 1092.93 755.47
00010336 00000015 759.94 217.48 513.66 714.84 904.73 472.91 1153.69 484.19 1031.69 602.95 919.90 744.47 1119.65 753.94
00010337 00000016 765.27 221.59 513.56 712.99 914.74 472.97 1166.17 482.69 1049.29 603.75 933.14 750.04 1131.50 758.51
00010338 00000017 767.31 229.11 517.26 713.53 924.75 476.46 1169.04 484.15 1061.39 603.82 953.20 756.11 1136.99 762.66
00010339 00000018 766.49 226.95 518.77 714.88 931.25 481.06 1171.50 486.56 1069.74 605.56 965.83 757.11 1145.09 761.53
00010340 00000019 764.82 226.08 520.03 715.11 933.27 482.59 1172.27 486.74 1074.83 603.31 969.62 756.83 1149.94 759.95
00010341 00000020 760.07 228.03 519.76 716.28 934.31 481.87 1170.04 486.00 1078.78 600.69 972.31 759.19 1147.58 762.27
00010342 00000021 754.78 229.52 519.44 718.59 932.35 481.88 1169.48 489.57 1078.42 605.01 960.05 756.00 1147.64 761.94
00010343 00000022 748.07 230.08 518.75 725.77 929.55 481.18 1165.82 489.39 1077.68 605.87 951.46 755.15 1147.37 761.44
00010344 00000023 739.79 235.10 518.64 737.91 933.52 471.79 1162.66 489.18 1079.33 602.01 948.39 755.00 1141.17 767.31
00010345 00000024 734.66 235.87 517.56 747.71 933.85 473.22 1159.17 489.25 1083.16 602.11 948.14 763.19 1136.98 774.74
00010346 00000025 732.51 240.89 516.20 735.31 934.43 476.26 1161.14 492.29 1084.05 610.34 953.29 758.06 1142.04 768.98
00010347 00000026 733.96 238.09 514.16 730.88 929.37 488.12 1159.51 493.67 1087.69 613.78 955.74 761.51 1149.33 764.98
00010348 00000027 729.47 237.81 518.87 728.42 928.52 490.94 1160.97 495.98 1090.02 614.95 952.10 759.21 1151.27 762.22
00010349 00000028 729.40 237.59 517.08 726.91 928.17 490.07 1160.68 493.53 1090.34 615.10 951.02 757.83 1150.15 759.76
00010350 00000029 730.03 235.00 516.60 727.73 927.93 489.95 1160.78 491.76 1090.79 613.93 950.28 756.33 1151.51 756.78
00010351 00000030 729.66 233.60 514.87 735.81 926.97 491.86 1160.24 493.52 1091.32 611.84 950.62 760.37 1151.60 760.77
00010352 00000031 727.63 233.29 517.62 727.24 926.26 492.41 1159.33 493.61 1089.90 611.62 957.20 762.55 1149.71 762.45
00010353 00000032 726.76 231.05 514.53 717.50 921.59 494.75 1153.63 491.61 1084.26 611.82 959.66 760.82 1147.88 757.10
00010354 00000033 724.52 231.70 514.88 717.51 914.02 494.38 1144.27 485.53 1074.61 611.20 960.38 763.29 1141.32 755.29
00010355 00000034 713.63 236.80 525.22 717.57 902.70 490.72 1139.68 478.76 1067.64 613.69 957.22 771.05 1135.50 759.29
00010356 00000035 712.09 238.78 518.01 714.07 896.01 495.92 1131.19 487.89 1056.69 619.21 945.43 769.07 1128.73 759.93
00010357 00000036 705.37 233.43 518.16 725.61 886.51 502.73 1125.12 488.66 1050.80 620.01 940.22 772.90 1127.73 758.58
00010358 00000037 705.88 243.19 514.47 712.65 875.51 505.44 1117.24 491.59 1034.88 626.26 928.11 772.65 1120.96 758.72
00010359 00000038 703.91 243.83 515.58 711.45 870.42 510.03 1113.92 496.75 1029.96 629.88 922.43 773.69 1120.76 760.37
00010360 00000039 700.30 247.44 519.67 711.29 863.02 514.74 1109.49 497.05 1023.31 632.80 919.62 780.01 1119.47 763.05
00010361 00000040 700.66 251.50 518.81 708.79 860.95 517.40 1107.18 499.75 1019.61 637.84 920.31 783.64 1115.53 766.83
00010362 00000041 699.84 254.41 518.86 710.40 860.81 520.05 1105.48 500.43 1020.67 639.88 921.90 787.16 1114.94 768.67
00010363 00000042 698.94 255.95 521.37 717.27 861.25 524.86 1105.82 502.74 1022.18 646.39 924.47 793.58 1117.24 773.04
00010364 00000043 698.35 262.54 522.31 726.24 862.21 531.82 1105.64 499.90 1024.66 654.58 927.00 805.92 1121.06 774.77
00010365 00000044 699.14 268.86 522.00 720.72 866.52 534.17 1106.33 501.06 1030.06 659.17 930.75 805.46 1122.53 773.36
00010366 00000045 699.37 270.48 521.98 716.83 868.28 536.92 1109.21 501.97 1034.30 660.92 931.97 805.73 1125.50 772.20
00010367 00000046 701.31 272.87 521.43 710.35 869.40 537.28 1111.01 503.28 1034.80 661.18 933.55 804.25 1128.08 771.58
00010368 00000047 699.90 276.59 520.55 705.07 869.05 537.08 1109.79 503.06 1034.98 662.16 932.85 802.75 1126.22 770.13
00010369 00000048 701.02 275.75 522.06 697.12 868.04 537.44 1107.14 505.52 1034.30 660.07 927.79 797.82 1125.74 769.69
00010370 00000049 698.36 273.60 524.29 694.13 867.73 537.02 1108.37 506.01 1034.78 659.51 928.75 795.76 1125.40 768.26
00010371 00000050 696.31 273.32 525.57 694.64 866.18 536.02 1107.04 505.48 1032.53 659.74 927.32 795.40 1123.61 768.04
00010372 00000051 694.71 272.09 525.64 696.47 866.20 535.02 1105.34 504.92 1032.46 658.87 928.70 795.42 1122.36 768.34
00010373 00000052 693.48 272.44 523.70 693.00 864.97 534.76 1102.64 504.88 1031.14 658.37 928.64 793.72 1120.55 766.85
00010374 00000053 691.68 270.19 523.80 695.91 864.43 534.88 1101.05 505.18 1030.86 657.29 928.98 794.02 1119.85 767.21
00010375 00000054 689.79 271.03 523.09 703.27 862.65 535.44 1099.19 504.97 1030.09 656.55 928.64 799.90 1117.86 772.41
00010376 00000055 687.42 270.02 523.15 718.94 860.90 534.81 1095.26 502.19 1030.36 654.99 930.81 807.13 1117.89 777.89
00010377 00000056 686.25 268.84 521.86 728.30 860.89 535.97 1093.41 502.48 1031.86 654.95 932.98 813.03 1116.92 783.06
00010378 00000057 687.11 268.60 521.54 722.41 860.38 535.58 1094.10 502.35 1030.25 655.26 933.13 810.75 1116.55 781.02
00010379 00000058 687.51 269.60 522.87 707.76 860.85 535.54 1096.41 504.46 1028.22 656.25 930.92 804.44 1114.63 776.49
00010380 00000059 689.65 268.90 523.34 698.99 861.18 534.62 1097.91 503.25 1028.61 654.18 933.23 800.37 1116.35 772.01
00010381 00000060 690.28 267.51 522.74 696.60 862.61 534.79 1098.97 503.46 1030.39 652.86 934.79 797.70 1118.06 769.30
00010382 00000061 692.16 269.27 520.44 694.99 866.25 537.74 1098.67 504.58 1033.60 650.48 937.68 798.47 1119.90 769.03
00010383 00000062 694.61 270.36 518.92 692.40 868.17 541.72 1100.26 510.10 1034.00 648.57 937.02 796.72 1120.33 769.12
00010384 00000063 692.64 268.21 521.52 695.27 865.00 538.71 1100.03 508.53 1030.77 649.53 934.34 797.24 1118.74 770.37
00010385 00000064 690.57 267.21 523.79 700.45 862.31 535.66 1098.33 504.41 1028.86 649.80 934.11 798.74 1117.65 770.71
00010386 00000065 688.72 267.54 524.70 707.43 863.08 532.39 1096.08 502.74 1028.25 649.33 933.84 801.48 1113.25 774.98
00010387 00000066 688.41 263.35 524.50 714.41 862.00 529.59 1095.14 502.92 1025.67 645.21 930.80 800.10 1111.36 776.05
00010388 00000067 689.77 262.09 525.73 709.12 862.18 527.51 1098.88 504.45 1023.83 643.62 927.43 792.64 1112.46 771.38
00010389 00000068 693.56 262.50 522.98 697.93 860.52 527.48 1101.21 504.92 1021.35 643.68 921.44 785.55 1115.64 764.55
00010390 00000069 694.96 260.40 520.26 695.84 860.70 524.72 1104.65 505.42 1021.89 642.73 918.81 781.34 1117.25 762.63
00010391 00000070 697.54 262.13 517.82 692.02 862.95 524.03 1103.84 503.91 1023.41 642.32 921.55 779.98 1116.90 760.67
00010392 00000071 699.69 262.56 517.34 689.35 865.92 522.57 1105.21 500.78 1027.21 641.10 925.62 779.06 1118.46 758.24
00010393 00000072 702.39 261.58 517.74 689.76 868.45 522.97 1108.65 499.08 1030.93 639.74 933.11 782.47 1121.43 760.06
00010394 00000073 705.44 260.37 516.01 695.37 870.19 522.32 1108.89 495.62 1034.36 640.66 939.96 787.94 1124.05 763.70
00010395 00000074 704.98 261.11 517.26 701.41 875.00 520.09 1110.88 495.88 1038.95 638.00 941.27 788.21 1124.53 766.22
00010396 00000075 705.22 261.23 518.78 699.09 873.86 519.41 1113.48 496.75 1038.13 640.10 936.75 786.15 1124.75 765.32
00010397 00000076 705.52 260.25 519.23 699.21 874.54 518.74 1114.63 497.07 1038.33 640.09 933.91 783.71 1125.06 763.70
00010398 00000077 704.06 258.68 520.81 702.85 874.81 517.38 1116.13 496.77 1038.96 640.01 931.88 782.80 1125.70 763.45
00010399 00000078 705.53 258.18 520.68 701.98 876.57 516.68 1118.24 496.62 1041.15 638.73 934.17 783.48 1126.73 764.69
00010400 00000079 704.95 256.18 522.68 701.89 878.48 514.87 1121.34 494.86 1044.87 636.48 937.61 782.38 1129.14 763.60
00010401 00000080 706.99 257.14 522.33 697.79 879.39 515.30 1122.50 494.15 1046.26 636.18 939.17 782.02 1130.50 762.42
00010402 00000081 708.23 258.74 522.77 697.03 879.82 515.91 1122.72 494.57 1046.16 635.70 939.45 782.57 1130.83 762.93
00010403 00000082 708.77 260.84 522.77 693.19 881.70 516.28 1122.99 494.50 1047.82 636.76 942.52 782.59 1131.08 762.54
00010404 00000083 710.91 260.03 522.81 693.54 882.61 516.51 1124.31 494.81 1048.15 636.18 942.62 781.52 1132.29 761.59
00010405 00000084 711.99 261.63 522.40 689.51 883.24 516.77 1125.60 495.62 1048.86 637.23 942.85 780.44 1133.03 760.93
00010406 00000085 712.57 261.24 521.68 688.32 883.03 517.14 1125.89 496.39 1048.44 637.54 941.80 779.63 1132.81 760.43
00010407 00000086 712.92 261.72 520.78 685.80 883.04 516.89 1126.26 496.12 1048.51 637.85 942.32 779.45 1132.54 760.25
00010408 00000087 712.93 261.74 521.02 685.85 882.80 516.76 1126.46 496.23 1048.11 637.71 941.44 778.74 1132.66 759.68
00010409 00000088 712.98 261.07 520.86 686.57 881.50 517.20 1125.56 495.66 1046.70 637.57 940.71 779.15 1132.57 759.16
00010410 00000089 713.04 261.51 520.37 685.38 881.03 517.54 1124.60 496.28 1045.66 637.30 940.03 778.75 1131.76 758.97
00010411 00000090 712.21 263.20 520.02 683.58 880.23 517.48 1124.07 496.44 1045.16 638.38 939.09 778.29 1131.43 758.60
00010412 00000091 712.31 264.28 519.91 682.89 880.42 517.61 1123.78 496.71 1044.99 639.21 939.01 778.86 1131.10 759.26
00010413 00000092 712.15 262.12 519.58 684.84 880.20 518.16 1123.82 496.97 1044.89 639.56 938.72 778.67 1131.15 758.91
00010414 00000093 711.24 263.34 519.79 683.60 880.10 518.67 1123.69 498.24 1044.70 639.68 937.92 778.22 1131.01 759.08
00010415 00000094 711.30 263.84 519.05 682.65 880.26 519.57 1123.29 498.71 1044.75 639.89 938.39 778.77 1130.88 759.32
00010416 00000095 711.30 264.44 517.96 682.26 879.64 519.10 1122.37 498.38 1043.90 640.17 937.51 778.32 1130.24 759.00
00010417 00000096 710.46 264.32 517.90 682.89 879.05 518.87 1121.10 498.07 1042.95 640.00 936.87 778.07 1129.41 758.66
00010418 00000097 710.08 264.03 517.71 683.06 879.23 518.90 1120.93 498.09 1042.91 640.41 936.96 778.08 1128.90 758.62
00010419 00000098 709.72 263.68 517.65 683.56 878.88 518.22 1121.19 497.93 1042.71 640.34 936.17 777.63 1129.00 758.57
00010420 00000099 709.49 264.20 517.56 683.23 878.42 518.34 1120.47 497.74 1042.14 640.61 935.98 777.83 1128.44 758.45
00010421 00000100 709.79 264.80 517.58 682.28 878.30 518.69 1120.46 498.22 1041.95 640.37 935.64 777.46 1128.48 758.23
00010422 00000101 710.31 264.32 517.59 682.72 878.88 518.59 1120.73 497.85 1042.20 640.32 936.04 777.23 1128.85 757.82
00010423 00000102 710.38 264.62 517.33 682.14 878.58 518.60 1120.95 497.92 1042.07 640.70 935.53 776.99 1129.06 757.62
00010424 00000103 711.55 264.65 516.14 681.26 878.85 519.01 1121.33 498.09 1042.22 641.09 935.25 776.65 1129.37 757.06
00010425 00000104 711.17 264.80 516.93 681.04 879.14 518.92 1122.33 498.43 1042.79 641.27 935.00 775.90 1130.21 756.70
00010426 00000105 710.89 263.12 517.20 682.34 880.07 517.92 1122.53 497.68 1043.46 640.20 935.40 774.79 1130.29 755.75
00010427 00000106 710.02 264.40 518.55 681.12 879.07 517.83 1123.52 497.77 1043.82 640.53 934.76 774.82 1131.16 755.85
00010428 00000107 710.41 263.57 518.61 681.60 879.66 517.25 1123.96 497.19 1044.05 640.15 935.32 774.62 1131.27 755.64
00010429 00000108 709.86 262.16 518.71 682.85 879.91 517.29 1123.84 497.46 1044.54 639.32 935.91 774.60 1131.18 755.75
00010430 00000109 710.92 261.44 515.91 683.12 879.93 518.07 1123.64 496.87 1044.31 636.91 933.68 774.02 1131.60 754.37
00010431 00000110 711.99 260.24 514.43 682.22 879.50 522.75 1116.57 501.69 1037.88 634.86 929.92 770.10 1126.90 751.02
00010432 00000111 705.36 252.01 515.59 693.06 872.02 515.37 1110.94 502.60 1025.51 634.17 918.95 766.54 1114.22 753.29
00010433 00000112 696.72 241.13 518.97 710.28 855.91 511.14 1097.47 495.97 1000.27 630.68 897.34 766.73 1097.73 754.38
00010434 00000113 689.09 236.67 520.40 712.39 834.67 502.79 1079.64 494.02 969.16 631.65 867.32 764.21 1071.58 757.60
00010435 00000114 676.32 221.77 517.31 726.17 811.26 491.50 1059.66 489.42 938.56 630.15 835.05 759.60 1039.78 758.59
00010436 00000115 668.42 218.75 511.19 729.32 794.97 489.39 1035.29 489.92 908.42 627.16 814.70 753.80 1013.28 754.72
00010437 00000116 658.55 225.29 502.78 715.25 776.90 485.42 1018.16 493.08 884.19 622.72 793.12 746.27 992.33 750.65
00010438 00000117 642.24 224.00 506.55 724.44 757.75 485.44 992.29 487.15 858.38 620.94 777.40 747.41 970.51 747.97
00010439 00000118 624.89 216.79 509.86 722.84 731.62 488.38 968.86 484.04 831.36 620.05 759.35 746.88 955.78 743.27
00010440 00000119 617.21 216.87 510.99 719.28 717.64 491.54 954.19 483.23 812.56 619.92 750.25 746.24 943.57 739.47
00010441 00000120 612.11 220.79 515.56 718.16 709.77 494.71 944.84 480.78 803.16 619.52 746.91 748.36 942.65 736.40
00010442 00000121 608.17 223.58 522.11 717.18 701.93 499.79 938.62 478.14 796.68 618.07 745.80 752.49 944.16 734.06
00010443 00000122 606.23 227.73 525.61 716.39 698.60 501.77 935.85 476.36 794.62 621.22 748.36 754.79 947.75 733.07
00010444 00000123 605.29 234.08 528.86 714.54 699.24 506.05 934.72 477.22 794.43 622.66 752.06 757.86 950.52 733.20
00010445 00000124 604.78 233.78 536.54 710.51 703.95 505.35 935.83 476.99 799.48 625.92 760.77 759.93 947.96 735.71
00010446 00000125 608.81 236.12 531.55 707.87 704.35 508.13 939.29 479.51 801.32 629.42 759.89 764.97 949.01 740.71
00010447 00000126 612.91 242.88 532.02 705.23 707.46 509.84 942.39 483.41 804.01 635.69 765.48 771.37 948.12 749.33
00010448 00000127 620.89 249.57 519.46 702.10 716.85 509.45 941.71 487.88 806.72 634.90 774.33 773.05 946.55 754.57
00010449 00000128 624.25 246.64 518.08 703.75 718.34 509.03 944.53 487.39 808.94 635.42 775.16 771.21 950.03 752.63
00010450 00000129 626.12 244.78 520.49 708.56 720.78 509.35 948.37 485.63 812.62 633.83 777.16 772.12 955.38 751.53
00010451 00000130 629.01 235.42 524.03 733.48 725.16 507.06 953.73 479.60 819.33 632.92 784.69 780.11 964.53 756.23
00010452 00000131 629.62 236.53 527.62 745.64 725.58 506.14 954.10 475.79 817.79 631.75 786.22 781.44 974.16 754.91
00010453 00000132 630.79 240.53 526.01 739.63 726.29 507.37 954.22 476.18 819.13 631.71 787.29 780.23 976.07 752.96
00010454 00000133 629.60 244.35 527.58 727.85 725.87 512.14 954.75 481.82 818.85 633.32 785.10 779.62 971.55 753.02
00010455 00000134 629.41 247.84 518.45 709.76 723.46 512.62 950.96 485.45 815.39 633.82 781.91 775.13 961.78 751.21
00010456 00000135 629.45 249.00 519.85 707.78 722.06 513.18 949.34 485.74 813.30 635.47 781.26 775.51 961.70 751.34
00010457 00000136 629.33 248.32 518.72 712.45 722.24 513.65 948.87 485.54 811.70 635.49 781.85 778.79 962.70 754.09
00010458 00000137 631.57 245.57 517.10 720.21 722.54 514.49 948.96 484.49 810.03 635.58 781.44 781.88 966.09 755.47
00010459 00000138 631.17 244.84 517.86 717.80 722.42 513.92 950.09 485.44 810.16 636.20 781.02 778.97 964.97 753.82
00010460 00000139 630.57 244.99 515.33 710.65 722.59 515.93 950.10 487.77 812.25 635.93 781.47 776.04 960.90 751.58
00010461 00000140 626.72 242.02 520.12 710.26 716.97 511.55 952.37 484.33 814.29 638.91 776.15 775.00 960.44 753.41
00010462 00000141 625.90 242.55 518.59 705.48 716.76 510.54 952.31 484.51 813.98 637.57 774.66 772.96 958.71 752.37
00010463 00000142 625.37 243.15 518.36 703.00 715.22 509.15 951.94 483.21 813.37 636.72 773.03 770.92 958.67 750.39
00010464 00000143 624.93 241.58 518.70 703.18 715.42 507.79 951.11 483.17 811.80 636.12 771.90 768.76 957.01 749.28
00010465 00000144 623.46 238.61 517.49 707.75 714.23 506.10 949.34 482.67 810.76 636.94 771.34 769.37 955.89 750.73
00010466 00000145 621.33 240.85 518.09 713.62 714.92 505.45 947.59 482.33 812.76 637.33 776.05 774.55 953.72 756.23
00010467 00000146 621.26 240.96 518.13 717.08 715.56 506.50 947.66 482.40 814.46 637.72 777.42 775.87 955.46 756.83
00010468 00000147 621.09 244.54 519.79 713.77 714.91 506.30 948.42 482.21 813.79 638.03 776.78 775.91 955.74 756.87
00010469 00000148 619.93 244.46 518.48 711.88 713.54 506.15 948.08 482.60 812.61 638.51 774.52 774.55 954.58 755.88
00010470 00000149 620.20 243.60 518.33 709.71 712.76 505.96 947.99 482.32 811.03 639.05 772.91 773.46 954.54 754.68
00010471 00000150 619.20 242.79 517.52 707.08 713.06 504.60 947.68 481.86 811.99 637.13 772.32 770.85 953.74 752.79
00010472 00000151 620.42 236.49 517.47 708.88 712.80 502.00 948.05 479.72 810.79 635.26 770.55 766.96 955.39 749.25
00010473 00000152 620.84 237.21 515.88 703.94 714.42 502.13 947.83 480.56 811.51 634.30 770.41 764.11 953.26 747.01
00010474 00000153 623.34 239.94 514.03 700.94 716.17 502.95 950.50 481.69 813.62 635.28 771.62 765.42 953.42 748.78
00010475 00000154 623.99 239.67 517.06 703.89 717.98 504.60 952.52 480.76 816.62 633.36 774.85 766.40 957.21 747.74
00010476 00000155 631.33 247.05 511.27 698.84 728.16 511.01 954.06 487.58 823.38 630.91 782.20 763.40 962.85 742.81
00010477 00000156 638.45 242.30 509.86 704.73 741.13 506.74 967.01 482.95 836.19 627.21 786.58 759.55 971.44 738.29
00010478 00000157 644.19 227.70 509.72 718.76 751.57 505.70 981.03 478.77 853.92 621.01 794.31 756.16 989.14 731.70
00010479 00000158 649.79 224.85 511.41 716.15 760.38 500.31 995.28 472.84 870.56 612.98 805.86 753.01 1007.54 727.32
00010480 00000159 660.62 224.92 508.61 709.06 775.33 493.06 1017.22 469.49 894.35 610.05 823.62 754.02 1019.88 731.52
00010481 00000160 672.35 226.54 504.45 706.30 790.55 484.33 1035.98 464.59 914.21 606.69 841.35 756.71 1026.89 737.55
00010482 00000161 669.41 215.20 519.13 724.22 795.94 485.43 1040.55 467.63 922.59 609.51 844.66 755.77 1038.64 741.49
00010483 00000162 672.31 219.66 524.36 724.20 806.81 486.49 1050.10 465.98 939.65 605.70 859.18 759.28 1050.34 742.88
00010484 00000163 680.05 221.55 519.51 720.45 821.77 486.00 1066.07 469.23 960.41 611.23 872.05 760.07 1062.67 746.45
00010485 00000164 685.75 223.46 518.61 722.51 833.67 483.56 1076.06 470.69 974.06 604.38 880.12 757.50 1069.41 746.94
00010486 00000165 688.57 227.77 514.71 722.41 842.18 475.52 1083.81 468.05 981.23 603.62 883.33 752.40 1072.97 743.34
00010487 00000166 684.57 230.02 516.14 724.22 846.27 472.71 1085.95 469.88 986.10 599.34 881.00 749.02 1075.13 743.55
00010488 00000167 684.37 228.40 520.75 725.62 856.09 471.08 1094.45 475.70 999.67 593.09 884.54 743.00 1083.16 743.53
00010489 00000168 685.68 219.19 517.95 733.48 869.58 468.90 1099.85 480.26 1015.24 587.19 889.38 737.81 1086.19 743.83
00010490 00000169 688.08 220.52 514.04 730.16 878.02 464.18 1105.64 473.90 1027.45 583.80 898.29 734.17 1092.88 738.60
00010491 00000170 686.79 212.52 513.06 734.83 884.98 463.54 1106.87 469.30 1038.29 578.64 907.38 728.31 1098.00 729.42
00010492 00000171 684.23 209.69 512.64 728.61 888.91 460.99 1105.49 467.37 1041.02 574.19 914.96 723.16 1096.35 724.58
00010493 00000172 682.98 204.46 506.48 724.54 886.01 456.91 1099.96 465.00 1036.57 568.09 913.59 715.96 1092.09 718.60
00010494 00000173 676.17 208.40 507.59 695.71 877.59 454.89 1089.69 463.07 1025.27 566.47 906.53 705.31 1087.35 710.63
00010495 00000174 669.00 205.94 506.43 686.71 865.94 453.58 1077.87 455.22 1014.18 560.33 902.66 699.65 1079.80 699.60
00010496 00000175 667.76 203.27 500.17 675.21 861.50 453.67 1072.83 452.47 1008.66 554.61 901.90 696.07 1073.62 693.46
00010497 00000176 666.41 209.59 496.97 658.72 856.49 450.23 1072.62 440.03 1013.71 550.56 904.83 698.31 1076.00 688.62
00010498 00000177 655.38 207.40 502.26 670.89 855.12 453.00 1062.70 436.24 1012.50 550.11 909.14 701.89 1072.19 685.35
00010499 00000178 652.77 205.51 500.27 674.50 856.96 451.21 1061.74 433.35 1015.95 548.99 915.27 705.25 1072.29 688.02
00010500 00000179 661.02 200.78 488.90 666.32 858.61 447.13 1069.66 430.56 1023.88 540.95 918.44 698.25 1085.19 683.31
00010501 00000180 661.93 203.90 487.26 662.49 864.01 449.46 1072.12 434.53 1029.66 544.58 923.73 697.96 1088.83 684.20
00010502 00000181 664.57 204.06 485.76 660.40 866.79 451.69 1074.79 437.26 1034.13 545.38 926.91 698.97 1090.41 685.50
00010503 00000182 659.99 200.79 493.22 672.99 869.78 453.92 1071.67 441.69 1035.54 553.75 926.11 699.59 1090.99 687.20
00010504 00000183 662.50 203.48 491.00 669.50 873.47 459.46 1073.49 444.56 1041.43 557.98 919.31 698.27 1092.15 684.38
00010505 00000184 658.52 208.50 497.26 665.43 876.26 464.81 1076.42 447.31 1049.23 564.10 915.94 698.52 1095.67 683.06
00010506 00000185 658.82 211.75 499.29 663.07 877.34 468.08 1078.75 452.59 1049.53 568.85 915.22 699.68 1095.62 686.01
00010507 00000186 659.56 214.75 498.09 660.79 875.58 471.01 1079.23 456.22 1046.92 572.24 911.31 700.56 1093.57 687.55
00010508 00000187 659.48 216.23 499.25 660.93 872.82 476.68 1079.19 460.08 1044.20 574.18 902.61 702.73 1091.40 688.67
00010509 00000188 657.09 219.80 499.45 663.98 863.65 481.57 1073.93 466.00 1028.36 579.93 896.39 705.81 1085.54 693.11
00010510 00000189 649.29 232.05 498.32 659.54 846.23 479.28 1058.01 466.79 1002.68 585.22 892.69 717.99 1069.50 704.43
00010511 DELETE   639.70 230.74 501.17 667.21 824.81 479.77 1051.05 472.22 980.06 588.14 869.16 719.02 1056.59 709.23
00010512 DELETE   632.24 232.53 496.49 683.52 805.47 479.34 1028.65 469.08 953.85 588.18 852.16 726.62 1035.30 713.82
00010513 DELETE   623.36 226.31 502.34 692.46 786.80 484.59 1018.92 477.17 933.11 589.05 820.28 729.18 1023.94 722.59
00010514 00000193 614.03 226.75 506.26 692.74 767.00 480.69 1002.73 472.15 906.57 591.47 798.82 727.48 1007.48 719.74
00010515 00000194 611.55 224.84 506.44 690.15 759.66 476.77 996.18 471.29 894.68 586.32 784.23 721.21 999.20 715.73
00010516 00000195 611.87 226.37 508.85 688.73 758.77 471.89 999.81 471.47 890.24 585.55 776.88 717.54 996.75 716.06
00010517 00000196 616.81 224.24 508.38 716.65 766.66 466.91 1006.24 472.87 892.12 582.58 780.35 712.64 995.36 714.48
00010518 00000197 621.64 220.60 511.88 730.69 779.52 465.98 1013.08 468.44 908.01 571.66 791.71 714.99 1006.41 713.71
00010519 00000198 627.02 218.66 509.55 733.79 790.40 464.80 1018.68 463.46 921.69 565.78 803.75 716.41 1016.30 712.39
00010520 00000199 625.85 210.47 514.65 743.51 795.12 463.26 1029.10 462.03 937.19 557.37 812.71 718.78 1029.43 714.91
00010521 00000200 626.19 210.92 513.28 738.99 802.32 462.66 1028.62 460.07 945.67 549.96 829.84 720.86 1028.08 715.55
00010522 00000201 627.01 212.35 515.14 731.28 800.55 464.09 1025.55 454.96 944.15 547.86 843.12 728.29 1027.39 717.52
00010523 00000202 630.23 211.27 516.89 713.24 800.82 467.87 1025.30 454.65 945.87 550.34 854.79 726.47 1031.51 712.19
00010524 00000203 637.83 214.38 511.49 696.20 798.45 473.62 1025.52 455.34 943.83 558.98 856.92 726.28 1035.28 707.39
00010525 00000204 640.84 220.75 512.82 688.50 797.73 474.32 1034.20 458.82 943.12 571.31 853.12 729.40 1039.12 712.46
00010526 00000205 644.59 229.14 508.58 682.74 797.26 477.86 1037.14 463.27 943.27 582.69 849.92 733.19 1041.74 717.32
00010527 00000206 647.54 234.32 506.18 679.83 800.01 481.47 1037.65 468.58 943.79 590.65 850.00 734.06 1040.19 719.73
00010528 00000207 648.63 237.35 506.59 682.98 801.47 484.70 1040.54 475.97 943.88 600.56 845.30 734.70 1041.70 723.70
00010529 00000208 650.07 244.52 501.67 676.74 801.25 489.38 1037.15 486.71 938.73 605.02 840.10 735.45 1036.59 729.61
00010530 00000209 650.59 247.03 498.61 673.12 795.72 489.73 1032.58 489.90 928.78 607.81 827.44 730.21 1031.45 726.88
00010531 00000210 642.53 239.27 504.67 678.37 784.74 489.91 1026.34 486.97 914.79 608.07 810.12 729.90 1021.88 727.64
00010532 00000211 632.97 240.23 507.55 684.00 774.68 486.89 1017.73 485.92 903.64 606.95 798.80 734.17 1009.12 733.24
00010533 00000212 626.88 240.12 511.70 684.70 764.84 486.50 1008.23 489.92 887.41 609.20 780.74 730.84 996.19 733.43
00010534 00000213 624.24 234.38 508.61 687.70 756.08 483.80 996.87 486.40 874.43 607.40 768.51 728.06 984.96 729.64
00010535 00000214 620.33 227.87 506.97 702.67 748.39 479.32 986.53 480.25 863.32 601.94 759.28 726.43 977.92 726.21
00010536 00000215 624.15 216.14 509.50 732.62 751.75 470.73 982.37 472.67 854.50 595.18 760.81 721.01 966.01 720.80
00010537 00000216 629.62 229.08 505.45 710.26 746.60 469.15 976.92 471.31 842.42 593.17 760.94 720.44 954.18 722.14
00010538 00000217 629.09 223.70 502.99 699.30 744.36 468.04 977.76 470.23 842.51 584.89 761.56 719.11 947.41 721.41
00010539 00000218 626.74 212.71 503.83 693.72 741.96 466.03 973.54 466.64 837.35 576.77 755.91 715.48 942.02 716.23
00010540 00000219 626.72 209.46 503.59 687.99 740.86 464.49 972.03 466.23 835.22 575.81 753.82 710.37 940.37 712.07
00010541 00000220 629.09 210.93 500.98 684.54 739.89 465.46 970.79 469.13 833.53 579.91 750.44 709.56 940.82 712.95
00010542 00000221 631.61 210.85 500.26 690.20 738.01 469.45 972.51 473.12 833.13 583.53 746.09 711.15 950.18 714.42
00010543 00000222 637.70 213.86 496.76 695.94 746.53 470.38 980.60 475.00 841.10 594.63 748.53 717.00 957.62 720.64
00010544 00000223 647.43 234.46 499.84 691.54 764.79 474.44 995.33 487.97 860.16 600.90 770.36 723.26 959.54 733.44
00010545 00000224 658.05 237.14 497.91 691.22 773.03 482.09 1005.83 495.40 870.62 609.33 781.58 732.78 972.92 742.20
00010546 00000225 668.83 237.23 493.45 690.84 782.80 483.86 1015.34 498.20 879.78 607.16 792.49 736.41 978.39 746.50
00010547 00000226 679.19 232.39 491.59 695.83 790.43 479.37 1023.51 491.64 886.48 604.26 806.10 741.99 979.42 750.58
00010548 00000227 683.12 232.70 490.02 691.17 797.28 475.52 1030.37 489.38 896.47 601.55 814.00 740.00 982.43 749.47
00010549 00000228 688.13 230.86 488.28 689.14 799.18 475.36 1032.31 486.52 898.93 597.76 817.65 739.42 988.02 746.52
00010550 00000229 690.46 230.60 487.37 687.92 800.50 474.67 1033.13 485.58 898.80 599.05 817.63 735.94 990.09 742.89
00010551 00000230 691.77 230.40 489.23 685.47 799.14 475.88 1034.53 486.52 898.30 599.51 815.95 734.63 993.79 741.24
00010552 00000231 692.32 232.28 487.22 684.16 796.23 479.67 1031.17 487.95 892.28 601.70 813.00 737.22 995.79 741.73
00010553 00000232 683.51 223.78 501.61 691.74 785.53 486.41 1017.63 489.22 871.62 604.79 801.49 733.41 987.70 736.10
00010554 00000233 681.50 232.22 489.03 687.49 773.61 491.81 1005.75 490.64 860.24 605.92 793.12 742.24 982.52 739.72
00010555 00000234 672.76 227.99 496.66 690.68 754.16 492.55 981.38 485.76 831.10 607.76 772.67 735.10 961.00 729.75
00010556 00000235 659.10 227.04 498.56 695.11 738.06 492.74 956.93 481.19 808.11 610.12 763.89 740.21 941.53 731.00
00010557 00000236 642.55 237.30 507.30 693.28 725.81 488.40 939.14 478.48 791.10 605.44 758.25 739.79 930.38 731.85
00010558 00000237 624.27 221.15 513.25 694.23 704.86 489.52 923.61 468.62 775.55 601.56 742.80 737.01 922.94 719.74
00010559 DELETE   612.29 221.19 518.15 684.28 690.42 484.46 913.05 462.21 764.74 597.70 731.84 730.67 915.42 712.24
00010560 00000239 600.81 215.33 521.91 685.79 683.47 481.20 906.85 454.29 761.03 591.16 726.65 725.33 910.57 703.65
00010561 00000240 598.30 215.45 519.17 698.45 673.72 481.80 890.39 450.13 741.49 589.92 716.35 726.21 903.50 698.28
00010562 00000241 586.67 213.58 521.99 707.55 665.45 481.61 873.46 442.09 735.19 588.34 722.96 731.19 899.65 696.12
00010563 00000242 575.69 223.70 526.69 699.36 654.15 487.73 862.14 438.49 729.05 585.81 717.73 730.57 900.54 687.26
00010564 00000243 567.49 224.35 532.85 696.40 645.38 491.83 855.06 439.25 722.22 586.67 710.54 728.23 902.55 681.65
00010565 00000244 566.94 221.81 533.03 692.49 644.16 493.75 856.27 439.80 724.46 589.28 709.44 727.72 904.53 680.04
00010566 00000245 566.90 224.19 532.36 690.02 646.28 494.04 859.87 441.77 729.00 589.42 709.52 727.72 904.27 681.51
00010567 00000246 571.65 225.29 527.84 693.58 652.50 495.04 867.61 447.11 736.13 594.92 710.80 730.26 906.01 687.96
00010568 00000247 575.73 230.93 519.14 690.14 654.56 498.98 876.74 458.10 740.50 602.67 708.93 739.36 898.81 703.78
00010569 00000248 579.77 237.85 513.28 690.11 659.53 504.70 881.82 467.71 746.64 610.71 711.46 743.08 906.08 711.00
00010570 00000249 584.43 249.24 504.01 697.25 679.19 518.54 902.78 479.44 776.22 615.50 729.56 756.25 932.53 721.36
00010571 00000250 589.96 245.92 506.54 701.79 695.87 520.02 928.08 484.04 804.64 618.20 746.14 760.64 950.95 728.45
00010572 DELETE   608.22 249.85 500.48 695.21 717.66 518.87 960.22 493.27 837.68 625.87 767.32 764.87 972.05 740.70
00010573 00000252 614.51 250.95 517.56 710.31 739.24 519.28 982.39 490.90 871.20 629.88 789.61 770.86 1003.42 746.69
00010574 00000253 627.21 257.03 511.71 699.75 762.12 521.03 1000.44 497.25 896.87 629.15 816.85 771.44 1017.00 749.67
00010575 00000254 642.38 263.36 505.59 689.84 778.58 523.12 1016.53 503.25 915.05 632.20 827.57 770.28 1028.62 751.77
00010576 00000255 648.86 264.22 498.34 686.65 781.31 522.68 1019.86 502.55 916.94 630.84 828.09 769.84 1031.53 751.17
00010577 00000256 646.92 258.75 502.09 692.43 775.00 522.82 1014.45 501.28 907.95 628.83 820.39 767.76 1025.34 748.07
CROP_BBOX: 366 0 1592 1080
