Video ID: 	8fGjodJPglY
H: 	2160
W: 	3840
FPS: 	23.976023976023978

FRAME INDEX X0 Y0 W H [Landmarks (5 Points)]

00000137 00000000 1491.58 425.68 590.49 698.56 1699.94 632.42 1956.79 738.22 1799.42 772.39 1626.26 875.91 1866.33 967.73
00000138 00000001 1482.68 435.94 601.09 681.80 1704.25 630.49 1948.45 732.04 1800.91 762.53 1633.89 868.78 1851.68 957.13
00000139 00000002 1479.40 433.45 591.21 676.40 1692.48 621.57 1939.07 717.39 1786.22 756.35 1619.54 854.98 1851.51 938.85
00000140 00000003 1474.82 417.86 587.96 683.01 1680.62 617.78 1934.96 701.77 1784.52 745.27 1614.30 854.40 1851.43 928.77
00000141 00000004 1464.95 393.36 582.61 711.77 1668.77 604.42 1926.99 687.55 1781.72 733.15 1606.58 849.92 1839.20 924.09
00000142 00000005 1453.52 389.62 586.46 738.49 1656.59 603.45 1914.35 676.73 1765.62 729.25 1605.23 878.37 1828.32 940.78
00000143 00000006 1449.84 400.14 581.91 735.59 1647.89 604.68 1910.04 670.12 1756.57 728.21 1596.50 881.93 1821.97 939.91
00000144 00000007 1446.54 397.71 572.06 718.96 1626.97 607.72 1896.51 670.29 1739.70 734.02 1583.49 879.19 1825.00 935.26
00000145 00000008 1436.19 387.13 576.57 712.85 1622.27 612.89 1891.95 673.92 1737.50 736.81 1566.35 876.09 1837.02 930.63
00000146 00000009 1435.95 389.21 573.23 707.80 1619.56 616.29 1887.94 675.98 1733.84 741.00 1568.47 874.00 1833.43 927.25
00000147 00000010 1431.77 385.50 577.61 711.62 1615.28 621.16 1884.94 677.61 1731.95 748.15 1567.62 876.80 1835.40 927.23
00000148 00000011 1430.85 379.26 570.13 721.87 1609.44 625.43 1880.59 680.72 1726.22 761.59 1562.67 879.66 1829.36 930.28
00000149 00000012 1429.74 383.47 572.39 725.18 1607.25 632.15 1869.99 682.94 1718.70 765.32 1569.64 887.22 1813.05 933.98
00000150 00000013 1439.14 400.36 572.02 727.54 1609.41 632.67 1875.29 680.67 1724.67 767.02 1583.13 904.15 1803.85 948.29
00000151 00000014 1430.76 381.88 571.22 739.66 1603.20 635.78 1864.54 684.26 1710.23 769.78 1565.99 897.68 1802.83 942.73
00000152 00000015 1432.56 386.50 569.44 729.42 1598.54 636.98 1867.27 684.17 1707.94 772.82 1555.05 892.09 1820.94 936.78
00000153 00000016 1434.45 396.64 569.37 716.26 1600.03 637.33 1870.03 682.72 1712.56 771.02 1559.51 894.46 1823.94 937.57
00000154 00000017 1435.60 396.37 568.46 714.88 1603.58 639.53 1869.57 681.39 1718.60 771.24 1570.04 898.10 1823.22 938.02
00000155 00000018 1436.95 384.81 571.17 725.01 1602.16 639.79 1873.83 678.26 1723.11 770.71 1576.23 901.06 1829.58 937.89
00000156 00000019 1441.93 392.66 565.80 716.60 1600.07 642.88 1869.92 672.45 1721.69 772.42 1579.99 903.44 1835.59 932.64
00000157 00000020 1442.26 399.61 568.59 713.92 1596.29 643.18 1866.40 664.07 1723.95 774.45 1578.93 906.24 1846.15 927.25
00000158 00000021 1443.10 404.56 567.18 702.85 1590.63 647.19 1858.10 648.48 1721.10 767.84 1587.56 906.94 1859.19 909.64
00000159 00000022 1432.45 405.61 575.01 697.24 1565.07 659.28 1833.98 627.90 1696.67 754.53 1586.43 917.34 1855.61 890.21
00000160 DELETE   1409.22 386.92 592.06 726.68 1529.06 679.35 1799.74 627.40 1662.63 761.20 1584.27 936.57 1820.32 894.15
00000161 00000024 1385.96 430.00 595.94 717.55 1502.25 702.23 1768.04 639.80 1634.99 778.03 1559.38 970.77 1801.66 916.45
00000162 00000025 1387.27 440.25 593.52 731.50 1503.76 716.63 1765.26 667.78 1630.46 809.22 1545.05 990.21 1803.48 949.14
00000163 DELETE   1391.88 439.40 594.96 753.77 1519.31 726.96 1786.02 700.15 1644.80 852.52 1541.94 1005.89 1812.77 984.20
00000164 DELETE   1411.85 436.49 580.63 787.83 1541.95 744.45 1806.61 727.35 1662.56 886.07 1552.27 1025.42 1821.84 1012.15
00000165 00000028 1424.43 441.65 579.32 817.38 1559.22 754.37 1822.73 746.23 1677.58 908.93 1561.83 1035.84 1833.86 1029.51
00000166 00000029 1424.95 475.04 588.29 819.61 1559.62 752.70 1839.28 754.70 1682.89 913.66 1574.67 1066.00 1831.78 1067.92
00000167 00000030 1428.82 487.02 588.99 818.46 1565.87 762.79 1844.52 769.69 1688.57 933.31 1581.06 1081.03 1815.76 1088.76
00000168 00000031 1426.61 458.01 577.82 844.42 1567.42 773.34 1834.03 790.72 1681.24 971.62 1563.78 1079.35 1815.02 1094.61
00000169 00000032 1420.88 498.87 583.06 810.87 1561.77 793.32 1835.48 821.45 1674.03 1007.40 1551.61 1078.36 1820.13 1099.03
00000170 00000033 1422.12 522.68 579.78 791.11 1564.34 809.66 1837.82 845.62 1671.39 1031.25 1551.27 1087.67 1817.69 1112.43
00000171 00000034 1427.61 549.66 568.63 780.94 1558.32 827.50 1835.16 859.62 1668.56 1060.57 1545.53 1113.74 1811.61 1139.19
00000172 00000035 1426.46 552.65 567.84 781.44 1556.59 832.83 1834.47 859.82 1672.58 1066.05 1549.89 1122.48 1812.27 1143.45
00000173 00000036 1427.27 552.36 567.73 785.23 1558.61 834.15 1835.50 858.37 1677.59 1064.75 1553.91 1125.57 1815.97 1144.28
00000174 00000037 1428.62 549.43 570.02 793.91 1561.70 833.73 1840.65 856.20 1684.81 1063.84 1558.43 1127.36 1821.98 1144.67
00000175 00000038 1430.08 557.18 571.76 785.73 1566.17 830.51 1844.51 852.69 1688.22 1061.14 1562.00 1123.61 1826.65 1140.91
00000176 00000039 1430.76 548.90 572.41 785.50 1565.58 829.38 1848.53 851.86 1691.51 1060.78 1559.57 1117.21 1831.83 1134.72
00000177 00000040 1431.33 545.98 572.53 786.16 1565.55 828.85 1851.93 850.64 1694.55 1058.23 1555.07 1112.48 1837.44 1129.92
00000178 00000041 1433.56 550.16 571.59 782.70 1568.57 828.04 1852.82 850.62 1696.32 1056.35 1557.56 1112.15 1837.48 1130.52
00000179 00000042 1435.39 536.78 573.68 795.41 1571.28 827.13 1856.08 848.32 1700.71 1051.60 1566.03 1118.01 1837.47 1134.53
00000180 00000043 1436.60 537.12 571.28 800.32 1576.77 824.80 1856.72 847.61 1704.00 1048.78 1572.57 1122.48 1835.41 1140.34
00000181 00000044 1437.72 530.51 570.79 806.69 1576.07 823.38 1858.05 847.65 1704.46 1048.10 1568.26 1118.96 1835.90 1138.46
00000182 00000045 1437.37 533.65 571.50 796.99 1574.72 820.86 1861.93 846.19 1705.68 1048.21 1561.42 1113.59 1841.21 1134.64
00000183 00000046 1435.31 525.45 572.55 799.13 1571.69 819.01 1861.74 841.64 1706.17 1045.19 1561.83 1114.32 1840.90 1132.69
00000184 00000047 1435.36 530.57 572.79 799.92 1573.40 816.95 1858.10 837.99 1704.77 1038.58 1565.68 1118.49 1837.96 1135.93
00000185 00000048 1431.56 527.21 574.97 809.43 1574.62 815.29 1854.73 834.32 1705.47 1035.58 1568.82 1114.67 1835.77 1130.37
00000186 00000049 1429.86 537.80 579.64 796.00 1574.43 813.43 1852.73 830.88 1703.53 1029.58 1566.95 1107.24 1838.73 1121.73
00000187 00000050 1430.44 526.67 575.08 818.37 1575.67 806.28 1849.54 821.95 1703.18 1020.54 1567.09 1100.71 1838.47 1114.06
00000188 00000051 1429.51 546.64 582.14 800.14 1570.52 792.05 1849.94 798.97 1693.57 992.20 1574.59 1097.93 1833.18 1106.31
00000189 00000052 1429.23 523.08 584.16 816.75 1571.45 776.45 1848.04 780.08 1698.52 963.62 1577.63 1082.85 1835.29 1088.95
00000190 00000053 1423.40 495.50 591.08 835.48 1569.39 764.32 1843.43 761.01 1701.50 946.56 1580.66 1068.84 1834.75 1068.75
00000191 00000054 1418.52 482.02 596.57 845.58 1566.12 760.25 1845.42 751.22 1701.70 937.53 1575.41 1063.48 1843.39 1057.20
00000192 00000055 1419.95 494.79 596.25 843.03 1569.14 769.23 1843.69 764.52 1701.43 963.60 1570.69 1060.30 1844.15 1058.62
00000193 00000056 1414.14 516.49 599.79 832.23 1565.51 783.95 1843.68 783.09 1698.52 983.38 1570.04 1074.08 1840.55 1076.02
00000194 00000057 1411.34 543.77 597.15 803.20 1561.99 807.90 1844.63 811.86 1697.10 1010.28 1565.96 1095.63 1829.65 1100.03
00000195 00000058 1417.04 533.99 581.34 818.98 1564.81 821.70 1836.32 831.00 1695.00 1033.95 1563.52 1103.76 1834.72 1109.30
00000196 00000059 1413.87 521.48 586.01 818.58 1563.34 815.68 1838.92 824.53 1697.01 1022.82 1561.72 1096.94 1835.89 1102.17
00000197 00000060 1412.54 519.90 592.31 788.68 1564.78 794.59 1840.52 804.24 1695.73 1000.69 1558.82 1079.32 1839.27 1085.92
00000198 00000061 1418.05 480.73 581.05 809.85 1561.75 772.73 1836.91 783.27 1692.12 978.65 1557.60 1056.79 1839.30 1063.72
00000199 00000062 1418.58 469.80 583.98 804.38 1561.09 759.27 1836.72 766.52 1693.61 960.52 1553.74 1039.47 1843.21 1043.90
00000200 00000063 1415.33 465.80 589.63 798.87 1558.63 750.14 1839.78 758.04 1694.23 952.58 1547.91 1028.55 1844.50 1033.93
00000201 00000064 1415.46 462.24 588.33 802.54 1558.55 754.84 1839.33 762.76 1694.10 959.62 1546.26 1031.11 1842.75 1036.84
00000202 00000065 1417.39 484.99 585.57 793.96 1556.88 769.94 1840.65 781.16 1689.38 984.41 1548.76 1050.51 1841.20 1058.11
00000203 00000066 1411.91 517.89 593.62 803.40 1564.91 798.29 1846.20 809.52 1699.86 1012.04 1557.41 1087.93 1841.31 1096.17
00000204 00000067 1414.56 518.64 585.08 818.41 1559.54 818.78 1842.05 829.25 1696.81 1037.03 1557.25 1105.84 1837.38 1112.85
00000205 00000068 1415.18 520.08 581.77 813.80 1556.51 820.17 1841.82 829.35 1695.38 1040.51 1549.81 1099.95 1842.31 1106.06
00000206 00000069 1413.49 518.37 587.23 791.44 1559.20 804.84 1844.71 815.77 1696.76 1022.63 1549.45 1090.31 1843.29 1098.74
00000207 00000070 1416.13 498.85 585.63 788.18 1556.89 785.30 1839.30 794.46 1693.77 1002.54 1560.76 1073.07 1842.11 1077.68
00000208 00000071 1419.28 473.50 579.56 804.41 1558.10 770.99 1839.16 780.20 1695.07 986.69 1557.72 1060.72 1839.61 1066.55
00000209 00000072 1419.75 478.53 580.84 793.12 1558.63 765.91 1839.12 772.60 1695.79 979.32 1560.54 1057.80 1841.07 1061.83
00000210 00000073 1419.58 471.60 580.58 802.40 1559.20 769.12 1839.57 777.94 1695.24 984.44 1560.59 1059.88 1839.43 1065.31
00000211 00000074 1417.42 489.05 583.96 790.36 1557.10 779.71 1840.41 787.11 1696.34 997.15 1562.33 1072.51 1841.48 1076.28
00000212 00000075 1415.80 511.29 590.61 781.40 1562.44 792.37 1845.82 801.21 1699.53 1012.38 1561.02 1088.44 1840.85 1094.81
00000213 00000076 1415.71 519.14 587.73 777.77 1562.52 796.64 1843.46 805.32 1698.41 1014.11 1562.18 1094.06 1838.31 1100.05
00000214 00000077 1415.41 507.45 592.34 785.83 1564.20 794.17 1845.13 802.27 1700.82 1006.87 1562.57 1087.00 1838.99 1092.97
00000215 00000078 1417.44 498.85 585.13 782.92 1560.06 786.92 1840.60 794.43 1699.04 991.03 1563.20 1073.11 1839.29 1077.45
00000216 00000079 1417.82 482.84 586.45 796.04 1559.67 778.64 1842.99 787.93 1698.75 983.92 1558.78 1061.41 1841.80 1067.20
00000217 00000080 1416.98 480.90 589.72 800.17 1558.50 774.59 1844.08 784.46 1695.13 983.57 1555.77 1053.71 1846.06 1059.78
00000218 00000081 1416.72 482.86 589.69 802.07 1558.50 780.15 1842.12 789.65 1693.00 989.23 1558.07 1055.18 1846.15 1060.06
00000219 00000082 1414.12 515.21 594.76 779.75 1557.78 797.44 1841.87 805.82 1696.26 1001.21 1558.10 1070.31 1847.27 1073.83
00000220 00000083 1410.48 512.46 598.47 804.81 1559.27 807.85 1846.72 817.67 1696.15 1023.00 1551.59 1082.89 1846.93 1089.58
00000221 00000084 1413.32 519.76 589.49 815.59 1560.88 810.78 1844.75 822.29 1696.32 1030.58 1553.73 1091.18 1842.00 1099.48
00000222 00000085 1411.85 521.24 593.45 792.31 1560.79 802.46 1844.59 814.16 1696.36 1020.41 1554.17 1088.21 1841.35 1096.59
00000223 00000086 1413.35 509.78 591.15 786.85 1556.11 793.18 1841.14 802.51 1694.23 1005.58 1558.41 1078.49 1842.29 1082.98
00000224 00000087 1412.84 491.46 586.84 802.33 1552.88 784.55 1839.00 796.51 1690.55 1004.79 1550.30 1068.48 1837.96 1075.96
00000225 00000088 1411.99 489.39 587.16 803.66 1551.82 782.59 1837.05 795.29 1688.09 1003.53 1547.58 1067.58 1837.17 1075.51
00000226 00000089 1410.93 497.01 587.19 797.54 1552.46 785.41 1836.32 796.08 1689.40 1005.25 1554.30 1074.91 1836.97 1081.03
00000227 00000090 1411.69 492.35 584.87 797.45 1553.52 783.85 1835.12 795.40 1690.55 1001.59 1553.34 1075.17 1831.90 1082.68
00000228 00000091 1411.05 479.26 584.43 803.20 1554.53 779.57 1833.98 789.34 1693.29 990.83 1554.66 1072.97 1829.65 1079.34
00000229 00000092 1413.15 446.46 580.99 828.24 1555.42 768.72 1833.68 778.21 1693.77 977.54 1551.05 1066.16 1830.55 1072.57
00000230 00000093 1409.92 430.70 580.96 832.71 1556.41 756.61 1833.32 765.65 1693.21 959.37 1550.08 1056.56 1826.75 1063.06
00000231 00000094 1408.88 417.31 583.02 837.45 1559.33 744.17 1832.22 752.88 1693.06 939.88 1547.16 1044.94 1828.50 1051.71
00000232 00000095 1409.36 394.95 574.77 835.63 1557.60 729.31 1832.02 738.20 1692.51 914.84 1542.96 1032.46 1823.80 1041.05
00000233 00000096 1404.77 390.44 576.20 833.49 1556.52 720.99 1828.49 724.43 1692.01 896.60 1547.51 1024.26 1821.70 1028.34
00000234 00000097 1397.13 381.09 580.94 836.34 1552.95 717.43 1825.50 719.00 1691.06 890.90 1544.99 1018.85 1822.81 1021.07
00000235 00000098 1386.60 385.43 586.47 825.10 1541.55 717.88 1819.93 720.60 1679.56 890.20 1531.79 1016.56 1815.63 1019.66
00000236 00000099 1379.78 399.56 585.62 814.96 1531.68 721.18 1808.49 721.47 1669.13 891.77 1524.91 1017.71 1806.51 1018.29
00000237 00000100 1377.97 411.16 575.35 797.81 1522.74 724.72 1793.33 729.88 1658.90 895.10 1524.39 1014.81 1791.95 1020.97
00000238 00000101 1369.04 407.82 589.03 846.02 1520.72 745.80 1783.18 738.94 1650.93 895.50 1541.58 1030.53 1785.62 1026.24
00000239 00000102 1357.84 424.10 598.04 877.46 1510.88 771.71 1781.65 758.10 1657.27 916.30 1550.45 1087.47 1775.68 1079.49
00000240 00000103 1343.38 423.87 611.97 846.50 1496.06 763.50 1769.57 766.82 1622.35 941.36 1532.47 1082.79 1725.13 1086.93
00000241 00000104 1368.58 432.86 587.06 828.13 1515.03 755.42 1764.10 748.71 1630.33 913.35 1557.70 1061.96 1739.74 1058.88
00000242 00000105 1375.36 421.50 578.68 796.06 1511.36 735.24 1777.05 733.97 1630.26 904.09 1530.64 1039.40 1765.72 1039.35
00000243 00000106 1371.68 395.10 562.98 811.34 1508.65 716.24 1776.62 720.80 1635.55 887.48 1510.46 1004.74 1775.64 1010.05
00000244 00000107 1366.87 380.95 580.85 801.10 1511.81 698.08 1783.44 701.37 1639.20 858.02 1506.12 977.42 1784.38 982.23
00000245 00000108 1367.88 381.66 585.30 775.17 1514.09 684.12 1788.03 687.27 1645.87 839.03 1509.66 965.19 1785.05 970.07
00000246 00000109 1362.92 381.22 593.18 769.90 1514.60 674.86 1788.35 677.27 1651.79 817.26 1518.22 953.69 1788.92 958.74
00000247 00000110 1367.66 395.10 590.20 753.84 1520.52 659.80 1791.22 663.27 1648.31 805.51 1517.79 939.57 1784.80 943.66
00000248 00000111 1364.10 369.78 586.06 782.56 1518.11 650.27 1787.10 658.88 1646.54 790.19 1518.43 934.04 1771.59 942.96
00000249 00000112 1361.76 353.66 586.80 785.49 1513.38 644.63 1783.62 652.61 1639.44 784.64 1505.01 916.38 1782.98 925.98
00000250 00000113 1363.30 353.81 582.30 778.23 1512.28 638.27 1782.72 647.88 1636.64 780.55 1498.63 906.27 1782.64 917.23
00000251 00000114 1360.35 350.60 584.84 796.73 1513.02 639.96 1782.14 649.71 1636.61 779.63 1502.77 914.88 1777.70 926.27
00000252 00000115 1365.29 381.72 580.95 795.73 1516.43 645.45 1787.63 657.00 1647.20 787.67 1514.85 943.56 1765.83 956.59
00000253 00000116 1360.45 405.06 581.34 817.21 1524.23 660.48 1790.09 683.75 1649.89 812.85 1510.31 966.83 1767.00 987.95
00000254 00000117 1360.32 409.15 580.95 839.64 1521.27 676.56 1796.77 708.61 1645.19 837.27 1497.54 977.78 1760.29 1007.92
00000255 00000118 1358.17 416.96 586.72 840.02 1525.50 689.92 1801.80 730.24 1649.46 865.34 1494.87 990.58 1751.03 1028.20
00000256 00000119 1361.05 431.40 595.74 833.14 1536.61 694.63 1815.32 755.55 1647.06 897.24 1487.19 996.04 1743.19 1051.26
00000257 00000120 1368.04 444.11 590.46 820.27 1547.22 716.71 1813.19 787.48 1643.39 931.55 1490.79 999.21 1742.50 1058.83
00000258 00000121 1377.98 459.55 585.83 802.79 1555.68 724.88 1821.35 812.56 1647.62 959.96 1487.30 999.39 1744.01 1071.24
00000259 00000122 1372.65 483.97 596.16 796.49 1553.33 736.03 1824.76 823.77 1642.70 981.86 1472.70 1006.39 1755.97 1081.95
00000260 00000123 1374.02 496.52 598.93 789.26 1554.55 741.13 1824.52 826.02 1641.94 987.25 1478.21 1012.73 1760.51 1085.29
00000261 00000124 1374.26 477.07 597.13 806.27 1552.59 742.00 1824.82 822.32 1646.98 984.38 1482.14 1016.10 1761.33 1084.33
00000262 00000125 1372.84 462.29 597.32 817.23 1551.92 743.12 1821.56 819.24 1648.11 975.40 1488.90 1016.87 1755.23 1081.18
00000263 00000126 1370.51 450.94 601.38 825.15 1546.42 763.47 1814.46 828.36 1646.51 964.47 1496.59 1023.33 1750.88 1077.89
00000264 00000127 1372.50 447.48 596.71 824.28 1543.66 760.35 1813.06 822.23 1645.88 961.82 1495.71 1017.62 1753.77 1069.49
00000265 00000128 1383.75 439.75 581.02 823.18 1544.64 748.97 1815.78 813.18 1650.49 955.21 1502.10 1010.53 1755.80 1062.22
00000266 00000129 1372.93 446.44 591.87 823.12 1545.00 736.67 1813.12 797.56 1646.94 961.09 1495.15 1008.36 1760.10 1059.47
00000267 00000130 1373.27 437.40 591.82 835.42 1545.39 734.67 1815.08 792.88 1649.96 962.68 1496.05 1008.98 1765.90 1057.62
00000268 00000131 1374.22 437.42 594.88 837.32 1547.76 734.61 1815.79 788.48 1651.98 956.92 1499.17 1008.55 1770.87 1053.82
00000269 00000132 1376.74 434.70 595.96 839.32 1551.45 731.41 1820.18 781.83 1658.90 952.15 1503.97 1007.24 1777.49 1049.96
00000270 00000133 1377.02 459.10 606.44 805.52 1549.23 724.70 1830.58 770.41 1656.96 933.22 1506.94 1007.98 1781.54 1048.24
00000271 00000134 1397.26 422.66 579.58 822.32 1551.45 723.70 1826.86 766.14 1665.97 919.67 1523.48 998.49 1788.79 1033.62
00000272 00000135 1399.33 412.57 578.86 828.80 1552.99 719.74 1827.54 759.03 1668.58 908.06 1524.58 993.46 1794.07 1026.65
00000273 00000136 1404.57 399.72 576.84 834.60 1557.72 712.85 1831.47 748.03 1672.96 896.29 1529.39 988.81 1800.65 1019.32
00000274 00000137 1406.92 383.33 572.73 846.91 1561.85 706.52 1829.29 737.22 1677.05 884.68 1532.88 982.14 1802.89 1009.46
00000275 00000138 1409.71 391.24 570.55 821.43 1567.11 693.56 1831.07 722.90 1678.48 863.33 1537.30 971.60 1801.00 998.54
00000276 00000139 1407.96 408.86 585.29 778.80 1563.92 672.88 1841.70 702.01 1681.74 834.43 1540.51 958.67 1805.08 985.67
00000277 00000140 1414.67 419.56 579.42 745.40 1570.26 660.10 1845.84 674.21 1701.65 809.91 1561.86 946.16 1826.11 959.38
00000278 00000141 1423.12 393.85 577.96 750.50 1584.39 648.06 1857.10 645.27 1728.72 784.02 1601.31 937.04 1838.69 936.14
00000279 00000142 1428.18 373.70 577.89 746.19 1588.32 640.36 1862.19 614.10 1747.81 751.79 1637.24 931.91 1870.18 912.00
00000280 00000143 1413.83 374.68 592.94 737.40 1583.48 643.00 1852.99 598.69 1760.91 729.77 1665.54 920.29 1879.96 883.87
00000281 00000144 1405.17 370.96 602.98 736.73 1578.01 650.99 1836.44 590.32 1764.86 733.13 1676.40 921.94 1896.16 872.14
00000282 DELETE   1386.04 385.82 613.65 747.09 1565.68 680.89 1823.54 603.89 1760.12 761.16 1667.04 949.02 1899.46 884.48
00000283 DELETE   1371.82 404.46 624.19 769.55 1550.23 715.41 1818.30 631.90 1753.27 796.07 1661.25 985.60 1892.02 916.19
00000284 00000147 1365.50 402.03 625.27 808.50 1548.96 747.86 1813.17 659.66 1754.57 842.45 1649.45 1024.58 1891.54 950.76
00000285 00000148 1355.75 410.35 634.36 823.68 1545.68 771.63 1813.40 688.93 1752.02 879.59 1635.86 1052.75 1889.33 983.56
00000286 00000149 1353.26 417.54 635.77 834.69 1542.93 788.74 1810.02 711.18 1741.59 903.29 1614.09 1070.67 1878.18 1005.94
00000287 00000150 1353.33 417.96 630.40 824.50 1536.57 786.67 1805.82 722.99 1720.05 896.79 1600.17 1063.32 1863.34 1008.94
00000288 00000151 1347.89 417.56 634.42 830.50 1528.92 772.65 1802.62 716.97 1706.53 888.15 1580.36 1052.55 1850.41 1006.20
00000289 00000152 1342.17 395.09 633.49 849.44 1516.97 758.11 1793.70 709.27 1691.27 870.67 1565.74 1034.79 1838.51 995.44
00000290 00000153 1344.20 403.33 632.98 833.35 1516.19 748.33 1795.77 703.70 1690.55 871.62 1560.41 1027.77 1840.97 991.32
00000291 00000154 1343.96 398.48 643.22 840.28 1517.48 741.43 1800.90 693.04 1690.36 876.19 1543.88 1032.08 1849.70 987.22
00000292 00000155 1343.21 389.96 642.80 851.78 1517.18 745.92 1801.60 698.50 1688.96 886.16 1544.11 1033.45 1848.59 989.49
00000293 00000156 1340.54 402.71 645.01 841.44 1514.33 745.19 1798.60 699.23 1683.28 890.23 1541.84 1034.03 1846.10 991.04
00000294 00000157 1338.37 381.06 643.88 881.19 1511.63 752.55 1795.52 708.87 1676.87 897.83 1550.52 1035.37 1838.44 997.99
00000295 00000158 1339.55 389.29 631.33 875.83 1509.93 750.75 1787.98 708.85 1678.88 890.85 1550.68 1035.92 1830.65 1001.32
00000296 00000159 1338.98 392.52 633.22 874.38 1507.00 751.68 1788.49 711.20 1674.24 894.01 1548.20 1035.64 1830.37 1001.71
00000297 00000160 1336.50 392.72 636.33 865.46 1504.66 750.33 1790.07 710.77 1674.22 895.71 1545.74 1035.49 1831.09 1002.39
00000298 00000161 1338.15 384.84 636.83 863.50 1505.95 747.58 1791.08 711.35 1674.74 895.24 1543.25 1028.81 1830.64 998.54
00000299 00000162 1341.94 379.21 634.18 861.08 1508.75 743.31 1791.73 711.25 1674.95 895.11 1540.95 1022.53 1828.50 995.48
00000300 00000163 1342.21 378.33 634.95 858.43 1508.09 739.73 1795.98 706.50 1677.94 890.90 1539.78 1023.86 1832.14 996.25
00000301 00000164 1347.19 389.16 632.48 846.63 1512.53 741.51 1796.22 710.67 1678.61 891.46 1542.64 1022.21 1831.04 996.66
00000302 00000165 1344.97 389.26 634.10 847.82 1513.81 744.19 1796.19 712.27 1679.23 891.16 1546.74 1024.80 1829.97 998.50
00000303 00000166 1342.39 372.83 635.31 863.55 1512.76 743.54 1794.12 710.23 1671.63 893.57 1538.17 1031.24 1825.21 1003.07
00000304 00000167 1350.64 387.96 621.47 847.70 1509.65 743.57 1791.03 718.19 1662.46 884.50 1537.80 1024.11 1817.77 1004.32
00000305 00000168 1364.04 415.62 597.07 795.90 1510.63 722.37 1788.20 721.27 1643.74 875.39 1511.53 995.30 1800.17 995.28
00000306 DELETE   1368.01 422.60 615.14 775.66 1528.53 689.83 1812.05 709.12 1646.55 853.96 1495.83 975.02 1808.35 991.79
00000307 DELETE   1387.69 422.17 611.58 755.28 1554.52 657.84 1842.64 699.58 1667.34 823.22 1510.71 946.35 1813.39 982.83
00000308 DELETE   1409.66 412.93 608.78 750.61 1583.82 642.14 1870.80 695.32 1698.71 809.11 1540.84 930.83 1827.20 976.46
00000309 00000172 1414.04 355.65 613.18 800.68 1594.98 639.45 1880.08 694.70 1711.94 802.68 1541.18 918.15 1834.70 968.02
00000310 00000173 1413.73 353.27 617.52 807.57 1599.28 641.94 1884.98 701.31 1717.23 808.58 1542.53 915.92 1837.49 968.60
00000311 00000174 1422.43 383.42 610.38 777.67 1602.70 656.14 1888.11 716.04 1715.65 813.17 1543.00 930.62 1844.23 982.82
00000312 00000175 1420.06 392.55 613.15 774.18 1601.33 667.98 1882.36 722.77 1713.14 821.99 1543.73 937.11 1847.38 984.66
00000313 00000176 1417.83 386.55 615.48 785.39 1600.04 665.54 1884.30 723.83 1713.45 825.75 1542.59 935.99 1844.48 986.15
00000314 00000177 1418.64 382.63 613.19 790.90 1599.12 662.32 1887.34 724.39 1712.70 828.11 1541.89 933.65 1843.89 986.79
00000315 00000178 1419.88 398.51 611.25 777.14 1598.02 658.56 1886.98 721.17 1711.61 829.04 1542.14 934.70 1843.19 988.47
00000316 00000179 1419.53 388.69 612.43 789.14 1597.92 656.42 1885.34 719.18 1710.44 831.66 1543.93 935.46 1837.54 989.09
00000317 00000180 1419.61 398.52 610.88 783.56 1597.34 660.38 1879.48 719.76 1707.88 836.22 1543.52 939.18 1836.55 990.18
00000318 00000181 1419.63 396.45 609.88 791.71 1597.64 662.59 1879.05 720.76 1708.14 836.54 1544.74 941.71 1836.41 991.83
00000319 00000182 1418.82 393.47 609.07 800.87 1596.98 662.09 1880.11 719.28 1706.51 841.71 1550.01 946.25 1832.92 995.25
00000320 00000183 1419.63 381.87 598.75 807.60 1596.29 666.03 1869.37 716.36 1701.94 853.57 1543.40 940.73 1827.44 986.38
00000321 00000184 1408.10 382.91 612.70 798.07 1589.35 669.58 1870.93 724.33 1700.52 852.76 1543.32 937.66 1826.20 982.67
00000322 00000185 1408.77 379.54 611.27 805.47 1589.30 669.30 1873.14 724.14 1700.04 850.26 1542.70 938.56 1827.02 984.09
00000323 00000186 1413.46 395.78 609.76 787.46 1589.29 663.87 1872.66 718.23 1699.74 839.86 1541.10 943.87 1830.38 990.84
00000324 00000187 1417.05 398.73 607.17 794.39 1590.52 661.27 1874.32 715.22 1699.69 834.94 1544.22 944.37 1831.26 991.12
00000325 00000188 1418.30 396.53 607.98 787.56 1590.49 661.94 1875.16 713.50 1702.26 837.00 1545.86 942.87 1835.57 987.20
00000326 00000189 1414.49 377.12 607.06 803.81 1592.24 664.92 1871.60 715.25 1703.52 841.37 1548.40 930.25 1830.97 972.01
00000327 00000190 1416.63 376.67 609.35 807.42 1594.33 664.25 1875.14 714.70 1705.79 839.66 1550.46 931.13 1833.69 973.38
00000328 00000191 1426.92 395.96 602.14 780.83 1595.83 657.75 1880.95 713.53 1705.26 835.29 1552.10 943.53 1836.34 991.11
00000329 00000192 1434.33 402.86 591.51 769.64 1597.55 656.18 1880.66 711.53 1708.28 832.25 1550.46 942.66 1834.67 990.79
00000330 00000193 1433.13 375.89 592.81 804.40 1603.86 659.86 1880.70 709.44 1711.57 834.62 1566.19 942.76 1826.40 985.99
00000331 00000194 1440.53 397.50 593.29 775.06 1612.65 657.43 1887.48 708.70 1715.97 831.77 1574.61 955.58 1822.21 999.26
00000332 00000195 1449.72 379.52 585.38 786.51 1621.03 650.47 1897.21 702.61 1726.50 822.28 1592.21 945.55 1826.23 990.67
00000333 DELETE   1452.25 396.39 598.41 757.61 1640.33 637.84 1912.25 693.13 1749.00 805.22 1603.66 935.28 1836.91 982.74
00000334 DELETE   1468.49 354.06 586.13 787.82 1657.78 629.80 1921.49 684.62 1771.47 791.08 1614.92 915.10 1859.56 964.34
00000335 00000198 1469.42 335.19 582.41 793.26 1657.66 618.11 1925.34 670.20 1777.50 774.42 1605.72 899.16 1872.38 947.77
00000336 00000199 1467.96 343.78 582.98 763.90 1653.69 607.60 1925.67 656.05 1776.05 761.67 1614.15 884.43 1872.20 928.46
00000337 DELETE   1456.16 361.23 587.24 728.53 1641.35 596.70 1920.27 648.56 1760.32 747.34 1602.98 877.60 1866.00 922.12
00000338 00000201 1444.50 361.55 592.18 720.99 1621.97 585.36 1901.25 626.70 1745.64 729.63 1587.98 866.20 1859.63 902.08
00000339 DELETE   1435.50 351.19 592.50 733.77 1599.76 590.92 1877.32 616.32 1721.58 727.34 1574.70 869.37 1853.84 891.85
00000340 DELETE   1428.93 341.03 589.31 749.95 1575.45 608.79 1859.49 624.99 1694.70 746.82 1551.46 880.04 1846.26 898.30
00000341 00000204 1419.35 327.75 594.59 788.55 1565.45 623.58 1851.51 640.18 1685.75 769.50 1538.95 891.90 1845.00 909.73
00000342 00000205 1416.29 345.92 593.77 800.89 1560.89 657.61 1841.77 673.77 1684.37 809.14 1544.20 919.81 1836.33 935.27
00000343 00000206 1411.98 377.56 585.97 826.78 1561.29 698.54 1844.13 719.63 1690.93 867.66 1536.79 966.04 1834.32 984.16
00000344 00000207 1403.27 427.05 592.76 850.80 1558.73 743.94 1834.47 775.52 1676.33 945.95 1527.71 1011.05 1809.75 1037.38
00000345 00000208 1396.99 458.27 592.28 865.79 1546.34 786.92 1825.23 816.97 1665.24 998.03 1526.33 1063.36 1805.51 1087.14
00000346 00000209 1383.50 487.66 593.45 840.10 1530.72 808.72 1815.16 850.77 1646.01 1039.08 1511.56 1080.94 1795.71 1110.59
00000347 00000210 1371.18 504.12 591.32 823.08 1515.11 823.94 1805.01 864.45 1637.66 1054.10 1494.46 1087.70 1785.95 1115.50
00000348 00000211 1363.05 525.44 594.25 805.86 1507.01 832.86 1803.92 862.68 1640.92 1067.40 1487.72 1094.02 1776.70 1119.16
00000349 00000212 1358.20 531.42 596.31 803.52 1502.68 838.72 1799.10 866.44 1634.63 1075.30 1487.53 1099.56 1773.05 1122.25
00000350 00000213 1356.09 522.30 596.45 811.40 1499.28 841.43 1796.77 868.61 1632.99 1075.56 1484.89 1102.75 1766.48 1125.04
00000351 00000214 1357.05 520.41 596.02 812.75 1499.71 843.24 1798.81 871.45 1634.87 1078.24 1484.27 1103.60 1764.99 1126.86
00000352 00000215 1358.42 518.73 594.11 814.89 1501.14 844.48 1800.03 872.62 1636.43 1078.86 1485.60 1104.95 1765.32 1128.05
00000353 00000216 1358.22 513.35 593.79 828.23 1506.72 846.70 1797.89 872.54 1641.46 1075.14 1496.35 1113.92 1763.64 1134.57
00000354 00000217 1358.00 511.91 593.29 836.95 1506.44 847.09 1794.79 873.76 1639.28 1075.63 1495.24 1119.64 1760.83 1141.24
00000355 00000218 1359.19 511.42 590.82 827.11 1502.35 846.20 1797.75 872.05 1641.90 1076.04 1492.20 1123.66 1761.32 1145.16
00000356 00000219 1361.31 512.12 589.06 828.27 1501.70 843.22 1799.21 868.73 1641.50 1077.46 1491.85 1123.00 1766.09 1144.01
00000357 00000220 1362.69 499.10 588.25 836.55 1501.23 837.98 1798.87 865.27 1640.14 1075.16 1491.68 1121.18 1763.84 1143.53
00000358 00000221 1362.19 492.51 589.06 842.65 1501.94 833.02 1801.24 862.27 1640.79 1073.17 1489.95 1115.35 1763.98 1139.37
00000359 00000222 1354.33 483.49 598.67 854.24 1501.71 831.56 1798.40 873.58 1630.62 1068.76 1491.24 1111.54 1764.44 1140.69
00000360 00000223 1353.44 482.27 602.06 861.23 1509.15 834.38 1798.22 874.65 1635.50 1057.86 1498.51 1113.00 1761.64 1142.42
00000361 00000224 1358.16 477.85 598.65 858.54 1508.38 842.30 1793.10 877.70 1635.92 1056.53 1501.77 1110.69 1765.23 1135.75
00000362 00000225 1358.00 484.60 597.72 835.25 1507.22 833.15 1799.76 874.44 1637.22 1049.28 1495.56 1098.16 1768.48 1127.21
00000363 00000226 1364.10 487.36 594.28 833.76 1508.88 828.63 1800.38 866.65 1638.25 1051.05 1494.67 1094.30 1775.57 1120.41
00000364 00000227 1366.12 479.89 595.56 843.40 1511.08 823.69 1799.94 860.15 1638.70 1049.63 1499.60 1094.50 1778.40 1118.92
00000365 00000228 1365.68 475.19 595.49 851.37 1513.10 821.38 1800.97 856.57 1642.44 1048.41 1503.01 1096.54 1779.20 1119.72
00000366 00000229 1365.02 475.08 595.82 854.24 1514.09 820.26 1801.04 853.97 1644.96 1046.34 1504.65 1094.42 1781.12 1116.48
00000367 00000230 1366.30 486.38 597.71 837.57 1512.66 818.11 1800.92 848.87 1642.16 1042.99 1502.55 1087.10 1787.56 1106.96
00000368 00000231 1364.55 483.49 601.94 836.83 1513.19 814.05 1803.41 842.18 1644.58 1036.14 1502.73 1081.65 1790.62 1099.64
00000369 00000232 1365.44 470.77 603.77 847.29 1514.01 809.22 1804.17 833.82 1647.25 1032.12 1504.74 1078.31 1793.12 1093.79
00000370 00000233 1368.15 472.84 598.62 850.69 1521.42 802.07 1802.69 821.52 1655.32 1019.67 1515.75 1076.47 1795.53 1088.33
00000371 00000234 1372.95 459.92 599.28 858.19 1536.02 783.72 1812.00 777.26 1686.23 988.01 1547.03 1069.42 1822.63 1061.05
00000372 00000235 1386.03 434.30 593.21 864.47 1549.89 771.89 1817.33 738.04 1708.35 957.52 1577.24 1061.85 1843.73 1031.60
00000373 00000236 1382.45 409.68 602.51 875.95 1555.16 765.08 1822.01 709.72 1737.22 936.30 1603.61 1053.96 1868.65 1005.22
00000374 00000237 1379.75 397.69 613.10 875.44 1560.85 768.34 1822.21 690.69 1755.38 923.99 1623.07 1053.11 1883.26 986.62
00000375 00000238 1380.53 412.90 611.56 854.48 1560.65 779.14 1820.21 683.17 1767.76 923.89 1638.42 1056.95 1894.80 975.88
00000376 00000239 1377.97 424.62 607.22 837.55 1560.33 793.54 1818.20 687.44 1775.63 939.75 1650.82 1067.87 1897.82 980.43
00000377 00000240 1371.54 441.59 608.06 811.80 1553.64 809.14 1817.96 700.78 1773.88 956.94 1649.03 1080.36 1897.62 992.85
00000378 00000241 1375.43 441.15 606.87 820.30 1552.43 825.81 1820.01 708.31 1779.02 966.13 1651.20 1086.03 1904.29 991.06
00000379 00000242 1381.02 434.52 603.45 812.53 1561.48 834.87 1818.42 711.69 1784.97 960.77 1653.39 1089.44 1896.39 988.02
00000380 00000243 1378.96 440.05 607.02 806.69 1560.58 841.31 1816.35 713.31 1784.67 961.14 1654.71 1091.68 1898.56 986.26
00000381 00000244 1370.61 438.53 615.29 821.54 1552.86 845.71 1811.89 717.61 1785.35 965.00 1659.45 1096.03 1905.58 993.37
00000382 00000245 1373.96 438.43 613.85 810.01 1554.83 837.05 1812.33 710.28 1785.23 959.63 1667.14 1090.94 1907.85 989.38
00000383 00000246 1381.38 443.48 611.45 795.59 1558.79 825.51 1815.84 699.47 1784.53 945.68 1665.29 1082.27 1912.27 979.82
00000384 00000247 1390.20 428.69 606.06 790.15 1569.40 802.27 1823.02 682.90 1787.40 920.07 1662.01 1056.06 1914.14 958.60
00000385 DELETE   1394.51 400.64 611.86 782.19 1569.46 772.73 1824.77 657.85 1775.88 877.42 1653.30 1017.93 1908.48 922.56
00000386 00000249 1390.20 385.24 615.79 775.19 1567.86 730.27 1827.79 629.25 1769.69 849.04 1642.00 985.84 1899.55 900.63
00000387 DELETE   1393.88 350.56 609.46 777.26 1563.95 696.95 1825.85 610.14 1755.26 814.71 1628.33 948.81 1898.06 874.49
00000388 00000251 1397.98 337.52 604.06 773.04 1568.81 670.49 1831.02 587.42 1758.58 793.06 1624.76 928.90 1895.95 857.18
00000389 00000252 1399.91 349.74 601.85 765.51 1569.82 666.47 1828.51 583.74 1757.45 782.66 1642.64 932.66 1900.74 861.67
00000390 00000253 1390.47 355.30 609.38 777.38 1564.71 688.18 1822.58 606.45 1753.30 800.58 1650.75 958.26 1898.16 889.46
00000391 00000254 1384.90 368.99 611.75 791.76 1560.53 715.53 1819.62 625.19 1757.33 828.36 1662.60 982.37 1906.71 905.83
00000392 00000255 1388.28 391.21 614.43 779.85 1569.35 721.83 1825.75 629.76 1765.48 840.90 1665.34 995.45 1903.40 918.77
00000393 00000256 1396.26 381.19 604.63 812.01 1579.31 718.38 1829.22 633.25 1772.98 840.13 1671.01 997.86 1897.77 927.84
00000394 00000257 1397.65 370.05 608.33 823.79 1582.15 717.08 1832.69 634.51 1775.11 834.19 1672.22 995.90 1900.10 928.39
00000395 00000258 1396.21 369.47 611.35 809.96 1581.37 724.40 1832.27 637.01 1775.53 840.87 1672.50 990.97 1902.43 919.62
00000396 00000259 1398.07 380.23 608.93 784.75 1574.39 727.55 1833.42 642.22 1769.65 856.16 1662.46 991.00 1907.84 920.53
00000397 00000260 1392.68 389.17 618.37 779.41 1574.22 731.19 1833.97 633.89 1771.69 855.40 1660.62 996.06 1905.99 914.82
00000398 00000261 1394.48 396.41 615.43 780.50 1574.90 737.26 1833.67 640.41 1774.60 863.02 1660.31 1001.34 1903.48 920.72
00000399 00000262 1393.20 389.67 615.53 795.44 1571.39 744.74 1833.53 645.94 1770.86 866.39 1652.43 1004.81 1901.46 922.24
00000400 00000263 1393.01 387.43 612.36 806.12 1570.16 742.41 1833.15 646.71 1766.70 870.85 1642.71 1001.31 1895.53 920.24
00000401 00000264 1398.52 397.28 604.49 801.78 1571.88 733.90 1832.20 655.01 1756.11 872.59 1634.96 998.93 1888.48 931.13
00000402 00000265 1403.35 402.94 594.90 777.19 1571.52 714.72 1837.46 660.87 1746.40 870.44 1609.86 986.77 1881.19 939.78
00000403 00000266 1407.65 401.22 580.09 788.35 1565.36 706.00 1834.85 677.66 1729.29 871.95 1587.30 979.30 1864.75 953.98
00000404 00000267 1396.87 413.14 588.88 762.38 1555.78 683.04 1834.76 695.08 1690.91 868.29 1535.64 962.99 1821.19 974.56
00000405 00000268 1384.48 420.30 597.08 763.87 1553.00 666.40 1826.70 715.02 1651.95 857.01 1505.52 946.11 1768.29 990.47
00000406 00000269 1382.05 421.77 598.20 781.05 1551.58 652.58 1818.72 729.50 1626.04 839.36 1482.67 928.46 1748.47 996.48
00000407 00000270 1380.59 422.40 609.10 800.47 1560.77 640.97 1824.97 737.12 1620.02 845.36 1478.14 925.36 1739.73 1009.99
00000408 00000271 1386.84 430.95 611.39 806.66 1572.32 650.33 1835.55 754.13 1621.51 868.25 1482.35 935.81 1746.20 1027.04
00000409 00000272 1393.20 427.17 606.50 806.88 1574.45 660.83 1838.30 766.20 1625.30 886.81 1488.60 939.79 1751.47 1031.38
00000410 00000273 1396.26 426.30 604.52 794.22 1565.63 680.67 1830.63 772.46 1627.91 891.10 1492.72 943.14 1760.51 1022.00
00000411 00000274 1397.46 429.83 596.40 785.69 1559.64 682.41 1827.00 767.62 1626.67 898.50 1489.23 941.32 1772.55 1013.89
00000412 00000275 1395.81 427.31 597.03 780.83 1558.33 678.74 1826.78 762.21 1627.07 894.86 1491.36 944.51 1766.98 1015.88
00000413 00000276 1394.41 418.43 598.14 787.99 1558.60 677.75 1827.04 757.13 1629.28 891.44 1498.87 947.49 1763.11 1015.53
00000414 00000277 1391.98 413.97 599.60 790.23 1557.41 673.04 1828.18 749.23 1631.51 885.40 1500.79 943.95 1763.16 1009.50
00000415 00000278 1391.31 408.09 599.32 799.78 1557.54 672.87 1829.89 744.85 1635.46 887.33 1501.27 942.78 1772.08 1004.66
00000416 00000279 1390.18 408.40 599.58 799.77 1558.27 674.36 1829.49 740.84 1639.92 886.99 1504.43 946.58 1773.44 1003.98
00000417 00000280 1398.36 383.91 585.24 832.20 1556.63 674.99 1821.23 739.11 1636.95 890.16 1504.64 946.14 1773.25 999.97
00000418 00000281 1391.53 392.59 598.06 814.31 1555.21 675.23 1827.55 735.74 1639.11 882.91 1508.17 949.46 1775.73 1001.64
00000419 00000282 1392.01 398.74 596.44 806.27 1552.65 676.65 1824.30 733.39 1637.20 881.34 1509.13 952.41 1777.27 1001.16
00000420 00000283 1396.80 372.54 584.15 838.78 1550.36 680.25 1814.67 726.87 1639.57 881.07 1511.66 955.51 1776.32 994.73
00000421 00000284 1402.83 367.87 571.35 813.80 1544.06 676.94 1818.78 711.09 1655.40 858.41 1520.84 943.78 1790.65 972.80
00000422 00000285 1404.60 377.80 570.57 797.19 1544.81 668.36 1817.30 696.13 1657.82 847.49 1527.01 935.54 1796.16 958.85
00000423 00000286 1401.03 368.79 572.40 797.52 1542.02 662.67 1817.05 681.00 1660.10 830.67 1529.40 935.83 1801.95 952.58
00000424 00000287 1395.90 364.50 586.20 794.24 1537.26 642.89 1817.09 655.47 1662.52 804.96 1539.30 939.60 1789.82 951.91
00000425 00000288 1391.36 328.39 577.68 826.46 1537.94 641.77 1804.62 647.49 1654.39 797.60 1534.32 931.90 1787.59 940.01
00000426 00000289 1384.29 321.74 581.06 830.31 1531.84 638.28 1799.04 645.08 1647.04 795.67 1526.28 924.04 1782.44 932.50
00000427 00000290 1377.17 310.89 586.59 842.54 1525.79 641.87 1796.40 651.13 1644.83 802.59 1515.15 923.78 1784.69 933.71
00000428 00000291 1381.66 386.37 593.65 780.90 1525.71 651.97 1809.14 666.93 1650.81 816.58 1513.55 940.62 1789.54 955.46
00000429 00000292 1384.18 375.60 587.69 809.71 1529.33 682.46 1803.10 700.19 1647.93 846.14 1521.98 960.93 1779.42 978.17
00000430 00000293 1385.44 383.72 585.44 830.90 1528.61 699.96 1801.70 717.93 1645.70 885.74 1518.84 990.31 1783.71 1005.18
00000431 00000294 1387.29 384.94 584.03 843.28 1530.53 713.39 1810.04 731.72 1652.73 903.27 1521.28 1006.49 1791.42 1021.90
00000432 00000295 1396.24 405.93 578.33 830.36 1535.10 724.86 1817.16 743.66 1660.46 915.20 1525.28 1015.26 1796.38 1031.46
00000433 00000296 1400.26 410.41 576.94 831.21 1537.78 726.16 1821.87 747.48 1659.69 920.09 1528.13 1019.38 1796.20 1037.47
00000434 00000297 1402.70 410.54 578.45 831.26 1540.87 725.13 1824.65 747.07 1661.98 918.90 1529.45 1017.96 1799.94 1036.67
00000435 00000298 1406.30 403.29 575.94 838.07 1543.71 724.34 1825.96 743.98 1666.87 915.57 1535.27 1019.03 1802.90 1036.12
00000436 00000299 1406.72 392.67 577.66 848.93 1548.79 724.11 1827.44 742.54 1673.99 910.27 1539.98 1017.69 1806.26 1034.56
00000437 00000300 1409.47 401.63 577.76 842.40 1553.62 723.34 1828.04 740.75 1678.32 907.29 1544.07 1014.11 1808.26 1030.21
00000438 00000301 1410.81 400.97 579.25 851.13 1554.81 723.93 1829.87 739.21 1680.94 907.63 1545.71 1010.87 1816.39 1024.39
00000439 00000302 1411.64 396.80 579.47 863.43 1556.98 722.01 1830.26 737.58 1683.46 908.81 1546.89 1010.08 1817.32 1023.95
00000440 00000303 1412.75 402.28 577.98 857.40 1556.95 723.49 1830.67 739.77 1684.47 909.56 1546.89 1008.13 1817.47 1022.36
00000441 00000304 1412.99 385.59 577.10 869.89 1557.96 723.99 1832.63 741.70 1685.90 910.15 1547.83 1005.35 1818.82 1020.46
00000442 00000305 1412.68 400.91 579.57 850.24 1559.74 723.00 1834.13 742.51 1685.32 913.79 1549.08 1003.02 1818.51 1019.05
00000443 00000306 1411.96 390.78 580.07 860.69 1556.99 724.22 1834.72 744.35 1685.78 913.81 1547.16 1001.70 1819.13 1017.85
00000444 00000307 1411.84 386.40 579.69 865.36 1555.21 724.21 1834.11 744.49 1685.50 914.20 1545.28 1000.99 1820.26 1017.24
00000445 00000308 1414.34 399.95 577.65 850.71 1556.37 725.09 1835.91 746.87 1685.15 916.99 1544.88 999.38 1822.21 1016.47
00000446 00000309 1407.56 413.77 590.90 840.84 1559.94 722.32 1838.18 740.67 1687.55 921.16 1540.43 1000.16 1829.23 1016.39
00000447 00000310 1419.18 415.51 572.43 838.35 1557.87 725.33 1836.01 741.60 1688.58 916.69 1552.23 1008.89 1826.65 1021.85
00000448 00000311 1417.00 416.93 581.52 836.78 1561.54 728.21 1838.39 737.74 1690.88 920.47 1552.01 1020.86 1831.99 1029.91
00000449 00000312 1420.17 422.19 578.85 829.63 1563.60 732.52 1839.30 739.45 1692.24 922.49 1558.37 1027.53 1834.55 1033.61
00000450 00000313 1421.39 425.59 576.58 830.54 1565.91 738.63 1840.15 744.60 1695.83 931.69 1565.32 1038.79 1834.99 1043.00
00000451 00000314 1419.28 436.24 574.33 830.43 1567.04 743.31 1838.20 750.88 1697.96 939.64 1565.06 1050.82 1828.21 1056.60
00000452 00000315 1404.04 462.83 597.28 827.13 1558.65 749.04 1843.06 755.73 1697.19 934.70 1568.68 1061.03 1820.16 1066.91
00000453 00000316 1405.42 485.51 597.00 835.08 1559.57 755.85 1846.34 768.96 1694.22 944.87 1556.76 1071.18 1822.34 1084.55
00000454 00000317 1402.33 491.75 597.47 833.94 1556.84 764.70 1845.21 782.04 1688.42 961.24 1551.47 1079.46 1814.78 1096.69
00000455 00000318 1409.58 479.59 576.99 848.91 1557.67 780.37 1831.43 801.34 1686.01 996.62 1547.36 1083.36 1813.65 1101.36
00000456 00000319 1407.88 511.30 579.97 807.59 1553.33 797.91 1833.23 817.85 1682.72 1011.61 1546.04 1091.17 1818.02 1106.68
00000457 00000320 1404.36 519.23 583.63 795.80 1552.90 803.59 1832.49 824.62 1682.31 1017.84 1547.88 1092.39 1814.91 1107.63
00000458 00000321 1402.82 526.71 589.70 795.49 1555.11 804.08 1833.52 825.17 1683.86 1016.31 1551.14 1093.66 1814.79 1109.06
00000459 00000322 1393.55 551.74 604.55 773.36 1552.50 800.59 1841.30 820.65 1685.27 1015.70 1540.23 1090.08 1818.69 1107.80
00000460 00000323 1393.54 545.08 607.01 776.61 1553.02 801.03 1843.12 822.35 1687.89 1018.36 1537.17 1084.10 1820.56 1102.85
00000461 00000324 1394.52 549.39 604.99 771.29 1554.31 802.64 1844.04 824.33 1689.79 1025.71 1534.80 1084.37 1827.33 1103.02
00000462 00000325 1399.20 541.71 592.94 784.52 1554.74 810.66 1842.93 834.25 1689.82 1041.90 1533.11 1089.98 1818.84 1110.24
00000463 00000326 1402.63 538.95 587.31 799.25 1559.39 816.84 1848.90 846.18 1693.81 1055.01 1532.55 1098.20 1819.14 1123.59
00000464 00000327 1404.67 536.10 584.22 808.68 1563.22 821.33 1855.11 854.47 1698.90 1064.48 1532.03 1104.81 1819.94 1134.27
00000465 00000328 1407.12 546.15 582.04 802.50 1566.11 825.15 1858.71 857.81 1704.25 1073.54 1536.31 1112.80 1821.86 1141.95
00000466 00000329 1405.55 543.17 585.15 810.81 1568.19 827.48 1858.36 862.52 1705.24 1075.82 1536.41 1120.56 1814.30 1152.28
00000467 00000330 1403.31 552.15 586.77 810.57 1569.38 834.36 1854.90 871.12 1704.04 1079.17 1538.62 1129.96 1806.91 1163.07
00000468 00000331 1400.60 556.31 587.34 817.69 1565.30 845.85 1848.26 881.18 1695.63 1087.94 1533.57 1133.80 1804.66 1165.14
00000469 00000332 1396.24 565.67 584.17 816.91 1556.17 852.23 1835.90 888.56 1680.86 1094.31 1525.78 1135.13 1796.23 1166.02
00000470 00000333 1383.58 580.29 593.24 800.43 1547.78 860.77 1831.47 897.36 1673.27 1103.82 1519.54 1135.88 1790.18 1165.51
00000471 00000334 1372.90 596.57 593.01 781.37 1536.22 874.76 1822.16 916.66 1662.44 1114.03 1508.28 1140.56 1777.82 1172.51
00000472 00000335 1367.85 600.82 593.59 779.13 1530.74 878.82 1816.74 918.32 1656.75 1114.04 1504.67 1139.58 1774.28 1169.32
00000473 00000336 1363.81 596.54 596.66 785.52 1525.26 878.69 1812.23 915.78 1652.08 1116.03 1501.13 1139.31 1775.64 1166.50
00000474 00000337 1359.35 595.55 600.07 779.64 1518.69 882.59 1812.85 913.63 1653.49 1117.21 1495.95 1135.17 1776.59 1158.17
00000475 00000338 1356.87 583.21 605.04 785.35 1514.98 879.03 1814.83 908.62 1653.13 1114.49 1494.19 1131.60 1778.57 1153.61
00000476 00000339 1358.82 580.53 598.02 780.60 1514.93 870.80 1814.18 897.69 1654.28 1105.66 1489.03 1131.54 1775.59 1155.27
00000477 00000340 1358.60 567.72 598.17 792.57 1512.36 867.74 1813.10 893.79 1653.03 1102.33 1487.87 1129.99 1774.65 1152.90
00000478 00000341 1357.61 553.35 597.50 804.20 1509.74 867.47 1810.14 891.41 1651.96 1098.89 1487.47 1130.09 1773.89 1151.28
00000479 00000342 1358.08 552.98 598.64 804.47 1510.93 865.32 1810.18 891.44 1651.07 1096.62 1487.41 1126.28 1773.45 1149.07
00000480 00000343 1359.19 547.71 596.25 807.32 1509.71 864.96 1806.66 889.68 1649.33 1091.09 1486.95 1123.76 1771.91 1145.48
00000481 00000344 1356.64 540.97 601.43 811.37 1509.06 860.94 1806.73 885.04 1650.01 1082.98 1487.88 1121.87 1774.12 1143.12
00000482 00000345 1357.58 533.68 601.64 814.39 1508.49 857.82 1806.10 880.12 1651.48 1078.09 1491.47 1121.22 1778.40 1140.53
00000483 00000346 1361.14 509.20 595.79 832.23 1508.62 855.34 1806.09 881.17 1652.26 1072.02 1494.17 1118.77 1772.29 1140.54
00000484 00000347 1362.72 496.97 600.32 848.49 1508.75 866.49 1804.06 891.50 1649.14 1075.95 1497.13 1122.76 1773.39 1141.48
00000485 00000348 1366.74 504.23 590.75 837.09 1510.97 855.13 1804.46 883.65 1649.64 1065.50 1494.60 1116.55 1771.49 1140.38
00000486 00000349 1362.57 496.24 597.42 853.35 1508.80 845.73 1799.77 879.97 1643.20 1061.64 1499.72 1114.69 1775.67 1138.56
00000487 00000350 1365.01 513.77 593.24 846.08 1515.54 836.04 1801.97 863.65 1649.78 1058.17 1499.85 1110.90 1774.34 1134.74
00000488 00000351 1363.17 501.17 596.92 849.47 1512.01 835.86 1797.58 868.40 1641.96 1056.68 1501.85 1109.35 1778.61 1131.29
00000489 00000352 1363.76 506.52 591.71 826.19 1505.96 830.41 1794.30 863.38 1633.85 1054.05 1490.19 1091.93 1781.54 1113.61
00000490 00000353 1362.55 502.66 592.94 824.73 1506.96 821.78 1796.83 848.43 1641.00 1043.28 1497.43 1092.06 1784.04 1108.97
00000491 00000354 1364.46 477.45 595.20 844.10 1513.64 810.15 1796.95 825.08 1653.20 1019.91 1516.32 1094.51 1786.57 1102.99
00000492 00000355 1364.51 475.97 594.55 831.16 1519.31 796.73 1796.87 804.01 1659.68 997.71 1523.60 1080.63 1792.07 1083.52
00000493 00000356 1366.74 467.96 600.19 819.94 1527.10 782.41 1802.32 782.89 1668.78 981.89 1531.48 1067.95 1804.02 1064.94
00000494 00000357 1373.48 446.67 598.12 830.16 1536.19 775.40 1807.29 766.62 1687.02 968.63 1545.03 1062.69 1818.37 1052.36
00000495 00000358 1381.05 430.29 594.12 842.38 1542.55 774.97 1814.07 749.59 1704.16 960.08 1564.38 1063.65 1833.83 1040.69
00000496 00000359 1393.15 446.04 585.92 820.98 1555.63 775.74 1819.32 740.27 1715.96 959.72 1587.97 1062.91 1841.94 1030.82
00000497 00000360 1392.19 471.47 584.46 786.26 1558.34 790.48 1823.98 742.85 1726.98 969.87 1610.24 1075.36 1852.69 1031.29
00000498 00000361 1389.44 470.90 586.16 795.79 1561.04 809.84 1826.93 752.72 1739.81 982.52 1620.68 1090.18 1863.33 1039.68
00000499 00000362 1388.40 482.77 588.01 810.66 1562.85 833.55 1825.00 766.71 1747.04 1005.62 1626.01 1114.14 1870.21 1056.48
00000500 00000363 1390.06 494.31 578.52 826.09 1561.23 861.50 1823.42 783.64 1755.55 1034.51 1630.49 1137.15 1875.79 1072.27
00000501 00000364 1384.03 506.09 597.18 830.50 1557.35 886.18 1816.18 795.16 1748.40 1040.94 1624.01 1149.07 1873.54 1071.59
00000502 00000365 1375.78 532.45 603.16 834.83 1552.39 899.83 1808.20 812.03 1741.60 1058.90 1619.10 1165.39 1867.20 1089.77
00000503 00000366 1368.82 544.36 602.69 847.86 1545.88 904.71 1801.07 816.67 1737.33 1070.35 1611.50 1173.04 1860.16 1097.73
00000504 00000367 1355.56 551.04 614.97 846.73 1532.02 910.59 1800.33 830.27 1722.55 1073.75 1601.06 1180.22 1850.71 1109.59
00000505 00000368 1346.39 540.45 610.37 865.52 1530.49 919.82 1793.45 850.03 1717.40 1081.90 1587.02 1183.81 1838.56 1123.80
00000506 00000369 1344.89 544.98 610.81 857.35 1526.97 916.49 1793.33 848.32 1713.31 1083.93 1579.64 1182.76 1834.87 1123.40
00000507 00000370 1348.19 550.28 610.14 828.48 1528.96 906.31 1792.71 839.97 1709.94 1078.85 1576.33 1174.14 1834.47 1115.52
00000508 00000371 1352.05 540.89 609.44 814.94 1529.85 895.64 1793.27 833.03 1708.49 1067.96 1571.77 1158.99 1832.82 1103.63
00000509 00000372 1355.39 552.47 606.37 793.66 1519.80 886.70 1793.63 830.50 1703.71 1050.87 1565.52 1141.52 1836.09 1093.70
00000510 00000373 1353.88 554.01 606.84 784.35 1515.86 883.44 1791.36 827.61 1701.49 1049.03 1560.27 1138.59 1834.82 1090.94
00000511 00000374 1352.70 549.92 610.12 783.93 1513.11 881.77 1792.30 826.77 1696.56 1048.43 1556.63 1137.11 1835.08 1089.88
00000512 00000375 1351.68 540.79 609.37 793.61 1511.88 882.40 1791.47 829.36 1692.60 1048.76 1554.85 1134.20 1834.02 1088.14
00000513 00000376 1349.12 537.57 612.96 796.16 1510.37 878.28 1791.69 828.23 1689.97 1048.79 1552.87 1132.18 1833.30 1088.03
00000514 00000377 1351.60 540.63 610.95 790.20 1513.07 876.08 1792.30 826.58 1692.64 1047.34 1553.96 1131.65 1832.30 1088.37
00000515 00000378 1354.79 526.49 610.38 802.76 1514.08 871.26 1794.19 824.53 1692.69 1046.53 1553.84 1128.49 1832.26 1087.35
00000516 00000379 1357.93 531.53 607.43 797.10 1516.78 868.73 1794.90 821.24 1696.64 1043.16 1554.12 1127.37 1832.83 1086.05
00000517 00000380 1358.81 531.24 609.60 799.57 1518.87 876.19 1799.36 827.84 1698.27 1042.29 1557.85 1128.06 1836.60 1086.65
00000518 00000381 1359.19 515.30 606.65 821.66 1523.49 883.90 1798.56 834.16 1698.44 1052.37 1557.50 1133.43 1828.12 1089.89
00000519 00000382 1363.76 538.76 595.03 784.85 1520.44 871.57 1797.11 831.69 1691.69 1041.33 1560.81 1128.48 1827.01 1093.37
00000520 00000383 1364.52 528.88 590.86 794.02 1519.86 862.22 1797.90 823.62 1691.70 1040.58 1559.85 1124.16 1829.10 1089.22
00000521 00000384 1362.71 499.18 597.86 842.29 1528.85 851.34 1794.52 813.13 1684.80 1036.60 1567.40 1136.80 1818.58 1102.27
00000522 00000385 1366.29 506.96 599.57 835.43 1529.62 843.36 1796.41 808.71 1684.51 1034.73 1561.10 1133.89 1819.80 1102.78
00000523 00000386 1368.17 507.12 593.00 821.90 1526.48 840.13 1801.73 808.03 1688.48 1029.36 1563.58 1122.40 1818.81 1093.94
00000524 00000387 1366.92 503.67 599.93 820.38 1528.54 835.16 1806.67 806.86 1691.78 1024.16 1559.66 1112.78 1823.52 1086.84
00000525 00000388 1370.39 510.64 601.76 800.11 1529.70 831.11 1810.91 808.82 1688.66 1020.58 1558.46 1107.22 1822.47 1085.98
00000526 00000389 1378.97 496.50 593.29 805.30 1536.30 839.57 1812.01 825.57 1688.24 1009.44 1554.71 1097.60 1816.83 1084.78
00000527 00000390 1379.89 507.10 595.49 791.06 1536.82 829.51 1815.47 819.77 1687.37 1004.89 1551.37 1089.18 1816.99 1079.49
00000528 00000391 1383.76 500.12 591.90 793.70 1538.85 815.33 1819.64 813.12 1686.22 1001.02 1548.07 1080.54 1818.14 1076.29
00000529 00000392 1389.40 486.59 588.58 807.16 1541.76 802.39 1820.82 803.95 1686.81 996.87 1547.05 1074.71 1821.86 1073.12
00000530 00000393 1396.50 464.14 579.87 825.04 1543.71 794.73 1819.76 797.27 1687.27 988.50 1545.85 1065.17 1822.65 1064.22
00000531 00000394 1396.89 464.36 580.71 819.78 1546.03 781.29 1819.42 784.97 1685.04 977.27 1541.72 1053.54 1822.13 1054.30
00000532 00000395 1400.93 426.38 579.12 855.53 1548.37 764.72 1819.80 770.87 1680.81 954.66 1540.63 1040.13 1822.18 1043.33
00000533 00000396 1400.13 436.94 583.56 834.83 1551.73 748.03 1819.62 754.89 1677.89 932.78 1543.23 1025.08 1818.91 1029.35
00000534 00000397 1413.04 418.68 566.43 844.98 1554.31 737.33 1823.52 746.57 1681.49 912.02 1548.91 1011.64 1820.83 1019.00
00000535 00000398 1416.81 404.79 563.36 848.86 1557.75 725.06 1824.36 733.45 1683.93 897.67 1549.70 1003.66 1823.41 1010.80
00000536 00000399 1418.72 387.32 564.52 862.11 1563.27 714.93 1826.73 721.79 1688.60 887.69 1553.56 995.23 1825.07 1001.80
00000537 00000400 1409.59 416.08 580.11 829.58 1558.92 702.65 1835.17 712.14 1689.42 872.64 1551.64 990.62 1828.24 999.55
00000538 00000401 1409.34 411.17 580.01 837.27 1559.15 699.88 1837.49 710.49 1690.27 867.54 1551.96 991.30 1827.85 1001.26
00000539 00000402 1408.26 403.47 582.62 856.17 1560.09 701.05 1839.59 714.14 1689.78 869.70 1550.30 995.90 1823.59 1008.93
00000540 00000403 1408.84 401.98 581.60 869.48 1561.15 705.12 1841.72 720.16 1690.46 878.00 1549.16 1001.69 1824.49 1016.98
00000541 00000404 1422.80 395.05 556.31 844.65 1563.94 716.77 1831.20 730.15 1694.73 899.45 1553.14 997.41 1823.42 1009.12
00000542 00000405 1421.09 403.90 559.09 810.31 1567.38 721.00 1829.73 736.69 1691.43 904.72 1556.08 1003.85 1802.40 1018.22
00000543 00000406 1422.18 422.78 557.77 795.30 1565.64 732.63 1828.04 740.36 1694.88 916.00 1570.84 1019.52 1801.20 1027.79
00000544 00000407 1418.65 425.28 563.21 799.42 1565.73 747.20 1821.33 750.08 1695.66 918.94 1585.17 1043.16 1790.57 1046.34
00000545 00000408 1409.59 429.70 568.15 795.21 1564.26 753.28 1817.36 759.41 1696.67 927.60 1577.80 1042.27 1784.41 1048.58
CROP_BBOX: 943 0 2476 1624
