Video ID: 	sRstlt82p4c
H: 	1080
W: 	1920
FPS: 	60.0

FRAME INDEX X0 Y0 W H [Landmarks (5 Points)]

00022589 00000000 693.30 135.27 498.77 725.93 826.58 419.09 1058.95 430.52 942.98 594.07 834.39 680.17 1028.69 690.58
00022590 00000001 693.25 135.12 499.05 726.14 826.92 419.20 1059.06 430.74 943.11 593.98 834.45 679.99 1028.64 690.49
00022591 00000002 695.64 131.50 500.54 725.12 833.45 412.81 1063.21 426.88 947.28 588.90 836.53 674.10 1028.99 686.64
00022592 00000003 695.59 131.48 500.57 725.26 833.45 412.80 1063.19 426.87 947.26 588.88 836.51 674.09 1029.03 686.63
00022593 00000004 702.42 130.06 498.74 724.70 839.50 408.35 1067.14 423.58 950.64 585.16 840.35 671.50 1031.09 685.09
00022594 00000005 702.46 130.30 498.53 724.45 839.45 408.38 1067.06 423.57 950.64 585.15 840.35 671.46 1031.13 685.02
00022595 00000006 702.41 129.27 498.90 725.51 839.41 408.36 1066.97 423.51 950.66 584.98 840.57 671.55 1031.46 685.04
00022596 00000007 707.80 128.32 498.20 721.64 847.28 403.91 1074.22 423.15 956.35 580.58 845.24 667.02 1033.57 683.83
00022597 00000008 707.62 128.14 498.64 721.96 847.15 404.10 1074.12 423.15 956.34 580.67 845.25 667.07 1033.91 683.72
00022598 00000009 713.65 127.44 499.23 718.84 854.99 401.03 1081.64 424.55 960.59 578.73 848.59 663.66 1034.32 683.84
00022599 00000010 713.71 127.28 499.26 718.93 854.93 401.10 1081.63 424.55 960.58 578.74 848.67 663.73 1034.51 683.84
00022600 00000011 713.60 127.41 498.96 718.52 855.05 401.16 1081.33 424.70 960.58 578.68 848.87 663.47 1034.20 683.63
00022601 00000012 720.17 127.53 499.71 716.56 859.67 402.07 1087.21 426.59 964.62 575.54 853.90 664.36 1038.64 685.14
00022602 00000013 720.20 128.14 499.63 715.66 859.86 402.30 1087.40 426.79 964.87 575.78 853.96 664.29 1038.61 685.06
00022603 00000014 725.63 121.93 499.72 723.42 864.30 404.00 1094.92 427.56 973.89 578.93 868.12 675.96 1047.16 696.69
00022604 00000015 725.65 122.13 499.81 723.58 864.41 404.09 1094.76 427.42 973.94 578.79 868.29 676.01 1047.14 696.56
00022605 00000016 732.07 126.48 501.72 732.01 872.21 409.84 1104.12 430.95 982.63 589.14 877.10 687.74 1054.97 706.72
00022606 00000017 732.08 126.60 501.79 731.80 872.24 409.84 1104.13 430.94 982.67 589.14 877.16 687.76 1054.99 706.72
00022607 00000018 732.26 126.83 501.41 731.61 872.25 409.71 1104.03 430.95 982.54 589.14 877.11 687.51 1055.01 706.61
00022608 00000019 739.73 135.75 494.61 719.56 878.36 411.20 1111.18 430.05 996.52 593.22 887.20 687.51 1063.04 705.24
00022609 00000020 739.87 135.65 494.33 719.76 878.27 411.13 1111.04 429.92 996.45 593.28 887.31 687.52 1063.09 705.20
00022610 00000021 738.71 131.00 493.27 717.62 877.44 407.72 1110.61 424.51 997.21 588.10 887.03 680.63 1067.71 696.52
00022611 00000022 738.79 131.00 493.34 717.40 877.25 407.81 1110.61 424.61 996.93 588.20 886.96 680.40 1067.69 696.29
00022612 00000023 739.09 131.13 492.80 717.20 877.37 407.99 1110.39 424.95 996.78 588.20 886.99 680.27 1067.54 696.28
00022613 00000024 734.45 127.06 493.24 712.54 872.40 402.71 1104.79 417.05 991.05 578.56 883.87 672.69 1065.41 686.68
00022614 00000025 734.62 126.92 492.53 712.71 872.32 402.69 1104.48 417.00 990.90 578.55 883.81 672.64 1065.40 686.62
00022615 00000026 730.47 122.71 495.76 716.11 867.01 399.39 1096.33 416.69 978.53 573.27 873.29 666.02 1053.26 680.47
00022616 00000027 730.52 122.24 495.74 716.52 867.04 399.52 1096.31 416.77 978.50 573.26 873.14 666.09 1053.21 680.49
00022617 00000028 726.51 118.77 495.33 716.20 860.70 396.59 1090.10 411.99 971.30 570.87 868.29 663.26 1047.87 676.29
00022618 00000029 726.66 119.01 495.18 716.17 860.59 396.43 1090.05 411.92 971.11 570.66 867.99 663.22 1047.79 676.33
00022619 00000030 726.64 118.95 494.69 716.25 860.45 396.33 1089.72 411.83 970.93 570.55 867.95 663.23 1047.53 676.39
00022620 00000031 723.40 119.76 494.86 716.11 857.22 397.88 1085.05 411.24 967.90 572.31 867.93 665.86 1045.95 677.35
00022621 00000032 723.31 120.01 495.06 715.92 857.33 397.84 1085.03 411.22 967.94 572.24 867.93 665.72 1045.84 677.24
00022622 00000033 722.24 127.22 494.37 712.63 855.34 403.29 1083.38 415.59 966.90 578.87 868.40 672.79 1046.09 683.69
00022623 00000034 722.16 127.32 494.49 712.55 855.38 403.38 1083.39 415.70 966.88 578.96 868.41 672.80 1046.09 683.69
00022624 00000035 721.92 127.28 494.58 712.48 855.58 403.40 1083.44 415.76 967.02 578.73 868.53 672.63 1046.04 683.56
00022625 00000036 718.06 134.85 497.59 709.77 853.74 411.96 1082.33 421.39 967.40 588.00 867.51 679.77 1044.42 688.38
00022626 00000037 718.26 134.60 497.20 710.11 853.66 412.04 1082.19 421.41 967.44 588.04 867.60 679.86 1044.53 688.42
00022627 00000038 715.60 141.84 494.49 705.21 848.19 419.34 1077.26 426.91 961.73 599.32 862.69 686.75 1037.20 694.29
00022628 00000039 715.54 141.50 494.55 706.05 848.40 419.33 1077.34 427.00 961.81 599.13 862.58 686.80 1037.24 694.40
00022629 00000040 710.16 142.71 494.81 711.92 840.74 421.48 1069.80 429.48 953.17 602.47 857.12 692.27 1029.64 700.33
00022630 00000041 709.86 142.55 495.28 712.03 840.68 421.52 1069.88 429.47 953.18 602.46 857.30 692.32 1029.85 700.34
00022631 00000042 709.67 142.61 495.50 711.99 840.71 421.49 1069.99 429.55 953.19 602.42 857.08 692.33 1029.75 700.42
00022632 00000043 701.88 137.98 495.62 717.40 830.76 419.92 1064.01 428.52 945.64 600.01 849.25 693.60 1024.70 702.26
00022633 00000044 702.00 138.03 495.53 716.96 830.82 419.86 1064.12 428.43 945.67 599.98 849.29 693.59 1024.62 702.22
00022634 00000045 696.24 135.03 495.44 713.87 822.17 416.35 1058.13 424.80 940.55 594.84 842.58 689.02 1020.33 697.62
00022635 00000046 696.17 134.85 495.57 714.11 822.30 416.42 1058.23 424.92 940.60 594.86 842.48 688.96 1020.36 697.60
00022636 00000047 696.52 135.06 495.26 713.71 822.19 416.27 1058.12 424.75 940.50 594.63 842.50 689.03 1020.16 697.66
00022637 00000048 691.92 131.12 495.08 712.78 816.77 412.88 1054.19 419.59 939.54 591.97 840.35 684.61 1020.53 691.76
00022638 00000049 691.62 130.56 495.11 713.02 816.57 413.02 1054.01 419.56 939.60 591.74 840.29 684.57 1020.35 691.56
00022639 00000050 688.23 128.02 497.04 714.14 814.42 411.16 1052.08 417.07 938.08 591.12 837.98 681.10 1021.32 687.53
00022640 00000051 688.10 127.78 496.99 714.41 814.43 411.21 1052.19 417.12 938.34 591.00 837.88 681.20 1021.42 687.64
00022641 00000052 686.58 126.58 497.59 715.21 814.70 410.92 1052.16 417.41 937.95 590.45 835.62 678.81 1021.85 685.65
00022642 00000053 686.53 126.46 497.45 715.35 814.65 410.97 1052.05 417.34 937.99 590.41 835.65 678.77 1021.97 685.52
00022643 00000054 686.48 126.27 497.65 715.27 814.82 411.00 1052.07 417.31 938.00 590.29 835.94 678.60 1022.03 685.30
00022644 00000055 687.09 127.83 496.92 714.38 815.61 411.11 1052.67 418.11 938.30 590.80 836.04 678.68 1021.90 686.03
00022645 00000056 687.16 128.30 497.00 714.14 815.75 411.09 1052.69 418.26 938.17 590.83 835.99 678.67 1021.48 686.18
00022646 00000057 688.05 130.25 497.78 712.96 818.05 413.52 1053.72 421.64 938.59 591.99 836.83 679.41 1020.64 687.68
00022647 00000058 688.01 130.16 497.66 713.09 818.12 413.46 1053.78 421.62 938.69 591.92 836.78 679.35 1020.68 687.67
00022648 00000059 688.11 129.99 497.65 713.13 818.08 413.41 1053.78 421.56 938.63 591.59 836.90 679.27 1020.81 687.57
00022649 00000060 689.33 132.85 498.03 714.60 819.21 413.80 1054.99 423.25 938.65 593.49 836.30 680.45 1020.53 689.76
00022650 00000061 689.44 132.95 497.84 714.35 819.34 413.80 1055.22 423.09 939.00 593.37 836.49 680.46 1020.72 689.64
00022651 00000062 691.35 135.50 498.02 712.59 821.90 416.36 1056.84 426.50 939.93 596.16 835.74 680.23 1023.06 689.93
00022652 00000063 691.06 135.83 498.67 712.37 821.70 416.32 1056.74 426.57 939.68 596.22 835.32 680.20 1022.84 689.99
00022653 00000064 694.66 135.76 498.52 713.22 826.53 418.57 1061.67 429.36 943.35 597.29 838.69 681.92 1024.01 692.15
00022654 00000065 694.56 136.11 498.48 712.86 826.50 418.52 1061.63 429.38 943.25 597.33 838.64 681.91 1023.95 692.19
00022655 00000066 694.56 134.89 498.48 714.07 826.47 418.66 1061.41 429.26 943.27 597.14 838.70 681.92 1024.15 692.00
00022656 00000067 697.64 138.69 499.94 713.53 830.07 421.22 1063.73 430.07 946.30 600.38 846.03 688.45 1025.76 697.23
00022657 00000068 697.59 139.06 499.83 713.26 830.06 421.01 1063.92 429.90 946.62 600.47 846.05 688.58 1025.84 697.40
00022658 00000069 700.06 140.72 500.09 713.78 833.93 423.32 1066.70 431.67 950.00 603.73 849.70 691.46 1028.56 699.85
00022659 00000070 700.30 140.67 499.87 713.91 833.92 423.34 1066.72 431.69 949.99 603.66 849.68 691.52 1028.59 699.90
00022660 00000071 700.16 140.58 499.89 714.09 834.08 423.21 1066.66 431.79 949.92 603.77 849.60 691.44 1028.27 700.02
00022661 00000072 702.09 143.64 501.00 704.67 835.12 425.74 1068.99 433.59 951.17 605.07 848.97 686.84 1033.86 694.56
00022662 00000073 702.35 143.33 500.54 705.17 835.35 425.77 1068.88 433.70 951.07 605.09 849.29 686.80 1033.79 694.56
00022663 00000074 701.39 143.94 501.46 699.77 836.32 426.96 1069.67 437.18 950.04 604.71 844.67 679.74 1034.38 689.26
00022664 00000075 701.29 143.96 501.28 699.37 836.03 426.44 1069.58 437.01 949.60 604.57 844.34 679.46 1033.94 689.26
00022665 00000076 701.49 144.35 502.26 696.96 837.25 426.17 1070.57 438.01 949.49 603.90 843.39 676.29 1033.87 687.04
00022666 00000077 701.36 144.52 502.55 697.07 837.21 426.19 1070.42 437.98 949.46 603.87 843.51 676.33 1033.98 687.03
00022667 00000078 701.45 144.75 502.41 696.77 837.21 425.91 1070.29 437.77 949.20 603.79 843.52 676.36 1033.63 687.14
00022668 00000079 701.30 142.56 503.13 701.91 838.11 423.63 1070.56 435.69 951.13 600.27 844.41 674.93 1034.23 685.75
00022669 00000080 701.24 142.11 502.95 702.21 838.15 423.61 1070.70 435.63 951.30 599.85 844.30 674.93 1034.42 685.73
00022670 00000081 702.87 141.55 501.92 706.53 838.72 419.04 1069.19 431.99 951.39 597.14 846.39 676.18 1032.12 687.91
00022671 00000082 702.73 141.56 502.01 706.59 838.93 419.08 1069.30 432.03 951.51 597.27 846.47 676.22 1032.21 687.95
00022672 00000083 702.92 141.77 501.72 706.15 838.87 419.24 1069.40 432.20 951.54 597.43 846.43 676.17 1032.28 687.92
00022673 00000084 704.15 143.11 500.96 710.95 839.20 418.89 1068.61 433.06 949.57 598.54 843.34 676.85 1033.21 689.42
00022674 00000085 703.74 143.06 501.40 711.28 839.18 418.89 1068.65 433.14 949.69 598.75 843.28 676.86 1033.23 689.48
00022675 00000086 705.63 147.67 502.09 710.84 839.13 423.44 1068.84 436.92 948.54 605.33 844.10 681.19 1035.81 693.12
00022676 00000087 705.83 147.69 501.56 710.89 838.87 423.42 1068.57 436.83 948.41 605.49 844.03 681.19 1035.76 693.06
00022677 00000088 708.94 153.45 504.00 719.40 843.48 428.30 1071.44 444.68 948.14 612.99 844.48 687.63 1038.14 702.15
00022678 00000089 709.07 153.66 503.88 719.38 843.72 428.28 1071.47 444.67 948.26 612.64 844.61 687.75 1038.06 702.26
00022679 00000090 709.22 153.68 503.71 719.51 843.89 428.22 1071.43 444.75 948.03 612.83 844.56 687.82 1037.80 702.45
00022680 00000091 714.52 166.47 501.65 714.56 845.08 434.25 1072.97 454.56 945.62 625.00 841.84 693.33 1039.04 711.36
00022681 00000092 714.73 165.81 501.51 714.23 845.20 434.37 1072.94 454.53 945.57 624.96 841.86 693.12 1038.99 711.02
00022682 00000093 714.47 174.18 502.79 707.75 847.32 439.48 1075.75 460.86 947.63 633.40 841.45 695.85 1040.26 715.00
00022683 00000094 714.29 174.63 503.26 707.02 847.45 439.47 1075.80 460.84 947.54 633.56 841.52 695.67 1040.29 714.80
00022684 00000095 714.35 174.58 503.23 707.00 847.47 439.34 1075.80 460.78 947.40 633.53 841.57 695.81 1040.14 715.01
00022685 00000096 714.37 175.93 505.11 710.84 847.07 441.68 1076.15 464.17 946.30 638.42 839.60 698.12 1039.01 718.16
00022686 00000097 714.29 176.10 504.88 711.10 846.81 441.55 1076.01 464.18 946.04 638.32 839.43 698.21 1039.02 718.38
00022687 00000098 714.48 175.24 504.92 719.65 847.79 440.75 1074.94 463.23 945.76 636.17 841.82 702.18 1038.40 721.97
00022688 00000099 714.18 175.67 505.12 719.63 847.98 440.48 1075.04 463.17 945.89 636.65 841.52 702.10 1038.16 722.13
00022689 00000100 713.80 174.92 504.06 728.65 847.51 438.92 1073.17 461.35 945.59 634.21 842.85 704.20 1040.62 723.75
00022690 00000101 714.18 174.75 503.64 728.28 847.15 438.90 1073.18 461.29 945.47 634.24 842.69 704.15 1040.68 723.66
00022691 00000102 713.92 174.76 503.54 728.33 847.08 438.77 1073.17 461.23 945.59 634.39 842.54 704.19 1040.51 723.76
00022692 00000103 712.82 175.89 501.96 723.57 844.57 439.17 1072.08 461.42 944.30 634.16 840.66 702.42 1040.15 721.90
00022693 00000104 712.71 175.92 501.98 723.19 844.18 439.52 1071.99 461.50 944.41 634.08 840.68 702.51 1040.36 721.73
00022694 00000105 709.67 176.04 503.36 713.16 840.66 440.18 1071.42 461.56 943.39 634.93 837.12 699.02 1039.17 717.90
00022695 00000106 709.58 175.48 503.34 713.70 840.70 440.14 1071.41 461.48 943.54 634.77 837.13 699.04 1039.11 717.90
00022696 00000107 709.45 175.87 503.49 713.44 840.62 440.05 1071.55 461.36 943.59 634.78 837.20 699.18 1039.11 718.03
00022697 00000108 706.66 174.04 503.84 713.51 838.04 440.81 1069.91 461.46 942.27 635.24 834.87 699.82 1035.87 718.12
00022698 00000109 706.56 174.50 503.95 712.61 837.79 440.71 1070.02 461.34 942.13 635.36 834.63 699.79 1035.90 718.11
00022699 00000110 704.90 172.89 503.57 711.38 834.72 441.26 1068.42 461.01 939.94 636.77 831.91 700.66 1033.27 718.39
00022700 00000111 704.72 172.34 503.93 712.40 834.64 441.27 1068.17 460.84 939.98 636.34 832.16 700.91 1033.40 718.45
00022701 00000112 699.92 171.71 507.47 715.91 830.80 441.22 1065.51 460.44 937.53 635.24 829.69 702.76 1029.83 719.93
00022702 00000113 699.81 171.58 507.61 715.82 830.84 441.26 1065.57 460.43 937.56 635.11 829.64 702.69 1029.75 719.81
00022703 00000114 699.70 170.83 507.60 716.60 830.90 441.34 1065.45 460.37 937.69 635.07 829.68 702.63 1029.51 719.65
00022704 00000115 696.17 168.43 509.73 721.22 828.36 442.37 1063.58 460.00 936.56 631.85 829.58 705.39 1028.63 721.23
00022705 00000116 696.22 167.88 509.65 721.16 828.35 442.53 1063.55 459.98 936.41 632.05 829.69 705.24 1028.75 720.95
00022706 00000117 692.95 163.74 510.71 729.11 825.30 439.59 1061.63 454.23 936.01 627.75 829.42 706.17 1029.74 719.47
00022707 00000118 693.10 163.65 510.75 729.02 825.49 439.54 1061.55 454.36 935.80 627.78 829.37 706.01 1029.62 719.46
00022708 00000119 693.14 163.21 510.57 730.07 825.39 439.38 1061.55 454.15 935.85 627.55 829.37 706.06 1029.98 719.45
00022709 00000120 691.59 158.73 510.98 732.58 823.68 439.38 1061.75 450.63 937.21 624.52 831.03 705.66 1031.18 716.10
00022710 00000121 691.51 157.86 511.05 734.52 823.74 439.10 1061.84 450.60 937.17 623.90 830.85 705.58 1031.29 716.20
00022711 00000122 689.37 156.32 511.50 737.87 822.48 439.41 1061.18 448.72 938.06 622.71 831.40 706.87 1031.86 715.72
00022712 00000123 688.90 156.11 512.11 738.09 822.63 439.40 1061.24 448.85 938.20 622.55 831.40 706.74 1031.90 715.68
00022713 00000124 686.29 157.83 513.04 740.64 821.60 441.57 1059.15 450.76 937.36 624.31 830.63 709.32 1031.37 717.90
00022714 00000125 686.28 157.77 513.06 740.61 821.51 441.61 1059.11 450.76 937.33 624.34 830.58 709.32 1031.45 717.87
00022715 00000126 686.13 158.03 512.93 740.44 821.42 441.56 1059.06 450.80 937.36 624.47 830.37 709.44 1031.07 718.07
00022716 00000127 685.43 163.21 512.02 736.11 820.71 444.37 1057.10 455.40 935.39 628.52 828.56 712.13 1027.88 722.30
00022717 00000128 685.88 163.87 511.28 735.36 820.68 444.30 1057.36 455.47 935.45 629.01 828.76 712.24 1027.97 722.56
00022718 00000129 687.07 168.32 509.06 729.24 819.72 449.17 1056.32 460.94 934.76 634.87 827.68 716.69 1024.25 727.57
00022719 00000130 687.35 168.49 508.83 728.77 819.77 449.14 1056.32 461.05 934.64 634.77 827.33 716.38 1024.08 727.38
00022720 00000131 687.19 168.56 508.92 728.94 819.75 449.06 1056.35 461.00 934.68 634.79 827.40 716.46 1024.18 727.49
00022721 00000132 687.07 173.90 508.26 723.58 820.38 454.26 1056.57 466.46 933.99 639.17 827.49 719.83 1022.20 731.14
00022722 00000133 686.98 173.24 508.42 724.56 820.34 454.10 1056.41 466.39 933.99 639.16 827.40 719.78 1022.01 731.14
00022723 00000134 687.26 174.71 508.34 725.99 820.69 457.55 1056.44 470.55 933.19 642.39 826.35 721.26 1022.13 733.13
00022724 00000135 686.97 174.54 508.92 725.73 820.66 457.41 1056.52 470.62 933.12 642.66 826.19 721.11 1021.86 733.18
00022725 00000136 687.40 177.02 507.97 721.01 820.90 460.43 1057.20 474.63 932.66 647.14 825.30 720.86 1021.59 733.74
00022726 00000137 687.54 176.66 507.72 721.35 821.01 460.42 1057.31 474.62 932.77 647.02 825.22 720.84 1021.63 733.72
00022727 00000138 687.51 176.56 507.74 721.66 820.89 460.42 1056.95 474.56 932.48 647.08 825.12 720.69 1021.51 733.51
00022728 00000139 688.75 178.10 507.04 721.50 820.54 462.87 1056.54 477.28 931.74 651.72 824.62 721.42 1021.33 734.44
00022729 00000140 688.61 178.22 507.17 721.50 820.82 462.99 1057.13 477.59 932.14 652.36 824.54 721.66 1021.01 734.87
00022730 00000141 690.08 178.45 504.88 717.03 819.73 467.62 1056.56 481.18 931.44 654.73 823.19 721.63 1021.52 734.01
00022731 00000142 690.26 178.73 504.61 716.27 819.81 467.50 1056.56 481.12 931.43 654.72 823.44 721.51 1021.50 733.96
00022732 00000143 690.14 178.80 504.97 716.15 820.09 468.01 1056.67 481.35 931.78 654.72 823.45 721.50 1021.73 733.68
00022733 00000144 690.96 178.73 507.00 720.14 823.03 472.03 1058.28 485.75 933.95 656.52 825.42 723.12 1024.70 735.58
00022734 00000145 689.16 176.18 508.48 736.01 824.39 470.81 1057.69 485.86 934.39 654.53 824.71 724.62 1024.15 738.06
00022735 00000146 692.17 178.65 508.81 738.36 828.72 472.53 1061.56 489.75 938.15 656.91 826.48 725.76 1026.89 741.15
00022736 00000147 692.13 178.36 508.85 739.14 828.80 472.52 1061.72 489.62 938.20 656.80 826.48 725.76 1027.27 741.08
00022737 00000148 696.99 181.73 510.11 740.33 838.22 470.97 1068.19 492.63 946.23 658.68 831.87 723.39 1033.19 742.62
00022738 00000149 697.27 181.46 510.00 740.47 838.35 471.08 1068.23 492.69 946.32 658.59 832.37 723.61 1033.37 742.80
00022739 00000150 697.00 181.58 510.47 740.47 838.42 471.02 1068.36 492.71 946.35 658.69 832.31 723.60 1033.41 742.86
00022740 00000151 710.05 189.96 505.02 726.62 864.08 469.93 1091.43 501.04 970.45 660.89 844.99 721.22 1046.16 747.22
00022741 00000152 709.54 189.91 505.44 726.87 863.97 469.90 1091.15 500.78 970.73 660.57 844.77 720.91 1046.32 746.72
00022742 00000153 730.37 183.94 509.22 746.98 896.05 469.97 1117.06 504.47 1001.60 659.86 866.09 721.35 1066.19 751.71
00022743 00000154 730.37 183.83 509.10 747.28 896.19 469.84 1116.99 504.54 1001.58 659.68 866.08 721.24 1066.16 751.76
00022744 00000155 730.55 183.91 509.02 747.49 896.25 469.88 1116.96 504.60 1001.57 659.67 866.04 721.13 1066.29 751.64
00022745 00000156 745.50 192.45 514.54 727.46 923.02 471.27 1143.26 508.22 1033.29 664.67 887.66 719.98 1083.74 751.55
00022746 00000157 745.39 191.44 515.13 728.53 923.12 471.23 1143.51 508.25 1033.31 664.50 887.88 719.78 1084.11 751.35
00022747 00000158 761.26 197.83 524.11 729.36 945.58 471.96 1166.56 519.30 1052.44 671.96 898.51 720.49 1100.84 760.57
00022748 00000159 761.12 197.99 524.48 729.19 945.56 472.03 1166.77 519.47 1052.56 672.10 898.37 720.50 1101.01 760.66
00022749 00000160 770.02 199.32 524.91 727.65 957.10 472.37 1176.50 524.34 1060.50 673.78 908.53 721.50 1106.97 765.11
00022750 00000161 769.97 200.52 524.84 726.49 957.17 472.45 1176.45 524.29 1060.57 673.99 908.47 721.50 1106.96 765.04
00022751 00000162 769.65 200.50 525.01 726.63 957.22 472.32 1176.35 524.27 1060.50 673.94 908.48 721.52 1106.68 765.15
00022752 00000163 771.31 208.36 520.82 721.03 953.80 476.62 1172.32 526.02 1054.68 677.99 907.11 726.22 1103.60 768.13
00022753 00000164 771.22 208.04 520.84 721.57 953.87 476.51 1172.29 526.02 1054.66 677.96 907.09 726.11 1103.55 768.11
00022754 00000165 767.73 209.13 521.81 720.50 939.25 484.11 1161.23 522.98 1039.62 684.74 905.78 743.87 1089.97 776.83
00022755 00000166 767.55 209.44 522.03 720.43 939.62 483.84 1161.57 523.09 1039.87 684.16 905.82 743.69 1089.98 776.97
00022756 00000167 767.64 209.44 521.55 720.50 939.65 483.74 1161.50 523.05 1039.82 684.08 905.80 743.63 1089.95 776.98
00022757 00000168 765.03 209.05 512.98 706.06 926.78 490.38 1152.78 521.44 1028.90 687.19 906.15 750.56 1077.51 777.69
00022758 00000169 764.95 209.48 513.18 705.26 926.72 490.19 1152.89 521.36 1029.00 687.05 906.13 750.59 1077.45 777.83
00022759 00000170 757.45 206.42 507.46 706.12 906.28 489.91 1141.53 519.23 1014.77 686.05 894.48 748.94 1073.91 774.91
00022760 00000171 757.54 206.26 507.39 706.71 906.44 489.80 1141.46 519.16 1014.62 686.11 894.46 748.82 1074.09 774.79
00022761 00000172 753.15 202.94 508.60 707.35 898.08 480.39 1129.60 515.00 997.35 677.05 884.09 740.94 1063.56 771.27
00022762 00000173 753.08 202.98 508.42 707.23 897.93 480.48 1129.39 514.89 997.31 676.92 884.16 740.78 1063.83 770.92
00022763 00000174 753.12 202.71 508.32 707.36 897.82 480.54 1129.28 514.88 997.21 676.88 884.21 740.79 1063.84 770.86
00022764 00000175 742.69 200.44 504.82 707.97 886.28 474.08 1124.56 505.53 997.47 671.50 879.37 733.38 1068.61 761.44
00022765 00000176 742.83 200.57 504.69 708.16 886.16 473.92 1124.46 505.37 997.33 671.37 879.39 733.40 1068.61 761.45
00022766 00000177 736.68 188.04 506.53 732.04 883.08 469.31 1110.06 501.03 983.06 659.28 868.89 729.39 1058.44 757.24
00022767 00000178 736.85 188.27 506.24 731.15 882.90 469.54 1109.99 501.04 983.01 659.59 868.96 729.40 1058.49 757.07
00022768 00000179 736.79 187.95 506.26 730.86 882.60 469.54 1109.92 501.11 982.83 659.67 868.74 729.31 1058.23 757.05
00022769 00000180 728.10 194.00 502.70 717.41 871.89 467.55 1105.65 496.84 981.18 660.73 864.38 726.00 1059.76 752.13
00022770 00000181 727.68 186.16 508.23 737.88 872.41 469.04 1100.21 497.44 974.48 657.88 863.15 729.43 1055.84 754.63
00022771 00000182 721.63 187.36 509.50 736.51 865.49 467.92 1095.21 496.15 968.84 656.97 858.98 732.32 1049.62 757.40
00022772 00000183 721.38 187.37 510.05 736.61 865.25 467.85 1095.42 496.13 968.92 657.06 858.85 732.37 1049.59 757.48
00022773 00000184 722.97 189.80 506.23 714.63 857.46 471.25 1092.23 495.10 964.46 660.50 860.09 739.40 1041.89 761.33
00022774 00000185 722.71 190.28 506.44 713.90 857.48 471.28 1092.41 495.06 964.61 660.47 860.00 739.27 1042.09 761.14
00022775 00000186 722.43 189.92 506.87 714.08 857.38 471.46 1092.42 495.10 964.47 660.66 859.99 739.33 1042.05 761.09
00022776 00000187 722.39 192.30 506.99 702.87 854.61 471.98 1092.26 494.39 962.95 664.03 858.56 736.93 1043.45 757.43
00022777 00000188 722.49 192.05 506.83 703.15 854.58 472.06 1092.17 494.38 962.92 664.10 858.63 736.99 1043.66 757.41
00022778 00000189 724.25 190.93 507.10 709.70 858.80 471.38 1094.39 495.67 964.96 663.54 859.41 734.00 1047.59 755.94
00022779 00000190 724.20 191.35 507.31 709.81 858.86 471.28 1094.32 495.64 964.90 663.44 859.31 733.90 1047.71 755.89
00022780 00000191 724.20 190.96 507.36 710.34 858.69 471.42 1094.27 495.79 964.81 663.62 859.20 733.94 1047.69 755.94
00022781 00000192 727.25 190.38 508.27 726.91 868.32 469.27 1098.13 496.14 971.01 658.34 864.27 731.44 1054.25 755.37
00022782 00000193 727.23 190.88 508.51 726.01 868.30 469.40 1098.11 496.21 970.99 658.27 864.28 731.20 1054.38 755.06
00022783 00000194 731.25 186.86 506.40 727.62 872.37 469.34 1099.58 495.51 974.15 658.39 867.03 727.45 1059.53 750.58
00022784 00000195 731.30 186.37 506.39 728.68 872.46 469.23 1099.56 495.47 974.25 658.07 867.38 727.35 1059.95 750.49
00022785 00000196 733.28 188.07 504.95 709.41 872.50 470.12 1101.35 494.16 975.18 659.27 868.30 724.70 1058.37 746.33
00022786 00000197 733.11 187.37 505.00 709.97 872.44 470.17 1101.35 494.27 975.01 659.51 868.13 724.93 1058.16 746.64
00022787 00000198 732.90 187.70 505.36 709.29 872.37 470.30 1101.65 494.33 975.18 659.54 868.00 724.86 1058.34 746.50
00022788 00000199 732.18 187.34 505.40 703.09 872.09 470.75 1102.10 493.48 974.97 661.66 866.57 720.49 1058.61 741.15
00022789 00000200 732.13 187.23 505.22 702.54 872.02 470.76 1102.10 493.42 975.06 661.73 866.39 720.47 1058.20 741.10
00022790 00000201 730.97 187.15 505.70 702.23 871.26 471.03 1101.42 493.55 974.89 661.91 865.22 719.02 1059.01 739.52
00022791 00000202 731.16 187.30 505.56 701.76 871.21 470.88 1101.30 493.25 974.92 661.67 865.37 718.86 1058.73 739.27
00022792 00000203 731.07 187.62 505.72 701.50 871.24 470.85 1101.20 493.26 974.72 661.91 865.34 718.84 1058.42 739.29
00022793 00000204 730.14 189.52 506.92 705.12 870.92 470.27 1099.78 494.16 973.30 660.96 866.50 722.30 1055.74 743.97
00022794 00000205 730.08 188.68 506.97 706.08 870.86 470.59 1099.67 493.78 973.57 660.76 866.81 722.53 1056.00 743.65
00022795 00000206 726.96 196.37 507.77 703.97 869.49 473.08 1097.03 499.17 969.58 660.44 863.85 722.69 1050.21 745.66
00022796 00000207 724.66 189.67 508.85 712.60 867.42 471.37 1098.12 497.07 971.56 662.72 864.10 728.68 1051.81 751.90
00022797 00000208 720.39 193.84 510.85 716.56 863.85 471.85 1095.15 499.39 968.85 661.79 859.97 732.34 1047.44 756.94
00022798 00000209 720.34 193.81 510.82 716.63 863.89 471.83 1095.09 499.37 968.81 661.74 860.01 732.28 1047.40 756.89
00022799 00000210 720.39 192.82 510.33 717.62 863.65 472.05 1094.73 499.47 968.51 661.66 859.69 732.16 1047.32 756.67
00022800 00000211 719.04 207.68 505.39 701.53 861.05 476.62 1090.10 500.09 964.86 662.19 852.67 731.94 1042.72 751.62
00022801 00000212 719.20 207.92 505.16 701.34 861.05 476.74 1089.89 500.16 964.74 662.44 852.58 732.01 1042.62 751.65
00022802 00000213 715.42 207.35 505.68 702.77 856.11 477.91 1086.28 498.54 961.13 663.91 849.74 733.89 1041.05 751.31
00022803 00000214 715.37 207.32 505.84 702.94 856.16 477.98 1086.28 498.59 961.15 664.03 849.79 733.97 1041.04 751.36
00022804 00000215 715.27 207.23 505.98 703.57 856.16 477.83 1086.17 498.57 960.95 663.87 849.61 733.98 1040.83 751.48
00022805 00000216 712.96 206.64 505.57 704.06 852.94 478.48 1084.21 497.24 959.38 665.60 848.69 735.90 1039.24 751.81
00022806 00000217 712.99 206.25 505.04 703.88 853.23 478.40 1084.29 497.37 959.52 665.13 848.82 735.47 1039.28 751.53
00022807 00000218 712.70 207.25 504.27 702.84 851.43 478.90 1083.18 496.94 957.56 665.58 847.90 737.14 1037.77 752.59
00022808 00000219 712.56 207.07 503.98 702.74 851.40 479.01 1082.97 497.00 957.54 665.32 847.84 737.06 1037.40 752.48
00022809 00000220 712.62 207.62 503.38 700.82 850.06 480.17 1082.89 497.37 956.81 667.16 847.04 738.10 1036.65 752.98
00022810 00000221 712.40 207.21 503.57 701.44 850.06 480.00 1082.77 497.28 956.80 667.14 847.08 738.03 1036.55 752.97
00022811 00000222 712.64 207.66 503.13 701.02 850.07 480.22 1082.72 497.26 956.85 667.62 847.01 738.49 1036.48 753.24
00022812 00000223 712.90 208.76 502.81 699.58 849.69 481.07 1082.16 497.88 956.43 668.80 847.63 739.35 1036.31 753.94
00022813 00000224 712.44 208.60 503.33 699.87 849.76 481.38 1081.95 498.04 956.53 669.16 847.85 739.29 1036.57 753.72
00022814 00000225 711.93 208.48 504.14 704.67 849.76 482.33 1081.62 499.22 956.47 670.76 847.81 741.09 1036.65 755.75
00022815 00000226 711.91 208.76 504.16 704.43 849.75 482.33 1081.36 499.31 956.21 670.63 847.71 741.00 1036.40 755.72
00022816 00000227 711.59 209.14 504.36 704.48 849.68 482.02 1081.27 499.04 955.92 670.76 847.35 741.05 1035.83 755.86
00022817 00000228 711.61 210.73 504.75 705.29 850.49 483.47 1080.96 500.80 956.03 672.85 848.49 742.24 1036.19 757.31
00022818 00000229 711.33 210.18 505.02 705.50 850.73 483.51 1081.04 500.67 956.62 673.13 848.55 742.35 1035.84 757.29
00022819 00000230 712.09 210.32 505.04 705.76 851.32 484.33 1082.06 501.47 957.43 673.48 849.95 743.51 1036.84 758.38
00022820 00000231 711.89 210.87 505.74 705.56 851.32 484.12 1082.45 501.51 957.49 673.90 849.52 743.73 1036.91 758.83
00022821 00000232 712.63 211.38 505.44 703.73 851.94 484.42 1083.07 501.57 958.10 674.09 850.57 743.53 1037.51 758.39
00022822 00000233 712.81 211.22 505.30 703.87 852.06 484.33 1083.27 501.72 958.00 674.23 850.37 743.57 1037.47 758.62
00022823 00000234 712.94 211.54 505.41 703.29 851.90 484.27 1083.25 501.59 957.93 674.17 850.48 743.54 1037.41 758.54
00022824 00000235 713.62 210.53 503.97 703.85 852.79 483.05 1083.76 500.99 958.87 672.08 850.23 742.35 1038.10 757.83
00022825 00000236 713.40 210.23 504.47 704.37 852.84 483.23 1083.56 501.03 958.88 672.01 850.29 742.40 1038.17 757.77
00022826 00000237 714.29 208.56 505.05 706.80 854.10 479.91 1084.57 499.15 958.90 668.08 849.11 740.49 1037.59 756.95
00022827 00000238 714.51 208.70 505.05 706.76 854.27 479.64 1084.79 499.06 958.92 668.03 849.01 740.47 1037.56 757.08
00022828 00000239 714.56 207.94 505.07 707.63 853.85 479.63 1084.85 498.83 958.92 667.92 849.01 740.67 1037.93 757.11
00022829 00000240 715.08 205.68 504.78 707.67 854.16 477.62 1085.32 497.45 959.07 665.03 848.52 737.93 1038.28 754.73
00022830 00000241 715.28 205.66 504.48 707.64 854.03 477.38 1085.46 497.05 959.08 665.26 848.29 738.09 1037.85 754.80
00022831 00000242 715.00 204.98 505.97 706.58 854.23 475.98 1086.58 495.29 959.67 664.58 848.60 736.68 1038.44 753.04
00022832 00000243 714.92 204.84 505.91 707.21 854.07 475.76 1086.43 494.84 959.69 664.16 848.94 736.83 1038.72 753.02
00022833 00000244 714.68 202.79 506.48 709.83 854.57 474.84 1086.55 494.71 959.38 663.88 848.74 735.96 1038.11 752.83
00022834 00000245 715.04 203.30 506.00 708.99 854.55 474.84 1086.50 494.68 959.32 663.76 848.81 735.93 1037.98 752.77
00022835 00000246 715.18 203.28 505.88 709.00 854.49 474.92 1086.29 494.74 959.18 663.79 848.73 735.87 1037.80 752.69
00022836 00000247 715.95 202.57 503.18 704.28 852.05 477.09 1085.46 497.44 957.32 664.46 849.27 737.35 1036.61 754.69
00022837 00000248 716.32 202.06 502.67 704.83 851.93 476.81 1085.20 497.58 956.65 664.27 848.85 736.84 1036.25 754.51
00022838 00000249 708.68 194.46 510.58 704.41 846.02 474.53 1085.58 498.16 956.57 668.68 850.28 738.71 1033.14 760.25
00022839 00000250 708.77 194.23 510.62 704.96 846.11 474.51 1085.59 498.18 956.57 668.87 850.35 738.77 1033.12 760.36
00022840 00000251 708.39 194.02 511.05 705.55 845.92 474.42 1085.52 498.13 956.40 669.01 850.11 738.75 1033.07 760.39
00022841 00000252 708.02 193.44 510.14 701.61 844.40 473.86 1085.24 497.23 955.32 669.28 848.88 738.96 1031.40 760.35
00022842 00000253 707.70 193.05 510.49 701.49 844.20 473.97 1085.33 497.19 955.36 669.23 848.81 739.08 1031.19 760.34
00022843 00000254 717.44 195.48 505.61 695.73 850.91 473.64 1083.74 496.57 954.06 669.53 853.42 733.89 1032.46 754.62
00022844 00000255 717.68 195.18 505.52 695.55 850.77 473.68 1083.73 496.32 953.83 669.25 853.48 733.85 1032.38 754.32
00022845 00000256 719.05 192.71 505.27 696.82 856.00 473.57 1087.47 492.73 961.48 665.29 859.72 730.57 1037.86 747.99
00022846 00000257 719.12 192.96 505.50 696.90 856.06 473.41 1087.84 492.74 961.61 665.12 859.57 730.66 1037.92 748.27
00022847 00000258 718.83 192.61 506.22 697.35 856.11 473.34 1088.09 492.59 961.69 665.25 859.70 730.67 1038.20 748.22
00022848 00000259 720.14 195.15 508.00 691.81 861.05 474.50 1091.87 491.35 969.03 664.38 865.21 727.98 1044.90 743.30
00022849 00000260 720.16 194.86 507.78 692.42 861.05 474.31 1091.87 491.26 969.08 664.37 865.12 727.89 1045.10 743.30
00022850 00000261 721.08 195.90 507.36 689.51 861.94 475.55 1093.47 490.83 971.31 665.03 867.49 727.61 1048.56 741.70
00022851 00000262 720.87 196.30 507.55 689.31 862.06 475.81 1093.40 491.04 971.40 665.20 867.42 727.55 1048.46 741.59
00022852 00000263 720.84 196.03 507.62 689.70 861.84 475.85 1093.56 490.92 971.42 665.49 867.23 727.82 1048.70 741.77
00022853 00000264 720.10 196.04 507.96 687.49 861.03 476.63 1093.82 491.31 971.08 666.08 866.80 728.97 1048.40 742.60
00022854 00000265 719.79 196.67 507.94 686.95 861.05 476.82 1093.88 491.26 971.34 666.01 866.86 729.00 1048.59 742.45
00022855 00000266 717.38 201.28 508.26 691.18 858.46 476.01 1089.62 492.52 965.85 667.10 864.67 731.92 1044.53 746.92
00022856 00000267 717.28 201.14 508.40 691.16 858.33 476.00 1089.80 492.52 965.89 667.28 864.47 732.10 1044.45 747.12
00022857 00000268 713.35 207.92 499.40 689.13 851.00 477.77 1084.76 491.77 961.66 670.84 850.70 738.38 1035.34 750.79
00022858 00000269 713.27 208.02 499.61 689.16 850.90 477.77 1084.63 491.68 961.72 670.88 850.81 738.49 1035.22 750.82
00022859 00000270 713.15 207.50 499.64 689.88 850.89 477.64 1084.62 491.56 961.83 670.80 850.77 738.50 1035.14 750.84
00022860 00000271 708.54 208.25 499.70 696.10 843.75 478.29 1076.35 492.84 953.20 673.90 845.72 745.50 1025.09 758.61
00022861 00000272 708.55 207.44 499.57 696.95 843.55 478.36 1076.15 492.77 953.02 673.98 845.75 745.57 1025.18 758.54
00022862 00000273 702.95 207.32 500.96 700.34 834.52 477.64 1070.09 492.29 945.83 674.12 840.16 745.88 1021.55 759.23
00022863 00000274 705.94 209.14 497.11 683.87 834.75 479.62 1071.39 492.83 948.09 674.98 842.28 746.43 1020.51 758.79
00022864 00000275 705.82 208.88 497.48 684.14 834.83 479.36 1071.73 492.59 948.40 674.57 842.30 746.53 1020.43 758.93
00022865 00000276 704.56 202.50 503.88 685.42 828.12 472.61 1061.87 491.16 932.79 671.88 839.38 741.10 1014.82 758.24
00022866 00000277 704.48 202.38 503.93 685.73 828.12 472.74 1061.75 491.19 932.84 671.84 839.32 741.06 1014.90 758.13
00022867 00000278 702.75 187.55 500.86 700.95 823.82 462.57 1060.75 479.58 932.78 659.72 836.37 734.26 1017.49 750.05
00022868 00000279 702.46 188.02 501.34 700.25 823.60 462.71 1060.66 479.57 932.78 659.89 836.33 734.29 1017.27 749.95
00022869 00000280 697.95 177.14 504.28 714.04 822.64 454.82 1060.14 468.38 934.77 647.89 836.33 726.67 1019.74 739.49
00022870 00000281 697.85 176.93 504.51 714.78 822.72 454.90 1060.11 468.46 934.76 647.90 836.24 726.66 1019.83 739.45
00022871 00000282 698.17 177.02 503.88 714.72 822.63 455.02 1059.93 468.41 934.71 648.08 836.37 726.76 1019.99 739.41
00022872 00000283 700.20 173.71 503.21 700.65 823.69 449.54 1061.68 461.57 936.53 643.40 838.68 717.98 1022.45 729.55
00022873 00000284 700.07 173.35 503.39 701.56 823.75 449.51 1061.81 461.57 936.62 643.48 838.55 718.02 1022.53 729.63
00022874 00000285 700.41 170.79 504.46 704.08 824.67 444.96 1063.66 454.58 939.25 636.63 842.21 716.77 1025.51 726.33
00022875 00000286 700.43 170.67 504.36 704.25 824.67 445.03 1063.58 454.58 939.16 636.74 842.28 716.74 1025.55 726.23
00022876 00000287 700.54 171.05 504.12 704.12 824.69 444.96 1063.43 454.54 939.17 636.56 842.14 716.69 1025.30 726.22
00022877 00000288 701.75 172.07 506.46 714.05 829.16 443.80 1064.83 452.41 942.74 632.81 847.87 718.94 1030.66 727.35
00022878 00000289 702.00 171.80 506.43 713.94 829.70 443.75 1064.84 452.50 943.10 632.50 848.33 718.78 1030.49 727.27
00022879 00000290 706.28 172.72 503.66 714.39 834.59 444.84 1067.21 453.26 946.46 633.00 851.96 718.42 1035.21 726.75
00022880 00000291 706.08 172.94 504.03 713.75 834.58 444.87 1067.31 453.10 946.38 632.98 852.37 718.46 1035.44 726.63
00022881 00000292 709.72 173.64 502.69 711.48 840.04 445.91 1071.06 453.52 951.60 633.91 857.38 717.06 1039.71 724.69
00022882 00000293 709.83 173.61 502.35 711.33 840.11 445.89 1071.06 453.46 951.64 633.87 857.30 716.94 1039.64 724.56
00022883 00000294 709.94 173.66 502.35 711.27 840.13 445.86 1071.30 453.51 951.88 633.87 857.31 716.94 1039.78 724.63
00022884 00000295 713.55 173.36 500.27 701.68 845.33 444.90 1074.57 452.56 955.63 633.80 861.32 714.08 1039.56 722.04
00022885 00000296 713.48 173.65 500.17 701.94 845.35 444.78 1074.62 452.47 955.79 633.13 861.30 714.23 1039.44 722.23
00022886 00000297 716.67 172.28 497.05 688.89 845.16 442.80 1075.91 451.24 954.50 632.34 858.71 708.30 1037.97 717.10
00022887 00000298 716.69 172.22 497.17 689.09 845.36 442.78 1075.98 451.25 954.62 632.25 858.66 708.23 1037.95 717.03
00022888 00000299 716.58 171.91 497.15 689.78 845.26 442.80 1076.14 451.18 954.77 632.50 858.62 708.42 1038.11 717.15
00022889 00000300 717.89 170.82 495.91 692.38 841.51 439.77 1073.78 451.92 947.90 630.94 852.27 707.37 1033.38 719.07
00022890 00000301 717.77 170.42 496.26 693.33 841.30 439.49 1073.92 451.77 947.88 631.04 852.15 707.53 1033.49 719.35
00022891 00000302 714.72 168.25 499.20 705.03 836.22 435.62 1068.73 452.97 937.19 628.17 841.49 706.38 1026.05 722.03
00022892 00000303 714.43 168.09 499.61 705.39 836.44 435.69 1068.66 453.01 937.44 627.97 841.69 706.27 1026.00 721.88
00022893 00000304 699.80 170.02 508.54 709.31 825.22 429.63 1063.94 456.25 926.49 624.37 828.01 701.03 1011.97 725.68
00022894 00000305 699.64 169.74 509.11 709.16 825.24 429.58 1064.19 456.38 926.69 624.30 827.86 700.82 1012.01 725.62
00022895 00000306 699.66 169.51 509.11 709.53 825.22 429.62 1064.07 456.39 926.58 624.36 827.73 700.79 1011.84 725.57
00022896 00000307 696.32 172.60 509.50 708.68 818.89 426.85 1056.42 464.41 913.62 624.46 810.23 694.57 996.98 728.76
00022897 00000308 696.20 172.37 509.61 709.33 818.86 426.79 1056.45 464.35 913.66 624.55 810.11 694.57 997.10 728.76
00022898 00000309 694.95 174.52 509.57 704.07 816.26 428.21 1053.47 468.08 909.49 627.69 806.50 693.94 993.72 729.95
00022899 00000310 694.88 174.82 509.69 704.22 816.23 428.16 1053.53 468.08 909.59 627.69 806.35 693.96 993.72 730.02
00022900 00000311 694.71 174.32 510.00 704.84 816.12 428.14 1053.53 467.95 909.70 627.61 806.32 694.01 993.88 729.99
00022901 00000312 695.32 175.82 509.63 703.07 819.69 431.26 1056.67 469.09 915.86 631.27 812.02 695.02 998.47 729.24
00022902 00000313 695.23 175.75 509.67 702.83 819.65 431.29 1056.85 469.01 915.92 631.30 812.17 695.05 998.58 729.17
00022903 00000314 696.90 173.18 510.10 703.99 823.30 433.56 1062.10 464.63 925.61 632.53 822.89 699.02 1008.68 727.35
00022904 00000315 697.01 172.88 510.14 704.23 823.05 433.54 1062.06 464.55 925.40 632.52 822.70 699.01 1008.88 727.29
00022905 00000316 707.09 168.01 502.26 712.22 827.13 435.64 1063.63 459.45 926.80 631.75 825.13 704.69 1018.80 725.82
00022906 00000317 707.00 168.46 502.32 711.89 827.06 435.51 1063.51 459.38 926.77 631.66 825.11 704.75 1018.59 725.92
00022907 00000318 706.80 169.14 502.35 711.09 827.11 435.38 1063.53 459.47 926.70 631.64 824.96 704.64 1018.48 726.01
00022908 00000319 710.04 166.03 500.70 712.00 831.22 435.95 1066.60 453.53 934.80 627.72 835.85 707.48 1023.45 723.41
00022909 00000320 710.16 165.99 500.72 711.95 831.27 435.86 1066.62 453.57 934.68 627.72 835.67 707.34 1023.49 723.37
00022910 00000321 712.45 162.14 502.13 718.95 837.31 433.78 1069.90 446.75 942.43 624.10 848.39 713.23 1027.82 725.46
00022911 00000322 712.60 162.40 501.90 718.78 837.12 433.63 1069.76 446.68 942.26 624.15 848.29 713.26 1027.62 725.54
00022912 00000323 712.65 162.30 501.41 719.00 836.96 433.46 1069.65 446.69 942.18 623.91 848.18 713.17 1027.52 725.65
00022913 00000324 713.86 160.82 501.55 721.01 841.74 432.08 1072.21 443.69 947.99 620.10 857.09 715.48 1029.81 726.84
00022914 00000325 713.96 160.57 501.55 720.95 841.61 432.03 1072.16 443.68 947.72 620.06 856.86 715.44 1029.54 726.83
00022915 00000326 714.78 159.33 501.84 725.03 844.52 433.30 1073.20 443.84 951.03 620.01 860.75 717.39 1031.56 727.85
00022916 00000327 714.82 159.66 502.10 724.35 844.78 433.37 1073.55 443.81 951.39 620.02 860.99 717.27 1031.80 727.63
00022917 00000328 714.57 161.50 502.85 721.12 844.95 435.29 1074.78 445.13 952.38 623.20 861.26 717.81 1034.44 727.69
00022918 00000329 714.50 162.04 503.02 720.31 844.83 435.34 1074.87 445.28 952.31 623.21 860.96 717.74 1034.32 727.70
00022919 00000330 714.62 161.82 502.69 720.68 844.88 435.43 1074.74 445.33 952.32 623.22 860.85 717.72 1034.09 727.63
00022920 00000331 713.69 166.46 501.56 716.11 843.34 439.33 1074.78 448.21 952.37 629.03 859.24 718.64 1036.20 727.61
00022921 00000332 713.94 166.37 501.39 715.67 843.15 439.59 1074.80 448.38 952.22 629.27 859.17 718.66 1036.23 727.56
00022922 00000333 714.01 169.87 500.33 713.01 840.85 441.40 1072.73 450.21 949.63 631.55 857.17 718.61 1036.66 727.30
00022923 00000334 714.11 169.70 500.06 713.15 840.77 441.52 1072.61 450.23 949.65 631.37 857.21 718.67 1036.71 727.29
00022924 00000335 714.09 169.67 499.93 713.17 840.72 441.41 1072.43 450.13 949.51 631.24 857.14 718.61 1036.71 727.21
00022925 00000336 712.91 169.80 501.18 714.59 840.79 441.36 1072.19 450.79 949.27 630.58 854.55 716.46 1036.90 725.60
00022926 00000337 712.48 170.05 501.55 714.32 840.77 441.42 1072.13 450.62 949.29 630.16 854.38 716.46 1036.81 725.41
00022927 00000338 712.10 169.29 502.37 713.50 842.75 440.16 1072.29 451.17 949.35 628.67 852.91 711.74 1036.78 722.19
00022928 00000339 712.12 168.75 502.52 714.04 842.67 440.07 1072.31 450.97 949.43 628.47 853.06 711.90 1036.99 722.27
00022929 00000340 712.44 167.55 502.40 710.48 841.21 440.45 1072.71 451.97 948.71 629.46 850.48 709.11 1037.26 720.08
00022930 00000341 712.55 167.43 502.33 710.35 841.25 440.39 1072.71 451.92 948.60 629.49 850.46 709.20 1037.23 720.18
00022931 00000342 712.49 166.38 502.69 711.57 841.26 440.60 1072.80 452.02 948.66 629.50 850.35 709.26 1037.44 720.11
00022932 00000343 711.50 162.10 501.24 712.64 839.86 447.35 1072.80 458.13 949.58 630.43 847.33 708.24 1037.07 718.62
00022933 00000344 711.74 162.51 501.06 712.35 840.13 447.21 1072.91 458.18 949.60 630.53 847.55 708.22 1036.78 718.77
00022934 00000345 713.33 160.78 500.37 716.33 840.28 447.27 1073.27 458.25 949.12 628.97 848.44 710.53 1036.10 721.12
00022935 00000346 713.60 160.67 500.02 715.78 840.28 447.34 1073.31 458.21 949.10 629.02 848.52 710.45 1036.18 720.94
00022936 00000347 713.42 161.08 500.10 715.46 840.01 447.25 1073.35 458.02 949.35 628.95 848.58 710.50 1036.31 720.92
00022937 00000348 713.68 158.36 500.91 718.74 841.64 442.26 1073.14 453.71 949.85 625.01 850.59 709.81 1034.34 720.79
00022938 00000349 713.71 158.41 500.77 718.63 841.57 441.98 1073.42 453.65 949.75 624.69 850.39 709.51 1034.59 720.69
00022939 00000350 715.77 157.98 497.21 701.82 842.00 439.23 1073.49 450.89 950.01 623.47 849.98 699.07 1036.81 710.23
CROP_BBOX: 421 0 1559 1080
