Video ID: 	HbPPXxL-F6Y
H: 	1080
W: 	1920
FPS: 	25.0

FRAME INDEX X0 Y0 W H [Landmarks (5 Points)]

00000627 00000000 655.07 136.76 366.04 514.00 776.88 357.39 934.68 337.14 880.78 461.05 810.73 531.53 941.99 515.29
00000628 DELETE   651.25 134.41 365.76 513.55 769.98 352.79 927.54 334.11 871.23 455.18 807.23 528.78 934.98 513.72
00000629 DELETE   647.41 128.54 365.49 517.89 765.29 348.98 920.27 330.35 865.11 447.72 804.75 525.35 930.15 510.46
00000630 00000003 644.07 127.63 366.94 519.17 759.83 342.99 915.35 324.33 859.24 442.92 797.95 521.76 926.24 506.93
00000631 00000004 641.53 127.02 367.25 519.26 757.42 342.37 911.80 326.23 854.09 443.46 794.58 519.69 922.30 506.72
00000632 00000005 641.23 129.97 366.39 513.98 752.58 344.92 909.36 328.70 849.18 445.07 791.45 519.93 920.56 506.89
00000633 00000006 639.39 129.09 367.55 513.74 749.69 345.68 908.29 327.71 847.85 446.71 789.07 519.73 921.10 505.15
00000634 00000007 638.00 128.38 369.38 515.95 747.29 351.64 906.32 330.16 846.71 448.82 788.93 523.05 923.37 505.31
00000635 00000008 636.98 130.42 371.45 514.75 745.80 357.34 902.82 335.36 843.23 449.38 788.05 523.97 922.57 505.51
00000636 00000009 636.04 130.24 373.66 516.33 743.56 357.42 900.56 334.40 840.51 449.31 787.71 525.04 921.76 505.61
00000637 00000010 634.91 128.90 374.90 519.17 743.11 356.45 898.35 333.86 838.53 448.64 787.84 525.03 920.19 505.82
00000638 00000011 635.46 128.09 374.25 520.03 742.65 354.47 898.65 330.56 839.71 447.50 789.03 525.83 920.64 505.67
00000639 00000012 636.41 130.30 374.58 516.83 743.34 353.28 899.54 329.62 839.93 445.84 789.44 525.04 920.66 505.15
00000640 00000013 636.90 130.83 374.68 515.65 743.41 352.22 899.57 328.29 839.70 445.58 789.52 524.10 920.98 503.99
00000641 00000014 637.15 131.92 375.07 514.11 743.42 352.21 899.45 328.29 839.46 446.16 789.59 523.83 921.00 503.76
00000642 00000015 638.43 133.05 373.79 511.81 744.50 353.55 900.95 329.28 840.92 446.39 790.81 524.29 922.14 503.97
00000643 00000016 639.02 134.13 373.52 508.76 745.01 354.26 902.33 329.29 842.00 447.38 791.30 524.46 922.80 503.65
00000644 00000017 639.78 133.78 371.94 507.75 745.00 354.56 902.56 328.86 842.43 448.72 791.81 524.85 923.36 503.52
00000645 00000018 640.27 134.00 371.46 507.49 745.32 355.47 902.69 329.65 842.69 449.91 792.17 525.27 923.45 503.86
00000646 00000019 640.77 135.01 372.10 509.28 747.15 357.84 903.51 331.91 844.02 450.81 793.72 526.58 924.05 504.99
00000647 00000020 641.41 137.52 371.75 510.40 748.30 357.53 903.32 333.42 843.51 453.14 792.80 526.79 922.42 506.73
00000648 00000021 641.92 138.61 370.90 507.25 748.63 356.88 903.38 333.19 843.01 454.73 791.32 523.48 922.73 503.90
00000649 00000022 642.92 138.11 369.91 506.54 747.77 357.52 903.03 332.94 842.46 456.14 792.36 524.80 923.72 504.34
00000650 00000023 641.53 137.07 371.59 510.42 746.55 357.39 902.52 332.71 842.11 454.32 793.22 527.61 923.92 506.94
00000651 00000024 639.63 134.65 373.57 514.51 745.98 356.04 900.89 331.44 841.27 452.45 792.61 527.31 922.90 506.61
00000652 00000025 638.42 134.05 374.01 512.94 745.66 354.35 901.01 329.10 842.11 449.01 792.19 525.30 923.40 504.16
00000653 00000026 636.44 132.62 375.72 514.85 745.61 351.94 901.00 327.01 842.98 444.46 792.40 523.36 923.95 502.44
00000654 00000027 636.22 131.83 375.46 513.53 745.35 349.94 901.70 325.48 843.26 441.33 792.70 521.75 924.21 501.26
00000655 00000028 635.66 129.91 374.80 513.30 744.31 349.19 901.19 323.74 842.74 440.90 791.18 520.46 923.37 499.32
00000656 00000029 635.18 128.69 374.91 510.26 742.35 349.55 901.37 322.37 842.59 442.62 789.43 520.21 924.22 497.68
00000657 00000030 633.10 129.32 375.46 508.04 740.62 349.65 900.04 321.54 841.68 442.42 788.47 519.97 923.10 496.70
00000658 00000031 631.13 127.56 376.34 510.19 739.02 349.70 898.36 320.80 840.68 442.85 787.98 520.15 923.23 496.09
00000659 00000032 630.29 125.28 376.36 513.70 737.91 350.05 897.12 321.05 839.97 442.20 786.89 520.41 923.01 496.35
00000660 00000033 629.53 123.92 377.73 514.22 737.31 348.56 896.74 319.58 840.17 440.09 786.16 518.65 923.01 494.62
00000661 00000034 628.34 120.72 379.73 516.97 736.96 346.08 897.18 317.42 840.39 436.63 785.65 517.36 922.89 493.74
00000662 00000035 627.24 119.16 381.42 518.86 736.16 344.55 896.41 316.13 839.98 433.83 785.93 516.92 923.08 493.47
00000663 00000036 626.27 118.85 382.68 518.10 735.30 343.82 896.78 314.45 839.99 432.79 785.12 516.12 923.70 491.95
00000664 00000037 625.86 117.81 383.87 519.74 734.59 343.35 895.84 313.24 839.50 431.99 785.10 515.14 924.65 490.27
00000665 00000038 625.18 116.91 384.00 521.67 734.17 344.34 895.55 312.88 840.29 433.02 784.39 514.92 926.17 488.81
00000666 00000039 624.00 118.09 383.07 520.06 732.37 345.32 893.88 312.98 838.78 434.76 783.01 515.65 924.96 488.81
00000667 00000040 621.55 119.92 383.00 518.57 729.93 345.98 891.01 312.75 836.50 435.50 780.95 515.73 923.30 488.22
00000668 00000041 619.17 118.98 383.66 518.50 727.65 346.26 889.09 311.82 835.19 435.05 778.98 515.59 921.86 487.23
00000669 00000042 616.56 116.09 386.34 520.00 726.37 345.29 887.48 310.89 833.22 434.00 777.12 514.00 919.70 485.91
00000670 00000043 614.38 115.30 387.67 518.91 724.18 344.55 885.20 309.37 831.08 430.78 776.64 513.43 918.17 484.73
00000671 00000044 612.07 116.47 387.21 518.55 721.13 344.18 881.36 309.24 826.73 429.59 774.93 513.17 913.68 484.76
00000672 00000045 602.87 124.45 388.34 511.76 711.81 350.87 870.35 305.87 819.29 430.30 767.92 514.80 907.27 477.71
00000673 00000046 601.74 122.36 388.76 514.60 710.03 349.81 868.62 305.07 817.09 429.98 768.00 516.11 906.23 478.97
00000674 00000047 599.04 121.46 390.31 517.82 708.95 348.16 867.45 305.02 816.63 430.59 766.40 516.95 904.13 480.99
00000675 00000048 596.73 120.76 391.73 521.05 707.98 347.41 864.78 305.61 815.27 429.71 765.47 516.65 901.40 481.80
00000676 00000049 594.27 120.87 393.83 524.85 706.07 345.73 862.21 306.77 811.61 429.67 762.00 515.87 898.36 483.55
00000677 00000050 592.63 120.18 394.49 524.88 703.69 345.51 859.56 306.59 808.21 429.02 760.59 515.62 896.12 483.23
00000678 00000051 591.64 119.80 394.24 523.48 702.38 344.68 858.17 305.51 807.04 429.25 760.12 515.06 895.31 482.44
00000679 00000052 589.81 119.65 394.43 521.77 700.95 343.53 857.41 304.77 806.01 428.72 758.33 514.10 893.68 481.76
00000680 00000053 588.90 118.59 394.35 519.08 699.53 343.70 856.25 303.79 804.47 427.54 757.70 513.64 892.83 480.26
00000681 00000054 588.85 117.98 393.54 517.42 698.53 343.92 855.20 302.84 803.19 426.67 756.41 512.71 892.11 478.36
00000682 00000055 588.47 118.36 393.90 516.84 698.25 343.08 855.69 302.56 802.82 426.06 755.74 512.66 891.16 478.77
00000683 00000056 588.24 116.73 393.43 515.56 697.08 342.43 855.74 302.06 801.58 426.38 754.78 512.86 889.93 479.08
00000684 00000057 588.73 116.57 392.58 512.72 696.35 342.75 855.76 302.13 800.53 426.42 753.79 512.42 889.46 478.42
00000685 00000058 589.17 116.78 391.39 510.79 695.94 343.34 855.85 303.17 799.92 427.27 753.07 512.57 888.63 479.03
00000686 00000059 590.09 115.88 390.55 508.51 695.49 343.83 856.73 303.28 799.67 428.07 752.17 512.12 889.09 478.31
00000687 00000060 590.89 116.61 389.26 506.60 695.98 344.66 857.21 304.33 799.72 428.45 752.37 512.18 889.23 478.54
00000688 00000061 591.32 115.35 390.60 507.96 695.54 348.13 857.89 307.37 799.32 428.60 752.50 514.36 890.50 480.13
00000689 00000062 589.53 121.83 389.77 512.11 698.39 354.85 855.31 316.18 800.81 433.44 752.00 516.92 887.67 485.11
00000690 00000063 590.16 127.22 390.23 518.22 700.75 358.94 853.59 322.73 801.25 440.23 751.97 522.47 885.45 493.25
00000691 00000064 590.19 128.20 388.42 519.11 700.08 364.61 850.77 327.16 800.49 447.69 751.00 524.66 884.02 494.59
00000692 00000065 590.22 129.52 388.42 518.52 698.52 365.80 850.98 328.58 799.26 454.86 748.32 525.90 883.35 496.28
00000693 00000066 589.08 130.13 389.68 519.19 696.08 364.55 850.84 328.24 796.97 455.66 746.18 527.57 882.13 498.56
00000694 00000067 588.53 130.19 391.19 519.09 696.05 363.24 851.77 328.88 796.72 455.15 747.05 528.55 881.32 500.90
00000695 00000068 588.43 127.93 391.42 520.96 695.70 362.42 852.72 327.35 797.18 455.86 747.02 528.96 882.33 500.67
00000696 00000069 588.41 127.29 391.31 521.30 695.46 361.42 853.65 325.59 797.83 457.05 747.25 529.43 883.49 500.63
00000697 00000070 588.91 127.99 390.31 519.89 696.20 360.89 854.29 325.74 798.36 456.62 746.57 528.10 882.87 500.01
00000698 00000071 590.74 129.82 389.09 519.01 697.35 360.04 854.97 325.32 799.17 457.12 747.09 527.61 884.30 499.91
00000699 00000072 591.55 131.72 389.35 518.97 698.33 359.42 855.50 326.60 799.18 456.12 748.63 529.95 882.52 503.72
00000700 00000073 593.67 132.38 388.74 518.12 699.78 358.33 856.28 326.61 799.65 455.17 750.43 529.91 882.78 504.55
00000701 00000074 596.75 136.01 387.32 513.52 701.60 357.70 857.95 325.42 800.62 454.43 752.01 528.25 885.11 502.32
00000702 00000075 598.74 132.88 387.50 515.57 702.89 356.42 860.72 323.59 801.56 450.75 753.46 528.04 888.20 501.56
00000703 00000076 600.98 129.88 386.71 518.18 705.84 353.12 863.01 322.68 802.55 442.95 753.85 526.00 887.46 501.27
00000704 00000077 603.82 127.29 386.57 521.60 707.80 349.00 866.10 321.59 802.91 437.49 754.10 524.52 887.80 502.25
00000705 00000078 605.47 122.82 386.33 525.12 710.00 344.41 868.07 321.58 803.15 434.77 751.81 519.77 887.21 501.55
00000706 00000079 607.96 122.02 384.15 521.01 710.15 341.79 869.30 320.27 801.81 431.21 751.05 516.68 887.73 499.37
00000707 00000080 609.30 121.67 383.10 513.53 708.85 340.88 870.22 319.54 799.77 428.95 747.95 512.68 887.89 495.50
00000708 00000081 611.27 122.00 381.20 509.55 708.58 338.35 873.60 319.26 798.78 429.08 745.46 510.95 888.58 495.66
00000709 00000082 614.47 122.67 378.84 511.39 711.67 337.09 875.01 322.97 799.55 432.15 744.19 508.93 887.28 498.12
00000710 00000083 620.84 123.60 375.31 517.54 722.67 339.11 883.50 330.91 807.93 439.60 749.81 514.02 885.21 508.15
00000711 00000084 621.60 131.62 378.37 516.26 727.49 348.03 889.66 341.01 812.63 453.42 752.45 521.69 890.35 516.48
00000712 00000085 621.15 135.75 380.43 514.43 729.58 349.87 893.71 345.02 815.50 462.00 751.26 524.59 890.16 521.15
00000713 00000086 623.59 135.57 378.79 515.44 732.31 351.89 897.54 346.67 819.61 464.63 756.45 527.72 893.31 523.91
00000714 00000087 624.41 135.60 380.77 516.69 733.77 354.00 900.17 348.58 821.75 464.89 759.05 529.27 895.46 525.18
00000715 00000088 624.40 136.23 382.12 518.33 734.98 353.20 899.55 348.90 821.86 465.94 760.27 529.06 894.30 525.91
00000716 00000089 624.25 135.03 383.36 522.37 735.20 353.95 898.40 350.30 822.15 464.96 761.39 530.29 893.96 527.58
00000717 00000090 623.73 137.17 383.60 519.66 733.68 356.06 897.24 350.20 821.65 465.31 763.06 532.61 895.42 527.90
00000718 00000091 624.11 136.03 384.12 520.10 732.52 357.20 897.19 350.76 820.16 467.11 763.87 533.62 896.29 528.32
00000719 00000092 624.54 135.89 384.06 520.66 731.92 358.32 897.92 351.94 820.26 469.70 764.67 535.69 897.86 530.37
00000720 00000093 624.73 138.42 383.99 519.76 732.81 359.73 898.20 353.16 821.20 470.60 766.31 536.76 897.96 531.40
00000721 00000094 624.19 140.47 384.60 519.07 732.73 360.98 898.13 353.92 821.48 472.45 768.13 538.73 898.27 533.02
00000722 00000095 625.72 139.25 386.55 521.76 732.40 362.51 898.82 354.71 821.08 473.75 768.51 540.50 899.83 534.02
00000723 00000096 626.27 139.18 385.99 525.36 734.02 363.36 898.27 356.82 821.66 474.16 770.08 541.22 899.74 535.79
00000724 00000097 626.68 140.67 386.06 526.47 734.49 364.14 897.97 358.00 821.46 474.33 770.45 542.14 899.78 537.05
00000725 00000098 628.25 139.86 385.23 527.76 735.52 364.27 898.76 358.23 822.31 475.02 771.22 542.28 900.70 537.19
00000726 00000099 629.09 140.42 384.81 526.06 735.97 364.75 899.44 357.24 823.40 475.23 771.56 541.92 902.21 535.57
00000727 00000100 628.83 142.25 385.82 523.58 736.38 364.86 900.13 356.75 824.28 475.00 771.55 541.32 902.95 534.45
00000728 00000101 630.22 141.40 384.17 523.97 737.15 365.49 900.25 356.63 825.24 475.45 773.04 541.48 904.19 533.96
00000729 00000102 629.88 141.47 384.83 524.45 737.53 365.90 900.68 356.22 826.55 476.66 774.40 542.29 905.73 534.02
00000730 00000103 630.31 142.31 384.60 523.89 738.61 365.61 901.31 356.05 827.72 477.79 775.30 542.28 906.18 534.13
00000731 00000104 630.92 141.65 384.62 524.01 739.56 366.21 902.35 355.91 829.34 478.14 776.41 542.43 907.81 533.61
00000732 00000105 631.42 142.71 384.42 523.14 740.45 366.78 902.60 356.10 830.13 478.19 776.83 542.43 908.28 533.30
00000733 00000106 631.62 143.23 383.97 522.36 741.37 367.22 902.41 356.06 831.00 477.96 777.32 542.04 908.18 532.55
00000734 00000107 632.49 144.22 382.64 520.09 742.15 367.68 903.03 355.90 832.27 478.18 778.13 541.59 909.49 531.56
00000735 00000108 634.62 143.40 381.07 520.88 743.62 367.57 904.41 355.58 834.26 477.27 778.43 540.75 911.72 530.55
00000736 00000109 635.45 141.55 380.28 522.53 744.61 366.69 905.10 354.56 835.37 475.96 778.52 539.72 912.14 529.40
00000737 00000110 635.33 139.70 380.89 522.58 744.61 365.25 905.71 352.70 835.62 474.17 778.30 538.53 913.11 527.85
00000738 00000111 638.03 140.00 379.33 519.41 746.99 361.83 908.11 350.00 837.84 471.15 779.89 535.31 915.40 525.17
00000739 00000112 640.19 137.98 377.75 519.52 749.08 359.66 909.09 348.31 839.45 468.64 781.14 533.85 915.38 524.34
00000740 00000113 641.41 137.68 376.72 517.10 749.83 357.34 911.93 346.27 841.40 465.98 781.06 532.47 917.53 523.19
00000741 00000114 643.63 135.81 376.48 515.72 751.53 354.90 914.79 344.59 843.31 463.75 781.35 530.27 918.88 521.72
00000742 00000115 645.36 135.75 376.20 515.66 754.12 353.59 916.95 342.55 847.61 461.77 784.27 528.93 922.22 519.96
00000743 00000116 646.62 134.77 376.25 516.99 755.83 352.48 918.35 341.70 849.80 461.67 785.32 527.55 923.67 518.94
00000744 00000117 647.07 133.45 375.92 518.84 757.02 351.48 918.96 341.28 851.48 459.77 786.76 526.75 924.73 518.73
00000745 00000118 649.66 133.37 374.11 519.04 760.04 350.47 919.69 339.55 853.95 458.79 790.03 526.90 924.25 518.50
00000746 00000119 649.41 131.22 375.69 520.39 761.08 348.09 921.43 336.79 855.50 456.31 790.70 525.59 924.88 517.05
00000747 00000120 649.52 130.69 375.60 520.89 762.61 347.89 921.52 336.63 856.37 455.23 792.49 525.31 924.49 516.74
00000748 00000121 649.43 130.29 377.18 520.49 761.97 346.77 922.84 333.59 857.83 453.86 792.49 524.01 927.13 514.00
00000749 00000122 650.18 129.14 376.82 521.27 763.55 346.27 923.40 333.26 858.90 452.95 794.01 523.45 927.37 513.61
00000750 00000123 650.40 128.65 377.19 521.24 764.27 347.10 924.71 333.51 860.23 453.39 795.66 524.62 928.74 514.17
00000751 00000124 651.50 130.08 376.71 519.84 764.17 348.67 925.38 334.55 861.35 453.74 797.51 526.03 930.77 515.05
00000752 00000125 652.77 130.47 375.84 517.58 765.18 350.01 926.43 334.84 862.62 453.80 800.19 527.75 931.33 515.95
00000753 00000126 653.85 130.21 375.99 517.36 765.92 351.56 927.72 334.66 864.12 455.32 802.11 529.17 933.78 515.87
00000754 00000127 655.71 130.43 374.72 516.63 766.93 352.25 928.19 334.81 865.06 456.64 802.21 528.37 935.60 514.63
00000755 00000128 656.31 129.91 374.21 517.26 768.15 353.58 928.50 334.95 866.55 457.41 803.92 529.09 936.38 514.34
00000756 00000129 656.72 130.28 374.25 517.11 768.30 353.90 928.65 334.50 867.02 458.34 804.83 529.60 937.73 514.16
00000757 00000130 656.58 129.12 375.00 517.11 768.11 353.43 929.45 333.04 868.12 457.78 805.32 529.11 939.72 512.83
00000758 00000131 656.66 126.79 375.32 519.29 768.05 352.39 929.67 331.89 868.17 456.02 805.11 527.97 940.82 511.62
00000759 00000132 656.66 126.44 375.48 519.21 767.99 351.89 929.52 331.88 867.68 455.56 804.24 526.81 940.16 510.96
00000760 00000133 655.63 128.28 375.26 516.80 767.07 351.44 928.47 332.24 866.36 454.70 803.44 526.01 938.08 510.86
00000761 00000134 654.77 128.69 375.59 515.95 766.53 350.79 928.47 331.77 865.85 453.60 802.64 525.22 937.84 510.27
00000762 00000135 653.33 128.39 376.52 516.54 764.87 349.89 927.47 331.01 864.60 452.87 801.61 524.87 936.96 509.98
00000763 00000136 651.38 126.95 377.59 518.43 763.54 349.47 926.23 330.29 863.90 451.54 800.86 524.74 936.50 509.61
00000764 00000137 650.72 126.78 376.92 518.71 761.98 350.11 925.00 329.90 863.37 452.42 799.96 524.98 936.86 508.97
00000765 00000138 649.53 126.58 377.72 519.64 760.99 350.75 923.31 330.48 861.62 453.35 798.94 525.86 935.53 509.69
00000766 00000139 649.64 128.44 377.30 519.19 759.82 353.83 921.46 332.91 859.78 455.52 797.62 527.33 934.98 510.43
00000767 00000140 650.27 130.26 375.89 519.09 759.89 356.16 921.20 334.01 860.40 459.11 796.27 527.49 936.37 509.61
00000768 00000141 651.34 131.20 374.56 519.15 760.08 357.05 921.17 334.88 860.47 461.59 797.18 530.01 935.72 512.05
00000769 00000142 652.37 132.02 374.28 519.13 760.28 358.85 921.58 336.18 860.88 464.27 797.28 531.36 936.59 512.97
00000770 00000143 652.53 133.09 373.67 519.19 760.68 360.00 922.24 337.97 861.38 466.66 798.17 533.29 936.81 515.33
00000771 00000144 651.60 131.31 374.16 521.42 761.29 361.28 922.72 340.04 861.53 465.24 799.70 535.38 936.13 517.78
00000772 00000145 651.21 132.84 373.73 521.08 761.01 364.46 921.89 342.16 861.38 467.55 800.27 537.88 936.18 519.20
00000773 00000146 650.38 134.80 374.08 521.12 760.53 366.96 921.87 344.67 861.00 469.20 799.98 540.06 935.73 521.30
00000774 00000147 651.08 136.68 373.54 520.83 760.68 368.59 922.11 345.84 861.53 473.40 800.68 541.93 936.17 522.84
00000775 00000148 649.87 139.16 373.80 520.79 759.93 370.28 921.78 347.00 861.16 475.25 799.78 543.81 935.59 524.14
00000776 00000149 648.98 141.12 373.00 520.71 759.02 371.56 919.84 348.82 858.95 477.23 797.97 543.87 933.32 524.71
00000777 00000150 648.21 141.28 372.85 521.94 758.31 372.64 918.92 349.51 858.32 479.43 796.16 543.92 933.06 524.51
00000778 00000151 648.07 141.81 373.19 523.33 758.03 373.56 918.23 350.76 857.51 480.46 794.57 543.52 932.52 524.46
00000779 00000152 648.08 143.81 372.70 522.09 757.37 375.15 918.01 351.76 857.39 482.38 793.15 543.08 932.91 523.64
00000780 00000153 647.97 143.40 373.66 523.23 757.89 375.23 918.68 352.84 857.38 484.01 793.71 543.53 932.65 524.99
00000781 00000154 648.94 143.85 373.43 522.86 758.69 375.40 919.50 354.32 857.41 485.15 793.82 543.58 932.20 526.19
00000782 00000155 649.50 142.95 373.49 522.92 759.18 375.02 920.32 353.31 858.38 484.27 794.88 543.94 933.05 525.98
00000783 00000156 650.03 140.98 373.79 523.99 759.61 374.17 921.29 352.29 859.29 482.34 796.18 544.17 934.43 526.01
00000784 00000157 649.85 140.04 374.35 524.95 760.27 373.73 922.43 351.29 860.58 481.17 796.67 544.70 934.55 526.14
00000785 00000158 650.42 138.35 373.77 527.45 760.92 372.65 923.07 350.93 861.36 479.75 797.09 544.77 934.84 526.82
00000786 00000159 649.34 136.17 374.26 535.49 760.84 372.38 922.60 351.77 861.54 478.07 797.12 548.27 932.70 531.17
00000787 00000160 648.87 134.89 375.86 541.31 761.29 372.60 922.57 352.61 861.12 477.27 798.17 551.91 930.97 535.42
00000788 00000161 649.19 134.63 373.98 535.33 761.34 371.36 921.46 350.60 861.34 476.62 797.86 547.33 931.91 530.10
00000789 00000162 649.34 133.32 374.23 533.05 760.90 369.66 920.67 348.76 860.13 473.56 800.09 546.79 932.19 529.40
00000790 00000163 647.31 129.53 375.96 539.36 761.12 367.47 919.85 346.25 861.03 467.58 801.42 546.76 931.89 529.19
00000791 00000164 648.46 130.61 376.16 535.89 761.94 364.00 918.81 342.83 860.84 465.42 801.49 542.03 932.19 524.59
00000792 00000165 648.85 131.78 377.28 522.88 761.38 357.91 921.81 337.94 861.41 460.64 800.04 535.77 932.84 519.52
00000793 00000166 648.28 125.79 381.50 526.16 762.37 348.74 925.06 330.93 862.42 453.69 798.01 526.80 934.39 512.52
00000794 00000167 648.07 117.44 384.24 531.69 762.99 342.05 926.50 325.73 863.43 442.91 795.69 518.86 935.55 506.02
00000795 00000168 649.86 110.32 383.08 537.16 768.66 335.84 927.57 320.51 866.85 438.31 796.86 512.11 935.99 500.24
00000796 00000169 650.69 103.37 384.72 534.75 767.86 328.69 930.71 310.66 869.78 426.87 800.66 507.69 940.09 492.83
00000797 00000170 657.01 102.47 380.70 523.47 768.83 322.46 933.33 304.68 870.07 421.00 797.16 497.01 943.46 483.15
00000798 00000171 662.17 97.66 380.12 520.81 771.52 315.61 936.54 300.60 872.53 408.58 798.87 490.78 945.00 478.59
00000799 00000172 667.34 93.52 376.40 521.89 776.78 310.78 942.57 298.77 879.59 400.86 802.12 486.80 948.21 477.07
00000800 00000173 673.38 93.20 372.01 517.81 783.14 305.69 946.80 299.00 883.35 393.12 806.47 482.40 947.46 477.28
00000801 00000174 677.44 93.45 372.29 518.86 789.30 301.34 952.02 299.11 889.24 392.96 809.56 480.03 949.78 478.57
00000802 00000175 682.60 96.51 372.15 515.91 797.15 300.23 961.03 304.46 895.88 394.03 812.35 479.85 952.58 483.87
00000803 00000176 687.76 103.97 372.07 511.63 806.01 305.24 968.42 314.06 900.48 403.41 816.21 483.39 956.02 491.79
00000804 00000177 690.42 107.13 377.39 517.49 814.84 309.48 977.28 321.21 905.88 414.11 819.10 488.67 954.74 499.30
00000805 00000178 691.79 112.64 380.15 521.58 822.77 309.75 983.05 327.95 908.33 423.40 821.53 492.18 957.07 507.91
00000806 00000179 694.14 113.37 380.75 527.68 831.20 313.90 989.66 337.15 913.25 430.67 822.60 495.24 955.31 515.35
00000807 00000180 703.94 117.08 377.47 524.70 841.49 318.19 997.55 344.84 917.29 437.71 823.40 494.55 957.48 517.74
00000808 00000181 708.83 120.81 379.50 522.14 849.09 317.08 1003.59 348.78 919.42 442.47 825.03 493.76 959.35 521.32
00000809 00000182 712.93 119.62 382.07 523.67 857.05 314.79 1009.24 350.65 925.11 442.96 828.50 491.48 960.81 522.65
00000810 00000183 716.63 119.24 381.93 525.02 862.00 313.87 1012.84 352.40 929.89 442.51 832.02 490.12 963.15 523.87
00000811 00000184 716.91 118.21 383.48 528.86 864.43 313.80 1014.76 352.81 931.93 443.47 834.76 493.02 963.10 527.13
00000812 00000185 717.77 118.17 383.16 530.02 865.27 314.20 1015.48 353.14 933.52 444.40 836.67 495.01 963.66 529.05
00000813 00000186 717.32 118.35 383.75 531.53 866.03 313.73 1016.44 353.66 934.50 445.07 836.66 495.50 964.07 530.35
00000814 00000187 718.53 119.09 383.41 531.35 869.35 312.71 1017.77 353.37 936.63 445.06 838.99 495.85 964.06 531.28
00000815 00000188 720.19 119.19 382.77 532.05 871.03 312.89 1018.52 354.30 938.10 445.04 840.31 495.63 964.88 531.75
00000816 00000189 721.79 119.19 381.99 531.32 872.39 314.22 1019.01 355.06 939.84 445.51 842.12 495.92 965.74 531.67
00000817 00000190 723.02 119.94 380.81 529.97 874.68 314.65 1019.98 354.83 942.74 445.60 844.87 496.52 966.07 531.71
00000818 00000191 723.06 120.16 380.95 528.67 876.56 315.07 1020.68 354.26 945.66 445.15 847.79 496.33 967.36 530.67
00000819 00000192 723.72 121.36 381.40 526.13 877.72 314.82 1021.83 353.13 947.36 443.83 850.36 496.01 968.71 529.51
00000820 00000193 724.00 124.39 380.95 523.23 878.39 315.43 1022.07 353.58 947.68 445.27 850.76 495.32 969.86 528.76
00000821 00000194 725.40 124.11 381.18 523.30 879.57 315.83 1023.47 353.46 949.78 445.50 852.16 495.39 972.46 528.59
00000822 00000195 725.73 124.90 381.55 521.85 881.04 316.82 1025.11 354.57 952.89 444.78 854.42 495.22 974.41 528.47
00000823 00000196 727.32 126.03 380.65 520.04 882.28 317.10 1026.92 354.13 955.68 445.81 856.32 495.46 976.53 528.34
00000824 00000197 728.23 126.32 380.94 519.02 884.87 315.07 1030.12 353.77 959.59 443.97 858.35 493.49 979.40 527.73
00000825 00000198 729.34 126.26 381.07 519.10 886.94 313.55 1032.69 354.20 962.71 441.48 859.50 492.06 981.56 527.90
00000826 00000199 729.91 128.00 381.61 514.45 888.12 312.44 1034.66 352.95 964.69 441.58 860.28 490.34 983.52 526.17
00000827 00000200 731.54 127.83 382.34 514.09 891.26 312.38 1037.52 353.83 967.77 443.00 862.61 489.86 985.17 526.46
00000828 00000201 733.15 127.88 382.90 512.63 892.94 312.87 1040.55 354.81 971.34 442.91 864.73 489.61 987.95 526.67
00000829 00000202 733.91 126.91 384.56 513.78 892.60 316.68 1041.62 358.60 972.14 443.18 866.52 491.83 990.09 528.78
00000830 00000203 734.77 125.87 386.58 514.16 891.35 317.53 1042.88 358.92 972.15 442.36 867.01 492.70 991.68 529.12
00000831 00000204 734.47 118.89 391.34 524.74 889.73 319.12 1046.89 352.63 972.22 453.81 864.07 499.53 985.95 528.42
00000832 00000205 737.00 118.68 391.15 525.30 892.98 317.60 1048.07 351.02 973.91 454.10 866.74 499.62 986.91 528.47
00000833 00000206 738.22 120.00 391.01 524.25 896.20 316.96 1049.72 351.70 976.55 453.96 869.34 499.21 987.90 529.07
00000834 00000207 740.80 119.96 389.79 525.73 899.58 316.42 1051.53 351.57 979.28 454.56 872.25 499.38 990.38 529.55
00000835 00000208 743.02 121.29 388.32 525.17 902.30 317.30 1053.34 352.30 981.32 454.66 874.53 500.56 991.82 530.66
00000836 00000209 744.54 121.18 387.98 526.71 905.10 318.54 1054.72 352.73 983.24 456.88 876.43 502.54 992.38 532.19
00000837 00000210 745.77 121.20 388.14 528.64 908.00 319.09 1055.85 353.88 984.94 458.98 878.19 504.03 992.56 534.34
00000838 00000211 746.28 123.95 388.73 526.94 909.29 320.62 1057.06 353.79 986.21 461.91 879.72 505.80 994.77 534.83
00000839 00000212 747.57 125.73 387.85 525.89 911.23 321.04 1059.17 354.79 987.86 464.45 881.10 507.01 996.44 536.52
00000840 00000213 748.73 127.21 388.92 525.81 912.14 322.69 1060.43 356.37 987.78 465.01 882.79 508.46 999.39 537.83
00000841 00000214 750.64 129.30 388.57 525.27 913.26 324.03 1061.77 358.20 987.34 464.63 884.23 508.59 1002.19 538.19
00000842 00000215 752.08 131.24 388.81 523.68 916.86 325.34 1064.73 359.69 989.79 466.05 887.29 509.90 1004.73 539.51
00000843 00000216 754.44 133.21 387.71 521.53 919.80 327.18 1068.40 362.50 992.29 467.10 888.50 510.36 1007.83 540.69
00000844 00000217 759.96 138.41 384.10 515.57 922.54 330.27 1072.58 365.75 993.85 472.80 887.65 507.39 1013.16 538.54
00000845 00000218 762.20 140.53 384.86 517.28 924.37 334.18 1075.62 370.38 995.77 476.98 886.27 505.67 1017.84 538.30
00000846 00000219 761.64 143.78 390.71 522.03 925.76 336.46 1076.56 374.89 997.71 479.01 888.62 509.95 1018.79 544.35
00000847 00000220 762.94 149.18 392.21 516.00 927.31 339.37 1075.79 378.29 996.67 483.15 891.47 511.29 1016.91 546.00
00000848 00000221 764.79 150.76 392.22 518.07 927.07 343.39 1076.01 382.44 996.79 486.49 893.00 513.01 1020.46 548.22
00000849 00000222 766.98 157.22 393.22 520.47 928.11 345.38 1077.18 385.81 998.80 488.54 893.25 515.14 1024.64 551.70
00000850 00000223 769.95 156.35 393.39 523.45 929.26 346.32 1080.21 387.44 1000.69 489.89 892.44 515.18 1028.03 552.74
00000851 00000224 774.16 159.91 390.53 521.61 931.84 349.98 1083.16 389.07 1004.50 493.72 895.92 518.63 1031.34 554.72
00000852 00000225 776.08 159.64 392.50 526.56 935.55 349.76 1085.63 388.84 1008.88 491.74 901.60 522.46 1033.93 558.03
00000853 00000226 784.24 160.74 387.20 525.42 940.59 351.03 1088.64 380.06 1012.97 490.55 907.64 531.36 1034.65 556.94
00000854 00000227 784.02 161.05 386.09 522.14 941.23 347.03 1088.96 375.66 1014.02 486.02 910.30 528.81 1034.02 553.73
00000855 00000228 776.87 150.98 392.99 527.24 939.09 343.25 1089.65 380.48 1012.41 482.22 908.42 520.60 1034.89 553.61
00000856 00000229 774.60 147.22 394.39 525.55 936.14 341.71 1087.56 378.68 1009.00 480.37 906.31 517.18 1033.29 550.10
00000857 00000230 773.19 145.86 394.91 526.55 934.61 340.17 1086.04 378.92 1006.05 479.44 903.73 515.83 1030.62 550.25
00000858 00000231 770.77 142.49 394.76 528.10 931.77 338.92 1083.87 377.69 1002.93 476.46 901.14 513.61 1028.61 547.80
00000859 00000232 767.35 135.52 391.40 533.40 927.26 338.66 1077.95 377.38 997.55 473.13 898.38 513.87 1023.91 547.58
00000860 00000233 761.86 126.78 391.39 538.81 918.73 337.40 1072.11 374.55 991.58 467.16 893.61 513.51 1020.85 545.39
00000861 00000234 755.46 122.51 392.66 534.61 908.86 333.82 1064.38 364.22 985.40 464.96 887.92 511.37 1016.57 537.76
00000862 00000235 752.50 119.14 391.01 535.97 903.15 328.67 1059.29 356.36 981.94 462.86 883.71 510.06 1011.14 534.33
00000863 00000236 749.90 112.59 392.21 544.81 899.71 322.24 1053.84 352.88 978.72 459.29 879.73 509.60 1003.04 536.37
00000864 00000237 746.42 112.06 394.73 546.34 895.30 319.24 1050.53 352.03 973.58 454.06 875.49 506.66 998.22 535.10
00000865 00000238 744.93 111.64 392.69 543.98 891.22 318.30 1048.12 349.29 971.33 448.93 873.45 504.88 997.05 531.85
00000866 00000239 745.17 112.16 390.48 539.18 887.97 317.75 1047.87 347.61 970.85 447.13 871.48 502.12 999.72 528.11
00000867 00000240 744.73 113.06 391.51 534.85 888.07 317.55 1047.49 346.79 969.73 446.73 870.52 499.20 999.26 524.63
00000868 00000241 744.73 113.43 389.71 530.74 889.10 316.22 1047.21 344.49 971.19 443.96 872.14 497.09 1001.16 521.56
00000869 00000242 746.27 112.60 388.45 530.36 890.82 315.55 1047.08 343.98 971.90 443.80 874.41 496.97 1001.19 521.57
00000870 00000243 747.05 114.32 388.14 527.89 893.07 316.25 1048.65 345.38 973.16 445.53 875.82 497.42 1001.93 522.53
00000871 00000244 749.81 114.74 385.66 526.70 895.90 317.10 1051.28 346.98 975.48 448.39 876.83 498.10 1004.21 523.80
00000872 00000245 752.38 115.33 384.69 527.14 899.67 319.01 1053.82 349.25 978.21 451.81 879.21 500.18 1006.68 526.15
00000873 00000246 754.28 116.04 385.84 534.05 904.66 319.80 1056.88 349.86 981.73 456.59 883.46 505.32 1008.67 531.35
00000874 00000247 755.84 117.74 384.82 540.94 910.22 322.47 1057.95 353.15 984.94 459.27 887.31 509.90 1009.20 536.69
00000875 00000248 757.01 120.23 385.49 542.05 913.71 325.36 1059.21 355.71 987.33 461.31 891.12 512.45 1010.52 539.03
00000876 00000249 760.01 122.46 385.83 540.58 917.96 326.85 1063.07 357.46 989.72 462.68 895.68 513.77 1014.45 540.25
00000877 00000250 764.86 127.48 384.03 530.78 921.43 330.21 1071.39 360.07 995.39 463.85 900.51 512.78 1022.51 538.54
00000878 00000251 772.55 129.31 382.57 520.58 925.55 330.58 1079.64 360.58 997.85 464.47 903.56 507.74 1029.24 534.05
00000879 00000252 778.08 129.58 384.02 522.71 930.71 328.58 1083.70 358.94 1002.35 462.26 905.23 502.84 1035.81 530.24
00000880 00000253 782.31 125.40 384.19 526.95 936.48 325.63 1087.69 357.74 1007.50 460.98 908.81 501.10 1038.65 530.14
00000881 00000254 784.20 124.86 384.70 527.57 939.63 324.00 1088.88 356.70 1010.66 460.21 909.94 498.43 1039.87 528.23
00000882 00000255 786.62 125.35 382.72 522.17 941.12 323.97 1090.13 356.02 1012.22 458.50 913.19 497.71 1041.05 526.75
00000883 00000256 786.17 125.49 383.45 519.72 941.62 322.91 1090.61 354.41 1013.44 455.38 914.53 497.06 1041.11 525.32
00000884 00000257 786.22 125.11 382.59 518.27 941.17 321.72 1091.29 353.34 1014.34 451.45 914.70 495.27 1041.97 523.52
00000885 00000258 784.42 124.46 382.00 518.63 938.64 320.46 1090.62 352.88 1013.07 447.72 913.82 495.39 1041.29 523.85
00000886 00000259 779.81 122.68 384.19 522.13 934.21 320.20 1086.31 350.66 1008.99 447.20 911.32 497.71 1038.22 524.17
00000887 00000260 773.20 118.09 386.23 528.84 932.59 315.93 1083.73 347.66 1007.51 442.03 910.51 498.91 1032.59 525.74
00000888 00000261 769.42 114.56 381.88 529.29 923.75 312.33 1075.00 343.47 1000.17 436.10 902.22 496.05 1027.45 522.26
00000889 00000262 764.58 111.12 380.60 529.84 913.78 308.77 1065.48 339.49 991.93 426.90 896.23 491.74 1021.07 517.83
00000890 00000263 759.89 108.74 378.87 526.40 905.17 304.90 1058.57 334.40 984.73 423.52 890.28 488.21 1015.47 513.32
00000891 00000264 757.35 106.73 379.12 523.40 895.30 302.31 1052.91 327.58 979.16 418.82 885.01 484.94 1014.94 506.53
00000892 00000265 749.62 111.53 379.98 515.18 888.26 295.11 1042.66 324.70 973.87 409.53 878.72 480.14 1008.42 505.03
00000893 00000266 746.81 106.54 375.65 515.20 878.41 292.77 1034.18 318.86 964.82 404.89 871.54 477.57 1001.53 499.53
00000894 00000267 743.14 100.96 375.39 518.51 873.66 289.20 1029.63 314.33 960.83 401.15 867.79 475.20 997.47 496.21
00000895 00000268 741.81 99.39 375.05 520.08 870.15 287.82 1026.72 313.77 956.12 398.94 863.46 474.61 993.16 496.20
00000896 00000269 740.08 100.87 375.93 518.30 867.77 289.23 1026.05 316.00 953.66 397.92 859.84 474.06 992.63 496.32
00000897 00000270 741.08 99.30 377.12 521.16 868.44 289.34 1027.28 316.97 954.71 399.15 860.13 475.40 993.18 498.36
00000898 00000271 741.73 104.69 380.38 521.04 872.80 291.44 1030.53 319.65 957.62 402.98 863.49 478.50 995.25 501.99
00000899 00000272 742.05 110.97 383.86 523.54 877.22 294.84 1034.44 326.06 959.22 411.03 864.83 483.37 994.90 509.80
00000900 00000273 744.84 110.68 385.02 529.44 881.05 299.70 1040.30 332.83 962.46 416.72 867.34 489.16 998.89 517.35
00000901 00000274 746.56 112.08 385.87 527.76 882.38 303.93 1042.72 336.29 965.11 426.55 869.14 491.29 1004.56 519.13
00000902 00000275 747.43 111.61 387.78 528.86 883.96 306.62 1043.85 339.37 967.42 428.58 871.25 492.59 1007.55 520.79
00000903 00000276 749.73 108.29 389.04 535.28 884.44 313.24 1045.94 340.86 966.63 434.43 871.10 497.49 1003.95 521.14
00000904 00000277 751.88 111.24 389.94 535.04 886.65 314.17 1047.14 342.92 966.33 438.30 872.49 497.41 1005.62 521.97
00000905 00000278 752.94 113.81 389.41 530.75 885.45 316.88 1046.97 345.01 965.20 443.42 870.29 497.41 1007.05 521.57
00000906 00000279 754.61 117.16 388.60 526.15 885.28 319.33 1047.30 347.82 962.27 447.18 866.44 495.99 1007.47 520.47
00000907 00000280 755.41 122.35 388.81 520.71 884.52 321.75 1047.55 349.37 960.11 450.62 865.21 496.47 1007.71 520.28
00000908 00000281 755.64 121.77 388.37 521.41 884.76 322.28 1048.47 349.43 961.35 451.34 867.18 499.12 1008.07 522.47
00000909 00000282 754.16 119.84 389.92 529.61 884.54 320.49 1047.45 348.26 962.59 447.79 869.55 501.71 1006.33 525.73
00000910 00000283 753.94 113.20 389.41 536.54 885.19 317.16 1046.70 346.37 964.53 442.34 870.86 500.99 1005.45 526.22
00000911 00000284 752.39 110.63 391.10 539.69 884.88 314.08 1047.14 343.47 965.09 434.95 870.94 499.28 1005.14 524.49
00000912 00000285 750.55 109.62 390.44 537.44 881.24 311.80 1044.99 339.50 962.60 429.85 868.95 496.94 1002.40 520.73
00000913 00000286 747.97 112.89 386.70 530.47 883.71 301.43 1039.61 333.17 963.26 417.71 870.22 489.97 1001.18 517.21
00000914 00000287 745.75 112.15 385.81 529.66 880.68 297.76 1037.78 328.85 961.60 413.95 868.28 486.97 1000.30 513.42
00000915 00000288 741.56 113.02 386.42 528.20 878.95 296.78 1035.74 328.28 960.19 411.63 865.79 485.70 995.38 512.59
00000916 00000289 739.88 113.80 385.34 523.90 877.00 298.16 1034.73 330.88 958.23 411.46 862.26 484.62 992.88 512.72
00000917 00000290 737.98 114.45 384.00 524.66 876.36 299.33 1033.93 333.93 957.13 413.50 859.78 485.20 990.28 515.17
00000918 00000291 735.87 116.18 383.65 525.60 877.73 302.87 1031.60 338.18 956.45 420.29 859.24 486.78 987.87 517.58
00000919 00000292 733.52 117.99 385.19 525.23 878.25 304.59 1030.32 340.25 955.99 425.10 858.55 488.06 985.58 519.33
00000920 00000293 732.26 118.25 385.33 524.40 878.36 304.72 1029.49 340.96 955.63 425.02 857.85 487.29 984.39 519.04
00000921 00000294 732.26 117.82 382.69 523.05 878.77 303.34 1029.34 340.97 955.61 422.40 857.37 485.49 983.42 518.30
00000922 00000295 731.68 116.77 381.05 524.00 879.32 301.07 1029.34 339.24 956.23 418.20 857.59 484.54 981.94 517.62
00000923 00000296 730.58 115.51 379.60 524.68 879.79 299.23 1029.23 338.47 956.73 415.01 857.65 482.72 980.51 516.36
00000924 00000297 731.00 115.08 376.60 523.24 880.95 297.62 1029.11 335.78 958.39 411.92 860.17 481.94 980.72 514.55
00000925 00000298 730.27 115.95 375.47 518.45 879.46 299.56 1029.08 335.85 959.23 412.31 860.95 482.33 982.35 513.33
00000926 00000299 728.93 117.96 376.59 513.28 879.64 302.10 1029.55 336.64 960.67 415.28 861.93 482.45 983.33 512.10
00000927 00000300 728.97 119.30 374.47 509.19 877.97 303.52 1029.44 336.77 960.33 417.66 860.16 481.38 984.51 510.27
00000928 00000301 729.22 121.05 372.28 504.65 876.80 304.33 1029.02 336.42 959.91 418.99 858.78 479.68 985.75 507.74
00000929 00000302 729.54 121.58 371.38 503.20 878.00 303.30 1029.23 336.47 961.08 417.42 858.78 477.55 985.68 506.52
00000930 00000303 728.54 122.12 373.78 504.56 880.88 302.38 1031.48 336.94 963.94 416.70 861.05 477.86 986.41 507.78
00000931 00000304 729.86 121.74 373.05 506.12 884.69 302.30 1032.50 339.33 966.77 417.39 864.12 478.22 986.42 510.08
00000932 00000305 731.52 124.80 372.38 502.19 888.95 302.59 1034.56 340.22 970.26 420.42 867.99 478.08 987.95 510.46
00000933 00000306 734.85 125.69 370.83 501.96 891.41 303.89 1036.61 342.92 972.42 421.78 869.75 478.71 989.60 512.22
00000934 00000307 734.84 124.85 370.90 504.08 892.55 303.24 1036.97 343.18 973.75 419.99 870.45 477.97 990.52 512.25
00000935 00000308 735.48 125.21 369.83 502.89 891.80 300.98 1036.52 340.82 972.79 416.96 869.70 475.15 991.54 509.39
00000936 00000309 735.53 124.16 368.44 505.32 891.84 299.93 1035.50 340.52 971.96 415.53 868.18 473.82 991.19 508.88
00000937 00000310 733.44 123.33 369.67 508.09 891.69 300.19 1034.57 339.82 972.05 416.11 868.19 475.66 989.62 509.94
00000938 00000311 734.00 124.48 368.73 504.16 890.80 300.30 1035.10 338.59 972.26 416.30 869.04 475.71 990.60 508.80
00000939 00000312 735.56 124.72 366.91 501.51 890.05 301.54 1035.32 338.85 972.07 418.07 869.24 475.61 991.76 508.00
00000940 00000313 735.81 125.36 367.30 500.78 889.67 305.04 1036.09 340.74 972.99 421.84 871.09 479.35 992.15 510.39
00000941 00000314 736.56 127.23 368.16 501.29 891.07 307.83 1037.57 343.36 974.43 425.60 871.77 482.30 992.44 513.31
00000942 00000315 737.40 127.12 368.83 504.21 892.72 310.04 1039.55 344.50 976.88 430.58 873.66 485.83 993.74 516.26
00000943 00000316 736.17 127.16 370.92 508.26 893.64 312.63 1039.47 346.49 976.68 433.45 874.62 490.06 992.48 519.93
00000944 00000317 737.38 127.34 371.04 510.56 895.01 313.64 1040.02 347.14 977.75 436.80 875.42 492.32 992.23 522.06
00000945 00000318 740.27 128.38 369.75 509.06 894.84 314.42 1041.22 347.75 978.39 438.81 876.16 493.09 994.04 522.93
00000946 00000319 740.75 129.26 370.30 510.73 896.40 315.39 1041.85 348.38 979.40 440.14 877.43 494.37 995.52 523.85
00000947 00000320 742.10 131.29 370.98 509.71 897.81 316.00 1044.34 348.58 982.03 441.29 880.13 496.53 998.25 525.54
00000948 00000321 743.23 130.78 371.81 512.13 899.39 316.92 1045.12 348.96 984.13 442.22 882.32 498.03 999.77 526.58
00000949 00000322 745.22 132.22 372.20 511.58 900.58 317.14 1045.71 348.30 985.38 443.89 883.84 498.38 1001.67 526.30
00000950 00000323 747.16 130.68 372.72 514.62 902.27 316.58 1046.85 348.12 986.98 444.27 886.10 498.61 1004.15 526.84
00000951 00000324 748.86 119.14 374.57 523.20 908.59 315.62 1053.76 346.25 987.60 448.74 886.75 501.83 997.64 528.20
00000952 00000325 750.06 119.57 374.59 522.72 910.34 314.68 1054.21 346.09 987.95 447.04 889.10 501.50 998.08 528.42
00000953 00000326 750.86 118.61 375.62 523.96 911.90 313.90 1055.65 345.87 990.26 444.65 890.26 500.51 1000.95 528.00
00000954 00000327 751.85 119.04 375.75 522.52 913.74 313.81 1058.24 346.65 992.73 440.38 891.15 498.32 1003.92 526.41
00000955 00000328 752.11 120.51 376.89 520.10 915.30 313.40 1060.90 346.67 994.85 437.39 891.31 496.09 1007.07 524.36
00000956 00000329 755.20 121.50 376.50 518.36 917.54 312.39 1062.78 345.28 996.16 434.06 893.63 494.41 1009.85 522.41
00000957 00000330 756.28 120.64 378.37 518.48 918.96 312.19 1064.47 344.54 997.27 431.77 895.38 493.95 1011.62 521.51
00000958 00000331 757.22 119.26 379.23 520.88 919.18 311.91 1065.56 345.06 997.59 429.87 896.02 493.98 1013.39 522.15
00000959 00000332 759.08 120.87 378.82 520.48 920.03 312.52 1066.83 345.85 997.66 430.06 897.08 494.06 1014.99 522.34
00000960 00000333 759.74 121.35 378.84 520.62 920.52 312.81 1067.44 345.87 997.73 432.69 897.13 495.10 1015.33 523.15
00000961 00000334 759.23 120.90 378.97 521.26 919.29 315.38 1067.01 347.22 997.36 437.89 897.66 498.37 1015.58 525.31
00000962 00000335 759.22 121.04 378.35 522.39 916.60 320.92 1066.39 351.12 995.53 445.76 896.11 502.64 1017.20 528.39
00000963 00000336 756.63 123.86 381.18 524.04 914.24 323.81 1066.30 352.41 993.48 455.68 894.84 508.20 1017.20 532.76
00000964 00000337 754.90 131.19 385.10 523.64 911.32 327.73 1063.43 355.92 988.87 462.29 890.57 512.11 1013.14 536.73
00000965 00000338 753.67 133.39 387.45 526.16 909.82 328.67 1059.23 357.03 985.60 465.19 890.45 513.99 1009.30 538.90
00000966 00000339 752.73 131.08 387.77 528.64 907.25 325.91 1056.63 354.00 982.90 464.73 886.09 512.88 1006.99 537.72
00000967 00000340 752.96 126.95 387.34 533.85 907.15 323.78 1055.29 352.06 981.90 463.81 885.19 513.31 1004.59 538.35
00000968 00000341 752.93 124.44 388.09 533.71 907.06 322.73 1056.54 351.68 981.64 462.07 884.29 510.99 1005.45 536.43
00000969 00000342 752.67 124.29 388.67 531.70 905.49 323.14 1056.88 351.42 980.71 462.68 881.84 509.56 1006.00 534.42
00000970 00000343 751.84 121.31 388.14 530.73 902.45 322.59 1056.44 350.75 979.74 460.21 878.27 505.98 1007.11 530.72
00000971 00000344 750.09 119.35 389.84 531.42 899.34 320.84 1055.53 350.56 977.11 457.70 875.34 503.40 1005.43 529.33
00000972 00000345 749.78 118.58 389.76 528.99 894.27 320.14 1053.79 350.44 974.09 450.41 872.68 499.45 1007.84 525.63
00000973 00000346 752.03 116.25 385.74 524.21 893.90 316.11 1052.03 346.95 973.67 443.41 873.26 493.53 1009.45 519.79
00000974 00000347 753.19 112.13 385.36 529.00 897.75 312.07 1054.11 342.92 979.28 434.74 877.92 492.92 1011.59 519.07
00000975 00000348 753.66 111.54 387.00 535.62 903.57 308.27 1057.79 342.71 982.97 429.52 879.89 493.13 1009.44 522.39
00000976 00000349 754.47 112.54 387.75 538.08 903.35 310.58 1058.28 344.77 983.22 432.07 880.10 495.27 1011.93 524.32
00000977 00000350 753.36 115.30 387.66 538.31 904.39 313.32 1057.63 347.40 983.79 440.42 881.15 499.38 1011.24 528.47
00000978 00000351 749.87 113.67 389.53 541.29 901.86 315.05 1055.25 346.51 982.46 447.02 880.80 503.49 1007.80 530.71
00000979 00000352 746.43 114.08 389.58 542.82 897.14 316.31 1052.66 344.60 980.11 446.79 879.10 505.82 1006.44 530.54
00000980 00000353 742.73 115.87 390.69 541.95 893.60 317.39 1049.77 344.06 977.98 446.67 877.60 507.08 1003.99 530.66
00000981 00000354 740.51 116.36 390.00 541.21 891.44 318.87 1048.68 345.52 976.44 449.40 876.44 508.88 1001.26 532.43
00000982 00000355 738.92 124.04 387.80 536.55 890.93 321.27 1043.61 348.75 979.68 445.33 880.17 507.87 1009.16 532.48
00000983 00000356 741.12 117.11 388.98 542.72 888.87 326.51 1050.08 352.49 977.36 459.94 874.65 514.41 1005.37 537.80
00000984 00000357 740.94 121.76 392.48 540.19 887.59 330.81 1051.43 356.70 976.82 464.34 872.02 517.28 1007.24 540.76
00000985 00000358 742.95 131.17 389.89 538.69 890.64 335.32 1052.58 364.21 977.47 470.38 871.47 520.43 1007.65 546.56
00000986 00000359 742.84 137.34 391.13 540.19 892.81 340.19 1052.14 371.09 975.54 477.71 868.85 522.90 1005.50 551.04
00000987 00000360 742.71 141.27 393.48 540.71 895.27 343.32 1052.40 374.55 975.01 482.47 868.74 525.55 1003.55 554.13
00000988 00000361 742.91 142.67 394.39 538.41 895.19 344.65 1053.75 374.54 974.97 484.80 869.54 526.71 1004.37 554.22
00000989 00000362 742.81 143.82 395.20 535.48 895.31 345.23 1053.62 373.34 975.32 485.03 869.84 525.07 1005.68 551.11
00000990 00000363 743.50 142.77 397.21 533.73 897.23 344.50 1055.82 371.66 977.71 483.95 872.02 522.46 1008.93 547.80
00000991 00000364 745.02 140.95 396.83 532.92 901.94 341.72 1058.71 369.69 981.97 483.25 874.44 518.59 1012.11 544.82
00000992 00000365 748.08 139.27 395.26 534.53 907.90 340.04 1062.71 369.56 987.30 484.08 879.21 515.74 1016.98 543.39
00000993 00000366 749.84 136.67 396.08 536.21 915.01 336.17 1067.24 367.84 993.12 483.16 883.93 515.18 1018.94 544.32
00000994 00000367 750.97 132.66 396.99 539.02 918.73 335.11 1069.61 368.09 995.71 480.80 888.46 515.57 1019.84 545.31
00000995 00000368 751.31 131.81 396.49 540.01 919.38 335.10 1069.74 368.55 996.11 479.79 889.44 516.29 1019.15 546.22
00000996 00000369 750.84 132.74 397.24 540.90 918.20 334.76 1069.23 368.11 995.50 481.14 887.23 516.25 1019.35 546.30
00000997 00000370 749.51 131.52 397.16 541.34 916.63 333.71 1068.07 366.39 995.26 480.28 885.35 515.52 1018.64 545.15
00000998 00000371 748.29 132.67 396.97 540.15 914.70 332.98 1065.79 365.33 993.59 477.87 884.49 515.27 1016.37 544.48
00000999 00000372 745.59 129.97 398.63 540.64 911.45 330.51 1063.08 361.21 991.62 473.70 884.24 516.55 1013.69 543.97
00001000 00000373 742.51 125.49 399.94 541.46 908.57 328.32 1061.92 356.90 990.36 470.93 882.84 516.05 1011.52 541.69
00001001 00000374 740.56 122.62 402.41 542.97 906.76 323.54 1059.65 352.12 987.35 468.33 882.30 514.81 1006.25 540.30
00001002 00000375 737.31 119.75 404.38 543.45 903.45 319.67 1057.73 348.17 985.24 466.66 879.93 514.16 1003.75 539.53
00001003 00000376 735.34 118.05 405.01 542.47 900.21 317.55 1055.57 347.20 981.62 462.75 875.85 511.40 1000.80 537.33
00001004 00000377 735.09 110.86 401.87 544.86 895.19 315.07 1053.50 346.66 978.00 455.26 874.28 507.76 998.42 535.02
00001005 00000378 734.06 109.92 401.27 540.36 889.41 311.30 1051.76 341.59 975.50 446.18 871.26 501.38 999.81 527.36
00001006 00000379 736.19 109.35 397.04 535.03 890.16 303.92 1051.79 339.54 978.54 432.42 874.62 494.52 1008.59 525.14
00001007 00000380 737.08 107.06 398.45 537.19 887.36 308.33 1049.08 335.94 975.66 435.50 869.25 492.64 1005.60 516.37
00001008 00000381 740.33 107.84 398.87 537.83 890.55 310.41 1052.34 337.21 978.55 439.07 871.51 492.95 1010.05 516.27
00001009 00000382 742.93 111.52 397.02 538.56 903.45 313.14 1059.70 343.67 986.89 448.01 876.23 497.65 1010.34 524.07
00001010 00000383 746.95 114.65 394.75 543.25 909.42 318.83 1062.92 347.81 991.34 457.72 882.40 505.89 1014.10 531.32
00001011 00000384 746.83 118.23 395.83 547.48 911.12 322.85 1063.70 351.33 993.74 461.82 885.08 512.93 1015.35 538.18
00001012 00000385 743.65 117.14 398.81 555.70 909.81 322.60 1061.26 352.19 992.52 463.45 884.03 516.63 1011.83 542.93
00001013 00000386 743.02 115.96 398.73 558.39 908.52 321.33 1057.54 351.07 989.33 463.02 883.28 516.20 1008.67 542.64
00001014 00000387 742.57 117.08 398.81 556.30 907.33 320.49 1055.59 349.82 986.83 462.15 884.30 517.03 1005.51 543.07
00001015 00000388 742.59 117.58 397.70 556.62 906.12 320.18 1054.29 349.66 985.94 461.92 883.68 517.45 1005.56 543.66
00001016 00000389 742.59 119.33 397.68 556.05 905.22 322.08 1054.43 351.74 985.53 463.21 882.88 518.16 1005.90 544.55
00001017 00000390 743.28 119.18 396.88 555.93 904.87 322.59 1054.27 351.81 985.49 464.03 883.84 518.88 1006.06 544.98
00001018 00000391 744.00 119.15 396.48 555.46 904.12 323.87 1054.53 352.51 985.66 464.04 883.70 519.08 1007.06 544.73
00001019 00000392 745.03 119.58 396.13 553.99 904.08 324.63 1055.31 353.20 985.51 464.81 883.21 518.78 1007.68 544.42
00001020 00000393 747.41 119.29 393.60 553.37 904.57 324.68 1055.42 353.27 985.36 464.76 883.51 518.45 1007.84 544.10
00001021 00000394 748.44 119.50 392.62 552.00 906.24 324.41 1056.31 353.31 986.64 465.63 884.82 518.28 1008.48 544.15
00001022 00000395 749.29 119.78 392.60 547.87 906.65 325.99 1058.72 353.71 987.31 466.26 884.63 516.38 1011.25 541.20
00001023 00000396 749.11 120.45 393.15 545.10 907.73 326.49 1059.60 353.48 987.96 466.69 885.82 515.17 1013.08 539.32
00001024 00000397 751.13 121.54 391.09 537.90 907.92 327.82 1061.98 354.12 987.88 467.35 884.48 512.88 1014.83 536.44
00001025 00000398 750.91 124.80 391.16 533.83 908.21 328.22 1063.45 354.70 988.24 467.57 884.00 512.05 1015.45 535.75
00001026 00000399 751.42 124.67 390.31 535.06 908.81 329.04 1062.95 355.51 988.35 468.32 883.48 511.51 1015.41 535.36
00001027 00000400 751.43 129.50 390.35 530.50 908.15 329.99 1062.88 356.44 987.65 469.91 882.21 511.50 1015.26 535.46
00001028 00000401 751.20 131.98 390.49 528.24 906.64 330.92 1063.00 356.69 987.18 470.25 880.12 510.73 1016.40 534.29
00001029 00000402 751.96 131.74 389.18 528.09 907.43 330.80 1063.49 357.05 987.73 470.29 880.60 510.75 1016.30 534.69
00001030 00000403 751.63 132.90 389.38 527.14 907.96 330.33 1063.23 356.97 987.82 470.27 881.37 511.22 1015.66 535.36
00001031 00000404 751.57 132.39 389.65 526.94 908.98 330.17 1063.51 356.91 988.48 469.66 882.59 511.76 1014.64 535.82
00001032 00000405 751.13 130.86 390.23 532.22 911.43 328.59 1061.82 356.99 989.03 467.51 885.86 513.31 1011.64 538.50
00001033 00000406 750.37 128.36 390.19 540.92 912.67 326.26 1059.79 356.62 989.41 465.45 887.03 515.40 1008.80 542.30
00001034 00000407 750.27 127.41 389.60 542.04 913.65 325.79 1058.21 356.52 988.96 463.11 889.75 515.67 1006.62 542.71
00001035 00000408 750.65 127.76 388.43 542.35 912.71 326.30 1057.44 356.73 988.50 462.80 889.13 516.14 1007.02 543.02
00001036 00000409 749.40 127.91 390.94 543.32 907.17 332.40 1058.23 362.30 986.48 463.28 885.70 517.45 1008.97 543.90
00001037 00000410 748.86 129.93 391.56 541.46 905.37 333.61 1059.56 363.37 986.78 464.82 883.24 516.63 1012.15 543.07
00001038 00000411 749.81 130.91 390.38 530.30 904.86 332.45 1061.04 357.71 986.43 468.07 884.19 515.02 1014.62 537.74
00001039 00000412 750.74 130.82 388.78 529.85 904.79 329.67 1059.58 354.65 985.17 467.53 882.27 512.99 1013.59 535.59
00001040 00000413 749.69 127.18 388.46 537.32 905.74 324.65 1057.04 352.91 984.47 463.53 882.67 512.78 1009.34 538.07
00001041 00000414 749.30 122.21 387.10 539.42 906.05 321.26 1055.21 350.44 984.27 459.70 883.18 510.72 1006.11 536.65
00001042 00000415 748.17 118.84 385.25 537.34 904.39 319.03 1053.90 347.75 983.01 457.99 883.43 508.68 1003.38 534.00
00001043 00000416 746.86 115.58 383.65 538.29 901.33 317.56 1053.02 346.90 981.87 455.04 881.86 507.45 1001.89 533.19
00001044 00000417 744.32 125.39 380.99 533.28 899.15 317.97 1047.11 347.86 985.38 442.79 885.92 506.46 1007.92 532.76
00001045 00000418 741.50 124.30 382.27 530.08 896.70 318.46 1045.86 347.41 984.17 441.61 885.90 505.46 1007.41 530.96
00001046 00000419 740.37 126.12 381.01 521.24 892.65 318.40 1044.66 346.46 981.60 440.45 883.07 502.33 1007.21 527.27
00001047 00000420 738.79 124.18 381.55 519.80 890.95 316.09 1045.01 346.37 979.72 437.07 879.24 498.14 1006.67 525.00
00001048 00000421 739.14 120.71 377.83 516.61 888.00 312.13 1043.53 342.58 978.62 428.80 877.92 493.44 1006.06 520.29
00001049 00000422 741.21 116.37 375.87 515.78 888.70 304.32 1045.19 338.54 978.67 422.14 875.31 485.37 1006.11 515.06
00001050 00000423 740.93 116.11 376.18 515.26 890.17 300.70 1045.43 335.85 979.03 417.63 874.79 483.24 1004.43 513.54
00001051 00000424 739.81 115.78 379.00 524.29 895.15 301.89 1043.28 338.14 979.44 419.52 878.18 486.44 1001.47 517.45
00001052 00000425 739.52 117.87 381.53 524.50 897.04 304.38 1044.89 339.54 981.79 422.74 880.55 490.13 1002.50 520.27
00001053 00000426 739.99 120.58 383.12 523.52 897.61 308.04 1045.89 341.57 982.29 429.41 882.93 495.45 1002.08 524.35
00001054 00000427 740.05 120.23 381.78 523.89 896.18 309.34 1044.43 342.03 980.72 429.99 882.99 496.29 1001.60 524.50
00001055 00000428 738.68 118.99 380.77 523.27 892.52 307.77 1044.60 340.62 979.42 426.15 879.37 493.64 1002.71 522.07
00001056 00000429 739.02 116.79 378.39 521.55 889.31 304.85 1041.69 338.48 975.28 423.05 875.71 488.86 1000.86 518.14
00001057 00000430 737.71 116.06 378.02 519.75 887.25 301.89 1040.65 335.03 973.98 419.97 873.48 485.93 1000.15 514.75
00001058 00000431 736.96 115.88 379.16 520.13 887.54 301.63 1041.08 334.97 974.30 419.66 872.96 485.40 1000.31 514.39
00001059 00000432 739.47 115.65 378.68 518.66 888.12 302.98 1044.00 336.64 976.43 421.55 874.44 486.24 1003.02 515.53
00001060 00000433 739.62 116.14 380.68 523.65 890.98 305.15 1046.09 338.81 979.54 422.90 876.77 489.68 1005.39 518.85
00001061 00000434 738.42 116.82 383.70 531.47 894.01 306.22 1045.02 341.32 979.73 426.61 875.70 492.31 1002.93 522.83
00001062 00000435 738.28 117.26 384.77 532.37 895.02 307.14 1045.29 341.09 980.72 426.13 878.80 495.51 1002.72 524.80
00001063 00000436 738.89 117.39 384.62 528.25 895.96 307.57 1046.79 340.04 983.78 423.20 883.26 494.07 1007.67 521.80
00001064 00000437 741.87 114.44 381.01 526.29 895.95 304.15 1048.11 337.52 986.50 416.83 882.93 486.80 1012.71 515.25
00001065 00000438 744.08 110.50 379.42 524.05 895.34 297.56 1049.25 329.15 987.63 414.32 883.24 483.18 1014.99 510.13
00001066 00000439 745.22 105.78 377.49 524.54 895.67 290.44 1048.19 324.42 986.35 406.54 882.36 478.62 1011.32 507.24
00001067 00000440 745.81 103.19 377.48 526.72 896.93 286.23 1048.22 319.41 986.62 403.37 882.63 477.70 1009.65 505.76
00001068 00000441 746.74 105.62 378.60 526.21 898.33 289.32 1050.87 322.06 988.35 409.21 885.17 481.81 1012.09 509.62
00001069 00000442 746.62 108.22 382.32 529.20 899.05 297.08 1051.97 330.13 988.58 416.95 885.64 485.99 1015.09 514.40
00001070 00000443 743.57 107.62 387.09 535.55 902.18 307.80 1056.28 337.53 990.31 428.84 884.88 496.15 1008.88 521.62
00001071 00000444 745.03 112.13 387.69 538.28 905.93 310.50 1057.08 341.53 989.67 437.49 886.47 501.16 1005.62 527.83
00001072 00000445 748.06 112.61 385.65 540.23 908.83 315.74 1058.72 345.34 991.60 445.99 889.40 506.42 1007.76 531.98
00001073 00000446 748.38 114.46 386.80 537.96 910.98 317.93 1060.67 347.27 993.52 449.21 892.12 508.44 1009.57 533.75
00001074 00000447 749.39 117.45 387.58 535.38 913.51 319.19 1062.40 347.72 994.89 454.07 893.37 509.32 1011.20 533.95
00001075 00000448 750.90 117.13 386.61 535.35 916.45 320.90 1065.55 348.70 998.09 455.62 896.19 510.61 1014.09 534.63
00001076 00000449 751.47 118.72 387.80 533.75 917.60 322.17 1068.16 349.95 999.84 455.35 896.67 509.59 1017.79 533.43
00001077 00000450 753.06 120.64 387.47 528.68 919.46 321.21 1070.21 349.39 1000.91 452.50 897.34 506.16 1019.63 530.18
00001078 00000451 755.75 120.68 384.94 525.27 922.00 319.45 1071.66 348.50 1003.30 447.06 898.75 501.43 1022.17 526.02
00001079 00000452 754.84 119.68 388.55 526.42 923.25 314.67 1073.04 344.27 1004.90 441.25 899.37 497.11 1022.73 522.04
00001080 00000453 755.45 116.22 387.81 528.89 921.01 310.70 1072.29 341.36 1003.41 433.69 897.71 494.07 1022.37 519.82
00001081 00000454 755.80 116.14 385.76 527.89 920.74 309.67 1071.83 339.99 1003.26 431.44 898.42 493.63 1021.71 519.14
00001082 00000455 754.47 118.36 388.24 529.83 921.19 313.16 1071.75 342.34 1003.27 437.83 900.29 498.72 1021.78 523.31
00001083 00000456 754.27 117.91 387.69 534.06 922.21 317.06 1069.66 346.82 1000.90 449.81 900.36 505.91 1015.61 531.09
00001084 00000457 754.36 119.65 389.42 534.92 923.13 319.78 1070.08 348.35 1000.40 455.66 901.51 509.33 1015.88 533.58
00001085 00000458 756.11 119.74 389.67 536.32 924.42 321.15 1072.62 350.72 1001.56 456.86 901.49 509.67 1018.73 534.83
00001086 00000459 760.90 120.09 387.36 538.01 927.68 321.31 1075.66 351.75 1003.90 454.71 904.64 508.69 1023.34 534.66
00001087 00000460 762.75 120.59 393.63 538.34 931.75 321.11 1081.77 351.62 1007.61 457.79 906.05 507.59 1028.77 533.80
00001088 00000461 768.96 122.55 388.50 531.77 933.43 323.99 1085.22 353.09 1010.53 460.11 906.68 505.47 1033.12 531.45
00001089 00000462 770.53 121.75 387.48 531.66 935.02 323.67 1086.70 353.12 1012.50 458.84 907.03 501.87 1035.94 528.31
00001090 00000463 768.76 121.27 390.25 534.12 934.64 321.04 1085.95 352.22 1011.39 455.69 906.84 501.85 1034.57 529.25
00001091 00000464 767.32 121.21 390.60 532.05 933.15 320.20 1083.82 351.23 1008.24 454.70 905.71 502.19 1031.25 529.03
00001092 00000465 766.21 121.98 389.74 529.81 931.77 318.50 1082.25 350.54 1006.17 451.97 904.68 501.77 1028.46 529.12
00001093 00000466 763.28 120.04 387.25 532.15 928.09 317.79 1077.37 349.93 1002.72 452.75 901.67 503.02 1022.05 530.42
00001094 00000467 758.77 121.11 387.93 535.20 925.93 320.42 1072.45 351.44 999.19 459.47 900.03 507.93 1017.07 534.40
00001095 00000468 753.57 119.34 386.21 535.56 919.40 322.39 1065.27 351.55 995.19 461.20 895.32 511.02 1010.98 536.22
00001096 00000469 749.67 118.51 387.39 537.05 911.26 320.60 1058.63 349.71 988.99 459.33 890.24 510.04 1006.76 535.40
00001097 00000470 745.56 115.39 384.66 538.77 901.84 317.78 1052.36 347.17 981.93 456.42 882.58 508.22 999.77 533.90
00001098 00000471 739.08 125.30 385.22 527.17 894.82 316.24 1043.90 346.82 979.84 441.85 881.15 500.72 1004.65 527.75
00001099 00000472 735.42 123.49 385.19 526.72 889.51 315.69 1040.49 346.57 974.29 438.27 876.58 499.56 1001.03 526.86
00001100 00000473 733.13 120.55 383.91 531.43 885.34 317.48 1033.40 344.87 969.00 437.92 875.77 503.55 995.83 527.85
00001101 00000474 730.92 121.43 383.63 531.75 881.68 318.58 1030.49 346.55 963.42 440.17 872.01 505.81 991.38 530.46
00001102 00000475 729.46 122.67 382.60 533.35 879.81 321.92 1027.43 348.81 959.85 445.62 870.11 509.10 988.70 532.97
00001103 00000476 728.77 126.18 379.93 533.63 877.83 326.60 1025.23 352.48 957.22 450.95 868.84 513.34 987.34 536.41
00001104 00000477 727.79 128.79 377.85 532.80 876.30 330.24 1024.05 354.81 955.90 454.48 866.84 516.03 985.51 538.17
00001105 00000478 727.02 126.19 377.00 538.04 873.03 334.70 1021.14 357.72 952.80 458.02 865.52 519.30 984.88 540.07
00001106 00000479 726.04 128.82 375.64 536.77 868.83 338.12 1017.93 361.46 947.95 458.52 862.49 520.69 983.33 541.27
00001107 00000480 725.00 128.91 375.58 525.09 860.42 340.76 1015.39 358.02 941.86 459.32 858.08 517.49 984.83 533.42
00001108 00000481 724.38 128.54 373.77 521.61 857.08 337.52 1013.87 356.14 937.29 456.94 852.10 511.28 982.92 528.60
00001109 00000482 721.45 123.94 374.95 526.32 853.96 333.03 1010.75 353.63 932.89 451.38 849.33 509.84 978.16 528.66
00001110 00000483 719.98 119.79 371.95 529.68 850.85 329.31 1007.06 351.74 929.49 444.12 849.06 509.18 974.17 529.11
00001111 00000484 717.65 120.06 370.04 529.23 846.45 328.53 1001.97 346.86 926.96 442.94 848.36 509.38 973.42 525.74
00001112 00000485 717.77 118.45 366.57 524.91 843.21 328.77 1001.14 344.04 926.81 441.24 847.70 508.45 974.73 522.34
00001113 00000486 718.03 121.18 364.94 516.05 841.10 329.58 1001.21 341.17 926.92 440.83 847.69 507.68 976.06 518.63
00001114 00000487 718.11 120.72 363.36 517.75 838.94 329.97 999.75 340.03 926.03 441.88 846.61 508.75 976.37 518.60
00001115 00000488 714.77 119.64 364.11 524.54 837.67 332.25 996.55 340.76 924.91 444.88 848.89 512.71 976.79 520.92
00001116 00000489 712.74 125.57 362.93 519.71 834.25 337.99 993.69 341.98 921.65 457.56 848.37 519.74 976.87 524.16
00001117 00000490 707.82 134.10 366.89 513.32 829.95 348.29 991.53 346.93 918.77 469.05 847.57 526.75 975.84 526.80
00001118 DELETE   701.11 138.96 371.01 512.41 821.14 355.19 987.82 349.82 916.08 475.60 844.67 533.58 976.76 530.15
00001119 00000492 698.59 143.35 370.42 512.97 817.62 360.52 985.36 355.08 914.88 480.82 844.84 537.41 978.54 533.77
00001120 00000493 696.12 146.03 370.85 513.29 815.87 362.83 982.83 356.95 914.02 480.13 844.32 538.32 978.29 534.29
00001121 00000494 694.51 143.81 370.63 516.52 813.22 362.18 978.35 355.64 910.52 479.79 841.79 537.89 975.11 533.48
00001122 00000495 692.89 146.23 368.93 512.41 809.09 361.16 975.50 354.07 907.31 478.48 839.24 537.88 973.20 532.95
00001123 00000496 687.70 143.57 366.63 509.51 797.35 367.93 957.12 354.44 895.79 472.13 827.93 537.59 956.46 526.43
00001124 DELETE   682.21 144.77 369.16 516.19 795.20 368.24 956.61 350.76 897.31 482.94 828.15 545.31 959.27 531.88
00001125 00000498 678.33 144.31 367.27 514.55 788.45 367.19 949.23 347.15 890.64 480.33 821.18 539.58 957.79 524.54
00001126 00000499 670.24 143.24 369.43 510.86 779.30 364.52 941.55 341.36 882.88 474.38 816.33 538.36 952.43 520.41
00001127 00000500 663.66 136.37 370.23 517.72 773.18 366.52 934.51 341.18 876.40 471.41 812.75 540.10 947.27 519.75
00001128 00000501 659.74 137.06 369.02 516.43 769.13 367.33 926.84 340.56 870.22 472.71 810.30 540.49 940.17 518.76
00001129 00000502 656.01 136.56 370.62 517.15 764.65 367.43 922.60 342.19 864.02 471.13 806.85 541.37 935.89 520.68
00001130 00000503 653.37 139.75 368.63 514.83 762.06 368.09 918.38 345.29 858.80 469.94 803.76 541.36 929.92 522.59
00001131 00000504 650.91 142.83 367.31 513.73 759.06 369.33 916.84 346.90 856.69 474.11 801.25 543.72 928.09 525.11
00001132 00000505 645.88 144.45 369.06 514.28 755.25 370.57 912.93 349.81 851.49 476.70 796.16 543.37 923.71 525.97
00001133 00000506 640.71 144.28 371.27 517.63 750.55 372.44 909.05 352.97 845.90 478.02 792.32 544.92 919.69 528.71
00001134 00000507 637.34 149.19 373.39 512.36 745.31 375.63 906.40 355.41 842.37 482.07 789.75 545.99 919.15 528.74
00001135 00000508 634.17 149.09 375.46 514.32 742.51 375.70 904.45 356.93 839.43 483.99 787.61 546.21 917.33 529.97
00001136 00000509 634.72 146.78 375.58 514.57 742.16 373.61 904.50 355.37 837.58 481.10 785.90 544.80 915.49 529.25
00001137 00000510 633.98 142.80 377.59 516.39 743.16 368.47 906.79 351.15 838.76 476.84 784.87 542.30 915.85 527.72
00001138 00000511 635.92 137.32 376.57 521.88 746.05 364.20 906.98 348.34 840.08 473.46 786.06 539.84 915.87 526.56
00001139 00000512 638.56 134.08 375.20 520.78 746.71 360.33 908.56 344.45 841.11 467.85 784.98 535.88 918.08 522.48
00001140 00000513 640.25 134.00 374.81 518.43 748.94 354.48 911.48 339.82 844.15 463.41 783.66 531.01 918.90 518.94
00001141 00000514 642.66 133.62 372.92 515.67 751.93 351.20 912.78 336.52 846.64 460.68 783.98 526.32 920.21 514.59
00001142 00000515 644.74 132.11 373.63 515.15 753.64 348.49 915.02 334.08 849.20 455.71 786.33 523.30 923.12 511.77
00001143 00000516 649.10 125.51 372.26 517.74 757.48 343.67 917.03 330.49 852.26 447.53 791.16 519.95 924.00 509.50
00001144 00000517 651.24 121.10 373.40 519.55 761.91 339.21 919.92 325.59 857.43 441.93 796.42 517.15 925.53 506.41
00001145 00000518 654.30 119.35 375.36 518.06 766.95 335.40 924.69 321.75 862.50 437.19 800.78 515.09 927.92 504.44
00001146 00000519 658.73 115.50 375.73 518.95 772.98 332.28 930.71 319.18 867.60 432.82 805.42 511.37 933.43 500.91
00001147 00000520 663.27 113.60 376.06 519.11 777.84 327.59 934.71 317.13 872.49 427.48 806.62 505.85 937.74 497.86
00001148 00000521 674.36 115.10 371.04 512.17 786.00 325.60 942.17 318.28 882.15 422.81 812.98 501.51 945.66 496.12
00001149 00000522 683.04 116.61 368.03 509.17 795.11 323.27 952.74 318.37 890.44 423.20 820.81 500.88 953.47 497.67
CROP_BBOX: 463 0 1305 813
