Video ID: 	JFMS4cQINOI
H: 	1080
W: 	1920
FPS: 	29.97002997002997

FRAME INDEX X0 Y0 W H [Landmarks (5 Points)]

00015776 00000000 876.04 145.04 538.66 746.35 975.17 447.22 1214.13 425.08 1070.78 556.77 1019.60 713.28 1203.90 694.53
00015777 DELETE   884.85 150.47 543.64 733.86 994.73 449.79 1234.05 425.41 1098.01 553.98 1044.04 712.65 1227.80 691.69
00015778 00000002 890.27 133.49 550.88 760.00 1008.02 447.41 1248.06 421.43 1118.51 555.79 1059.90 712.56 1247.69 691.21
00015779 00000003 889.39 131.82 552.46 761.40 1015.26 445.45 1257.28 418.05 1136.39 557.42 1074.85 714.14 1263.76 691.45
00015780 00000004 897.54 123.42 545.21 758.34 1019.32 444.48 1264.58 413.79 1144.48 554.05 1082.56 712.47 1272.90 687.50
00015781 00000005 897.76 127.03 549.93 744.81 1024.04 442.47 1268.07 413.24 1151.30 551.19 1088.25 706.78 1277.41 682.83
00015782 00000006 898.59 127.29 551.20 742.36 1024.41 440.54 1268.21 411.13 1150.10 548.71 1089.19 704.59 1278.70 680.56
00015783 00000007 898.63 130.16 548.52 740.61 1022.04 436.14 1266.03 410.29 1144.59 548.38 1084.10 703.70 1270.36 682.76
00015784 00000008 899.30 132.15 542.83 735.13 1017.51 435.86 1256.76 413.33 1131.45 545.84 1071.59 697.83 1252.39 679.82
00015785 00000009 896.56 133.20 538.02 730.14 1004.71 435.59 1241.94 416.52 1109.23 547.16 1056.61 698.68 1225.68 683.73
00015786 DELETE   890.93 131.89 534.20 729.23 994.21 436.66 1229.44 420.19 1091.17 548.19 1041.38 699.91 1204.49 687.01
00015787 DELETE   878.33 132.54 527.18 727.61 974.25 430.42 1213.93 424.30 1061.56 556.39 1009.36 702.00 1172.68 698.27
00015788 00000012 883.13 153.46 518.13 707.53 964.82 443.73 1183.00 431.42 1034.50 550.01 998.86 699.93 1141.27 691.06
00015789 DELETE   868.85 147.11 526.69 711.44 945.49 441.93 1161.34 435.45 1003.55 551.60 971.82 697.31 1115.87 693.88
00015790 DELETE   854.15 151.52 536.94 713.34 929.76 438.49 1140.01 436.30 978.89 549.65 950.98 695.23 1092.42 695.35
00015791 00000015 832.12 150.47 547.82 713.12 910.91 428.97 1122.37 428.17 956.92 546.48 935.02 690.58 1077.93 691.45
00015792 00000016 827.78 148.41 537.12 707.25 901.67 423.71 1105.19 427.04 935.95 544.89 922.18 683.11 1061.01 687.50
00015793 00000017 822.59 139.17 534.87 712.40 891.50 423.36 1096.53 424.87 923.12 542.03 909.40 681.98 1050.94 685.49
00015794 00000018 815.80 133.76 541.97 715.25 886.49 421.58 1091.93 424.32 916.71 542.27 905.03 681.13 1045.58 685.65
00015795 00000019 816.06 138.48 540.76 709.13 887.96 422.62 1093.97 425.58 919.32 541.33 906.04 680.64 1047.31 685.27
00015796 00000020 824.18 143.73 537.40 704.26 894.54 421.76 1099.36 425.36 927.36 541.96 913.97 680.61 1052.94 685.49
00015797 00000021 836.71 149.87 533.48 700.62 908.35 422.26 1112.72 424.97 942.83 542.62 925.23 682.77 1064.47 687.07
00015798 00000022 847.59 150.11 536.59 707.95 921.79 425.51 1128.82 431.23 959.95 544.45 936.09 683.22 1079.62 690.04
00015799 00000023 865.09 152.55 526.40 703.11 936.94 432.98 1143.93 437.72 980.28 541.35 950.17 682.49 1095.98 688.56
00015800 00000024 877.36 147.62 528.12 705.18 948.87 433.51 1166.61 434.73 999.39 540.93 964.53 684.22 1114.40 687.51
00015801 00000025 885.77 146.53 520.86 701.84 960.83 431.64 1175.67 432.38 1018.25 539.52 982.85 681.83 1128.56 684.22
00015802 00000026 878.18 143.30 530.26 712.64 965.63 425.20 1191.61 418.45 1033.54 541.40 990.74 686.84 1150.25 683.88
00015803 00000027 880.36 139.33 530.33 721.19 971.99 424.64 1206.48 416.98 1050.77 538.24 998.59 687.29 1170.66 682.66
00015804 00000028 882.50 133.28 532.14 726.50 979.31 423.50 1212.94 413.77 1062.05 535.34 1010.45 684.65 1182.10 678.14
00015805 00000029 888.16 128.47 532.82 736.56 985.47 425.45 1217.85 408.84 1070.61 530.58 1021.96 688.04 1196.28 675.53
00015806 00000030 892.98 131.02 532.03 735.99 990.72 425.31 1221.86 407.33 1076.95 529.67 1028.71 688.40 1205.77 674.25
00015807 00000031 894.84 129.43 531.41 736.39 992.65 423.29 1225.41 405.54 1080.89 528.74 1029.53 687.60 1210.39 673.53
00015808 00000032 894.63 132.03 531.60 736.72 990.96 423.54 1222.55 405.53 1077.47 528.68 1027.36 687.74 1209.84 673.34
00015809 00000033 892.97 130.02 530.96 738.90 986.04 422.22 1218.35 404.44 1071.37 528.61 1021.86 687.25 1206.34 673.03
00015810 00000034 887.90 126.02 532.38 742.07 981.43 418.47 1214.61 399.69 1066.01 524.69 1016.44 685.61 1202.86 670.63
00015811 00000035 885.39 127.58 534.58 741.74 977.23 416.49 1212.66 398.52 1061.61 523.14 1012.24 683.91 1200.68 669.63
00015812 00000036 882.03 123.78 537.35 743.83 974.68 413.78 1210.51 397.01 1057.86 523.21 1007.81 683.19 1197.52 670.10
00015813 00000037 880.63 126.54 538.76 741.43 973.01 413.13 1208.18 397.30 1055.08 523.81 1005.17 682.52 1195.65 670.15
00015814 00000038 877.36 127.28 541.35 740.65 971.52 411.67 1206.41 396.38 1053.36 522.72 1003.60 681.44 1193.44 669.38
00015815 00000039 874.38 127.22 544.18 739.71 969.52 411.74 1206.55 395.05 1052.69 521.80 1001.76 681.52 1193.72 668.28
00015816 00000040 879.70 128.13 539.22 737.59 968.48 413.81 1203.96 397.78 1048.79 523.98 998.54 681.40 1192.43 668.85
00015817 00000041 878.05 126.78 538.90 737.91 965.77 413.80 1202.12 396.01 1047.08 525.29 998.34 683.13 1193.30 669.05
00015818 00000042 878.14 130.49 537.67 736.11 966.21 414.93 1203.40 398.50 1048.00 527.02 997.86 684.02 1194.09 670.76
00015819 00000043 878.57 133.45 537.24 739.45 967.28 417.89 1202.73 401.68 1048.11 531.04 999.33 684.84 1198.33 671.57
00015820 00000044 878.40 140.06 538.47 742.01 968.65 423.49 1204.80 408.15 1050.95 537.49 1001.31 687.96 1203.68 674.95
00015821 00000045 876.50 146.23 540.79 733.71 971.65 427.53 1205.13 412.09 1056.77 543.74 1006.58 688.85 1208.03 675.29
00015822 00000046 876.21 146.96 546.02 730.06 975.06 437.03 1210.50 418.92 1063.51 545.05 1012.62 693.29 1206.82 677.95
00015823 00000047 882.23 144.33 543.40 726.18 979.92 445.22 1223.08 429.86 1074.77 559.76 1021.96 705.80 1201.55 693.09
00015824 00000048 887.68 154.48 538.46 720.55 984.91 450.95 1226.81 435.65 1080.16 568.31 1027.27 712.59 1202.09 700.32
00015825 00000049 889.49 165.89 541.18 715.39 990.08 459.06 1229.40 439.15 1087.62 570.85 1032.47 715.53 1209.11 700.02
00015826 00000050 891.46 167.51 537.28 707.34 990.57 458.81 1236.63 446.27 1092.62 590.33 1037.88 724.21 1209.73 713.68
00015827 00000051 893.77 182.16 537.13 693.98 993.29 461.97 1242.44 452.43 1097.62 596.03 1039.41 728.45 1212.43 720.27
00015828 00000052 893.91 174.09 539.28 715.82 995.31 472.01 1239.13 457.96 1100.85 599.36 1042.91 737.79 1216.98 726.16
00015829 00000053 893.48 182.79 539.86 706.87 998.18 474.79 1245.50 463.18 1103.33 605.69 1045.42 741.39 1216.46 731.65
00015830 00000054 892.66 187.73 542.69 707.05 999.60 482.11 1245.50 468.84 1104.47 609.54 1049.32 748.70 1217.52 737.64
00015831 00000055 892.29 181.49 543.08 711.68 1001.87 486.27 1240.41 475.13 1105.87 612.03 1049.67 745.99 1219.10 736.27
00015832 00000056 890.86 197.08 543.12 699.97 1000.23 489.76 1247.18 473.42 1107.46 615.62 1053.83 755.32 1221.37 741.52
00015833 00000057 891.06 199.32 542.71 699.51 1000.20 491.27 1247.59 474.50 1107.85 617.11 1053.62 756.24 1222.81 742.07
00015834 00000058 886.34 187.65 547.71 708.96 1000.67 490.13 1242.26 476.41 1110.36 616.89 1051.79 749.76 1225.29 737.54
00015835 00000059 887.42 192.69 546.87 704.75 1002.35 492.49 1246.27 478.26 1113.27 618.47 1051.62 751.49 1228.74 739.00
00015836 00000060 887.85 202.56 543.52 699.82 1001.93 497.70 1249.76 481.48 1110.60 620.88 1051.56 759.45 1223.33 745.91
00015837 00000061 887.58 197.72 543.69 703.05 1002.05 497.92 1249.55 481.77 1110.37 618.77 1050.58 759.35 1221.60 745.91
00015838 00000062 890.77 194.06 535.85 714.54 998.52 495.40 1236.88 479.84 1099.81 613.76 1050.96 752.38 1217.23 739.41
00015839 00000063 885.44 186.66 545.16 711.99 996.17 490.48 1238.06 476.37 1104.58 614.46 1047.52 752.72 1216.53 740.58
00015840 00000064 884.87 178.06 542.25 718.53 994.53 489.22 1232.88 474.95 1100.64 610.11 1044.97 751.35 1209.23 739.41
00015841 00000065 884.92 189.37 541.64 707.06 991.37 483.49 1238.99 468.37 1098.06 608.17 1044.67 754.32 1208.36 742.01
00015842 00000066 885.80 186.66 538.03 708.07 986.91 473.73 1238.26 459.72 1096.79 603.06 1040.23 748.32 1207.94 737.13
00015843 00000067 880.07 181.70 547.38 720.21 988.03 469.74 1230.99 452.94 1091.88 592.28 1040.40 741.23 1207.33 727.49
00015844 00000068 883.65 174.47 543.88 727.11 991.23 463.46 1230.74 446.09 1091.49 579.44 1038.78 729.62 1212.28 715.32
00015845 00000069 885.31 162.62 543.62 740.49 991.70 455.59 1227.67 437.49 1087.75 567.56 1031.52 718.73 1216.68 703.56
00015846 00000070 886.12 140.94 545.39 756.41 991.79 440.96 1226.80 427.67 1080.01 550.70 1021.90 703.19 1217.79 692.04
00015847 00000071 894.74 138.19 536.46 752.16 992.39 431.10 1225.69 421.99 1073.37 539.48 1016.35 689.03 1221.45 681.21
00015848 00000072 894.92 130.58 536.45 755.81 991.83 426.24 1227.37 416.94 1073.05 532.96 1011.97 679.72 1226.31 671.66
00015849 00000073 891.78 118.45 541.28 762.08 989.12 416.69 1228.17 407.82 1072.93 524.77 1009.22 672.67 1228.94 664.77
00015850 00000074 891.25 108.09 542.32 767.20 991.06 410.60 1227.59 403.18 1073.00 520.08 1008.66 661.56 1229.37 654.76
00015851 00000075 899.93 106.88 536.12 754.47 995.11 407.96 1228.14 395.21 1074.50 509.08 1008.98 654.01 1226.72 643.88
00015852 00000076 902.92 105.50 532.98 754.73 992.24 396.27 1233.10 389.13 1072.21 500.54 1007.51 646.04 1230.97 640.13
00015853 00000077 906.41 102.19 536.48 751.59 999.88 395.84 1235.26 385.01 1078.38 497.96 1012.46 645.29 1230.56 636.15
00015854 00000078 912.46 97.57 524.94 752.31 1000.88 385.24 1238.84 378.82 1081.19 490.25 1016.04 640.61 1234.76 635.59
00015855 00000079 915.13 95.35 523.84 754.50 1006.22 378.78 1241.28 374.26 1084.13 484.96 1021.11 637.56 1235.20 634.24
00015856 00000080 917.37 96.17 523.38 754.37 1009.82 375.07 1242.44 372.84 1085.31 482.31 1024.47 636.19 1234.49 634.82
00015857 00000081 918.12 95.23 523.57 755.67 1010.94 374.34 1243.19 372.36 1086.11 482.72 1025.85 636.09 1234.52 635.01
00015858 00000082 919.78 96.09 523.32 754.25 1010.77 373.92 1243.06 371.27 1084.96 482.43 1025.65 636.02 1235.41 634.32
00015859 00000083 920.30 94.69 522.55 754.53 1010.65 373.09 1243.11 370.23 1084.72 481.59 1025.44 635.35 1234.85 633.61
00015860 00000084 921.27 95.70 521.33 753.47 1010.59 372.28 1242.45 369.66 1083.46 481.24 1025.20 635.16 1232.99 633.65
00015861 00000085 921.40 97.30 522.48 750.41 1011.09 371.63 1242.59 369.47 1083.61 481.73 1025.10 634.07 1232.26 632.95
00015862 00000086 920.85 102.28 530.58 744.46 1013.77 375.91 1242.12 371.56 1084.68 484.96 1026.58 635.61 1231.40 631.44
00015863 00000087 921.01 103.73 530.60 742.34 1014.03 376.35 1242.21 371.85 1085.22 485.27 1027.65 635.86 1230.55 631.59
00015864 00000088 920.16 102.73 531.28 743.60 1013.74 376.23 1242.37 371.70 1085.18 485.19 1026.96 635.57 1230.17 631.27
00015865 00000089 919.89 101.06 532.34 744.26 1013.75 375.67 1242.75 372.23 1085.23 486.16 1026.74 635.80 1228.72 632.59
00015866 00000090 917.97 100.65 530.99 744.53 1012.73 376.28 1242.65 373.85 1085.26 487.66 1024.83 636.44 1227.43 634.13
00015867 00000091 918.19 101.14 531.49 746.20 1011.51 376.57 1243.01 373.69 1084.35 488.59 1023.58 638.36 1227.21 635.76
00015868 00000092 919.23 96.84 523.45 750.27 1007.32 372.63 1241.30 371.51 1080.75 485.82 1020.02 636.75 1227.60 636.69
00015869 00000093 918.01 97.34 524.67 751.13 1007.04 373.93 1240.58 373.22 1080.09 488.08 1019.76 637.21 1227.51 637.49
00015870 00000094 917.29 98.03 526.51 752.22 1006.55 374.92 1239.68 374.04 1078.78 490.20 1020.36 637.97 1227.23 637.96
00015871 00000095 916.74 99.03 526.43 752.62 1006.36 377.34 1238.96 376.63 1077.64 492.03 1019.87 638.54 1226.85 638.59
00015872 00000096 915.47 100.98 528.08 751.10 1005.83 377.82 1238.33 377.60 1077.38 492.29 1019.83 638.89 1226.07 639.41
00015873 00000097 915.11 101.52 527.71 751.59 1005.74 380.03 1236.82 380.83 1076.27 494.27 1018.82 639.22 1226.22 640.45
00015874 00000098 914.78 103.05 527.07 750.75 1004.96 381.06 1235.90 381.75 1075.37 494.69 1018.00 639.43 1225.05 640.60
00015875 00000099 914.46 104.45 526.07 749.73 1004.57 380.61 1235.83 380.76 1075.17 494.92 1018.24 639.63 1224.43 640.38
00015876 00000100 914.61 105.00 525.70 749.69 1004.60 380.53 1235.31 380.85 1074.77 494.82 1018.00 639.65 1224.05 640.53
00015877 00000101 914.49 103.93 524.77 750.24 1004.40 380.49 1234.68 380.25 1074.44 494.95 1019.07 640.04 1223.21 640.50
00015878 00000102 913.63 102.67 526.73 751.52 1003.52 380.36 1234.58 380.17 1074.19 494.25 1017.67 639.07 1222.22 639.65
00015879 00000103 912.95 101.45 526.75 752.57 1003.08 380.65 1234.22 380.20 1073.87 493.93 1017.74 639.46 1221.49 639.85
00015880 00000104 912.17 104.34 527.22 750.52 1001.92 381.90 1232.75 380.60 1072.47 494.95 1017.42 640.95 1220.49 640.59
00015881 00000105 912.03 107.15 527.63 749.10 1001.59 382.88 1231.64 381.64 1071.36 495.97 1016.85 641.58 1219.56 641.22
00015882 00000106 910.16 107.49 529.82 750.33 999.76 383.55 1230.41 381.75 1069.92 496.39 1015.23 642.09 1218.45 641.27
00015883 00000107 909.82 108.33 529.46 750.14 998.98 383.97 1229.19 381.82 1068.61 496.54 1014.87 642.59 1216.99 641.48
00015884 00000108 910.41 109.38 528.35 749.14 998.75 384.17 1229.21 381.89 1068.49 496.67 1014.66 642.13 1217.45 640.90
00015885 00000109 910.51 108.77 528.75 749.35 998.81 384.17 1228.86 381.69 1068.28 496.49 1014.90 642.08 1217.18 640.70
00015886 00000110 910.41 107.11 528.49 750.86 998.79 383.72 1228.69 381.28 1068.22 496.11 1014.81 641.68 1216.46 640.37
00015887 00000111 911.07 107.99 527.82 750.06 999.16 382.88 1228.39 380.36 1067.61 496.66 1014.99 641.07 1216.12 639.63
00015888 00000112 910.96 107.27 527.40 749.61 998.68 382.36 1227.83 379.83 1066.91 496.57 1014.73 640.86 1215.70 639.46
00015889 00000113 910.94 106.22 527.78 749.71 998.88 382.47 1227.50 379.45 1066.91 495.64 1015.55 640.88 1215.29 639.13
00015890 00000114 910.02 104.67 528.19 751.13 998.70 382.58 1227.28 379.60 1067.09 495.50 1015.21 640.56 1214.96 638.84
00015891 00000115 909.66 104.32 528.50 750.24 998.45 382.06 1226.83 379.16 1066.86 495.07 1015.14 639.76 1214.31 638.16
00015892 00000116 909.31 103.05 529.21 751.20 998.12 381.72 1226.59 378.53 1066.61 495.11 1015.40 639.79 1214.24 637.94
00015893 00000117 909.07 102.71 528.45 750.24 997.81 381.04 1225.86 377.55 1066.20 493.56 1015.38 638.97 1212.95 636.90
00015894 00000118 910.13 103.45 527.21 747.86 997.57 379.94 1225.42 376.16 1065.27 492.34 1015.22 638.35 1212.55 636.03
00015895 00000119 907.74 101.69 529.07 748.42 995.94 378.98 1224.84 375.22 1065.03 491.27 1014.39 636.94 1211.47 634.65
00015896 00000120 904.03 100.60 532.10 749.73 993.60 379.01 1224.45 374.61 1063.73 489.59 1012.30 636.06 1210.17 633.26
00015897 00000121 901.21 99.12 534.10 750.76 989.77 378.61 1221.93 373.92 1059.78 487.57 1007.63 637.67 1206.98 634.97
00015898 00000122 899.39 92.51 533.73 758.00 984.17 378.65 1215.65 375.24 1050.06 483.06 999.10 637.69 1197.43 636.72
CROP_BBOX: 553 0 1739 1080
