Video ID: 	sUiIL-TjbjE
H: 	1080
W: 	1920
FPS: 	24.0

FRAME INDEX X0 Y0 W H [Landmarks (5 Points)]

00004273 00000000 485.41 297.32 382.33 563.23 540.37 537.13 609.96 543.05 492.76 657.95 567.80 740.97 615.74 743.81
00004274 DELETE   480.05 293.51 382.92 583.50 533.35 537.92 612.62 546.51 492.92 656.69 556.58 741.47 619.17 746.55
00004275 00000002 475.60 294.80 382.14 578.35 533.33 537.94 606.85 547.39 487.54 658.76 555.89 742.10 610.95 747.55
00004276 00000003 472.52 288.60 384.50 589.35 529.86 535.25 604.87 546.39 484.13 657.44 552.97 741.83 610.44 748.36
00004277 00000004 469.84 287.35 385.17 589.80 527.32 535.94 604.02 546.95 482.88 658.37 551.70 742.67 610.16 749.14
00004278 00000005 470.59 293.06 383.64 583.02 525.25 540.79 603.97 549.05 483.64 660.39 552.53 743.26 615.45 747.59
00004279 00000006 472.52 298.45 384.30 565.17 520.73 544.65 608.27 552.97 489.48 666.57 562.06 739.76 633.34 744.39
00004280 00000007 472.26 291.40 383.98 577.74 518.71 546.69 615.57 557.98 505.16 672.51 574.23 741.87 643.61 747.99
00004281 DELETE   475.20 291.59 395.07 584.40 524.43 554.15 625.17 559.61 512.32 674.39 582.86 748.07 658.16 749.70
00004282 DELETE   478.35 293.61 399.27 586.24 526.94 560.13 635.63 561.11 520.77 676.68 585.83 751.33 669.47 749.66
00004283 00000010 482.82 294.76 397.64 582.23 528.34 561.33 640.03 562.13 523.38 678.70 586.46 753.48 670.04 751.83
00004284 00000011 484.87 296.68 395.78 578.45 528.93 559.77 641.01 562.75 522.93 677.83 584.14 752.63 667.54 752.62
00004285 00000012 486.78 295.38 395.36 587.51 532.03 560.54 642.94 564.17 523.76 676.81 583.03 752.27 669.31 752.74
00004286 00000013 490.61 291.52 392.58 590.39 535.55 561.37 646.30 563.38 527.55 676.12 587.03 751.88 674.75 750.98
00004287 DELETE   491.01 289.75 395.43 594.39 537.27 563.46 648.14 560.22 531.49 676.43 593.32 753.82 682.94 748.55
00004288 DELETE   494.30 291.31 396.55 592.76 538.78 563.55 651.25 557.84 534.54 676.48 598.40 751.57 694.42 743.94
00004289 00000016 495.17 295.01 398.94 587.00 538.91 562.50 654.71 556.32 536.98 674.48 598.05 749.88 697.23 741.78
00004290 00000017 496.50 292.06 399.47 590.56 540.66 563.43 656.02 556.68 538.22 676.82 601.89 751.15 700.94 742.64
00004291 00000018 499.55 298.99 391.28 569.64 541.21 563.37 653.38 556.02 537.81 676.50 605.48 750.64 697.47 742.07
00004292 00000019 498.04 293.17 393.76 583.53 542.82 562.33 659.00 557.22 541.78 680.96 607.86 755.87 699.53 748.87
00004293 DELETE   500.94 295.31 396.68 590.24 546.49 562.26 662.16 558.31 543.72 677.55 601.47 754.72 695.65 749.30
00004294 DELETE   505.16 296.91 396.43 579.56 548.06 561.84 668.10 558.10 548.09 675.20 603.00 751.63 699.52 746.34
00004295 DELETE   506.23 297.45 400.92 577.28 549.88 560.96 674.62 557.45 554.30 674.44 603.53 751.05 702.66 745.81
00004296 00000023 508.72 294.82 401.96 577.56 556.27 559.71 674.50 562.39 552.11 678.46 610.87 746.95 705.83 746.64
00004297 00000024 506.81 294.54 403.38 578.09 554.40 560.77 672.02 560.75 550.90 676.17 611.16 745.38 707.26 742.66
00004298 DELETE   507.26 295.56 399.39 578.91 554.04 560.05 670.94 558.56 551.36 675.91 611.89 746.81 708.22 743.00
00004299 DELETE   510.33 297.02 394.17 581.88 554.84 562.14 672.88 555.34 555.34 674.09 609.92 751.03 708.33 743.25
00004300 00000027 509.82 294.44 396.67 584.81 553.47 558.13 674.15 553.74 555.58 673.82 607.91 749.88 708.55 743.91
00004301 00000028 509.12 291.47 396.32 586.68 553.37 555.22 676.09 555.67 555.44 673.95 603.76 748.54 703.97 746.86
00004302 00000029 508.15 292.48 395.63 587.12 551.91 555.36 674.91 556.15 552.98 673.96 599.90 749.90 699.23 748.83
00004303 00000030 507.62 294.75 395.43 586.45 551.67 556.55 675.31 556.60 551.45 675.01 597.46 753.51 694.74 752.01
00004304 00000031 506.96 296.51 399.23 585.47 550.36 554.81 676.67 554.15 551.34 675.13 597.10 754.66 696.10 752.38
00004305 00000032 514.28 294.47 398.80 588.27 556.79 549.16 674.07 549.62 558.39 674.52 606.37 750.77 695.40 748.70
00004306 00000033 514.70 291.02 401.13 592.07 557.41 547.88 678.16 547.41 561.69 675.30 608.38 750.24 700.47 747.44
00004307 00000034 515.10 291.43 402.82 591.22 559.39 545.51 680.56 546.87 563.25 675.12 610.19 748.11 703.18 746.61
00004308 00000035 512.77 293.22 406.43 590.50 560.41 549.60 682.16 555.38 562.03 676.59 611.11 747.81 704.27 749.47
00004309 00000036 512.11 289.80 408.43 594.62 563.53 552.04 675.64 555.34 557.98 675.52 617.11 748.14 701.84 747.80
00004310 00000037 512.61 286.70 408.79 597.22 563.56 553.77 674.51 556.07 556.54 675.14 617.68 748.68 700.53 747.60
00004311 00000038 514.40 287.74 406.26 596.16 561.63 558.09 679.36 557.15 560.42 673.89 612.50 751.46 700.84 747.91
00004312 00000039 517.59 291.86 400.67 584.21 562.14 557.05 680.58 558.48 564.75 675.05 615.02 750.63 699.61 748.73
00004313 00000040 517.61 292.33 399.43 584.84 561.33 557.94 680.69 555.46 566.72 675.70 616.63 754.25 701.18 749.42
00004314 DELETE   515.24 290.77 404.44 596.75 561.90 559.40 677.47 555.05 561.00 678.20 618.66 757.76 702.31 751.64
00004315 DELETE   513.71 293.37 406.91 594.16 560.47 560.80 674.44 554.63 556.27 677.67 617.33 758.54 700.16 750.86
00004316 00000043 511.61 299.74 408.85 582.98 556.69 562.56 672.05 553.99 554.36 679.12 616.21 761.01 698.66 750.97
00004317 00000044 506.08 304.73 409.71 571.66 554.40 558.62 677.23 555.45 556.50 675.69 607.27 760.95 706.96 755.13
00004318 00000045 505.23 302.58 411.02 572.77 552.26 557.67 676.84 554.89 555.56 676.46 605.05 761.67 706.53 756.15
00004319 00000046 511.66 300.45 408.20 576.03 553.66 560.58 670.46 553.76 553.52 681.58 615.77 759.57 698.93 750.92
00004320 00000047 511.36 300.78 408.68 576.43 554.37 559.29 670.40 553.29 553.77 680.72 615.32 758.79 697.96 750.78
00004321 00000048 508.21 299.27 403.15 572.97 553.91 563.54 681.91 561.38 556.51 682.96 610.70 758.86 705.46 754.41
00004322 00000049 512.49 300.02 408.06 569.56 554.29 553.43 674.39 550.41 558.58 679.12 615.86 754.65 700.16 749.03
00004323 00000050 507.32 294.88 408.31 574.29 553.01 551.16 679.65 549.84 558.81 675.07 602.07 756.00 702.47 753.50
00004324 00000051 508.14 294.98 408.05 572.57 553.18 550.05 681.45 549.69 559.36 675.38 601.44 755.27 702.91 753.59
00004325 00000052 509.54 294.42 406.63 571.40 554.11 551.17 682.35 549.94 562.05 675.49 599.71 755.78 702.43 753.47
00004326 00000053 518.12 292.54 396.30 569.83 557.61 561.98 684.63 558.80 558.70 677.12 601.82 754.56 706.07 750.52
00004327 00000054 520.05 287.36 394.06 577.65 559.44 561.29 686.87 561.41 559.29 678.16 600.49 754.28 706.30 752.86
00004328 00000055 520.91 289.20 395.34 576.53 559.34 558.83 686.88 560.14 558.03 677.38 602.75 753.72 706.48 753.23
00004329 00000056 521.97 290.65 396.94 571.58 559.07 558.01 685.38 558.87 557.75 679.06 605.06 753.60 708.15 752.69
00004330 00000057 521.94 291.84 395.81 569.36 559.28 557.47 686.42 558.36 557.82 677.65 604.31 751.82 707.06 751.09
00004331 00000058 519.70 295.37 397.23 567.15 558.52 557.21 683.74 557.81 557.37 678.23 607.25 751.88 705.32 750.78
00004332 DELETE   518.43 295.93 397.17 567.30 556.96 554.80 679.75 552.39 554.37 677.62 614.69 753.54 712.59 749.87
00004333 00000060 519.40 299.49 397.01 558.21 556.61 556.20 678.25 552.01 555.90 676.94 612.00 753.19 715.73 748.66
00004334 00000061 511.11 300.02 398.26 568.89 556.82 551.42 673.85 546.51 558.80 672.40 609.73 750.79 710.80 745.19
00004335 00000062 512.99 297.47 390.39 577.72 561.10 553.34 669.42 544.67 562.06 671.53 616.16 756.74 704.07 748.29
00004336 00000063 519.77 300.56 395.04 573.77 574.25 557.58 678.36 550.44 560.94 665.86 611.57 759.30 690.04 753.76
00004337 00000064 513.33 305.41 402.11 564.78 570.32 553.33 670.34 553.87 557.42 670.32 623.43 738.43 700.42 737.60
00004338 00000065 517.01 297.45 389.89 579.70 574.55 540.87 664.51 552.97 560.51 677.87 648.46 738.83 711.03 745.32
00004339 00000066 515.98 300.08 398.12 578.66 564.74 540.52 671.86 549.72 554.17 670.22 608.53 750.36 698.46 754.65
00004340 DELETE   524.86 293.88 391.50 580.97 565.80 555.13 689.21 556.38 561.74 670.28 608.78 749.29 705.71 748.53
00004341 DELETE   525.27 289.29 395.16 584.08 563.79 554.01 699.36 552.49 570.61 670.77 606.85 750.65 713.41 747.94
00004342 DELETE   526.98 293.58 401.07 584.91 566.39 551.89 706.01 551.21 575.72 671.39 609.85 753.28 717.55 751.52
00004343 00000070 526.38 298.36 398.99 591.95 570.04 558.96 703.39 558.81 580.46 675.31 613.59 753.87 717.36 751.54
00004344 00000071 527.46 297.01 400.71 592.85 572.00 561.93 705.93 561.61 583.86 676.90 617.53 755.24 721.09 752.88
00004345 00000072 526.90 302.45 400.48 584.53 570.85 562.08 703.87 561.00 581.76 676.61 615.11 754.31 718.37 751.05
00004346 00000073 527.51 302.59 397.59 584.25 570.06 556.48 703.51 558.10 579.79 676.36 613.54 752.37 716.96 751.15
00004347 00000074 527.81 299.59 398.12 585.12 570.81 552.80 702.92 555.01 580.03 673.09 612.37 749.93 714.71 749.13
00004348 00000075 527.56 299.63 401.16 583.32 571.62 552.47 704.70 552.84 581.10 670.88 613.17 749.72 715.68 747.40
00004349 00000076 527.22 300.18 402.96 583.16 572.30 551.35 706.30 551.18 583.11 670.54 615.89 749.42 719.84 746.72
00004350 00000077 527.98 298.92 402.45 587.01 573.01 550.83 706.16 552.13 583.27 671.74 617.39 750.50 720.36 749.10
00004351 00000078 528.50 298.39 399.01 590.46 573.39 549.51 704.71 550.55 581.26 672.07 619.65 751.12 723.00 749.56
00004352 00000079 531.02 296.02 395.95 593.83 575.16 548.81 704.66 549.95 579.99 670.83 621.70 749.50 726.40 748.09
00004353 00000080 531.64 296.49 395.75 593.06 575.46 548.59 704.70 549.20 580.08 669.75 622.19 748.94 727.52 747.09
00004354 00000081 531.29 294.94 396.03 593.80 575.34 548.43 704.87 548.79 580.35 669.93 623.41 748.78 728.49 746.78
00004355 00000082 530.58 295.19 396.88 592.16 574.26 548.63 703.96 548.54 579.21 669.80 623.18 749.37 727.51 746.94
00004356 00000083 531.30 294.84 393.65 590.68 571.50 549.01 700.76 548.53 576.26 671.70 621.78 750.53 725.14 747.63
00004357 00000084 528.52 295.20 396.79 591.58 568.54 550.88 697.76 549.79 573.11 673.31 618.42 751.14 722.01 747.75
00004358 00000085 525.00 296.33 400.12 590.38 566.84 552.68 693.62 549.97 571.01 676.34 621.67 754.73 720.28 750.10
00004359 00000086 522.81 300.90 399.25 587.78 566.89 552.89 693.03 552.40 572.33 678.80 619.44 753.44 717.75 750.75
00004360 00000087 521.02 303.05 401.71 587.73 566.40 553.25 692.57 550.95 572.03 678.38 620.24 755.01 717.40 750.79
00004361 00000088 521.25 299.71 404.01 590.88 563.88 551.77 705.16 549.54 576.59 673.53 605.76 758.27 718.32 755.03
00004362 00000089 523.12 300.71 403.06 589.76 565.38 555.03 704.49 549.69 578.09 672.52 606.67 760.89 714.13 755.37
00004363 00000090 521.84 302.57 403.79 586.50 565.92 556.26 704.12 550.32 578.39 673.10 608.12 761.23 712.53 755.25
00004364 00000091 521.67 302.00 404.65 586.79 566.75 557.42 703.66 550.51 578.35 673.59 608.75 763.24 710.05 756.59
00004365 00000092 522.30 303.24 403.78 583.19 567.78 556.60 702.16 550.64 576.74 674.27 609.63 761.93 706.88 756.09
00004366 00000093 522.84 304.78 403.42 577.80 567.61 557.02 700.03 551.22 574.64 673.53 608.07 761.56 701.57 755.73
00004367 00000094 523.08 304.56 404.39 583.17 568.48 557.79 701.18 551.26 575.50 673.46 610.54 762.33 707.11 755.85
00004368 00000095 521.69 303.58 405.58 586.18 568.42 557.05 701.78 550.09 575.32 675.30 613.14 762.42 711.63 755.39
00004369 00000096 521.63 303.37 405.95 589.64 568.30 558.76 702.48 549.73 576.97 673.92 614.81 763.40 715.46 754.54
00004370 00000097 521.67 303.46 405.66 590.65 567.92 559.25 703.19 550.08 577.33 674.98 616.28 763.46 720.48 754.12
00004371 00000098 522.16 302.34 405.89 591.23 567.89 559.66 703.56 549.99 577.75 675.07 616.04 764.94 719.05 755.28
00004372 00000099 519.19 306.57 406.37 583.10 569.30 554.60 696.19 552.07 579.20 678.56 628.70 757.43 722.23 752.73
00004373 00000100 519.35 306.10 407.03 579.35 571.32 553.24 694.35 551.47 578.82 676.24 631.59 754.23 720.39 750.10
00004374 00000101 524.90 302.90 404.68 580.70 572.49 558.56 703.73 549.93 579.83 671.74 618.10 763.25 707.81 755.12
00004375 00000102 518.71 307.31 406.74 574.51 572.00 552.86 693.67 553.90 580.01 676.59 629.06 755.34 711.25 753.94
00004376 00000103 519.96 309.09 401.95 566.48 572.91 552.59 693.70 552.89 582.88 673.78 626.14 752.59 707.93 750.70
00004377 00000104 518.47 304.36 407.20 559.92 576.23 561.51 698.15 549.74 584.66 669.99 629.07 752.86 714.68 742.44
00004378 00000105 520.00 302.80 405.52 567.78 576.51 562.23 694.97 548.32 585.14 666.72 633.66 752.80 721.19 740.17
00004379 00000106 520.43 304.44 405.65 567.80 573.26 560.46 697.32 551.07 578.81 663.72 624.65 749.70 719.24 740.36
00004380 00000107 521.03 303.20 407.14 562.93 575.06 562.75 693.74 551.27 577.89 665.72 625.68 749.01 717.00 738.15
00004381 00000108 528.79 306.77 402.39 560.85 570.30 554.99 701.30 550.84 575.00 672.73 615.62 749.03 714.16 743.98
00004382 00000109 521.63 301.92 408.23 558.53 576.21 562.20 692.72 551.80 576.10 666.87 627.20 748.46 716.42 738.62
00004383 00000110 522.04 301.85 407.67 556.40 576.87 561.71 693.53 551.62 578.11 667.51 630.74 747.90 719.47 738.16
00004384 00000111 525.46 299.06 407.40 557.39 579.61 558.92 692.98 549.92 577.67 669.23 634.46 750.01 721.75 741.24
00004385 00000112 525.95 301.69 405.82 554.38 580.09 557.53 691.41 551.60 577.91 668.98 635.03 747.49 720.70 741.11
00004386 00000113 528.93 301.45 401.31 556.58 583.19 557.43 692.32 551.70 578.80 665.22 633.99 746.94 717.64 740.74
00004387 00000114 530.92 292.77 400.13 570.46 584.21 554.07 695.70 549.93 577.16 661.05 626.81 747.48 711.90 742.83
00004388 DELETE   535.95 291.40 394.63 573.70 584.53 548.78 698.13 547.53 575.34 655.77 619.28 745.73 704.87 743.58
00004389 DELETE   538.66 280.72 392.42 582.68 580.71 531.19 696.42 538.98 577.00 651.36 623.43 731.81 708.52 734.99
00004390 00000117 538.72 272.45 392.69 587.47 580.14 526.24 693.68 531.84 573.73 642.55 621.16 725.14 708.21 726.28
CROP_BBOX: 221 0 1199 1063
