Video ID: 	KgJt9gPGzIQ
H: 	2160
W: 	3840
FPS: 	29.97002997002997

FRAME INDEX X0 Y0 W H [Landmarks (5 Points)]

00038755 00000000 1553.11 319.35 1049.62 1542.97 1693.29 882.84 2117.16 1020.99 1726.89 1270.56 1670.44 1435.49 2030.11 1550.63
00038756 00000001 1549.25 315.53 1060.37 1548.37 1694.09 886.39 2121.46 1022.83 1730.66 1274.05 1671.20 1438.17 2035.50 1551.97
00038757 00000002 1547.86 318.89 1065.42 1547.34 1694.62 892.07 2125.23 1028.89 1734.28 1281.40 1672.39 1440.17 2041.30 1554.05
00038758 00000003 1549.70 316.66 1063.30 1556.56 1694.14 899.52 2126.87 1035.84 1736.62 1287.00 1672.18 1446.55 2043.39 1559.90
00038759 00000004 1549.53 318.86 1063.42 1554.95 1693.69 900.56 2126.79 1035.47 1737.08 1286.99 1672.35 1447.94 2042.71 1560.20
00038760 00000005 1554.72 322.22 1057.04 1553.11 1695.47 905.25 2128.63 1042.64 1739.67 1296.63 1675.52 1448.95 2047.82 1563.20
00038761 00000006 1559.50 328.05 1051.46 1551.11 1695.69 913.49 2130.82 1049.91 1744.17 1304.90 1677.57 1454.51 2048.69 1568.31
00038762 00000007 1562.22 327.17 1048.64 1552.69 1696.02 918.58 2130.38 1057.54 1742.80 1308.27 1678.06 1457.82 2046.72 1573.86
00038763 00000008 1563.31 334.24 1044.02 1547.64 1695.19 921.75 2128.47 1062.35 1741.47 1312.37 1678.82 1457.39 2048.17 1574.52
00038764 00000009 1562.30 334.51 1044.08 1547.98 1694.23 920.63 2129.41 1062.29 1740.30 1313.73 1678.18 1457.44 2049.43 1575.36
00038765 00000010 1561.59 338.74 1045.60 1542.89 1693.94 921.26 2129.71 1062.89 1740.61 1314.57 1678.28 1457.44 2049.40 1575.33
00038766 00000011 1563.46 338.28 1045.39 1545.61 1695.06 921.10 2131.74 1062.48 1742.07 1316.49 1679.33 1458.86 2051.43 1576.67
00038767 00000012 1563.15 337.89 1045.90 1547.19 1695.10 922.13 2131.56 1062.21 1742.99 1317.66 1679.90 1460.43 2051.81 1577.28
00038768 00000013 1563.66 338.46 1044.36 1549.54 1694.14 921.88 2130.11 1060.29 1743.18 1317.67 1679.30 1461.49 2051.90 1576.91
00038769 00000014 1561.20 343.32 1048.05 1542.99 1694.74 924.14 2133.23 1066.34 1743.95 1322.08 1678.29 1460.17 2053.64 1578.60
00038770 00000015 1560.35 347.37 1048.96 1539.68 1692.03 925.76 2131.00 1067.85 1742.36 1324.16 1677.15 1461.66 2053.92 1579.86
00038771 00000016 1560.15 346.14 1048.11 1542.24 1691.93 926.63 2130.94 1068.68 1742.81 1325.01 1676.83 1462.00 2053.88 1580.19
00038772 00000017 1559.23 347.16 1046.79 1540.42 1690.04 928.68 2131.27 1068.19 1743.23 1328.15 1676.90 1468.36 2049.33 1584.96
00038773 00000018 1556.84 352.52 1049.77 1538.12 1689.09 932.26 2132.68 1073.03 1743.11 1330.25 1674.60 1469.52 2048.41 1587.22
00038774 00000019 1555.02 359.23 1053.17 1533.97 1687.71 933.95 2132.70 1074.10 1742.32 1331.47 1674.44 1471.88 2047.69 1588.95
00038775 00000020 1553.59 360.62 1054.57 1532.94 1687.83 936.16 2132.89 1077.60 1741.53 1332.16 1673.94 1472.48 2048.26 1590.47
00038776 00000021 1553.99 360.13 1052.83 1537.41 1689.15 937.35 2133.39 1081.78 1741.48 1333.06 1673.42 1471.57 2048.76 1592.02
00038777 00000022 1553.04 355.97 1055.36 1541.32 1689.11 938.60 2133.83 1083.67 1740.66 1334.10 1672.85 1471.71 2049.35 1592.66
00038778 00000023 1551.97 362.83 1055.52 1536.25 1687.89 939.40 2133.66 1083.93 1740.25 1335.99 1671.62 1472.51 2050.21 1593.01
00038779 00000024 1550.77 364.37 1056.83 1534.95 1688.01 940.87 2134.64 1085.21 1742.31 1336.26 1672.69 1474.98 2049.75 1595.24
00038780 00000025 1548.33 364.15 1060.36 1535.90 1686.69 941.64 2134.07 1086.40 1741.35 1338.31 1672.27 1476.63 2047.92 1597.26
00038781 00000026 1547.62 363.11 1059.54 1536.41 1685.12 942.64 2133.67 1086.50 1741.80 1339.19 1672.12 1478.27 2047.08 1598.17
00038782 00000027 1544.99 363.92 1061.28 1536.83 1684.62 943.42 2134.93 1088.55 1742.13 1340.09 1670.71 1478.39 2047.93 1599.16
00038783 00000028 1545.52 368.64 1062.96 1532.99 1684.98 943.34 2135.73 1088.07 1742.81 1341.03 1670.54 1478.15 2047.83 1598.72
00038784 00000029 1544.45 365.13 1063.45 1537.46 1684.08 944.79 2134.07 1088.60 1741.77 1342.21 1671.14 1479.41 2047.70 1599.12
00038785 00000030 1543.16 366.69 1064.42 1536.93 1682.26 945.42 2134.04 1089.15 1741.38 1342.85 1670.24 1480.47 2047.73 1600.20
00038786 00000031 1543.33 374.86 1061.14 1528.16 1681.97 946.47 2131.88 1090.53 1740.20 1342.09 1670.87 1479.69 2047.46 1599.54
00038787 00000032 1542.75 373.92 1061.05 1528.18 1682.33 947.84 2132.04 1091.79 1740.88 1342.12 1671.46 1481.30 2046.44 1601.05
00038788 00000033 1542.21 369.46 1061.24 1532.84 1681.42 947.65 2132.31 1091.22 1740.81 1342.32 1671.18 1482.55 2046.56 1601.94
00038789 00000034 1542.27 365.32 1063.02 1537.10 1681.65 947.63 2132.55 1090.15 1741.44 1342.56 1671.48 1482.61 2046.87 1601.21
00038790 00000035 1542.24 370.29 1061.95 1531.53 1681.24 947.74 2132.76 1090.11 1742.05 1343.48 1671.79 1483.13 2046.90 1601.60
00038791 00000036 1542.05 368.63 1064.23 1534.20 1681.56 946.92 2133.03 1089.51 1741.66 1342.53 1671.63 1481.85 2047.11 1600.55
00038792 00000037 1543.51 372.26 1063.40 1529.30 1682.49 946.06 2132.52 1089.58 1740.82 1342.10 1670.95 1478.47 2048.67 1597.84
00038793 00000038 1543.48 373.46 1062.14 1527.63 1682.50 946.48 2132.71 1089.41 1741.26 1341.96 1671.64 1479.24 2049.46 1598.01
00038794 00000039 1544.13 369.60 1062.08 1531.69 1682.97 945.74 2132.40 1087.97 1741.30 1341.61 1670.66 1477.79 2050.50 1596.06
00038795 00000040 1545.27 365.52 1062.22 1535.06 1682.95 945.17 2132.38 1087.71 1740.82 1341.05 1670.98 1477.73 2050.08 1596.33
00038796 00000041 1545.96 361.44 1060.82 1539.21 1684.04 944.07 2131.62 1087.17 1740.00 1340.01 1670.94 1476.84 2049.71 1595.87
00038797 00000042 1544.61 358.19 1064.20 1539.63 1682.85 943.07 2131.67 1083.83 1740.29 1339.82 1672.13 1477.75 2050.66 1594.88
00038798 00000043 1545.19 355.34 1061.66 1540.97 1683.68 942.75 2130.97 1082.80 1740.91 1338.21 1672.21 1475.39 2051.59 1591.94
00038799 00000044 1545.10 352.91 1064.45 1537.34 1682.35 937.99 2129.71 1079.89 1736.61 1335.89 1670.99 1471.51 2050.66 1589.28
00038800 00000045 1545.87 346.31 1061.98 1543.91 1682.98 936.86 2128.22 1078.80 1735.94 1333.01 1671.68 1470.50 2048.72 1588.35
00038801 00000046 1545.73 347.26 1065.19 1540.14 1682.79 936.40 2128.07 1078.92 1735.78 1333.46 1671.99 1469.15 2049.35 1587.18
00038802 00000047 1548.12 351.55 1060.23 1533.15 1681.21 937.66 2124.98 1075.37 1735.51 1332.41 1673.89 1473.06 2046.31 1587.49
00038803 00000048 1548.57 349.24 1059.26 1537.08 1680.77 939.71 2126.25 1076.29 1736.22 1331.33 1673.94 1476.90 2045.32 1590.31
00038804 00000049 1551.61 347.35 1057.75 1541.11 1680.89 939.50 2127.67 1078.55 1734.34 1331.74 1673.50 1481.31 2040.26 1596.88
00038805 00000050 1549.40 347.99 1058.98 1545.53 1679.38 938.99 2123.89 1078.24 1731.79 1329.32 1670.34 1481.20 2035.92 1596.90
00038806 DELETE   1549.15 352.80 1048.13 1532.77 1674.63 927.95 2117.68 1072.09 1722.90 1318.46 1663.91 1472.78 2026.64 1592.30
00038807 DELETE   1548.10 352.48 1047.74 1536.47 1675.03 927.86 2116.86 1072.80 1721.75 1317.99 1661.35 1469.69 2026.39 1589.92
00038808 DELETE   1534.55 338.69 1061.38 1550.38 1673.16 913.65 2106.38 1052.42 1704.46 1307.27 1652.38 1458.69 2009.90 1573.67
00038809 00000054 1537.42 323.23 1061.53 1553.90 1675.67 900.80 2106.53 1045.83 1702.54 1298.50 1648.70 1453.68 1999.80 1574.63
00038810 DELETE   1549.36 322.74 1050.53 1535.43 1679.09 894.57 2106.91 1038.95 1706.26 1288.48 1647.97 1447.03 1987.51 1568.73
00038811 DELETE   1552.74 320.88 1052.58 1537.89 1683.80 899.69 2117.98 1035.29 1720.52 1289.18 1654.46 1454.55 1997.85 1569.77
00038812 00000057 1556.49 324.34 1048.50 1538.94 1688.95 902.21 2124.13 1038.66 1728.44 1293.75 1659.17 1451.84 2010.11 1567.52
00038813 00000058 1556.44 325.55 1046.20 1537.96 1689.49 902.06 2124.13 1038.45 1729.03 1293.80 1659.39 1451.02 2011.03 1566.56
00038814 00000059 1549.09 323.74 1059.06 1566.92 1694.35 906.05 2124.42 1045.21 1726.32 1301.38 1664.66 1448.25 2032.56 1564.69
00038815 DELETE   1541.70 326.69 1066.88 1586.98 1687.91 915.37 2118.34 1057.94 1715.18 1309.94 1658.92 1454.00 2031.94 1572.19
00038816 00000061 1540.31 335.68 1059.14 1566.22 1682.82 917.69 2114.91 1061.16 1711.86 1313.21 1656.43 1456.37 2025.55 1574.79
00038817 00000062 1539.89 334.28 1057.02 1565.23 1682.73 914.38 2114.29 1057.28 1711.99 1312.04 1657.27 1454.63 2026.03 1572.55
00038818 00000063 1538.75 325.90 1068.31 1578.48 1685.59 908.20 2118.03 1050.88 1713.71 1306.13 1659.06 1448.37 2035.11 1566.14
00038819 00000064 1538.54 327.59 1068.69 1577.07 1685.28 908.09 2116.72 1050.25 1713.48 1306.22 1659.91 1449.04 2033.96 1566.42
00038820 DELETE   1546.35 326.24 1060.57 1568.39 1691.08 902.70 2119.84 1041.14 1718.79 1296.08 1663.80 1443.13 2038.84 1557.73
00038821 00000066 1545.40 321.05 1060.80 1566.98 1691.85 896.38 2125.05 1037.22 1723.33 1292.92 1659.10 1439.76 2032.28 1557.20
00038822 00000067 1547.42 320.49 1059.08 1561.28 1690.74 889.17 2123.86 1033.02 1720.66 1286.04 1654.58 1436.96 2024.33 1557.30
00038823 00000068 1545.05 320.02 1061.02 1568.96 1690.84 889.34 2124.50 1034.25 1720.17 1286.25 1652.52 1437.55 2024.80 1558.78
00038824 00000069 1544.95 319.74 1065.27 1582.73 1695.28 896.85 2122.70 1037.91 1721.16 1289.27 1661.40 1440.60 2035.60 1558.27
00038825 00000070 1545.69 319.81 1065.13 1583.04 1695.26 897.00 2122.25 1037.97 1720.73 1290.01 1662.04 1440.68 2035.48 1558.25
00038826 00000071 1544.56 321.19 1067.89 1597.35 1696.64 905.10 2122.47 1041.12 1723.80 1295.50 1666.45 1451.17 2037.61 1564.70
00038827 00000072 1546.38 323.03 1062.26 1572.73 1691.17 904.02 2120.55 1040.97 1720.97 1299.24 1666.04 1444.67 2041.14 1558.15
00038828 00000073 1545.61 321.80 1061.84 1565.81 1689.75 902.06 2122.91 1038.86 1723.64 1297.86 1663.97 1441.86 2038.92 1555.48
00038829 00000074 1544.96 318.13 1061.62 1569.53 1690.85 896.54 2123.56 1037.83 1721.58 1294.42 1660.42 1436.84 2036.13 1554.23
00038830 00000075 1544.83 316.39 1061.19 1563.26 1690.09 897.94 2123.11 1040.26 1721.69 1293.45 1658.14 1434.67 2031.67 1553.20
00038831 00000076 1543.84 318.11 1061.79 1561.01 1691.19 897.33 2123.33 1040.94 1721.54 1292.53 1658.55 1433.22 2031.90 1552.71
00038832 00000077 1541.15 312.68 1064.65 1560.32 1687.93 897.43 2121.68 1042.63 1718.80 1292.37 1655.55 1431.03 2028.18 1552.10
00038833 00000078 1538.63 312.71 1066.28 1556.20 1686.06 894.42 2120.67 1041.67 1716.15 1289.35 1652.16 1428.32 2025.89 1551.00
00038834 00000079 1549.53 304.02 1055.28 1583.45 1687.28 893.52 2121.24 1052.71 1714.96 1289.31 1653.52 1445.70 2031.97 1576.55
00038835 00000080 1547.66 310.05 1052.84 1573.55 1683.56 895.26 2118.45 1052.63 1712.78 1292.74 1652.77 1443.24 2031.99 1572.55
00038836 00000081 1546.30 318.28 1049.45 1560.64 1678.24 903.94 2115.33 1054.76 1714.01 1295.44 1652.56 1449.54 2024.66 1574.18
00038837 00000082 1546.52 315.76 1049.97 1562.15 1677.75 902.75 2116.06 1055.30 1713.27 1296.59 1651.80 1449.53 2024.37 1575.58
00038838 00000083 1543.23 322.60 1048.90 1552.44 1675.95 901.85 2115.83 1054.39 1714.37 1295.14 1649.66 1448.55 2021.59 1574.66
00038839 00000084 1539.79 331.94 1052.38 1544.14 1676.62 902.37 2114.80 1055.43 1712.94 1295.55 1649.82 1447.58 2018.41 1574.18
00038840 00000085 1540.88 326.42 1049.99 1557.14 1676.44 905.46 2112.51 1054.55 1713.21 1296.64 1653.69 1452.47 2019.11 1575.79
00038841 00000086 1540.56 329.23 1052.45 1552.37 1674.60 908.97 2110.63 1056.27 1711.84 1299.72 1655.89 1456.24 2019.51 1577.81
00038842 00000087 1541.16 332.55 1053.67 1552.49 1674.74 910.77 2108.36 1057.64 1709.88 1301.87 1658.11 1456.76 2019.51 1577.92
00038843 00000088 1539.93 333.29 1055.55 1551.56 1674.96 910.68 2109.71 1058.38 1711.18 1303.51 1658.66 1456.78 2020.49 1578.55
00038844 00000089 1539.84 336.83 1057.12 1551.67 1675.01 916.84 2113.14 1059.67 1716.28 1307.43 1661.80 1463.21 2025.20 1581.23
00038845 00000090 1541.43 338.21 1058.17 1555.07 1674.92 920.77 2113.18 1061.72 1716.88 1310.08 1664.23 1469.81 2025.51 1586.26
00038846 00000091 1539.96 339.39 1063.58 1558.58 1675.81 924.45 2115.12 1065.25 1718.85 1313.28 1663.85 1473.48 2026.98 1589.89
00038847 00000092 1528.66 341.20 1072.57 1560.92 1674.98 928.15 2112.25 1054.97 1719.60 1310.76 1659.38 1465.05 2021.21 1571.15
00038848 00000093 1530.25 347.83 1070.66 1558.13 1677.06 932.16 2113.70 1053.37 1725.43 1315.79 1666.32 1470.96 2027.94 1572.45
00038849 00000094 1529.06 342.15 1071.37 1566.91 1678.04 931.02 2114.26 1053.87 1724.30 1315.11 1665.85 1470.69 2028.34 1573.44
00038850 00000095 1533.76 338.08 1067.56 1571.82 1680.92 938.10 2118.54 1060.55 1727.48 1318.75 1667.12 1473.57 2035.27 1575.52
00038851 00000096 1541.55 328.57 1075.74 1579.52 1686.36 930.33 2118.84 1071.73 1730.30 1325.74 1678.34 1473.37 2046.10 1589.52
00038852 00000097 1536.48 328.71 1074.93 1577.85 1683.78 936.09 2120.38 1064.31 1729.87 1329.77 1674.67 1473.21 2043.76 1579.44
00038853 00000098 1541.42 337.43 1066.52 1562.99 1683.10 933.80 2123.21 1053.48 1735.06 1326.46 1676.03 1472.37 2047.28 1571.79
00038854 00000099 1547.79 337.33 1060.12 1561.64 1686.70 938.77 2125.99 1058.23 1737.31 1322.14 1675.82 1471.39 2047.57 1570.81
00038855 00000100 1548.88 331.25 1061.16 1567.38 1685.96 939.31 2126.50 1057.86 1737.82 1320.80 1675.47 1471.79 2047.72 1570.60
00038856 00000101 1561.27 327.58 1051.33 1567.40 1692.73 926.52 2124.15 1061.03 1737.70 1310.82 1677.02 1466.57 2049.24 1578.56
00038857 00000102 1565.77 327.35 1043.41 1561.85 1696.78 922.27 2128.38 1057.21 1744.72 1307.25 1677.93 1461.01 2050.48 1573.74
00038858 00000103 1565.80 320.78 1040.78 1563.82 1697.99 918.56 2130.58 1051.59 1747.96 1304.48 1679.76 1462.83 2048.41 1574.21
00038859 00000104 1564.28 321.48 1040.43 1560.86 1696.89 916.17 2133.03 1047.34 1751.10 1304.13 1677.08 1464.69 2045.82 1574.63
00038860 00000105 1567.40 322.07 1033.35 1555.58 1693.57 917.82 2128.72 1047.85 1745.41 1300.13 1674.04 1471.14 2030.97 1580.45
00038861 00000106 1568.69 323.98 1032.25 1552.03 1693.71 917.27 2128.29 1047.99 1745.50 1301.89 1674.40 1468.43 2031.99 1578.38
00038862 00000107 1567.99 317.90 1032.97 1562.53 1693.00 918.27 2125.80 1046.93 1742.10 1301.42 1673.57 1479.06 2016.27 1587.77
00038863 00000108 1567.53 316.47 1031.12 1570.65 1691.93 919.36 2124.15 1048.10 1738.48 1300.04 1672.12 1484.71 2011.14 1593.37
00038864 00000109 1566.95 318.80 1033.55 1568.24 1693.24 920.91 2123.79 1047.16 1739.74 1299.29 1673.94 1485.68 2008.32 1592.58
00038865 00000110 1564.69 315.49 1035.00 1569.05 1692.75 915.66 2123.39 1043.70 1738.08 1296.52 1672.15 1480.50 2010.21 1588.61
00038866 00000111 1560.63 312.94 1038.22 1569.37 1691.71 910.89 2125.55 1044.00 1738.68 1298.38 1668.56 1471.28 2020.53 1583.27
00038867 00000112 1562.15 315.82 1036.19 1565.24 1691.06 911.32 2124.67 1044.25 1738.15 1298.63 1668.37 1471.23 2020.11 1583.15
00038868 00000113 1559.46 319.28 1035.73 1561.95 1688.93 908.87 2123.85 1044.14 1738.31 1298.22 1666.45 1465.54 2026.14 1579.04
00038869 00000114 1553.52 323.64 1040.31 1556.05 1685.47 908.42 2122.61 1044.11 1734.87 1296.26 1663.51 1463.27 2026.62 1576.96
00038870 00000115 1549.21 319.74 1043.67 1555.55 1686.22 907.57 2125.13 1042.47 1737.67 1293.97 1664.22 1459.41 2031.74 1572.12
00038871 00000116 1544.65 319.28 1047.47 1555.75 1683.50 906.30 2124.18 1041.17 1735.25 1293.62 1662.72 1456.43 2033.41 1568.87
00038872 00000117 1540.55 313.40 1053.45 1559.54 1682.00 903.87 2123.61 1040.56 1733.63 1292.54 1660.58 1453.09 2030.00 1567.08
00038873 00000118 1541.25 316.66 1054.98 1554.07 1681.66 903.19 2124.05 1039.31 1733.98 1293.72 1661.47 1453.35 2030.42 1566.95
00038874 00000119 1541.16 317.06 1051.78 1546.77 1679.74 898.79 2121.91 1035.53 1731.73 1290.87 1659.93 1447.54 2029.27 1561.47
00038875 00000120 1542.49 313.55 1051.51 1547.51 1680.56 896.76 2121.56 1029.25 1732.85 1287.03 1663.69 1450.12 2032.75 1560.46
00038876 00000121 1542.81 311.84 1052.47 1555.56 1682.58 895.12 2122.43 1028.55 1732.28 1286.62 1664.47 1451.66 2032.23 1562.93
00038877 00000122 1542.88 315.25 1051.88 1553.35 1680.69 895.63 2120.46 1029.32 1730.06 1288.05 1663.27 1453.38 2028.63 1565.06
00038878 00000123 1542.26 319.64 1051.87 1552.00 1678.71 896.96 2119.96 1030.51 1727.53 1289.02 1660.53 1455.10 2025.85 1566.85
00038879 00000124 1542.46 314.54 1052.31 1557.96 1679.29 896.32 2120.67 1031.07 1727.30 1288.31 1659.97 1455.24 2025.59 1567.92
00038880 00000125 1529.26 330.08 1060.35 1528.16 1669.91 897.20 2109.26 1020.10 1720.15 1289.20 1657.13 1441.71 2016.81 1545.04
00038881 00000126 1532.63 329.10 1054.90 1550.02 1673.87 897.78 2113.34 1032.48 1721.56 1289.84 1656.04 1454.23 2021.23 1566.54
00038882 00000127 1530.95 326.61 1054.50 1553.68 1669.25 899.82 2109.45 1038.14 1714.30 1296.10 1652.58 1456.45 2018.70 1571.49
00038883 00000128 1532.44 340.74 1053.23 1539.76 1666.33 904.79 2107.52 1043.52 1712.63 1302.79 1654.68 1459.46 2019.49 1574.47
00038884 00000129 1531.50 338.98 1055.77 1544.48 1665.84 905.89 2106.28 1046.87 1710.54 1306.77 1656.31 1461.06 2022.24 1577.48
00038885 00000130 1532.30 338.89 1054.43 1544.48 1665.45 905.92 2106.72 1047.08 1710.22 1305.97 1655.56 1460.77 2020.94 1577.33
00038886 00000131 1531.62 334.57 1056.22 1550.52 1667.21 908.46 2109.78 1049.36 1714.47 1307.98 1656.61 1462.18 2024.22 1578.51
00038887 00000132 1532.15 340.39 1054.08 1543.39 1666.40 909.20 2108.20 1049.71 1713.91 1308.21 1656.78 1461.86 2024.58 1577.88
00038888 00000133 1531.66 336.76 1056.08 1550.23 1666.81 906.81 2111.73 1048.07 1715.47 1307.67 1655.65 1463.58 2024.51 1580.42
00038889 00000134 1529.93 341.09 1057.75 1544.03 1667.65 902.16 2112.95 1045.81 1715.78 1305.75 1651.93 1457.82 2023.11 1576.74
00038890 00000135 1527.58 339.06 1059.37 1544.76 1669.45 899.85 2117.26 1044.63 1719.85 1305.21 1651.33 1453.42 2025.09 1573.57
00038891 00000136 1527.26 339.17 1057.46 1544.63 1670.04 900.16 2115.16 1043.75 1719.81 1304.36 1653.12 1452.42 2025.54 1571.43
00038892 00000137 1528.36 336.88 1059.08 1548.97 1674.85 899.04 2120.05 1045.76 1723.59 1303.94 1653.16 1448.54 2031.33 1570.06
00038893 00000138 1523.50 328.01 1068.73 1558.87 1684.15 895.99 2117.67 1030.40 1723.80 1294.73 1659.04 1435.79 2032.35 1547.57
00038894 00000139 1531.27 335.16 1067.29 1548.96 1683.78 887.00 2115.48 1020.08 1716.67 1286.01 1661.79 1433.48 2037.14 1544.13
00038895 00000140 1534.96 324.75 1067.45 1543.19 1683.56 882.38 2120.42 1007.99 1723.75 1272.86 1663.19 1431.61 2030.95 1536.75
00038896 00000141 1538.15 321.61 1059.64 1534.63 1682.13 877.84 2121.01 1000.22 1729.48 1264.90 1661.35 1431.67 2021.00 1535.15
00038897 00000142 1537.60 321.13 1059.55 1536.67 1682.55 877.31 2121.71 999.40 1730.75 1264.37 1661.06 1432.19 2021.15 1535.53
00038898 00000143 1540.89 305.52 1056.81 1545.66 1684.63 869.97 2118.68 992.80 1727.79 1258.15 1660.43 1429.12 2005.29 1533.90
00038899 00000144 1545.54 320.90 1056.53 1532.49 1679.63 881.10 2115.73 999.79 1724.33 1268.71 1659.70 1447.54 1997.05 1549.56
00038900 00000145 1544.49 328.06 1057.44 1523.82 1676.95 886.62 2112.00 1001.83 1722.34 1271.93 1658.94 1454.43 1989.94 1553.93
00038901 00000146 1542.48 327.90 1058.14 1528.19 1674.76 888.64 2110.64 1002.30 1721.15 1272.62 1657.57 1457.39 1991.80 1555.46
00038902 00000147 1541.85 325.91 1056.76 1530.04 1676.09 886.46 2112.69 1006.04 1721.65 1274.44 1657.86 1448.27 2003.03 1550.34
00038903 00000148 1541.56 323.38 1058.17 1534.62 1675.42 886.82 2111.97 1006.47 1720.01 1274.67 1657.29 1449.25 2004.38 1551.38
00038904 00000149 1538.28 322.21 1056.22 1536.15 1676.02 883.26 2111.62 1003.70 1721.59 1272.26 1657.81 1440.41 2014.13 1542.51
00038905 00000150 1533.63 318.22 1058.20 1535.90 1673.20 877.77 2108.68 1002.82 1715.96 1269.90 1654.62 1431.97 2013.17 1537.52
00038906 00000151 1531.69 319.69 1059.15 1533.34 1671.44 876.47 2108.43 1002.06 1713.95 1270.58 1653.46 1429.72 2016.51 1535.25
00038907 00000152 1531.33 318.98 1059.91 1543.35 1672.34 875.72 2107.45 1001.01 1711.29 1271.07 1656.33 1431.73 2018.25 1536.87
00038908 00000153 1530.94 319.06 1059.31 1547.35 1671.38 878.36 2108.83 1003.94 1712.98 1276.44 1655.80 1433.90 2021.99 1539.10
00038909 00000154 1529.72 315.11 1062.45 1551.60 1670.73 877.52 2108.61 1004.83 1711.02 1276.57 1655.70 1432.85 2022.84 1539.35
00038910 00000155 1531.76 316.05 1060.53 1564.98 1673.66 883.95 2114.34 1019.62 1714.38 1280.47 1654.66 1446.47 2031.09 1559.23
00038911 00000156 1525.56 314.30 1058.19 1567.75 1670.75 889.23 2112.73 1020.97 1715.45 1279.17 1650.09 1449.78 2026.43 1559.63
00038912 00000157 1519.27 313.69 1064.43 1570.80 1668.13 892.62 2111.24 1024.96 1714.88 1281.92 1647.27 1453.45 2025.54 1563.47
00038913 00000158 1517.25 316.12 1067.85 1568.12 1668.51 892.10 2110.49 1025.59 1714.65 1281.46 1646.67 1451.92 2024.73 1562.91
00038914 00000159 1509.92 318.77 1074.10 1555.48 1663.42 892.73 2100.31 1018.14 1708.17 1281.71 1642.84 1439.74 2012.06 1544.89
00038915 00000160 1509.60 317.51 1074.98 1557.63 1663.55 893.10 2100.43 1018.32 1707.80 1281.46 1643.44 1440.10 2012.78 1545.08
00038916 00000161 1515.24 321.34 1071.85 1553.73 1664.22 894.49 2100.98 1017.45 1707.91 1282.77 1648.41 1443.95 2016.11 1546.99
00038917 00000162 1523.03 318.40 1066.93 1565.17 1672.28 888.96 2112.33 1024.39 1715.08 1280.15 1650.95 1447.53 2029.65 1559.75
00038918 00000163 1526.34 314.43 1065.28 1570.28 1674.81 886.99 2111.78 1025.58 1713.81 1280.19 1652.02 1445.65 2029.43 1560.35
CROP_BBOX: 850 0 3255 2160
