Video ID: 	JmIfbXHgkWc
H: 	1080
W: 	1080
FPS: 	25.0

FRAME INDEX X0 Y0 W H [Landmarks (5 Points)]

00002526 00000000 368.35 153.16 366.12 549.76 462.92 362.12 641.85 361.30 564.20 461.01 482.68 569.31 633.63 568.71
00002527 00000001 367.57 152.22 365.05 552.09 461.18 361.13 640.47 359.32 563.01 459.68 481.65 568.85 634.79 567.39
00002528 00000002 365.97 150.48 366.20 553.04 461.32 360.72 640.16 359.54 562.61 459.27 481.45 568.34 634.06 567.45
00002529 00000003 365.76 149.72 367.46 549.12 461.51 360.25 640.63 359.58 561.81 456.58 481.70 567.34 630.50 567.08
00002530 00000004 365.31 150.04 368.24 545.64 461.96 360.04 640.77 359.58 561.59 454.99 482.42 566.28 628.15 566.29
00002531 00000005 364.23 149.15 368.65 546.16 462.61 359.91 640.11 360.14 561.48 453.26 481.75 565.08 625.33 565.74
00002532 00000006 364.24 148.91 369.15 547.93 462.39 360.39 639.62 359.65 561.62 453.52 482.81 566.12 627.18 565.97
00002533 00000007 365.41 148.39 367.76 545.20 461.96 359.32 642.74 358.40 565.22 453.35 483.69 565.27 631.47 564.72
00002534 00000008 366.47 149.08 366.99 542.15 461.87 358.70 645.36 358.32 566.29 454.65 481.88 563.33 634.37 563.04
00002535 00000009 367.02 149.47 366.88 541.55 462.42 358.13 645.77 358.28 566.64 454.35 482.25 562.45 634.73 562.53
00002536 00000010 366.68 148.72 366.36 543.29 461.96 358.42 644.81 358.53 565.79 453.96 481.08 562.68 633.47 562.82
00002537 00000011 365.94 148.20 365.64 541.15 461.54 358.05 644.81 359.69 565.20 453.30 478.89 561.28 630.45 562.76
00002538 00000012 364.72 147.46 367.37 540.34 460.89 358.01 644.30 359.20 564.32 453.57 478.91 561.18 630.69 562.34
00002539 00000013 364.77 147.99 367.25 539.80 460.81 358.39 643.93 359.03 563.96 453.83 479.63 561.52 630.81 562.19
00002540 00000014 364.11 148.97 368.67 539.18 460.64 358.52 644.55 359.44 564.58 454.16 479.15 561.97 631.02 562.84
00002541 00000015 364.99 148.95 367.32 535.78 460.53 358.53 644.87 359.26 565.29 454.26 479.69 561.87 631.74 562.56
00002542 00000016 365.36 149.18 366.28 532.12 459.74 358.32 643.64 357.84 564.03 454.52 483.21 563.49 629.86 563.34
00002543 00000017 363.56 149.28 367.54 536.96 462.66 363.06 641.96 362.47 567.25 454.93 485.42 564.09 631.76 563.60
00002544 00000018 367.34 153.32 363.97 531.86 465.74 369.23 645.09 366.59 571.68 457.06 485.32 563.80 637.54 561.66
00002545 00000019 366.02 153.67 365.50 533.19 466.71 365.15 646.44 366.02 572.98 456.82 484.57 562.41 636.99 563.07
00002546 00000020 366.52 152.82 366.24 534.21 462.39 364.76 644.89 363.38 569.01 459.23 482.75 564.55 636.97 563.44
00002547 00000021 364.06 149.55 367.83 540.83 459.82 364.06 640.55 361.60 565.42 460.01 481.30 565.68 634.19 563.57
00002548 00000022 362.68 150.47 368.48 545.39 457.15 363.91 638.33 360.52 561.76 461.19 479.88 568.22 633.13 565.37
00002549 00000023 358.36 150.58 370.17 545.41 453.98 365.08 636.13 360.52 559.44 463.21 476.36 567.16 633.83 563.17
00002550 00000024 355.85 150.14 370.51 545.34 451.05 364.89 635.16 360.95 557.20 464.70 472.89 568.23 631.30 564.75
00002551 00000025 357.09 151.66 368.03 541.75 450.24 364.95 634.49 360.57 556.89 464.92 472.85 568.49 630.49 564.73
00002552 00000026 358.64 154.34 368.65 550.40 454.87 363.92 632.62 358.96 557.35 461.33 482.21 574.19 629.02 570.23
00002553 00000027 360.43 153.58 366.63 554.77 456.45 363.65 633.38 357.89 557.07 459.53 484.66 577.42 627.73 572.92
00002554 00000028 360.34 152.98 367.86 556.54 456.57 363.27 634.63 358.31 558.11 458.88 482.45 576.30 628.64 572.44
00002555 00000029 359.33 152.60 365.93 547.93 454.85 363.40 633.33 358.24 558.10 458.43 481.44 572.20 627.59 567.99
00002556 00000030 357.34 151.67 366.73 545.68 452.46 362.61 633.97 358.81 557.57 460.33 475.75 569.52 627.74 566.36
00002557 00000031 357.19 150.57 367.61 552.11 451.18 361.68 631.61 356.77 554.32 458.18 475.89 571.01 627.76 566.90
00002558 00000032 357.32 151.23 366.32 554.68 452.40 360.97 630.60 356.81 552.44 457.22 476.27 570.78 625.81 567.59
00002559 00000033 357.82 151.04 367.80 555.59 452.50 361.14 631.82 357.68 553.75 457.21 474.78 570.56 627.93 567.66
00002560 00000034 359.44 151.42 367.74 552.75 453.58 362.18 633.86 357.48 556.12 458.85 476.14 569.49 632.05 565.46
00002561 00000035 359.64 152.33 367.62 546.28 454.88 362.82 634.68 357.16 558.83 458.84 480.52 568.82 631.92 564.20
00002562 00000036 360.54 153.03 367.92 541.87 454.97 364.46 636.16 358.22 559.40 459.85 481.82 570.73 629.90 565.74
00002563 00000037 360.78 152.37 367.98 543.59 454.42 364.97 635.95 358.12 559.48 460.99 483.02 572.41 630.58 566.92
00002564 00000038 360.24 152.61 366.23 542.49 453.33 364.45 635.95 359.78 558.91 461.71 479.41 572.28 627.80 568.57
00002565 00000039 359.33 153.49 366.61 540.47 453.02 364.66 635.74 360.86 558.54 462.65 477.86 571.73 626.70 568.73
00002566 00000040 359.88 153.56 366.87 541.88 453.88 364.53 636.52 360.53 559.57 461.74 478.89 572.31 627.77 569.10
00002567 00000041 362.21 152.89 366.64 541.92 455.40 363.63 638.76 360.42 562.27 461.91 480.32 572.48 629.00 569.96
00002568 00000042 362.73 151.75 367.49 544.99 456.77 363.38 639.62 360.38 563.26 459.81 481.64 572.23 629.95 569.80
00002569 00000043 362.92 152.62 368.42 544.07 457.00 363.82 640.12 360.24 564.11 460.94 483.73 573.67 630.60 570.76
00002570 00000044 362.47 154.02 368.13 544.81 456.25 365.24 638.58 360.65 563.47 462.04 483.37 574.21 631.48 570.39
00002571 00000045 361.22 154.67 368.63 544.84 454.98 365.53 638.42 360.87 563.30 462.82 481.25 574.60 632.10 570.70
00002572 00000046 361.20 156.52 369.37 547.49 455.75 366.48 638.66 362.79 563.87 464.86 481.38 576.86 631.45 573.83
00002573 00000047 362.08 155.03 369.31 547.60 456.92 365.92 638.89 362.40 564.79 463.44 482.71 574.66 633.18 571.64
00002574 00000048 363.85 153.78 368.68 546.48 458.27 365.70 640.15 362.57 566.14 462.66 483.95 573.41 634.48 570.58
00002575 00000049 363.46 153.30 369.58 546.35 457.58 365.82 639.97 362.58 564.61 462.93 482.60 572.79 634.24 569.92
00002576 00000050 362.26 154.44 369.32 542.87 456.57 365.85 638.72 362.59 563.59 463.91 481.85 572.05 632.81 569.24
00002577 00000051 361.84 155.17 369.47 540.42 455.53 366.02 639.05 362.48 563.33 463.80 480.74 571.71 633.21 568.72
00002578 00000052 363.45 154.05 369.78 542.89 457.08 365.71 639.65 363.13 563.68 463.92 481.73 573.06 632.30 570.87
00002579 00000053 363.47 155.39 373.11 542.62 459.70 367.18 642.87 365.93 564.91 464.36 482.99 573.70 634.90 572.43
00002580 00000054 367.14 156.96 366.95 544.05 465.26 373.33 645.14 371.05 571.84 465.74 485.04 574.62 638.21 572.69
00002581 00000055 366.04 160.60 371.40 544.46 463.56 370.83 643.09 367.02 568.78 465.96 489.53 578.07 638.24 575.07
00002582 00000056 367.65 161.72 370.32 551.66 462.35 370.38 642.88 365.78 565.90 468.22 487.64 583.08 635.86 579.64
00002583 00000057 367.84 160.71 369.58 556.89 460.74 371.27 642.35 366.53 564.21 470.18 483.91 584.22 635.75 580.58
00002584 00000058 367.01 161.20 370.70 556.06 460.44 371.25 642.16 367.22 563.49 471.75 483.37 583.96 635.19 580.81
00002585 00000059 366.55 161.54 370.00 550.81 460.37 372.36 642.63 367.95 565.98 475.01 484.96 584.55 635.14 581.16
00002586 00000060 366.65 163.24 370.43 550.76 462.73 376.64 644.11 374.12 567.73 476.85 487.67 586.97 635.39 585.14
00002587 00000061 367.05 162.02 368.89 558.53 467.41 387.43 648.36 386.64 571.78 481.65 488.25 595.92 632.30 596.21
00002588 00000062 369.15 163.19 371.04 573.64 466.11 392.40 646.66 394.58 567.49 491.72 486.62 607.03 625.01 610.14
00002589 00000063 366.96 173.40 373.19 561.43 464.83 402.19 645.96 404.15 562.34 497.11 484.62 611.60 620.44 614.45
00002590 00000064 365.64 176.04 373.71 560.44 459.22 403.68 641.42 400.70 557.47 501.71 482.47 613.10 621.82 611.78
00002591 00000065 362.82 173.93 375.39 558.31 456.82 400.60 640.88 398.09 555.99 503.53 474.68 608.42 621.11 607.42
00002592 00000066 361.83 174.31 372.41 555.97 455.64 399.89 639.55 397.53 555.21 502.89 470.13 604.47 620.22 603.49
00002593 00000067 358.78 172.79 374.51 556.97 453.76 399.86 638.39 397.90 552.16 501.70 466.37 603.44 618.11 602.71
00002594 00000068 356.71 171.58 374.96 558.30 451.38 400.39 635.76 397.49 549.61 501.32 463.87 602.17 617.62 600.35
00002595 00000069 355.27 171.12 374.80 558.68 448.93 401.25 634.12 396.93 547.73 501.52 462.35 602.21 617.23 599.09
00002596 00000070 355.23 171.05 374.10 558.14 448.41 401.33 634.47 395.98 548.83 502.40 463.09 602.32 619.95 598.22
00002597 00000071 354.06 170.76 374.34 560.02 448.27 401.45 634.18 395.28 549.42 503.03 462.46 599.09 625.70 593.85
00002598 00000072 352.82 170.73 373.79 565.35 446.43 401.07 631.44 394.68 547.25 503.00 461.35 600.21 625.00 594.66
00002599 00000073 349.95 174.72 372.70 564.16 443.39 400.91 626.39 400.13 540.43 502.92 456.89 608.07 603.66 607.90
00002600 00000074 345.11 173.99 371.98 566.81 437.02 402.91 622.98 402.74 535.93 508.17 450.60 613.46 595.93 613.83
00002601 00000075 344.82 175.74 372.48 565.29 437.54 404.18 622.55 403.64 535.93 510.21 451.81 613.81 596.54 613.78
00002602 00000076 347.81 174.72 371.44 561.96 441.25 404.83 625.85 401.94 540.75 508.99 457.92 614.13 600.96 612.37
00002603 00000077 349.16 175.17 370.36 557.13 443.35 405.41 627.54 401.45 543.49 510.23 462.13 614.32 602.99 611.72
00002604 00000078 348.02 177.11 370.78 553.62 441.09 404.81 625.62 401.00 540.81 509.90 458.62 612.72 601.18 610.15
00002605 00000079 346.37 174.88 371.60 562.10 437.88 403.43 623.87 398.71 538.44 509.08 454.91 611.72 603.28 608.15
00002606 00000080 346.26 173.81 372.24 562.29 438.69 401.97 624.65 398.51 538.74 507.98 454.35 610.17 603.11 607.66
00002607 00000081 350.34 173.34 370.65 558.68 443.79 400.52 628.78 399.54 543.43 509.14 456.44 607.51 605.04 607.23
00002608 00000082 353.71 172.69 370.88 560.12 447.51 400.59 632.04 399.76 546.70 510.16 463.25 610.82 607.09 610.98
00002609 00000083 353.31 172.86 372.53 559.15 447.83 400.84 631.47 399.01 546.70 506.68 467.43 612.43 606.75 611.78
00002610 00000084 353.28 173.70 371.58 562.58 447.30 399.51 629.90 398.24 544.62 504.60 466.95 613.40 604.18 613.22
00002611 00000085 351.90 171.77 371.13 565.08 446.32 397.79 627.78 398.25 542.19 502.46 464.50 612.96 599.26 614.32
00002612 00000086 353.00 168.92 372.80 563.11 447.16 397.38 629.37 396.18 544.75 502.23 469.35 613.47 602.61 613.58
00002613 00000087 353.41 169.43 374.02 561.63 448.56 397.98 632.04 395.53 547.83 502.49 471.21 612.67 608.22 611.49
00002614 00000088 353.50 168.47 373.50 560.25 450.47 398.08 634.43 394.71 551.33 503.22 473.44 609.08 614.19 607.01
00002615 00000089 354.22 169.08 373.30 558.70 450.76 399.43 634.90 395.83 551.72 503.45 473.40 608.49 615.04 606.10
00002616 00000090 353.58 168.99 373.95 561.40 450.68 400.56 635.06 395.94 552.63 504.30 473.88 608.85 617.97 605.54
00002617 00000091 354.89 171.12 373.26 558.31 452.33 401.72 636.42 396.00 555.14 504.17 474.97 607.71 620.78 603.54
00002618 00000092 355.49 171.17 373.54 558.12 452.68 402.23 636.96 395.66 556.34 504.74 474.76 607.17 622.72 602.30
00002619 00000093 355.74 171.38 373.60 557.90 451.95 402.50 636.20 395.34 554.89 504.83 473.12 605.44 623.89 600.04
00002620 00000094 354.32 170.50 373.31 560.88 449.82 402.49 634.10 395.75 551.98 504.56 470.28 606.33 620.88 601.25
00002621 00000095 354.17 169.88 372.65 558.61 447.19 403.03 633.11 395.61 549.68 506.19 467.85 605.47 621.32 599.67
00002622 00000096 354.51 170.12 373.13 558.67 449.09 402.60 634.96 395.55 551.60 505.27 469.11 604.88 622.90 599.43
00002623 00000097 356.29 168.26 373.51 560.64 451.09 401.31 636.54 393.84 554.07 503.96 472.05 604.44 625.42 598.64
00002624 00000098 356.68 168.63 373.37 560.77 452.37 400.92 637.29 392.96 555.96 503.52 473.62 603.97 627.26 597.83
00002625 00000099 355.85 169.10 373.75 560.39 451.80 400.05 635.77 392.57 554.33 502.67 473.56 603.74 625.29 598.00
00002626 00000100 354.09 167.92 373.37 562.60 450.37 400.18 634.78 393.74 551.98 502.92 470.81 603.93 622.57 599.06
00002627 00000101 352.49 166.96 373.52 564.36 449.23 400.85 633.36 395.21 549.98 503.15 468.75 604.60 619.06 600.39
00002628 00000102 353.56 168.62 372.50 562.30 448.18 401.16 632.62 396.40 548.42 505.45 467.87 606.27 616.62 602.92
00002629 00000103 352.93 169.96 373.80 562.40 449.08 402.98 633.12 398.10 549.33 505.28 468.09 606.88 617.06 603.36
00002630 00000104 352.28 170.54 373.84 566.32 449.91 404.60 631.92 400.13 549.45 505.32 469.04 607.37 618.02 603.99
00002631 00000105 341.33 178.73 369.72 547.97 440.19 420.69 621.37 412.05 541.93 510.54 455.71 606.12 612.38 597.99
00002632 00000106 342.69 176.71 369.38 550.02 442.32 418.57 622.30 410.00 543.53 509.82 457.40 604.55 613.78 596.48
00002633 00000107 342.23 175.36 368.89 552.58 439.52 417.66 619.37 408.88 539.27 508.30 454.31 603.46 612.02 595.17
00002634 00000108 340.20 178.36 367.75 552.04 431.81 416.66 610.88 410.60 526.56 508.64 443.92 605.44 598.34 599.88
00002635 00000109 338.63 179.71 368.51 554.19 430.75 417.44 607.09 415.29 520.66 511.03 440.82 609.60 585.69 607.92
00002636 00000110 340.40 179.97 367.53 554.18 434.68 417.03 612.34 415.22 527.22 511.07 445.23 611.22 587.78 609.96
00002637 00000111 344.17 176.51 371.23 563.53 443.55 413.83 622.52 412.26 539.50 509.66 456.79 613.95 598.33 612.71
00002638 00000112 348.42 174.48 370.13 567.49 449.16 412.06 626.49 411.18 546.37 509.72 464.70 614.81 602.20 614.43
00002639 00000113 348.07 174.04 369.81 569.89 447.68 410.57 624.78 408.76 545.07 508.32 465.23 617.09 600.51 616.03
00002640 00000114 343.76 176.40 369.34 569.11 439.60 411.06 617.80 409.81 535.08 508.15 454.39 616.48 592.54 615.76
00002641 00000115 341.32 177.03 365.58 562.94 435.32 413.61 610.72 413.01 526.25 510.98 445.46 612.01 584.54 612.04
00002642 00000116 341.26 177.13 366.22 561.64 435.67 413.12 611.09 412.80 526.10 510.97 445.47 611.27 584.44 611.55
00002643 00000117 343.26 174.50 370.14 566.36 440.33 410.44 618.82 409.89 535.57 508.74 454.23 613.79 592.96 613.70
00002644 00000118 348.59 173.18 368.84 567.31 449.31 409.97 625.68 408.34 546.70 507.94 466.81 614.84 601.10 614.02
00002645 00000119 349.15 172.69 371.10 565.57 450.90 409.55 627.23 407.47 548.72 507.63 469.69 614.81 603.29 613.64
00002646 00000120 345.32 173.02 370.98 561.50 441.82 407.81 621.00 405.74 540.01 506.64 462.25 616.43 595.02 615.37
00002647 00000121 344.05 173.76 366.72 558.41 434.13 411.08 614.80 407.17 529.92 509.40 450.61 613.05 590.87 610.37
00002648 00000122 344.01 173.22 365.76 559.85 433.72 411.61 614.25 408.29 529.04 510.26 448.50 611.59 591.54 609.32
00002649 00000123 346.40 172.08 370.48 564.61 442.88 408.81 622.39 405.73 540.56 507.08 461.73 614.25 598.60 612.14
00002650 DELETE   350.69 174.64 371.57 568.27 453.50 415.28 630.36 412.25 553.56 510.30 476.63 620.60 610.01 618.45
00002651 00000125 356.18 177.49 369.09 570.38 459.26 417.66 634.68 415.16 558.61 510.67 481.33 622.02 613.22 620.39
00002652 00000126 356.61 178.26 367.76 572.69 455.17 411.82 631.51 407.98 556.28 515.15 479.86 624.79 612.55 622.23
00002653 00000127 352.93 175.31 367.89 572.44 447.71 410.61 626.38 408.07 546.96 518.79 468.00 620.06 607.16 618.50
00002654 00000128 347.15 177.14 367.35 567.46 440.53 411.89 619.77 408.84 537.52 519.37 455.75 616.75 599.51 614.60
00002655 00000129 346.26 176.31 365.98 565.51 438.04 411.97 617.64 409.19 534.45 519.82 452.36 614.81 597.68 612.82
00002656 00000130 347.26 175.13 367.85 565.69 440.39 411.08 622.84 406.44 541.58 516.74 457.16 614.62 605.44 610.94
00002657 00000131 353.20 175.46 369.33 558.53 451.73 407.66 632.63 402.55 556.70 513.38 474.36 614.49 615.38 610.71
00002658 00000132 357.44 178.06 367.33 552.95 457.56 406.29 637.38 395.14 566.42 508.58 486.98 611.81 630.30 602.94
00002659 00000133 351.75 170.72 371.61 555.22 453.55 404.24 636.35 394.08 562.01 510.71 478.59 608.40 626.08 600.37
00002660 00000134 346.57 168.14 372.73 563.19 443.51 401.25 625.03 396.78 544.59 509.12 462.56 608.11 605.94 605.11
00002661 00000135 343.45 172.06 367.90 558.29 433.60 400.36 615.72 396.31 533.13 507.39 450.99 606.84 596.53 603.81
00002662 00000136 339.02 170.96 368.93 553.22 429.05 397.31 611.49 395.73 525.57 504.23 448.08 599.84 593.58 599.11
00002663 00000137 341.35 170.39 370.29 554.69 433.13 398.92 613.51 393.26 532.70 503.44 452.95 602.98 597.81 598.61
00002664 00000138 342.43 164.55 370.29 550.75 437.83 397.54 619.40 385.86 543.00 498.64 459.98 594.46 615.56 584.52
CROP_BBOX: 67 0 937 875
