Video ID: 	Eyy7wH63IL8
H: 	1080
W: 	1920
FPS: 	25.0

FRAME INDEX X0 Y0 W H [Landmarks (5 Points)]

00001025 00000000 965.76 199.17 420.54 581.49 1045.48 417.74 1227.65 404.49 1118.36 506.27 1073.11 632.91 1220.67 623.07
00001026 00000001 965.10 197.49 420.20 581.52 1044.64 416.27 1226.26 403.30 1116.51 504.89 1071.25 629.46 1220.32 619.72
00001027 00000002 963.81 196.01 420.81 578.96 1043.47 415.63 1225.70 402.11 1116.04 502.62 1070.50 626.99 1219.99 616.75
00001028 00000003 961.90 194.95 423.18 583.15 1040.95 415.53 1222.85 399.27 1111.81 498.48 1068.79 626.78 1218.34 614.13
00001029 00000004 967.11 197.28 418.96 582.09 1037.55 419.84 1218.84 399.39 1103.35 493.07 1066.01 629.00 1205.79 612.29
00001030 00000005 966.72 196.23 418.89 580.09 1034.96 420.35 1214.50 397.60 1099.46 492.05 1065.23 628.49 1203.85 609.84
00001031 00000006 967.44 197.16 413.99 571.07 1034.38 418.01 1214.25 397.05 1097.38 490.79 1063.06 625.08 1202.63 607.97
00001032 00000007 965.82 196.11 416.12 568.57 1031.73 416.32 1214.05 394.50 1095.61 487.95 1058.85 624.14 1202.33 606.52
00001033 00000008 964.74 196.45 416.13 565.43 1031.11 414.74 1212.10 392.76 1095.97 484.80 1059.06 620.79 1200.27 603.00
00001034 00000009 964.32 196.04 415.06 563.51 1030.94 414.35 1209.66 392.25 1094.44 483.98 1059.59 619.01 1199.12 601.10
00001035 00000010 963.56 197.78 415.80 562.77 1030.55 415.92 1209.37 392.92 1094.57 483.70 1059.57 619.22 1199.75 600.48
00001036 00000011 963.17 198.69 415.47 560.72 1030.01 416.35 1208.55 393.56 1094.58 484.28 1059.13 618.59 1199.07 600.03
00001037 00000012 964.45 197.89 414.20 559.57 1030.29 419.13 1205.89 394.89 1093.29 483.81 1059.68 618.05 1197.74 598.32
00001038 00000013 964.97 196.23 414.34 562.25 1030.19 423.53 1204.96 396.37 1093.63 483.66 1059.61 619.41 1198.40 597.22
00001039 00000014 964.55 194.75 414.80 564.81 1029.54 424.86 1204.46 395.95 1093.77 484.23 1059.64 619.97 1200.87 596.32
00001040 00000015 964.68 196.12 417.49 567.51 1029.55 425.93 1203.99 395.35 1092.75 484.43 1062.22 621.16 1202.62 596.02
00001041 00000016 964.81 197.41 418.13 570.15 1029.99 426.61 1203.44 394.08 1092.52 483.66 1064.88 623.72 1203.61 596.79
00001042 00000017 963.58 200.05 420.28 572.87 1029.22 427.43 1203.42 393.37 1092.74 484.09 1067.27 626.27 1206.02 597.81
00001043 00000018 963.26 200.24 420.62 575.57 1030.01 427.02 1203.22 393.61 1092.62 485.16 1067.30 626.49 1206.50 598.49
00001044 00000019 963.23 200.46 421.43 578.10 1030.07 427.13 1203.83 393.24 1092.87 485.89 1067.92 627.66 1208.70 599.27
00001045 00000020 963.48 200.59 420.89 577.54 1030.21 426.91 1203.69 393.27 1093.01 486.35 1067.85 627.55 1208.91 599.30
00001046 00000021 964.13 199.42 420.85 574.62 1029.09 428.34 1203.43 395.25 1092.77 487.89 1067.10 626.65 1208.35 599.02
00001047 00000022 963.86 197.82 419.14 566.37 1028.69 427.88 1202.92 395.88 1094.04 488.37 1065.94 624.14 1207.83 597.59
00001048 00000023 964.78 197.16 419.16 570.33 1029.76 427.48 1202.76 396.31 1093.60 488.06 1066.98 623.67 1205.78 597.92
00001049 00000024 964.78 196.05 419.88 574.53 1030.24 427.53 1203.57 396.72 1094.69 488.80 1068.39 624.92 1206.66 599.39
00001050 00000025 964.14 194.94 418.92 571.98 1029.29 428.17 1204.16 397.37 1095.52 489.62 1067.47 625.47 1206.98 599.92
00001051 00000026 964.72 196.23 420.24 572.77 1029.65 427.77 1205.51 397.06 1095.85 489.46 1068.15 625.59 1208.82 600.02
00001052 00000027 965.14 198.61 419.38 569.15 1029.97 427.70 1204.77 397.09 1095.62 489.72 1069.60 625.70 1207.82 600.19
00001053 00000028 965.45 197.98 423.06 578.55 1031.58 427.78 1206.96 395.78 1096.30 490.13 1071.79 628.67 1212.47 601.83
00001054 00000029 966.30 201.01 422.41 578.79 1034.38 429.73 1206.31 394.94 1097.05 488.43 1076.16 631.17 1213.58 601.92
00001055 00000030 966.37 202.36 423.52 577.50 1034.82 430.13 1207.49 394.74 1098.48 487.89 1078.44 631.80 1215.45 601.92
00001056 00000031 966.20 201.36 422.87 577.54 1035.61 429.70 1207.80 394.91 1099.67 486.95 1078.94 630.57 1214.15 601.29
00001057 00000032 957.51 199.56 425.06 580.65 1038.84 424.39 1210.30 393.98 1109.25 491.30 1077.78 628.77 1222.34 603.85
00001058 00000033 965.88 200.99 421.93 575.72 1035.24 429.90 1207.00 395.35 1099.65 486.37 1079.23 628.69 1212.16 599.71
00001059 00000034 965.55 200.84 422.15 576.83 1035.20 429.95 1207.33 395.70 1100.28 486.07 1078.93 627.71 1212.24 599.01
00001060 00000035 965.33 199.49 421.92 576.44 1034.29 430.48 1206.92 396.42 1099.49 486.13 1076.96 627.01 1212.47 598.47
00001061 00000036 964.85 198.97 423.70 580.12 1033.27 431.35 1207.69 397.07 1098.43 487.89 1074.26 627.87 1215.96 599.12
00001062 00000037 957.29 200.30 426.46 585.25 1037.57 425.78 1210.90 393.38 1108.47 492.39 1077.07 629.28 1228.60 602.17
00001063 00000038 965.00 202.48 425.51 586.94 1037.09 431.71 1209.53 395.65 1099.80 487.49 1078.18 631.25 1220.22 600.82
00001064 00000039 965.85 200.53 424.44 585.05 1036.62 431.47 1209.57 395.99 1100.26 488.00 1077.79 630.56 1219.68 600.61
00001065 00000040 965.27 198.88 424.77 585.49 1035.19 432.75 1208.78 397.40 1100.05 489.02 1076.10 629.77 1219.65 599.86
00001066 00000041 964.95 198.41 424.15 583.58 1035.05 433.55 1209.43 398.63 1102.01 490.43 1076.67 629.63 1219.64 600.12
00001067 00000042 963.86 194.91 427.78 588.99 1034.54 436.51 1208.61 398.66 1102.97 491.62 1078.33 631.77 1221.51 599.81
00001068 00000043 961.53 193.18 430.36 598.70 1036.11 439.73 1209.12 399.10 1107.02 496.49 1083.73 636.86 1227.29 602.51
00001069 00000044 959.36 191.08 434.93 603.57 1033.96 447.50 1208.28 397.87 1110.46 505.15 1088.95 645.06 1236.10 603.40
00001070 00000045 948.85 200.76 433.10 597.58 1032.88 444.69 1210.19 396.61 1125.60 518.74 1097.24 647.87 1254.71 607.63
00001071 00000046 939.45 202.72 440.55 599.68 1029.67 451.61 1206.13 399.55 1126.11 525.65 1101.19 652.54 1258.33 608.95
00001072 00000047 930.45 196.20 444.04 607.11 1024.13 455.02 1200.17 399.14 1122.52 523.29 1099.89 653.42 1254.89 606.15
00001073 00000048 925.26 209.70 438.02 588.84 1021.41 463.48 1187.07 401.37 1119.88 522.18 1098.79 657.64 1244.67 605.41
00001074 00000049 916.44 209.70 441.57 597.61 1014.06 461.65 1179.84 396.85 1110.87 519.76 1091.29 660.33 1239.81 606.13
00001075 00000050 910.08 212.29 440.81 599.37 1006.65 463.17 1170.65 397.02 1101.46 518.92 1087.63 664.34 1234.62 609.36
00001076 00000051 905.42 214.98 442.69 600.05 1003.61 464.29 1166.70 398.56 1098.08 521.49 1085.83 663.94 1234.16 609.31
00001077 00000052 903.35 211.22 445.08 606.14 1002.04 465.61 1164.43 399.32 1095.67 522.37 1084.70 664.51 1232.68 609.47
00001078 00000053 901.96 210.62 447.04 607.02 1001.44 465.92 1164.77 400.55 1095.61 523.23 1083.85 665.83 1231.85 611.29
00001079 00000054 904.96 214.69 444.41 602.75 1002.79 466.27 1165.43 401.59 1095.60 523.97 1083.80 665.23 1232.08 611.13
00001080 00000055 905.63 213.27 445.56 601.91 1003.13 466.49 1167.38 401.19 1096.98 524.54 1083.71 664.59 1233.02 609.96
00001081 00000056 910.91 213.55 441.67 598.16 1005.78 467.07 1169.43 400.90 1098.95 523.72 1084.47 662.34 1234.66 606.88
00001082 00000057 914.26 213.63 441.55 600.41 1009.04 465.44 1173.18 400.55 1101.00 523.28 1084.77 660.71 1236.17 606.49
00001083 00000058 918.44 213.50 439.65 602.75 1011.63 465.48 1175.58 401.36 1102.36 523.50 1085.82 661.29 1236.95 607.82
00001084 00000059 922.52 215.46 438.09 599.49 1014.90 464.75 1179.01 403.09 1104.94 523.18 1087.25 660.97 1237.15 609.54
00001085 00000060 925.18 213.79 438.60 598.90 1016.59 464.62 1182.52 405.06 1106.19 523.96 1085.85 658.67 1237.86 608.99
00001086 00000061 927.51 201.79 446.27 598.15 1008.85 462.42 1182.12 399.57 1098.92 514.54 1081.03 654.13 1229.72 600.76
00001087 00000062 927.77 202.12 445.76 598.00 1010.10 459.53 1182.69 399.65 1099.41 514.55 1081.66 652.25 1229.05 601.30
00001088 00000063 928.23 201.94 444.18 597.05 1010.29 459.39 1183.93 398.74 1100.78 513.44 1081.28 651.59 1229.71 600.23
00001089 00000064 929.54 201.54 442.23 595.90 1011.00 459.47 1184.26 399.58 1101.20 513.41 1081.49 651.28 1229.43 600.57
00001090 00000065 930.07 202.24 442.05 594.46 1011.53 459.03 1184.66 399.10 1102.14 514.32 1082.46 651.29 1229.41 600.49
00001091 00000066 930.87 203.13 442.73 596.28 1012.17 459.17 1185.66 399.91 1102.44 515.70 1082.88 651.85 1230.45 601.58
00001092 00000067 932.36 203.53 441.02 596.29 1012.94 459.07 1187.15 401.24 1102.68 515.58 1081.74 652.15 1229.38 603.15
00001093 00000068 933.22 203.68 440.82 597.16 1014.39 457.88 1188.91 401.91 1103.82 516.57 1083.16 652.26 1228.76 604.88
00001094 00000069 934.21 203.59 442.61 597.40 1014.70 458.42 1190.00 401.84 1103.59 515.66 1083.01 651.65 1230.99 603.76
00001095 00000070 936.17 200.92 441.69 598.88 1015.26 458.41 1191.45 401.67 1103.91 515.24 1083.92 651.63 1231.90 603.61
00001096 00000071 936.76 202.73 443.37 598.30 1016.65 458.12 1193.06 401.22 1104.95 514.70 1084.96 651.02 1233.91 602.90
00001097 00000072 938.55 202.94 441.75 596.12 1018.37 457.79 1193.92 402.10 1106.43 515.54 1085.52 650.55 1234.29 603.32
00001098 00000073 940.17 203.92 442.88 597.80 1021.22 458.10 1195.60 402.45 1108.61 516.56 1088.45 651.21 1236.65 604.08
00001099 00000074 945.13 204.46 437.78 597.19 1026.06 461.72 1197.54 407.54 1111.41 516.77 1091.60 651.49 1237.31 605.69
00001100 00000075 945.81 205.45 439.66 604.99 1027.62 460.34 1197.68 407.80 1109.66 516.70 1095.45 658.02 1234.43 613.81
00001101 00000076 946.27 203.85 440.78 610.02 1028.98 459.02 1198.23 407.53 1108.64 514.31 1098.75 662.80 1231.09 619.64
00001102 00000077 946.40 199.62 438.77 597.47 1025.32 456.31 1199.66 405.91 1108.06 515.15 1093.09 656.80 1226.92 614.76
00001103 00000078 945.25 202.22 438.31 595.82 1024.04 452.06 1200.19 401.90 1107.53 511.64 1091.62 653.35 1226.73 611.64
00001104 00000079 945.30 200.64 437.83 596.53 1023.10 451.38 1200.05 401.60 1106.72 510.85 1090.14 653.00 1226.45 611.48
00001105 00000080 946.38 202.56 437.82 593.54 1024.49 452.81 1199.25 404.23 1106.29 512.58 1091.87 653.69 1224.95 612.96
00001106 00000081 948.67 203.17 433.98 595.68 1026.03 453.32 1200.54 407.89 1107.28 514.99 1090.59 653.23 1224.79 615.16
00001107 00000082 947.74 206.48 435.79 590.63 1025.86 453.82 1200.08 409.43 1107.32 516.23 1089.90 652.81 1223.61 615.69
00001108 00000083 948.25 206.38 434.79 587.88 1025.91 454.17 1200.23 410.59 1107.54 517.45 1087.84 651.38 1221.97 614.97
00001109 00000084 947.88 207.48 435.44 587.97 1025.74 454.19 1200.38 410.20 1107.49 517.18 1088.03 650.68 1223.65 613.90
00001110 00000085 949.91 209.70 433.96 585.37 1026.98 455.02 1200.02 411.68 1107.18 517.85 1088.11 650.14 1221.82 614.03
00001111 00000086 949.91 209.76 435.49 590.28 1027.88 455.37 1201.39 412.31 1107.67 519.18 1089.48 652.57 1222.75 616.85
00001112 00000087 951.49 209.24 433.34 586.89 1028.69 456.46 1200.80 413.68 1108.22 520.20 1090.44 653.48 1220.55 617.98
00001113 00000088 952.31 208.75 433.43 588.52 1029.61 456.37 1201.35 414.36 1108.56 521.51 1091.25 654.35 1220.56 619.44
00001114 00000089 953.33 207.39 433.08 590.01 1030.10 455.13 1202.27 413.80 1108.19 519.97 1091.87 653.81 1220.02 619.45
00001115 00000090 953.03 208.01 433.46 590.06 1029.92 453.35 1204.76 413.50 1109.30 520.01 1090.71 652.75 1220.96 619.61
00001116 00000091 953.08 207.00 433.27 588.49 1030.00 454.15 1204.07 413.79 1109.36 519.57 1089.75 651.26 1220.65 617.65
00001117 00000092 953.53 207.43 432.69 588.42 1030.44 452.95 1204.61 412.79 1109.77 518.07 1090.50 650.58 1221.71 617.07
00001118 00000093 953.73 207.57 433.56 588.84 1029.96 452.62 1204.87 412.03 1108.85 516.88 1090.16 650.88 1222.03 617.03
00001119 00000094 954.13 205.47 433.32 592.69 1030.24 451.59 1205.99 411.65 1108.54 516.24 1088.31 650.31 1222.11 617.01
00001120 00000095 954.38 206.33 432.73 589.39 1030.58 451.73 1205.81 412.49 1108.77 515.90 1088.64 649.10 1221.38 616.30
00001121 00000096 954.35 207.07 432.97 592.27 1030.92 451.62 1206.45 412.39 1109.18 516.23 1089.17 650.68 1222.16 617.97
00001122 00000097 954.00 207.32 432.79 591.03 1030.66 451.30 1205.51 412.52 1108.77 516.49 1089.84 651.32 1219.95 619.01
00001123 00000098 953.95 205.82 433.58 588.79 1029.64 452.48 1205.14 412.79 1108.72 519.21 1089.32 651.03 1220.95 617.94
00001124 00000099 953.93 206.61 432.53 584.84 1028.71 451.13 1205.00 411.98 1108.24 518.26 1087.87 648.98 1219.41 616.29
00001125 00000100 954.03 206.12 431.60 584.47 1029.16 450.50 1204.65 411.91 1108.38 517.64 1088.25 647.92 1218.57 615.65
00001126 00000101 952.94 207.29 433.12 588.21 1028.92 451.39 1203.84 411.75 1107.80 517.10 1088.55 650.17 1219.38 617.09
00001127 00000102 952.60 207.09 433.95 591.43 1029.20 452.60 1203.65 412.20 1106.99 517.52 1088.33 651.78 1220.84 618.12
00001128 00000103 953.19 208.30 432.52 589.07 1028.90 453.47 1202.38 413.25 1106.07 518.32 1088.31 652.71 1218.51 619.25
00001129 00000104 952.42 208.79 435.01 587.88 1028.05 454.04 1202.98 412.75 1106.46 519.62 1088.53 651.86 1221.81 617.43
00001130 00000105 951.90 209.19 434.97 587.31 1027.62 453.52 1203.17 411.14 1106.37 518.48 1087.53 650.56 1224.51 615.21
00001131 00000106 951.49 208.26 435.13 591.73 1028.65 453.41 1202.73 410.43 1106.49 516.42 1089.05 651.98 1224.18 616.22
00001132 00000107 951.72 208.77 435.87 595.38 1029.17 453.44 1202.83 410.27 1106.02 516.24 1090.21 654.62 1224.52 618.72
00001133 00000108 952.07 208.18 436.22 595.70 1028.69 453.37 1202.90 409.91 1105.26 516.27 1089.26 654.95 1224.95 618.73
00001134 00000109 952.82 205.72 435.33 596.08 1028.80 453.46 1202.94 410.39 1104.88 515.96 1088.78 653.91 1223.98 617.94
00001135 00000110 952.34 204.30 435.77 593.66 1028.20 453.43 1203.07 410.55 1105.22 516.10 1087.04 651.72 1223.23 615.94
00001136 00000111 952.68 205.86 434.67 591.80 1027.98 452.03 1203.02 409.77 1105.53 515.29 1086.77 650.14 1222.83 614.86
00001137 00000112 952.66 205.43 434.68 591.50 1027.68 452.08 1203.33 409.85 1105.20 515.36 1086.50 649.55 1223.09 614.29
00001138 00000113 953.24 206.42 433.71 589.42 1027.89 452.24 1203.46 410.36 1105.70 515.43 1086.57 649.37 1222.11 614.40
00001139 00000114 952.16 207.03 435.46 590.88 1027.28 453.90 1204.54 412.25 1106.18 519.16 1084.43 650.76 1222.95 616.08
00001140 00000115 952.45 205.95 434.82 592.71 1027.94 454.53 1203.36 412.91 1106.17 519.36 1084.78 650.62 1223.30 615.88
00001141 00000116 952.68 205.12 434.41 592.27 1027.65 455.45 1202.63 413.81 1105.92 520.87 1084.15 650.97 1222.54 616.24
00001142 00000117 953.57 205.30 432.98 589.89 1027.94 454.01 1203.20 414.05 1106.33 521.49 1084.43 650.37 1220.50 617.08
00001143 00000118 953.48 204.77 433.59 593.83 1028.94 454.29 1203.57 414.73 1106.48 521.10 1086.12 651.61 1220.22 618.65
00001144 00000119 953.31 205.00 433.08 593.80 1030.23 455.08 1203.70 416.14 1107.37 521.05 1087.68 653.66 1218.01 621.34
00001145 00000120 953.45 206.60 432.89 592.28 1030.33 455.36 1203.57 416.43 1107.57 521.10 1087.34 653.99 1217.10 621.74
00001146 00000121 954.05 205.94 432.66 592.82 1030.63 454.99 1203.94 416.49 1107.66 521.25 1087.16 653.59 1216.83 621.72
00001147 00000122 953.84 205.93 432.59 591.95 1029.97 454.74 1204.08 416.16 1107.94 521.25 1086.21 653.22 1216.28 621.29
00001148 00000123 953.40 206.99 432.59 589.41 1029.97 453.61 1205.30 415.52 1108.96 520.00 1086.24 651.44 1216.99 619.87
00001149 00000124 953.67 205.85 432.80 590.93 1029.54 452.86 1205.40 413.89 1108.70 519.64 1086.37 650.92 1218.64 618.58
00001150 00000125 954.03 206.18 432.97 591.34 1030.47 451.71 1206.85 413.21 1109.74 519.39 1087.94 651.08 1218.93 619.15
00001151 00000126 955.14 206.54 432.23 590.24 1031.89 452.89 1206.41 414.70 1109.85 518.91 1088.68 651.32 1218.37 619.68
00001152 00000127 954.61 207.21 433.83 594.26 1031.87 452.87 1206.16 414.64 1109.94 521.00 1088.31 653.75 1220.27 622.07
00001153 00000128 953.53 206.91 434.94 597.98 1030.35 453.08 1204.21 413.56 1107.79 520.13 1087.08 655.58 1220.69 622.72
00001154 00000129 950.90 206.06 434.70 593.33 1024.00 448.29 1202.73 407.40 1102.53 514.35 1081.27 652.77 1218.26 618.59
00001155 00000130 949.84 200.34 431.16 592.94 1022.93 442.50 1195.16 399.42 1098.42 502.88 1081.33 644.08 1216.65 607.74
00001156 00000131 946.84 201.69 430.33 590.25 1022.27 441.54 1194.80 398.08 1097.78 491.64 1076.56 638.45 1213.10 601.64
00001157 00000132 944.13 198.78 430.18 592.03 1018.88 438.77 1192.96 393.69 1089.90 485.70 1070.42 635.09 1208.83 596.95
00001158 00000133 942.66 192.81 428.88 590.49 1014.37 438.44 1188.33 391.79 1083.02 484.84 1063.82 632.23 1204.56 592.99
00001159 00000134 935.49 185.68 432.55 576.69 1008.52 435.53 1185.48 388.85 1084.44 482.09 1060.90 627.34 1196.82 588.50
00001160 00000135 929.73 182.21 435.34 572.23 1005.24 434.48 1182.43 386.58 1082.65 479.89 1059.83 624.23 1192.64 584.42
00001161 00000136 927.95 184.70 427.56 570.03 1004.27 425.21 1177.77 382.56 1075.23 480.56 1052.83 618.21 1196.81 582.94
00001162 00000137 924.64 184.93 429.07 577.11 1001.20 427.45 1172.72 382.24 1072.38 481.85 1051.54 623.14 1194.26 586.01
00001163 00000138 920.68 188.27 427.53 581.66 1000.55 430.94 1169.17 384.30 1070.98 484.57 1052.28 632.27 1187.74 594.56
00001164 00000139 919.82 201.03 428.01 578.00 997.90 438.31 1165.66 389.71 1070.00 489.95 1053.66 638.37 1189.13 599.31
00001165 00000140 918.88 205.00 428.85 578.54 996.56 439.04 1162.48 391.42 1068.21 493.63 1054.44 641.97 1188.20 603.68
00001166 00000141 917.21 208.52 429.47 580.36 994.82 442.14 1158.56 394.11 1065.58 498.46 1055.59 645.75 1189.24 607.15
00001167 00000142 917.41 211.39 428.61 582.11 994.67 444.67 1158.09 396.33 1065.07 502.54 1055.77 648.51 1193.62 609.45
00001168 00000143 917.51 212.61 428.30 586.15 993.93 446.31 1157.74 398.45 1063.41 506.22 1053.62 650.77 1195.58 612.10
00001169 00000144 916.81 210.67 428.79 586.35 992.58 449.25 1157.43 401.03 1063.72 511.85 1052.24 651.54 1198.03 612.27
00001170 00000145 917.55 210.46 426.42 577.25 991.10 451.76 1158.11 403.10 1064.78 513.99 1049.47 650.10 1197.81 610.48
00001171 00000146 918.01 210.97 425.62 574.89 991.71 451.50 1158.78 403.81 1065.58 512.62 1048.89 650.23 1195.52 611.53
00001172 00000147 919.21 212.24 424.69 575.32 992.75 450.98 1159.52 404.54 1066.20 512.64 1049.33 650.38 1195.45 612.78
00001173 00000148 920.58 211.10 424.50 576.64 994.17 450.59 1160.14 403.64 1066.64 512.17 1051.40 649.58 1196.94 611.48
00001174 00000149 921.80 210.81 425.95 578.83 995.34 448.46 1158.72 401.52 1064.70 510.30 1053.76 650.36 1194.43 612.35
00001175 00000150 922.53 211.21 428.00 581.01 996.23 449.09 1159.24 400.79 1063.83 508.69 1054.68 651.67 1193.53 612.62
00001176 00000151 922.00 207.81 428.90 582.92 995.38 449.98 1163.09 402.57 1065.84 510.32 1051.27 651.52 1195.12 613.25
00001177 00000152 921.47 209.78 428.83 582.08 994.47 451.81 1160.47 404.68 1064.17 513.38 1050.86 655.89 1191.28 618.04
00001178 00000153 920.42 212.93 431.62 588.99 994.03 453.36 1158.25 408.62 1062.84 519.91 1054.43 661.24 1191.88 625.03
00001179 00000154 919.98 213.80 432.40 594.76 994.12 455.04 1155.83 410.26 1061.42 522.02 1056.94 664.92 1192.94 628.22
00001180 00000155 918.78 220.50 432.60 588.29 993.30 456.37 1155.17 414.40 1061.17 524.99 1053.85 665.11 1190.71 630.98
00001181 00000156 916.53 219.49 434.52 585.58 990.64 461.95 1154.44 420.42 1060.06 529.76 1049.04 667.56 1188.00 633.67
00001182 00000157 917.06 222.26 431.85 580.98 989.31 466.91 1154.91 425.66 1060.17 536.25 1045.43 670.80 1186.12 637.08
00001183 00000158 916.40 226.39 432.03 577.78 988.05 470.49 1154.97 430.70 1060.11 545.58 1044.90 673.44 1187.45 640.91
00001184 00000159 916.33 227.40 431.60 583.13 987.64 472.53 1152.33 432.92 1058.31 551.40 1046.12 678.55 1185.14 646.08
00001185 00000160 916.53 230.97 430.12 582.35 986.93 474.14 1148.94 434.60 1057.84 555.47 1046.43 680.99 1183.06 649.02
00001186 00000161 915.33 240.37 431.43 572.38 986.10 473.56 1148.16 435.02 1056.47 556.83 1046.37 681.41 1180.99 650.20
00001187 00000162 914.28 242.92 432.45 569.51 986.83 474.46 1148.36 436.61 1057.08 558.32 1046.80 682.52 1179.37 651.87
00001188 00000163 914.38 244.32 433.15 568.57 987.13 473.63 1149.22 437.02 1057.38 558.09 1047.04 682.40 1179.13 652.57
00001189 00000164 915.14 241.40 433.05 572.53 986.15 473.91 1147.90 435.56 1055.59 557.13 1046.23 681.37 1181.15 650.10
00001190 00000165 915.33 235.20 429.90 569.73 984.11 474.18 1147.88 434.30 1054.23 554.76 1041.37 678.95 1178.59 646.88
00001191 00000166 915.65 230.56 427.68 572.87 984.34 469.62 1150.22 431.25 1053.59 547.41 1039.30 673.49 1179.81 642.28
00001192 00000167 915.14 228.81 427.64 575.16 985.32 463.91 1149.17 427.63 1052.25 539.60 1039.12 670.44 1175.43 641.07
00001193 00000168 918.51 216.57 432.84 581.09 987.36 463.47 1148.61 425.26 1046.23 536.75 1040.86 662.08 1162.36 630.10
00001194 00000169 919.77 217.67 430.54 578.17 986.80 464.57 1148.47 426.98 1045.50 540.11 1039.62 661.76 1161.81 630.43
00001195 00000170 921.13 218.76 427.96 575.42 982.95 464.19 1154.37 424.24 1047.39 540.16 1033.54 667.21 1168.01 632.64
00001196 00000171 916.82 229.08 428.47 574.64 983.51 471.12 1148.97 432.65 1050.43 550.11 1037.71 674.58 1178.14 643.30
00001197 00000172 916.25 232.62 427.74 577.78 985.73 473.47 1145.06 435.99 1054.18 556.15 1044.34 678.57 1176.59 648.50
00001198 00000173 914.31 241.63 431.55 574.44 988.14 475.45 1146.68 440.62 1056.27 561.83 1048.06 684.19 1175.68 655.80
00001199 00000174 915.05 243.82 431.48 582.50 988.54 479.76 1150.37 445.75 1056.10 567.02 1048.40 692.15 1179.09 663.91
00001200 00000175 916.94 241.81 428.17 593.03 989.70 484.29 1147.26 450.28 1052.89 571.17 1050.08 699.29 1179.63 669.94
00001201 00000176 918.01 247.29 427.69 590.43 991.43 486.99 1149.99 456.94 1052.46 574.97 1049.58 701.28 1179.26 674.85
00001202 00000177 919.10 246.03 426.67 590.36 991.67 490.05 1151.98 461.23 1053.27 578.97 1046.73 703.27 1176.94 678.26
00001203 00000178 921.44 244.40 425.20 587.94 992.04 488.86 1154.85 461.47 1053.99 578.46 1042.92 700.58 1176.80 677.17
00001204 00000179 921.45 243.50 425.78 585.85 993.17 484.51 1155.45 457.69 1056.07 574.04 1045.53 696.43 1176.16 673.55
00001205 00000180 920.97 244.42 427.66 587.31 994.15 481.04 1154.23 454.92 1055.05 568.78 1047.91 695.75 1172.31 673.25
00001206 00000181 921.57 244.98 427.15 579.49 994.61 480.25 1152.91 455.62 1055.73 568.39 1048.06 692.36 1170.44 671.27
00001207 00000182 922.11 245.64 425.81 581.52 995.36 478.54 1153.63 451.86 1057.61 566.39 1050.50 691.02 1174.79 668.18
00001208 00000183 921.07 243.79 428.62 584.48 993.76 474.36 1154.18 445.25 1057.95 565.32 1051.23 688.60 1180.29 663.61
00001209 00000184 922.46 238.35 427.22 590.99 993.92 470.96 1153.06 439.47 1057.11 562.89 1051.46 686.40 1182.86 659.92
00001210 00000185 923.15 238.34 428.43 587.94 993.49 469.35 1153.04 435.20 1057.11 559.34 1052.56 683.09 1185.94 654.48
00001211 00000186 924.24 235.12 426.79 587.81 993.23 469.73 1152.83 433.22 1056.58 556.74 1052.63 680.59 1189.28 650.19
00001212 00000187 924.19 234.61 427.13 588.32 993.82 468.69 1154.51 431.73 1057.63 553.29 1051.35 677.51 1191.17 646.74
00001213 00000188 923.71 235.64 427.46 585.64 993.38 468.39 1155.08 431.32 1057.62 551.48 1049.65 676.78 1190.24 646.02
00001214 00000189 923.85 235.57 426.53 583.53 992.96 469.22 1154.71 432.25 1057.53 551.83 1048.46 676.42 1188.65 646.01
00001215 00000190 922.51 234.43 426.91 583.76 991.71 469.09 1153.08 432.98 1056.74 551.67 1048.31 677.36 1186.02 647.62
00001216 00000191 922.23 232.74 426.33 585.08 991.08 469.09 1152.76 433.06 1055.50 551.95 1047.34 677.60 1184.92 647.78
00001217 00000192 921.91 235.50 425.62 580.45 991.61 468.50 1152.51 433.49 1056.00 551.32 1046.67 675.91 1183.56 647.10
00001218 00000193 921.93 233.41 426.06 582.09 990.87 468.03 1153.66 433.20 1055.62 550.52 1045.32 675.98 1183.56 647.32
00001219 00000194 923.59 231.80 425.11 582.95 992.44 467.91 1154.35 433.66 1054.88 548.66 1044.80 673.86 1183.79 645.61
00001220 00000195 925.89 228.04 421.58 585.34 994.88 466.30 1156.13 434.51 1056.79 548.39 1044.65 671.57 1184.01 645.42
00001221 00000196 928.93 226.97 420.28 586.55 997.29 463.94 1158.90 434.02 1057.94 546.09 1044.81 668.56 1185.61 644.05
00001222 00000197 932.39 226.50 417.30 584.45 999.00 462.43 1160.92 432.56 1058.63 543.66 1044.00 666.48 1186.25 642.34
00001223 00000198 934.65 226.87 418.01 585.86 1001.07 460.42 1163.62 429.97 1059.19 541.18 1045.48 665.16 1188.39 640.48
00001224 00000199 936.94 225.35 418.21 586.01 1003.03 459.08 1166.93 428.11 1061.04 536.75 1046.19 663.47 1190.44 638.59
CROP_BBOX: 689 0 1606 968
