Video ID: 	6-3NftfE7-w
H: 	1080
W: 	1920
FPS: 	29.97002997002997

FRAME INDEX X0 Y0 W H [Landmarks (5 Points)]

00001277 00000000 971.77 282.11 352.65 523.55 1044.87 479.58 1194.50 490.78 1097.00 600.93 1050.83 666.63 1173.31 678.26
00001278 00000001 973.73 285.89 351.85 527.44 1043.47 483.13 1192.71 489.51 1099.95 602.41 1054.79 672.81 1174.66 680.32
00001279 00000002 973.47 288.51 351.18 527.26 1043.57 483.62 1192.96 490.08 1100.27 603.52 1054.81 673.94 1174.78 681.54
00001280 00000003 971.86 290.16 351.44 523.61 1042.61 483.29 1191.60 489.80 1099.87 603.70 1055.15 673.49 1173.00 681.45
00001281 00000004 970.63 289.29 351.39 524.60 1039.85 482.58 1189.13 488.52 1096.96 603.61 1052.95 672.92 1171.40 680.60
00001282 00000005 970.72 289.77 351.48 524.08 1039.83 482.48 1189.13 488.49 1096.98 603.63 1052.99 672.86 1171.35 680.60
00001283 00000006 969.78 286.79 351.69 527.25 1037.30 481.55 1187.21 487.45 1093.83 603.45 1051.68 671.60 1171.57 679.27
00001284 00000007 970.28 287.28 350.15 528.00 1036.40 480.99 1184.94 486.81 1091.80 602.95 1051.00 671.35 1169.95 679.21
00001285 00000008 970.27 286.92 350.20 527.69 1036.35 480.96 1185.39 487.26 1091.83 603.41 1050.90 672.46 1169.13 680.67
00001286 00000009 972.00 287.22 349.42 526.40 1038.45 481.33 1187.62 487.29 1094.65 603.20 1053.09 673.32 1169.79 681.27
00001287 00000010 971.67 286.87 349.76 526.55 1038.63 481.35 1187.15 487.46 1094.50 603.27 1053.61 673.28 1169.55 681.21
00001288 00000011 974.53 287.78 348.44 524.88 1040.64 481.32 1187.19 486.54 1095.32 601.57 1055.56 673.10 1170.20 680.32
00001289 00000012 974.67 282.65 349.85 523.66 1047.34 477.82 1191.56 486.92 1096.13 599.49 1056.52 665.82 1174.08 675.43
00001290 00000013 975.83 281.33 352.07 524.80 1049.65 477.12 1193.11 484.39 1098.51 596.85 1058.83 665.30 1177.12 673.42
00001291 00000014 977.51 281.17 353.23 523.53 1052.38 476.71 1197.46 484.93 1101.88 596.89 1059.87 662.64 1181.86 671.53
00001292 00000015 977.23 280.92 353.71 523.91 1052.44 476.87 1197.63 484.89 1102.39 596.63 1059.96 662.64 1181.92 671.38
00001293 00000016 978.50 279.72 354.57 524.10 1053.70 477.61 1197.95 486.19 1103.35 598.32 1060.83 662.88 1182.12 672.16
00001294 00000017 979.45 278.50 356.15 526.35 1055.79 478.62 1200.52 487.33 1105.92 598.23 1062.48 663.03 1184.49 672.46
00001295 00000018 981.05 278.71 357.24 529.73 1058.12 479.14 1205.78 487.93 1110.39 598.53 1064.98 664.51 1190.49 673.74
00001296 00000019 982.62 278.25 356.83 531.91 1060.91 478.73 1207.78 488.21 1113.36 598.32 1068.01 664.94 1192.40 674.67
00001297 00000020 982.50 278.12 357.09 531.98 1060.84 478.63 1207.74 488.12 1113.27 598.17 1067.96 664.82 1192.35 674.56
00001298 00000021 981.30 273.89 355.20 545.18 1056.36 475.53 1209.36 491.39 1109.80 594.25 1065.81 670.82 1183.42 685.05
00001299 00000022 975.48 283.81 357.42 545.37 1058.63 476.12 1212.65 495.51 1116.38 594.55 1065.25 675.06 1183.60 689.91
00001300 00000023 981.16 271.81 354.86 554.74 1056.59 476.60 1208.57 491.77 1108.97 593.29 1067.96 677.44 1181.50 691.11
00001301 00000024 980.19 271.86 354.33 555.48 1054.63 476.83 1206.33 491.43 1106.60 594.08 1066.16 679.02 1178.27 692.05
00001302 00000025 980.14 271.95 354.45 555.27 1054.50 477.07 1206.32 491.46 1106.57 593.98 1065.99 679.08 1178.02 691.95
00001303 00000026 981.92 277.35 353.49 542.11 1058.44 480.67 1203.43 490.19 1109.85 600.73 1068.96 676.65 1183.94 686.87
00001304 00000027 979.89 277.05 352.69 540.85 1055.77 480.65 1198.31 490.64 1104.32 600.77 1065.16 674.49 1179.00 685.11
00001305 00000028 979.40 279.09 350.47 540.15 1046.92 481.57 1194.77 486.54 1100.64 599.45 1064.57 680.31 1173.83 685.83
00001306 00000029 977.32 280.95 349.58 536.71 1043.69 480.31 1190.74 484.94 1096.58 600.01 1060.71 678.01 1170.89 683.97
00001307 00000030 977.66 280.95 349.14 536.87 1043.82 480.47 1190.55 485.18 1096.65 599.83 1060.80 677.88 1170.98 683.93
00001308 00000031 975.99 282.55 349.89 533.51 1042.31 481.17 1189.08 485.30 1095.91 599.86 1059.21 676.54 1170.24 682.39
00001309 00000032 975.59 283.38 349.09 532.79 1041.88 481.87 1188.15 485.99 1095.66 600.07 1058.37 675.85 1170.29 681.79
00001310 00000033 975.37 284.53 349.29 531.18 1042.17 481.82 1189.05 486.15 1097.06 600.70 1058.47 675.74 1171.59 681.74
00001311 00000034 974.84 284.84 350.15 531.95 1042.89 482.42 1190.58 486.41 1099.10 600.29 1059.69 676.59 1173.33 681.91
00001312 00000035 975.45 285.09 349.97 531.63 1042.83 482.18 1190.68 486.31 1098.75 600.32 1059.66 676.61 1173.17 681.98
00001313 00000036 974.55 287.79 350.75 529.18 1043.51 483.05 1191.58 487.37 1099.87 601.09 1059.34 676.43 1173.91 682.09
00001314 00000037 974.60 288.10 349.30 528.76 1042.97 483.35 1190.86 488.46 1098.60 602.18 1058.35 676.06 1173.63 682.39
00001315 00000038 973.41 288.57 349.54 528.48 1042.04 484.55 1190.02 489.96 1097.60 603.29 1056.48 676.48 1171.49 683.34
00001316 00000039 972.72 287.78 348.80 529.58 1041.13 484.91 1189.31 490.79 1096.62 604.64 1055.12 676.88 1170.86 684.17
00001317 00000040 972.80 286.98 348.80 530.37 1040.85 485.19 1189.18 490.95 1096.48 604.96 1055.05 677.09 1171.03 684.28
00001318 00000041 971.72 287.68 349.31 527.66 1040.76 485.75 1189.18 492.22 1096.80 605.72 1054.34 675.44 1170.98 683.30
00001319 00000042 971.98 286.61 348.43 527.66 1040.67 487.25 1188.00 494.67 1096.88 607.03 1054.22 674.32 1171.96 682.92
00001320 00000043 972.15 285.24 348.00 522.27 1044.61 485.59 1193.43 498.97 1096.47 608.57 1053.16 669.74 1173.90 682.74
00001321 00000044 974.03 288.47 354.89 526.09 1044.43 488.25 1193.44 495.94 1101.88 609.64 1061.60 677.98 1175.90 685.89
00001322 00000045 973.90 288.80 354.71 525.90 1044.79 488.26 1193.25 496.24 1101.85 609.43 1061.52 677.66 1175.54 685.88
00001323 00000046 976.77 286.86 357.22 532.07 1053.16 490.38 1201.72 497.85 1114.08 610.84 1069.82 680.95 1184.62 687.95
00001324 00000047 980.91 285.37 355.93 534.78 1057.17 489.06 1206.82 498.46 1117.65 609.75 1072.11 680.62 1188.83 689.03
00001325 00000048 981.62 281.99 352.55 542.01 1054.48 488.22 1202.38 496.36 1110.99 608.55 1068.55 683.92 1181.69 691.58
00001326 00000049 981.15 282.77 344.01 539.14 1048.48 485.58 1193.95 493.46 1099.19 602.41 1060.69 682.74 1168.75 691.41
00001327 00000050 981.40 283.30 343.63 538.62 1048.63 485.51 1194.11 493.30 1099.57 602.69 1061.06 682.69 1169.15 691.24
00001328 00000051 975.91 283.51 343.15 533.80 1040.82 481.75 1185.63 493.09 1090.88 603.03 1051.36 676.17 1163.07 688.72
00001329 00000052 972.16 283.10 346.38 533.34 1037.55 482.42 1185.12 493.59 1088.62 603.23 1047.76 674.02 1163.94 686.68
00001330 00000053 972.13 284.29 345.21 535.90 1038.98 482.64 1184.81 493.88 1089.79 602.25 1048.86 676.35 1161.77 689.08
00001331 00000054 968.91 282.96 344.57 541.27 1036.82 482.31 1181.12 494.32 1086.61 602.16 1046.24 678.33 1156.49 691.73
00001332 00000055 969.25 282.54 344.07 541.55 1036.66 482.49 1180.74 494.13 1086.28 602.25 1046.37 678.39 1156.62 691.49
00001333 00000056 966.79 281.28 342.37 540.72 1032.29 481.45 1175.69 493.81 1079.47 600.80 1042.63 678.39 1148.15 691.97
00001334 00000057 959.63 282.31 347.40 538.48 1024.84 480.34 1166.90 490.96 1071.27 597.25 1038.06 676.54 1142.27 687.89
00001335 00000058 950.89 271.94 346.88 545.10 1025.97 474.39 1163.57 489.07 1064.57 591.52 1030.37 674.73 1137.98 689.10
00001336 00000059 949.84 263.05 346.74 552.52 1022.91 467.32 1163.28 480.13 1061.57 579.63 1027.56 671.59 1138.46 684.16
00001337 00000060 949.76 263.71 346.60 551.84 1022.43 467.64 1163.22 480.20 1061.45 579.27 1027.26 671.57 1138.47 683.93
00001338 00000061 950.84 258.60 347.00 553.32 1023.92 461.61 1168.23 472.93 1065.54 572.11 1028.75 666.25 1142.28 677.53
00001339 00000062 954.14 254.19 346.86 561.26 1026.79 457.05 1172.17 468.12 1068.10 569.98 1029.96 664.41 1147.85 675.26
00001340 00000063 955.34 257.80 348.76 560.48 1029.88 461.04 1176.01 470.58 1073.75 576.89 1035.01 668.62 1151.02 678.65
00001341 00000064 958.96 266.12 348.43 551.65 1034.72 471.27 1177.96 479.88 1084.01 591.60 1041.48 672.13 1157.68 681.33
00001342 00000065 958.90 265.95 348.52 551.73 1034.70 471.20 1177.86 479.91 1083.91 591.60 1041.45 672.10 1157.55 681.40
00001343 00000066 957.93 273.16 352.77 544.48 1035.59 479.33 1185.13 488.78 1092.87 601.57 1042.93 673.31 1166.04 683.21
00001344 00000067 958.68 277.49 353.73 538.84 1036.16 482.96 1188.32 491.13 1095.96 603.31 1045.28 672.26 1171.86 681.02
00001345 00000068 963.83 285.30 353.73 535.99 1037.48 485.92 1188.18 489.94 1099.92 603.69 1052.96 677.68 1172.32 683.92
00001346 00000069 964.12 285.94 352.46 535.21 1037.00 484.97 1188.22 490.11 1099.34 605.72 1051.02 676.28 1172.12 683.70
00001347 00000070 964.22 286.20 352.24 534.95 1037.07 484.95 1188.32 490.16 1099.27 605.67 1051.07 676.24 1172.11 683.71
00001348 00000071 959.90 279.70 350.55 535.80 1036.94 482.93 1187.51 493.46 1093.24 605.80 1043.73 670.22 1169.93 680.81
00001349 00000072 959.27 280.92 348.94 534.66 1036.06 482.24 1185.60 494.27 1090.26 605.34 1041.24 669.87 1166.82 681.80
00001350 00000073 959.64 280.19 348.18 531.64 1034.47 482.60 1185.53 495.77 1087.65 606.61 1038.96 668.26 1166.26 681.18
00001351 00000074 963.19 280.94 348.82 532.09 1038.30 482.65 1190.12 496.55 1092.60 607.52 1042.50 667.53 1171.33 681.05
00001352 00000075 963.35 281.93 348.42 531.23 1038.29 482.64 1190.19 496.98 1092.25 607.95 1042.44 667.62 1171.07 681.49
00001353 00000076 971.86 287.94 350.70 534.81 1045.45 488.99 1193.40 498.49 1103.03 611.06 1054.16 676.50 1174.49 686.52
00001354 00000077 974.64 288.55 353.74 537.56 1049.79 488.35 1199.39 498.87 1107.32 610.06 1056.55 678.27 1178.42 688.70
00001355 00000078 975.31 284.43 353.42 536.17 1047.05 486.87 1198.29 496.50 1104.73 608.55 1055.86 676.20 1178.89 685.83
00001356 00000079 973.43 286.79 352.22 530.75 1044.26 482.93 1193.03 492.04 1098.55 604.20 1052.35 671.31 1173.24 681.22
00001357 00000080 973.32 286.44 352.26 531.09 1044.30 482.92 1193.12 491.97 1098.86 604.28 1052.64 671.56 1173.35 681.39
00001358 00000081 973.64 284.19 349.06 535.69 1042.15 478.36 1189.38 488.31 1094.08 601.19 1051.70 669.91 1170.92 681.04
00001359 00000082 969.20 284.95 351.53 532.22 1038.17 477.58 1186.37 487.28 1090.34 600.09 1046.60 667.31 1168.44 678.71
00001360 00000083 967.47 285.75 352.91 527.67 1037.57 478.65 1186.98 488.64 1091.13 601.28 1046.33 667.14 1168.27 678.86
00001361 00000084 968.28 288.58 351.50 522.39 1038.19 480.92 1187.82 489.69 1094.34 603.35 1047.86 667.63 1170.68 678.35
00001362 00000085 968.27 288.73 351.51 522.01 1038.19 480.86 1187.89 489.67 1094.41 603.33 1047.86 667.61 1170.68 678.35
00001363 00000086 967.77 290.19 353.15 521.03 1040.14 483.08 1190.67 491.72 1098.50 604.60 1048.69 668.88 1172.37 679.12
00001364 00000087 967.26 289.65 353.85 521.89 1040.81 483.53 1191.89 491.93 1099.88 605.09 1049.71 669.87 1172.70 679.65
00001365 00000088 966.36 289.49 353.34 523.20 1039.46 483.44 1190.82 491.74 1098.17 605.26 1048.24 669.20 1173.26 678.81
00001366 00000089 965.46 288.72 353.91 523.90 1037.76 483.19 1188.67 491.79 1095.80 604.15 1046.12 667.84 1172.62 677.64
00001367 00000090 965.69 288.28 353.45 524.27 1037.76 483.12 1188.44 491.71 1095.47 603.99 1046.17 667.80 1172.43 677.63
00001368 00000091 965.05 286.01 353.40 528.33 1036.52 482.57 1186.79 491.22 1093.25 603.88 1046.21 668.07 1171.36 677.97
00001369 00000092 965.34 286.33 351.49 529.16 1036.12 483.61 1186.62 493.23 1092.26 604.98 1045.76 669.79 1169.22 680.79
00001370 00000093 961.24 278.81 347.84 533.60 1036.04 480.88 1184.53 495.40 1085.09 605.87 1039.55 666.46 1164.61 680.32
00001371 00000094 962.06 286.68 349.02 529.46 1029.03 480.16 1175.48 489.61 1079.49 600.70 1042.65 670.96 1157.61 681.55
00001372 00000095 962.41 285.87 348.64 530.80 1029.32 479.99 1175.49 489.84 1079.20 600.45 1042.90 670.83 1157.72 681.81
00001373 00000096 958.19 284.59 350.88 535.90 1024.01 475.24 1168.71 485.34 1071.73 594.94 1040.75 670.40 1152.13 681.04
00001374 00000097 954.18 286.14 351.00 536.73 1018.52 472.86 1163.24 483.44 1063.98 589.33 1036.91 668.07 1148.57 678.42
00001375 00000098 947.30 274.49 350.73 538.09 1021.77 471.07 1166.71 486.38 1062.92 591.70 1024.52 663.51 1146.55 678.27
00001376 00000099 946.79 274.71 351.72 533.63 1021.83 471.29 1166.86 485.78 1065.47 592.89 1027.17 662.38 1147.56 676.42
00001377 00000100 947.01 274.33 351.60 534.06 1021.89 471.27 1166.85 485.90 1065.28 592.96 1027.11 662.41 1147.68 676.56
00001378 00000101 948.43 276.81 352.68 532.25 1023.67 472.43 1169.66 487.03 1068.40 596.49 1029.33 661.34 1152.92 674.95
00001379 00000102 954.20 289.60 352.82 524.17 1022.57 476.41 1172.07 485.12 1076.40 596.43 1038.46 664.79 1159.08 673.80
00001380 00000103 956.15 288.87 352.92 525.61 1025.77 478.14 1174.89 486.37 1080.43 598.58 1040.79 666.26 1160.56 675.24
00001381 00000104 957.02 289.58 352.52 526.27 1026.35 478.26 1175.53 487.50 1079.85 598.77 1039.83 665.56 1161.07 675.46
00001382 00000105 956.94 289.20 352.78 526.39 1026.36 478.29 1175.60 487.61 1079.84 598.72 1039.91 665.52 1161.07 675.48
00001383 00000106 951.06 279.92 353.08 532.90 1026.73 475.26 1174.14 491.75 1071.53 601.85 1028.82 662.36 1156.23 677.33
00001384 00000107 951.09 277.53 351.62 534.26 1025.22 475.08 1170.67 492.53 1066.71 600.41 1026.66 663.04 1151.25 679.07
00001385 00000108 955.69 287.36 352.84 528.80 1019.61 475.23 1169.93 490.47 1066.41 596.99 1030.32 663.19 1152.11 677.38
00001386 00000109 956.40 288.32 352.84 532.11 1023.07 475.28 1173.25 491.47 1070.40 597.94 1031.29 664.64 1155.94 679.91
00001387 00000110 956.51 287.85 352.74 532.43 1023.00 475.44 1173.12 491.61 1070.22 597.88 1031.59 664.81 1155.80 680.07
00001388 00000111 957.07 289.04 353.54 531.60 1028.50 477.92 1181.38 493.17 1080.65 600.87 1035.41 666.05 1161.41 680.98
00001389 00000112 956.57 287.72 353.99 532.54 1029.81 479.19 1183.87 494.81 1084.05 603.45 1035.30 667.27 1162.83 682.53
00001390 00000113 954.27 289.83 354.35 532.35 1026.02 479.24 1178.56 495.60 1077.93 602.77 1033.00 667.96 1158.89 683.43
00001391 00000114 948.12 292.44 354.12 534.34 1017.84 478.27 1166.45 496.16 1065.52 600.60 1025.86 667.37 1149.27 683.22
00001392 00000115 948.07 292.85 354.09 534.17 1018.08 477.82 1166.10 495.80 1065.90 600.11 1026.65 667.40 1148.87 683.25
00001393 DELETE   942.19 292.97 351.24 536.08 1009.04 474.48 1157.69 495.08 1052.99 599.76 1013.63 664.10 1137.04 681.41
00001394 00000117 940.29 291.15 349.60 538.22 1004.44 473.66 1153.81 495.27 1046.60 598.00 1008.33 664.23 1133.70 681.96
CROP_BBOX: 715 48 1545 962
