Video ID: 	S1jNBUr_nis
H: 	1080
W: 	1920
FPS: 	23.978044623002106

FRAME INDEX X0 Y0 W H [Landmarks (5 Points)]

00001142 00000000 458.51 135.39 442.33 567.84 580.41 361.64 769.58 339.10 684.64 425.77 630.37 563.74 770.74 544.29
00001143 00000001 449.46 123.39 443.91 579.72 570.08 357.84 766.79 339.33 675.76 430.84 616.65 558.99 768.82 544.24
00001144 00000002 450.52 119.49 443.30 578.25 566.89 351.99 762.44 329.03 670.01 421.21 615.34 553.24 765.54 534.64
00001145 00000003 447.26 115.69 447.43 591.78 563.42 341.84 764.63 319.64 670.36 416.63 611.71 554.06 766.28 536.04
00001146 00000004 449.18 112.98 451.41 595.19 562.84 341.48 770.51 318.67 670.82 412.15 607.15 552.79 775.25 534.30
00001147 00000005 456.67 113.21 452.47 596.01 566.09 341.63 780.04 325.54 674.10 417.77 603.64 551.27 785.26 537.76
00001148 00000006 460.16 111.70 452.38 595.13 568.01 339.71 783.95 326.16 674.89 417.53 602.57 548.81 787.41 537.23
00001149 00000007 464.41 105.10 449.26 597.46 570.81 337.88 786.73 325.98 678.39 415.39 604.87 546.66 791.29 536.44
00001150 00000008 466.26 106.16 450.05 592.06 574.05 337.55 789.56 325.91 681.62 415.26 609.55 545.97 793.27 535.79
00001151 00000009 468.10 108.98 449.59 587.04 577.52 335.81 793.56 326.60 685.75 417.25 610.77 543.86 794.68 535.99
00001152 00000010 468.56 111.35 449.51 580.51 581.56 333.02 795.88 325.97 690.69 415.32 615.14 539.47 795.77 532.81
00001153 00000011 469.09 115.12 454.09 573.48 583.95 332.59 800.68 326.62 694.44 412.61 618.51 538.02 799.91 531.93
00001154 00000012 472.09 109.24 450.24 574.20 586.82 334.02 799.56 327.34 697.32 410.17 622.24 535.60 799.86 529.22
00001155 00000013 474.44 107.93 449.70 574.50 588.01 332.51 800.67 325.02 697.94 406.70 622.31 533.23 801.62 526.18
00001156 00000014 475.34 105.78 449.30 575.52 589.14 331.81 802.03 324.19 698.47 403.64 622.81 532.56 802.67 525.44
00001157 00000015 475.27 107.72 449.52 571.55 589.59 329.99 802.62 323.47 698.15 402.65 625.08 532.10 803.15 525.14
00001158 00000016 476.30 105.65 450.54 571.14 590.44 328.19 799.55 319.95 697.87 400.34 628.04 529.50 803.35 520.81
00001159 00000017 478.16 103.79 448.55 570.16 589.86 327.78 797.86 318.44 695.56 395.46 626.55 527.95 800.83 518.52
00001160 00000018 479.59 102.43 446.28 569.20 590.77 326.21 796.96 317.68 693.11 391.36 625.66 524.76 799.02 515.83
00001161 00000019 478.75 100.99 447.75 572.14 590.05 325.43 795.75 316.73 692.70 391.07 625.59 524.97 797.84 515.85
00001162 00000020 478.61 94.09 440.36 582.63 594.00 328.68 796.22 325.63 694.13 385.59 622.90 524.56 792.66 521.82
00001163 00000021 475.81 95.40 444.28 583.47 591.19 322.50 798.00 321.99 692.06 382.56 617.81 524.35 789.95 523.04
00001164 00000022 475.83 95.98 441.78 582.88 587.91 322.60 795.96 323.05 689.05 384.81 613.23 523.28 788.58 522.83
00001165 00000023 474.95 94.18 441.92 584.25 585.00 322.23 791.43 321.18 685.23 387.35 612.03 522.67 786.88 520.73
00001166 00000024 474.57 94.41 439.41 580.75 582.73 320.43 786.90 318.75 680.89 385.55 610.19 522.52 781.43 520.21
00001167 00000025 472.20 95.20 440.94 578.15 579.64 319.24 785.38 316.00 678.49 384.43 607.91 521.64 779.58 518.13
00001168 00000026 470.67 94.48 440.60 575.50 579.14 317.23 784.01 315.03 676.94 380.85 606.11 518.15 777.34 515.45
00001169 00000027 469.83 92.88 438.13 575.58 578.81 317.05 781.79 314.95 676.51 380.31 604.66 517.12 774.06 514.71
00001170 00000028 469.11 92.74 437.78 575.11 577.32 316.54 780.75 313.87 676.14 377.38 603.53 514.94 775.20 512.10
00001171 00000029 469.16 92.73 436.41 572.72 578.35 316.06 780.94 314.52 676.20 376.19 602.74 512.79 773.96 511.16
00001172 00000030 468.61 94.04 436.50 569.27 579.16 315.43 780.58 313.44 677.24 375.31 603.92 512.51 773.26 510.56
00001173 00000031 468.15 95.41 436.45 566.10 579.67 314.88 780.33 313.28 677.32 375.05 603.95 511.78 771.44 510.10
00001174 00000032 467.10 96.02 438.46 566.20 579.96 314.04 780.35 312.94 677.51 374.31 604.41 510.80 771.85 509.37
00001175 00000033 467.64 93.32 435.10 569.77 579.43 315.88 779.71 314.49 677.93 373.99 604.02 511.76 771.43 510.47
00001176 00000034 465.85 92.37 436.74 572.18 578.66 315.74 778.87 315.56 677.62 374.63 603.41 512.34 770.43 511.75
00001177 00000035 465.85 94.04 435.32 568.98 578.36 315.33 777.66 313.98 675.94 375.85 602.98 511.92 768.97 510.53
00001178 00000036 464.62 93.54 435.82 567.79 576.26 316.92 776.21 313.34 674.68 375.69 602.49 513.54 768.58 510.44
00001179 00000037 463.88 94.47 434.95 563.60 575.43 319.39 775.70 313.56 674.72 376.61 603.22 513.48 769.57 508.63
00001180 00000038 462.59 93.93 433.94 562.55 573.95 320.08 775.88 314.74 674.18 376.12 599.56 511.81 769.27 507.72
00001181 00000039 462.60 91.94 431.09 565.53 572.18 321.46 775.47 316.12 673.37 377.20 597.14 511.86 770.17 507.95
00001182 00000040 461.48 91.40 430.25 565.42 570.87 321.88 774.77 317.12 672.39 376.88 594.07 510.96 768.93 507.69
00001183 00000041 461.15 89.82 430.16 568.83 569.25 323.43 773.42 318.15 671.10 378.71 593.17 511.21 770.44 507.68
00001184 00000042 462.15 91.98 428.94 566.23 568.48 323.81 774.68 318.63 670.62 379.70 590.72 511.87 770.35 508.64
00001185 00000043 462.27 93.15 430.12 566.64 568.82 324.01 774.31 319.26 670.26 380.95 591.79 512.09 771.34 509.00
00001186 00000044 462.69 91.71 430.29 568.99 569.22 324.93 776.37 320.32 671.95 381.19 591.99 513.78 772.22 510.76
00001187 00000045 462.23 94.95 433.49 565.89 569.61 325.70 776.97 319.85 671.38 380.95 592.95 513.72 772.63 509.65
00001188 00000046 462.85 93.17 432.32 566.88 569.64 326.16 775.09 320.22 670.24 381.68 592.74 513.80 770.85 509.71
00001189 00000047 463.11 95.81 434.12 563.99 570.18 326.31 775.69 319.30 670.07 382.44 594.05 513.64 771.47 508.58
00001190 00000048 462.97 96.39 433.12 564.49 569.57 327.44 775.51 320.24 670.48 382.77 594.37 514.20 772.50 509.02
00001191 00000049 463.07 96.86 433.74 564.28 569.82 327.43 774.49 320.19 669.93 382.81 594.42 513.80 771.39 508.53
00001192 00000050 463.18 95.24 432.80 565.85 569.88 327.77 773.21 321.45 669.39 384.60 593.86 513.95 769.99 509.28
00001193 00000051 463.20 96.27 431.54 564.74 568.89 328.27 773.12 321.24 669.11 385.64 594.37 514.64 771.58 509.33
00001194 00000052 463.80 96.56 431.62 562.81 569.09 326.85 773.53 322.45 667.71 385.58 591.70 514.65 767.82 511.44
00001195 00000053 463.96 97.76 433.75 569.00 569.68 325.23 769.85 319.89 665.77 388.48 595.00 517.23 766.19 512.67
00001196 00000054 463.64 98.21 434.59 570.19 570.10 325.18 767.20 320.58 664.25 389.22 598.13 519.61 762.73 515.44
00001197 00000055 463.37 98.91 435.23 571.21 569.75 324.82 768.61 320.68 663.99 388.63 595.09 520.18 761.97 516.43
00001198 00000056 463.05 98.29 435.45 573.78 569.22 323.85 768.08 320.65 663.48 390.17 593.65 521.52 761.11 518.56
00001199 00000057 464.28 97.30 432.25 574.96 568.32 322.92 769.02 320.63 662.71 390.40 592.83 523.39 760.47 521.25
00001200 00000058 465.25 97.58 430.88 575.59 568.21 322.85 768.51 319.97 661.62 391.53 593.49 525.12 758.29 522.63
00001201 00000059 464.72 97.80 431.68 576.57 568.23 322.94 767.61 320.82 661.07 391.41 591.86 525.17 756.90 523.31
00001202 00000060 465.14 96.88 431.35 578.16 567.73 322.70 768.57 320.60 660.65 391.19 590.49 525.72 757.97 524.08
00001203 00000061 464.71 96.37 432.19 579.84 567.43 322.11 768.59 320.24 660.37 391.36 591.07 526.27 757.70 524.69
00001204 00000062 465.08 95.09 430.85 577.94 567.69 322.70 768.42 321.06 661.36 390.41 589.94 522.69 758.98 521.44
00001205 00000063 465.49 96.87 430.92 573.41 569.20 323.01 767.30 321.37 661.93 390.21 591.14 519.31 758.09 517.85
00001206 00000064 465.32 96.79 429.84 570.78 569.61 323.30 764.85 321.88 660.99 390.30 593.07 518.41 753.07 517.02
00001207 00000065 465.10 97.97 431.62 570.50 569.26 322.58 762.78 319.92 660.38 390.13 595.26 518.63 752.33 516.16
00001208 00000066 464.06 98.23 433.35 574.30 568.58 321.65 763.41 320.06 659.42 391.39 592.82 522.79 748.13 521.13
00001209 00000067 464.46 93.95 434.17 588.81 567.11 320.81 766.99 318.70 659.36 392.61 590.64 528.06 755.91 525.63
00001210 00000068 464.72 92.91 434.89 590.94 567.93 320.38 769.04 319.36 659.83 391.33 590.75 527.04 759.90 525.38
00001211 00000069 465.07 92.64 434.79 587.94 566.64 321.68 770.91 319.95 660.39 389.60 589.10 524.28 764.55 522.50
00001212 00000070 466.05 93.79 432.16 579.42 566.30 323.95 771.25 321.47 660.72 387.67 586.31 519.82 765.54 518.18
00001213 00000071 466.28 93.18 431.99 578.88 566.45 324.74 771.43 322.10 661.05 387.12 586.20 518.59 765.54 516.60
00001214 00000072 466.59 95.85 431.21 577.12 566.71 325.41 769.61 321.23 661.09 387.70 588.51 517.17 766.90 513.58
00001215 00000073 467.05 96.58 431.96 576.15 567.77 325.22 770.40 321.79 661.91 388.85 589.33 517.99 766.84 514.95
00001216 00000074 467.06 96.95 432.22 574.71 569.88 325.67 768.25 321.99 663.24 389.84 592.92 517.00 764.76 513.71
00001217 00000075 465.85 97.42 434.56 576.01 570.27 324.19 768.61 321.75 663.32 391.06 595.36 520.86 762.80 518.49
00001218 00000076 465.63 97.02 436.17 580.19 571.01 322.07 767.97 321.10 662.84 393.21 596.59 525.44 757.73 524.02
00001219 00000077 465.99 95.22 435.64 585.84 570.20 322.06 770.49 321.06 662.70 392.95 594.56 526.36 762.06 524.78
00001220 00000078 466.51 94.51 434.61 586.05 570.50 321.46 770.88 321.91 663.18 392.02 592.86 525.40 761.09 524.94
00001221 00000079 466.43 93.52 434.22 586.91 569.76 321.77 770.69 321.72 662.55 392.07 592.78 525.82 761.33 525.07
00001222 00000080 467.19 93.22 432.98 587.39 569.69 321.01 770.50 321.27 661.22 391.52 591.36 525.39 760.30 524.74
00001223 00000081 466.82 93.65 433.07 587.26 569.63 320.71 770.20 321.01 660.83 392.18 590.88 525.89 759.07 525.33
00001224 00000082 466.39 94.51 433.66 585.46 569.45 320.55 770.73 321.10 660.91 392.30 590.65 525.55 759.66 525.20
00001225 00000083 466.57 93.98 433.05 584.79 569.31 320.99 771.42 322.00 661.37 391.46 589.75 524.80 759.92 525.01
00001226 00000084 466.65 93.37 432.67 584.65 569.22 321.10 771.00 321.84 661.27 391.34 589.81 525.08 759.50 525.18
00001227 00000085 466.79 94.06 432.69 584.40 569.29 320.83 771.19 321.59 661.23 391.73 590.69 525.46 759.98 525.58
00001228 00000086 466.44 94.55 431.61 582.33 568.54 321.95 771.53 321.70 661.40 390.75 590.53 526.24 760.35 525.81
00001229 00000087 466.67 94.76 431.06 579.96 568.87 322.55 771.30 322.00 661.49 390.57 591.76 526.39 760.00 525.77
00001230 00000088 467.02 95.47 430.65 579.00 569.28 322.39 771.38 321.57 661.91 391.28 592.72 526.01 760.62 525.18
00001231 00000089 467.14 94.66 431.89 581.44 568.04 322.25 772.60 320.42 661.76 390.93 591.66 526.94 762.71 525.25
00001232 00000090 467.29 95.49 431.65 577.34 568.35 323.12 773.13 320.52 662.25 390.76 592.51 525.80 763.57 523.64
00001233 00000091 466.77 95.35 431.77 577.46 566.91 323.51 773.48 320.08 661.58 391.15 591.12 526.94 764.04 524.26
00001234 00000092 466.68 96.95 433.11 572.29 567.44 324.56 772.32 320.59 661.81 390.70 592.77 525.56 763.40 522.48
00001235 00000093 466.96 96.07 432.98 571.54 567.54 326.69 771.87 321.43 661.96 391.00 592.76 524.05 764.52 520.23
00001236 00000094 467.25 96.81 432.28 569.11 567.85 326.56 771.71 321.18 662.40 390.09 593.84 522.24 765.55 518.36
00001237 00000095 467.56 96.99 431.76 570.38 568.47 327.24 771.37 321.26 662.84 390.89 594.93 522.62 766.08 518.32
00001238 00000096 467.44 97.08 431.00 569.15 568.53 326.78 772.09 321.82 663.74 390.43 593.72 521.63 766.33 518.12
00001239 00000097 467.15 96.62 432.33 569.98 568.66 326.71 772.84 322.48 664.12 389.20 593.02 521.33 766.56 518.36
00001240 00000098 467.00 95.93 432.79 571.12 568.23 327.47 773.71 322.98 664.39 389.08 592.03 520.57 767.93 517.34
00001241 00000099 467.16 96.17 432.47 571.33 567.78 327.18 772.79 322.28 663.25 390.07 591.94 521.02 767.63 517.49
00001242 00000100 467.78 95.33 431.08 572.56 568.60 327.14 773.07 323.15 663.74 390.62 592.17 520.72 767.22 517.90
00001243 00000101 467.08 94.44 432.15 575.58 567.86 326.79 772.29 322.47 662.97 390.69 592.06 521.92 767.65 518.50
00001244 00000102 467.15 95.35 431.46 572.99 567.90 327.53 772.24 323.15 663.36 391.12 592.71 521.44 768.57 517.96
00001245 00000103 466.26 98.01 433.35 569.86 567.81 327.92 772.30 322.32 663.16 391.51 593.84 522.08 768.65 517.70
00001246 00000104 466.03 98.91 433.63 570.10 567.77 327.55 773.03 323.05 663.14 391.67 592.86 522.36 768.32 518.83
00001247 00000105 466.69 99.30 432.72 568.09 567.56 327.81 773.19 322.45 662.76 391.16 593.14 522.39 768.57 518.20
00001248 00000106 466.53 99.28 432.62 565.96 568.67 328.23 772.02 323.49 663.75 390.31 593.60 521.01 766.27 517.38
00001249 00000107 466.81 98.74 433.24 567.51 568.31 328.08 771.70 322.25 662.89 390.94 594.11 522.02 766.38 517.52
00001250 00000108 466.60 100.20 433.99 565.58 568.82 327.54 771.47 322.68 662.86 390.93 593.81 521.47 764.68 517.66
00001251 00000109 466.40 100.81 433.94 566.13 569.08 327.69 770.78 322.34 662.67 391.27 595.17 522.09 764.34 517.78
00001252 00000110 466.81 101.24 433.58 565.07 568.57 327.21 771.35 322.10 662.07 390.77 593.37 522.46 763.48 518.31
00001253 00000111 466.78 100.00 433.86 567.16 568.38 326.99 772.37 321.87 662.67 390.29 593.14 522.66 765.34 518.55
00001254 00000112 466.55 99.63 434.08 568.46 568.61 326.68 771.61 321.68 663.02 390.59 593.95 522.66 765.32 518.55
00001255 00000113 466.64 100.78 433.83 567.21 568.78 326.33 770.90 321.48 663.77 390.57 595.20 523.28 764.54 519.12
00001256 00000114 466.45 100.27 434.31 568.65 568.97 325.42 771.42 321.55 663.83 390.41 594.36 523.02 764.00 519.76
00001257 00000115 466.31 99.56 433.99 570.11 569.31 325.27 771.78 321.72 664.49 390.43 594.33 523.18 764.15 520.30
00001258 00000116 466.79 100.26 433.72 569.90 569.78 324.52 771.48 321.49 663.76 390.98 594.46 522.56 763.18 520.02
00001259 00000117 467.09 100.21 433.05 570.28 570.05 324.03 772.32 321.76 663.59 390.98 593.74 522.97 762.60 521.15
00001260 00000118 466.97 100.14 433.21 570.75 570.11 324.42 772.42 321.84 663.94 391.08 594.65 523.31 763.23 521.24
00001261 00000119 465.07 95.17 434.31 582.09 571.65 324.33 774.08 325.23 665.35 388.79 593.02 522.45 762.90 523.59
00001262 00000120 465.84 92.13 434.95 589.34 572.06 323.27 774.98 324.78 665.65 389.00 592.73 524.22 763.85 525.90
00001263 00000121 465.94 93.54 433.96 583.86 569.56 325.56 774.75 325.25 664.08 388.38 592.17 525.41 763.37 525.53
00001264 00000122 467.67 95.73 432.79 577.26 571.58 326.10 772.64 324.39 665.11 390.78 595.52 524.96 762.90 523.66
00001265 00000123 468.17 94.66 433.34 577.38 571.12 325.78 771.43 322.53 664.45 389.69 595.86 522.27 764.60 519.54
00001266 00000124 467.91 96.26 432.70 573.21 572.11 325.57 771.57 322.84 666.27 389.30 596.04 519.19 765.37 517.02
00001267 00000125 466.50 99.90 435.53 570.43 572.82 324.52 769.34 319.35 665.70 386.31 599.58 516.67 764.72 511.85
00001268 00000126 466.88 98.88 432.74 572.38 573.67 324.88 768.29 320.74 666.16 388.54 599.48 517.58 762.20 513.67
00001269 00000127 465.19 101.31 434.23 570.73 575.59 319.95 764.80 320.88 664.47 389.62 598.66 516.22 748.23 516.72
00001270 00000128 462.28 99.97 437.06 574.87 575.21 318.13 765.57 316.44 667.96 386.44 602.05 518.52 751.39 516.82
00001271 00000129 462.62 97.66 434.46 566.13 576.06 319.91 766.04 314.07 669.86 379.43 605.75 511.40 757.11 506.50
00001272 00000130 462.81 99.48 432.05 555.69 575.49 324.57 766.63 311.68 672.84 376.53 608.70 505.90 768.48 495.73
00001273 00000131 458.26 100.01 432.69 550.09 571.55 324.63 763.12 307.80 671.15 375.94 607.05 504.29 768.31 491.04
00001274 00000132 453.78 97.91 435.27 556.42 564.97 327.00 758.94 303.56 665.35 376.10 606.36 511.27 766.72 492.59
00001275 00000133 446.08 94.32 436.85 564.94 556.17 329.11 752.23 301.71 658.44 377.53 597.08 517.93 763.42 495.74
00001276 00000134 437.95 97.50 442.06 562.73 547.86 327.81 746.80 299.48 650.89 376.24 591.14 518.77 761.43 492.39
00001277 00000135 433.14 99.44 445.06 562.97 542.95 331.46 741.41 304.03 643.78 377.73 584.68 518.43 756.23 492.87
00001278 00000136 430.53 100.61 445.88 566.75 537.87 333.32 740.08 306.39 640.33 378.37 580.10 522.01 755.71 497.40
00001279 00000137 426.48 100.30 449.30 570.27 534.72 336.70 738.54 311.72 636.76 384.43 577.06 525.64 754.30 502.99
00001280 00000138 424.00 100.43 454.18 582.77 532.99 341.81 736.21 315.97 635.03 390.59 575.96 532.28 754.87 508.68
00001281 00000139 421.19 103.61 455.30 585.77 531.35 345.29 735.11 319.92 634.33 399.39 574.81 537.69 751.98 514.38
00001282 00000140 422.54 109.34 448.13 590.16 527.17 356.66 730.73 326.93 633.33 413.26 571.37 549.18 752.40 520.48
00001283 00000141 418.71 108.07 453.78 597.95 525.09 357.51 728.86 326.87 631.67 413.28 570.23 550.31 752.44 520.74
00001284 00000142 415.74 105.89 460.02 586.61 519.92 351.77 727.21 320.54 625.46 406.89 566.37 542.47 747.29 515.25
00001285 00000143 414.95 108.43 460.82 578.55 519.21 352.14 723.94 319.12 622.77 405.75 567.97 540.74 745.81 512.35
00001286 00000144 414.69 108.01 460.42 578.43 518.50 351.88 723.06 317.87 622.62 404.60 568.63 541.50 745.22 512.22
00001287 00000145 414.26 105.48 459.98 580.96 518.87 352.23 723.29 318.49 623.09 403.78 568.58 541.25 745.12 512.37
00001288 00000146 414.97 106.18 460.48 580.69 519.60 352.15 724.26 320.06 624.54 405.09 568.22 541.86 744.45 514.42
00001289 00000147 417.01 105.76 458.07 582.14 520.82 350.78 724.71 320.05 623.92 404.76 567.98 541.14 743.57 514.84
00001290 00000148 417.16 109.92 459.42 577.56 521.83 349.79 727.65 319.14 625.88 404.43 569.29 542.14 744.94 515.70
00001291 00000149 418.04 107.65 458.55 579.17 523.64 346.69 728.25 319.22 626.99 401.46 570.14 539.78 744.43 515.51
00001292 00000150 417.39 107.70 458.22 579.51 523.37 344.85 727.82 317.68 626.72 400.12 570.53 539.45 744.56 515.16
00001293 00000151 417.97 106.48 458.46 580.01 523.24 344.69 727.05 317.66 624.65 399.79 570.03 538.83 743.29 514.73
00001294 00000152 418.93 105.09 456.40 580.97 522.85 344.32 725.52 316.39 623.75 399.06 569.98 538.74 742.44 513.98
00001295 00000153 418.40 105.64 455.89 579.09 522.31 344.50 725.35 316.63 623.77 398.59 569.81 538.77 741.82 514.13
00001296 00000154 418.87 103.78 456.20 579.64 522.14 344.48 725.94 317.27 622.44 397.34 568.89 538.25 741.34 514.21
00001297 00000155 419.69 103.60 455.04 579.86 522.77 344.73 726.26 317.05 622.57 396.73 569.25 538.80 740.77 514.41
00001298 00000156 420.64 103.31 454.81 579.71 523.51 345.12 726.46 318.23 622.16 396.40 569.12 538.58 739.83 514.78
00001299 00000157 420.93 101.61 454.16 580.58 524.68 345.15 725.82 318.26 622.52 395.32 570.95 538.46 739.14 514.54
00001300 00000158 421.79 101.86 452.41 582.66 524.48 343.61 726.41 316.76 622.36 396.06 569.48 538.56 739.44 514.70
00001301 00000159 421.99 101.84 451.68 582.41 525.43 343.32 726.41 316.80 623.44 395.28 570.17 538.17 739.92 514.50
00001302 00000160 422.04 101.80 450.94 582.54 524.93 341.97 725.82 314.16 622.38 395.38 570.44 538.42 739.04 513.82
00001303 00000161 422.55 101.06 449.95 582.53 525.44 343.76 724.66 315.98 621.76 394.76 570.94 538.26 737.98 513.76
00001304 00000162 422.62 97.88 446.53 583.79 527.89 346.28 724.75 319.80 624.38 393.17 572.80 538.69 737.56 515.74
00001305 00000163 422.52 99.13 446.78 581.69 526.88 341.85 724.72 316.38 620.56 392.05 569.52 536.61 733.23 514.42
00001306 00000164 422.34 100.91 445.65 580.00 523.23 338.52 719.97 314.49 612.97 391.45 564.59 534.51 727.93 513.14
00001307 00000165 422.53 100.04 442.74 580.89 520.18 335.42 716.64 313.61 607.07 391.43 560.44 533.97 723.97 514.35
00001308 00000166 423.08 100.94 441.51 579.21 519.09 336.30 714.80 314.37 603.45 390.82 557.60 533.00 720.54 513.51
00001309 00000167 425.12 102.10 439.36 578.80 524.07 334.00 716.15 315.88 603.75 388.89 555.43 530.81 714.84 515.00
00001310 00000168 425.32 100.71 439.62 580.36 523.40 328.64 717.25 314.52 601.26 387.82 551.93 529.28 711.47 516.55
00001311 00000169 426.63 100.51 435.18 579.59 516.64 334.42 713.51 317.40 596.14 389.52 549.19 531.15 713.71 516.06
00001312 00000170 426.04 100.58 434.36 579.56 513.60 330.54 710.12 311.39 592.16 388.58 546.72 530.91 711.31 514.03
00001313 00000171 424.76 99.85 435.85 580.47 512.83 329.09 708.57 309.35 591.11 387.48 546.90 530.23 710.92 512.66
00001314 00000172 423.81 100.51 437.62 579.94 512.49 327.92 708.12 308.06 590.88 387.05 547.42 529.42 711.32 511.61
00001315 00000173 423.68 101.60 438.19 575.97 513.11 327.40 709.91 306.09 593.02 383.15 548.15 527.99 712.45 509.15
00001316 00000174 424.27 99.51 438.26 578.93 514.67 326.98 710.54 306.68 593.23 382.30 548.47 527.26 712.45 509.12
00001317 00000175 425.24 99.78 437.82 578.20 516.47 327.58 711.89 307.88 594.74 383.36 549.32 527.37 712.04 509.85
00001318 00000176 425.06 100.08 438.95 577.61 517.45 327.96 711.86 307.83 595.71 383.72 551.14 527.50 712.02 509.54
00001319 00000177 426.72 99.87 436.92 574.97 520.34 331.25 712.34 310.29 597.01 384.35 553.13 529.21 708.45 511.21
00001320 00000178 426.16 104.95 439.19 564.97 525.21 331.89 711.49 312.36 601.82 384.32 558.91 526.07 707.31 509.10
00001321 00000179 431.78 99.36 432.28 571.51 533.44 336.79 716.87 319.08 609.73 383.46 564.66 527.50 710.11 512.39
00001322 00000180 430.51 100.46 435.89 565.05 537.91 333.20 723.80 313.85 620.14 381.05 571.82 523.74 719.86 506.99
00001323 00000181 428.49 99.44 442.31 565.97 538.40 335.91 728.36 313.44 625.77 377.62 573.64 520.85 730.30 501.21
00001324 00000182 429.08 98.33 443.07 561.92 538.82 336.44 725.65 312.01 628.18 378.14 576.80 515.83 734.47 494.00
00001325 00000183 430.97 96.46 445.39 563.63 540.07 332.81 729.71 306.76 633.46 377.33 581.68 513.87 743.47 490.07
00001326 00000184 431.53 96.85 447.12 570.45 540.12 329.67 734.84 301.50 636.41 372.76 583.47 518.77 749.09 493.08
00001327 00000185 435.08 92.92 446.87 574.06 541.63 330.09 734.78 293.77 640.85 372.47 587.58 519.44 758.64 489.16
00001328 00000186 429.54 93.94 451.59 568.02 538.01 331.27 737.06 295.53 643.18 371.64 587.53 516.10 763.47 483.70
00001329 00000187 425.74 95.34 453.02 564.85 536.74 331.10 732.60 295.08 642.82 374.58 588.27 514.64 761.52 481.83
00001330 00000188 421.68 97.65 459.59 560.26 536.99 332.77 728.50 294.26 640.92 372.35 591.57 514.06 756.40 478.75
00001331 00000189 418.24 102.21 461.63 560.50 532.44 335.87 725.10 294.35 636.17 375.21 584.72 514.30 755.26 477.27
00001332 00000190 415.45 104.05 461.28 567.43 528.13 345.21 716.77 303.09 627.66 386.61 581.67 523.73 745.02 486.25
00001333 00000191 409.39 107.11 458.40 576.28 523.17 348.77 714.75 312.17 627.20 398.64 578.79 536.99 739.35 505.13
00001334 00000192 407.96 116.00 453.22 579.67 520.83 363.25 714.22 322.63 630.26 414.49 579.34 556.31 741.96 518.09
00001335 00000193 408.94 125.67 454.33 574.51 518.19 373.64 709.28 331.62 625.65 421.50 579.97 563.98 743.12 524.70
00001336 00000194 406.80 129.16 455.32 572.34 514.79 378.83 706.33 333.09 622.72 424.66 576.70 564.55 744.27 522.11
00001337 00000195 407.20 127.89 454.02 569.88 514.05 379.33 705.52 333.53 620.56 424.00 574.74 563.40 741.87 520.95
00001338 00000196 406.73 123.57 456.12 574.04 513.52 377.18 707.32 332.04 620.23 423.05 573.07 561.40 743.92 519.50
00001339 00000197 406.70 116.06 460.72 587.90 511.82 366.30 712.92 330.95 619.03 426.50 562.17 552.57 741.16 522.00
00001340 00000198 409.70 121.67 458.77 579.42 518.30 369.15 715.23 331.21 624.74 424.45 573.12 555.61 748.21 519.39
00001341 00000199 411.64 115.37 459.34 585.84 517.23 363.01 720.73 332.92 622.81 425.87 561.88 549.17 742.11 522.73
00001342 00000200 413.58 109.62 457.28 587.39 520.15 362.20 720.79 333.71 624.49 424.38 564.38 545.53 742.74 521.02
00001343 00000201 414.72 109.29 457.49 587.54 523.27 360.93 721.04 330.44 626.77 422.88 570.58 546.99 743.88 520.30
00001344 00000202 415.08 107.98 456.94 584.86 522.64 358.33 720.90 329.80 625.18 421.04 569.93 544.86 741.47 519.95
00001345 00000203 415.34 108.55 457.30 580.04 523.80 355.62 721.34 328.21 624.85 417.34 570.74 542.53 738.37 518.04
00001346 00000204 416.00 108.72 455.57 579.25 523.06 354.96 720.77 325.78 623.91 415.72 570.48 542.71 738.23 517.18
00001347 00000205 416.52 107.57 455.18 583.52 521.48 353.38 720.31 324.02 622.31 414.67 568.41 543.29 737.97 517.89
00001348 00000206 414.64 109.50 456.68 588.18 519.70 354.47 717.67 324.78 618.82 417.02 566.29 546.66 735.11 521.08
00001349 00000207 415.63 106.53 454.96 593.92 519.84 356.00 718.98 327.86 619.16 417.11 564.29 549.41 734.72 525.32
00001350 00000208 415.92 108.01 455.97 597.05 521.43 357.36 722.81 330.20 621.76 417.23 563.72 551.28 737.02 527.90
00001351 00000209 416.35 108.16 457.19 589.59 520.67 355.63 725.32 327.81 623.09 415.71 563.38 546.27 741.84 521.99
00001352 00000210 418.92 109.87 455.96 586.99 522.83 355.62 726.14 327.64 623.34 414.12 564.87 545.10 743.20 520.28
00001353 00000211 418.74 109.31 456.44 587.07 523.33 354.06 726.08 326.30 624.47 412.66 565.86 543.45 744.36 518.65
00001354 00000212 418.25 108.58 457.16 588.91 523.68 353.95 726.53 326.09 624.84 414.11 566.50 543.91 744.48 519.22
00001355 00000213 418.58 109.02 458.08 585.27 525.31 354.03 728.48 326.81 626.48 412.91 567.36 542.47 745.59 518.01
00001356 00000214 419.62 107.97 456.51 584.58 525.50 353.87 728.35 326.62 627.10 414.22 568.41 542.01 745.77 517.50
00001357 00000215 419.49 106.57 457.60 586.49 526.75 354.20 728.57 327.04 627.78 414.66 569.50 542.25 746.20 517.92
00001358 00000216 418.90 106.31 458.41 586.41 527.53 353.81 729.26 326.92 629.57 414.56 570.67 541.74 746.88 517.57
00001359 00000217 419.39 106.47 458.07 586.82 527.45 353.61 728.75 326.33 628.89 414.64 570.55 541.56 747.04 516.91
00001360 00000218 418.14 106.29 458.87 587.31 527.35 352.63 729.17 326.40 629.00 415.19 569.89 542.66 744.91 519.18
00001361 00000219 418.05 105.59 456.39 585.68 528.05 353.43 726.65 327.05 628.76 413.77 573.37 543.74 742.07 520.12
00001362 00000220 416.90 107.56 457.28 585.12 526.88 351.60 727.77 327.19 627.78 414.99 569.66 542.88 741.78 521.08
00001363 00000221 419.86 114.61 451.12 576.51 529.86 356.31 724.04 326.21 629.71 413.88 579.87 550.35 737.69 521.29
00001364 00000222 418.43 113.93 454.29 579.14 530.43 356.76 721.53 323.79 629.28 413.29 585.86 553.41 734.81 522.19
00001365 00000223 418.85 113.58 452.96 577.34 530.50 357.36 720.83 323.99 629.07 412.63 584.65 551.00 735.83 519.30
00001366 00000224 416.24 106.54 458.11 584.63 528.78 351.28 725.38 325.25 630.59 410.35 576.30 544.66 738.15 521.73
00001367 00000225 416.33 107.03 459.59 578.76 527.41 352.30 725.58 322.85 631.42 407.77 577.93 543.20 742.35 517.15
00001368 00000226 418.52 110.14 456.05 575.15 529.39 354.27 724.48 318.78 633.68 404.42 584.06 546.95 746.14 512.47
00001369 00000227 417.05 109.33 458.85 579.60 531.44 354.57 726.05 316.33 637.38 401.20 588.69 548.37 752.85 511.86
00001370 00000228 414.23 100.07 463.36 592.16 528.93 355.18 727.73 317.10 637.01 398.03 584.78 547.74 755.90 511.33
00001371 00000229 425.84 96.84 448.15 600.95 533.71 351.90 735.70 313.48 642.00 394.43 578.60 545.21 756.79 515.02
00001372 00000230 418.95 105.19 459.31 592.31 533.95 355.84 737.91 323.37 641.20 405.26 575.53 544.82 753.21 516.73
00001373 00000231 422.03 116.58 449.65 590.85 528.59 365.61 738.81 323.36 645.55 408.12 579.64 556.64 764.62 523.97
00001374 00000232 416.05 123.89 457.52 580.32 534.07 368.51 732.93 332.61 649.66 413.75 590.50 560.88 762.19 527.48
00001375 00000233 413.54 116.93 462.55 585.12 529.88 366.47 734.25 329.80 648.97 413.02 587.66 560.91 765.23 526.63
00001376 00000234 421.26 115.62 453.14 585.09 526.72 362.83 737.64 320.87 643.69 411.27 579.98 558.24 766.62 524.38
00001377 00000235 421.42 114.58 454.77 581.79 525.72 363.49 737.87 320.68 642.68 412.15 578.97 556.81 767.08 522.20
00001378 00000236 421.48 115.00 456.25 580.13 525.53 363.68 738.14 321.47 641.61 412.63 577.57 557.13 765.72 522.74
00001379 00000237 412.80 110.02 465.46 582.71 528.93 360.74 737.41 328.77 642.85 414.26 576.31 548.82 757.26 520.70
00001380 00000238 424.30 118.16 453.64 576.61 527.07 362.16 738.02 322.28 641.15 414.62 580.23 556.44 766.19 523.57
00001381 00000239 424.40 117.86 454.31 578.19 528.18 361.60 737.68 322.82 641.16 414.84 580.83 556.26 765.30 524.40
00001382 00000240 423.83 117.59 455.57 579.35 529.51 361.55 737.45 323.36 642.02 413.90 581.53 556.38 763.78 525.06
00001383 00000241 424.36 118.08 454.76 577.48 530.15 361.10 738.35 323.89 642.71 414.95 581.22 555.96 764.56 525.33
00001384 00000242 424.97 116.56 454.05 578.50 530.82 358.96 740.00 323.84 643.15 413.94 580.30 554.83 764.61 525.71
00001385 00000243 424.99 115.43 453.24 577.78 531.13 358.01 739.51 322.50 643.63 412.38 581.71 553.92 764.15 524.51
00001386 00000244 425.71 114.25 453.49 577.54 531.78 356.62 740.88 322.05 643.71 411.32 580.58 552.80 763.11 524.16
00001387 00000245 425.56 111.84 455.70 579.30 532.92 353.14 740.81 321.38 642.97 409.00 580.32 549.97 760.33 523.42
00001388 00000246 426.21 110.31 454.81 580.29 534.24 351.75 740.67 320.32 643.24 406.42 580.41 548.90 759.27 522.71
00001389 00000247 427.49 107.92 453.89 581.04 534.69 349.89 740.51 319.22 641.89 404.75 581.20 547.29 757.75 521.73
00001390 00000248 429.36 107.91 453.00 581.22 535.09 346.77 741.52 317.68 641.13 403.47 581.15 545.06 759.36 520.53
00001391 00000249 430.32 107.30 452.28 578.19 533.57 344.33 741.94 313.83 639.49 402.13 581.00 544.52 759.24 518.54
00001392 00000250 431.22 102.51 452.11 577.41 535.24 342.85 742.73 311.43 639.84 398.07 582.26 542.45 757.58 516.06
00001393 00000251 432.79 99.07 449.39 575.83 538.03 341.42 743.92 310.46 641.01 395.23 582.69 539.85 757.26 514.22
00001394 00000252 437.14 95.55 446.35 576.91 539.56 340.26 743.52 308.95 639.87 392.44 582.27 537.23 755.97 511.40
00001395 00000253 436.10 99.66 442.77 567.93 540.98 335.82 741.23 312.81 637.67 390.82 582.12 528.77 752.02 507.64
00001396 00000254 438.92 99.82 439.87 563.29 542.07 333.57 741.02 310.70 636.98 388.14 582.45 525.94 750.72 504.80
00001397 00000255 439.82 99.35 437.99 560.52 541.69 332.76 741.07 312.00 634.84 387.99 578.86 524.17 748.17 504.79
00001398 00000256 441.27 99.28 435.96 559.45 540.43 333.24 739.77 312.86 631.60 386.51 575.37 522.94 745.77 504.14
00001399 00000257 441.59 99.23 436.20 558.22 540.49 332.40 740.31 312.56 631.33 384.54 574.44 521.65 745.70 503.33
00001400 00000258 442.89 98.19 435.63 559.38 540.30 332.20 739.66 312.47 629.90 383.76 573.24 521.22 744.05 503.02
00001401 00000259 442.85 98.30 436.30 557.85 539.76 331.95 738.11 311.99 627.63 383.92 573.00 520.89 741.96 502.48
00001402 00000260 442.74 96.67 435.85 559.45 539.69 331.14 736.89 311.51 626.81 383.63 572.84 520.04 740.97 501.80
00001403 00000261 442.17 99.57 436.98 556.26 539.94 330.44 738.63 310.97 628.94 382.93 573.58 518.60 744.45 500.32
00001404 00000262 443.50 97.18 435.95 553.31 542.26 330.08 744.18 306.58 636.63 378.80 579.95 518.59 752.90 496.69
00001405 00000263 451.86 98.46 432.33 550.34 554.61 330.89 751.03 302.05 652.92 375.78 593.80 511.87 764.79 488.72
00001406 00000264 453.20 101.65 437.91 543.43 563.50 317.58 759.31 292.71 664.94 367.33 605.14 503.24 774.27 482.72
00001407 00000265 457.74 99.39 438.93 543.90 572.39 310.40 762.61 287.27 674.03 358.19 612.43 492.36 779.48 473.13
00001408 00000266 460.58 97.27 438.37 536.49 578.24 307.93 766.06 282.00 679.53 351.61 617.27 487.71 780.79 466.44
00001409 DELETE   463.15 94.48 437.82 540.52 580.77 309.74 766.70 283.47 680.26 353.83 618.81 485.59 782.25 464.01
00001410 00000268 459.64 100.52 440.72 545.43 574.29 316.22 763.20 293.30 672.47 361.07 614.11 494.54 775.10 475.05
CROP_BBOX: 209 0 1177 881
