Video ID: 	y8xw_0bcqwE
H: 	1080
W: 	1920
FPS: 	24.0

FRAME INDEX X0 Y0 W H [Landmarks (5 Points)]

00000649 00000000 702.85 120.79 356.47 509.86 812.45 327.54 994.67 316.86 935.05 401.16 846.98 513.45 998.53 505.55
00000650 00000001 703.24 121.07 355.55 504.64 812.90 326.51 994.37 314.98 936.65 398.91 849.30 510.76 999.83 502.21
00000651 00000002 702.86 118.88 356.20 505.81 814.82 324.85 993.92 313.49 939.69 394.60 851.47 508.69 1001.35 500.51
00000652 00000003 702.62 118.28 356.27 506.40 817.30 324.66 993.56 312.82 942.57 394.35 852.48 506.78 1001.67 498.46
00000653 00000004 703.90 117.74 353.83 502.08 817.41 325.20 994.15 313.14 943.26 395.03 853.06 505.51 1002.16 497.06
00000654 00000005 700.80 117.35 357.11 498.03 816.32 332.23 993.91 320.78 940.27 396.84 851.53 505.72 1001.57 497.82
00000655 00000006 699.65 117.23 357.19 496.87 815.65 334.47 994.86 323.60 939.94 399.62 849.24 505.76 1001.57 498.60
00000656 00000007 697.73 121.19 358.04 493.87 815.19 338.94 996.08 325.50 939.49 408.51 848.29 509.38 1001.07 500.21
00000657 00000008 697.02 126.54 356.74 492.01 816.63 342.32 998.20 331.23 941.46 415.39 847.54 513.25 1000.41 506.05
00000658 00000009 697.07 130.11 357.87 490.71 816.91 345.76 999.93 335.63 941.81 418.26 846.80 515.67 1001.23 509.22
00000659 00000010 695.73 135.81 356.36 490.11 822.98 352.16 1002.97 344.43 948.00 416.06 853.25 517.04 1002.67 511.71
00000660 00000011 696.53 135.86 355.66 490.47 823.92 351.68 1004.48 344.32 949.83 416.15 853.93 517.49 1003.99 512.53
00000661 00000012 698.62 134.70 353.77 490.41 824.26 350.99 1003.20 342.12 950.58 415.37 855.12 517.06 1004.05 510.94
00000662 00000013 698.52 133.86 354.51 490.70 825.82 351.33 1003.95 342.31 951.60 414.11 857.83 516.98 1004.43 510.82
00000663 00000014 698.95 132.24 355.87 498.03 826.24 350.09 1004.60 343.76 951.23 413.41 860.77 518.85 1004.98 514.91
00000664 00000015 699.39 131.37 356.88 503.15 826.92 349.54 1006.46 345.09 951.76 413.68 861.57 520.45 1005.59 518.07
00000665 00000016 700.19 131.19 357.38 504.87 828.01 349.08 1008.38 346.96 952.51 414.04 862.20 521.96 1005.65 521.44
00000666 00000017 700.21 132.44 358.88 505.01 828.30 348.15 1009.84 348.46 952.07 415.27 862.11 524.00 1004.88 525.15
00000667 00000018 701.64 134.20 359.11 506.26 828.91 349.80 1011.11 350.70 951.32 416.84 863.17 525.57 1005.55 526.88
00000668 00000019 702.66 137.82 357.37 503.61 830.92 352.34 1010.47 352.77 952.64 419.22 866.27 527.27 1004.86 527.86
00000669 DELETE   705.64 139.50 354.52 502.03 832.82 354.94 1011.73 355.64 954.04 421.55 867.23 529.18 1005.20 530.10
00000670 00000021 706.83 140.58 354.28 499.26 834.41 357.30 1014.26 357.74 955.22 422.60 867.21 529.19 1006.09 529.99
00000671 00000022 707.53 140.60 356.06 495.98 836.09 359.64 1016.65 359.55 957.28 424.58 867.13 529.33 1007.15 529.65
00000672 00000023 707.69 141.44 358.45 495.27 838.27 361.25 1020.68 361.08 961.69 427.38 869.80 531.77 1010.37 531.98
00000673 00000024 711.82 142.69 359.91 502.58 844.31 359.91 1026.88 360.03 968.46 430.02 872.71 534.21 1015.44 534.56
00000674 00000025 716.05 144.61 363.94 511.50 850.04 362.17 1029.98 359.78 974.96 434.54 879.35 539.18 1021.78 537.40
00000675 00000026 722.29 147.99 360.48 515.64 854.92 366.37 1032.32 363.53 979.78 437.17 882.83 542.27 1026.07 540.23
00000676 00000027 727.09 147.42 357.59 513.39 858.52 366.30 1035.59 364.29 982.65 435.55 884.88 541.49 1028.30 540.21
00000677 00000028 728.94 147.18 355.62 506.06 859.27 362.55 1037.11 362.24 982.50 431.57 882.19 534.65 1027.95 535.00
00000678 00000029 729.91 143.90 355.82 501.33 860.49 359.44 1040.00 360.89 984.09 425.96 883.62 531.17 1028.66 533.08
00000679 00000030 728.41 141.01 357.97 496.85 861.58 354.28 1042.24 356.49 987.05 419.43 882.58 523.95 1029.20 526.44
00000680 00000031 729.96 138.16 353.87 492.52 863.91 350.75 1042.31 354.55 989.79 413.69 882.90 518.31 1028.22 522.25
00000681 00000032 729.23 136.58 352.83 492.02 864.53 349.56 1041.59 354.21 991.49 411.96 882.30 516.33 1027.13 521.01
00000682 00000033 729.10 135.11 352.62 494.07 865.10 348.49 1040.87 354.05 990.86 411.69 880.30 514.95 1024.56 520.51
00000683 00000034 728.91 136.81 352.02 493.81 865.57 349.18 1041.11 355.44 991.53 412.84 879.35 515.89 1023.31 522.10
00000684 00000035 728.22 139.19 351.60 491.82 866.12 352.05 1040.12 357.71 990.86 415.97 880.16 517.58 1021.69 523.43
00000685 00000036 726.57 142.08 352.85 490.04 866.68 353.36 1040.77 360.19 991.47 417.42 881.09 519.04 1021.07 525.84
00000686 DELETE   726.88 143.86 352.92 490.42 867.11 354.12 1040.95 361.78 992.04 418.05 881.69 520.22 1021.15 527.70
00000687 00000038 726.71 144.43 353.24 491.61 867.08 355.08 1042.13 362.79 992.96 420.11 881.80 522.29 1022.05 529.85
00000688 00000039 727.62 143.95 352.57 494.17 867.70 354.56 1041.52 362.29 993.42 420.15 881.88 522.74 1021.57 530.32
00000689 00000040 730.31 143.14 351.59 497.50 867.98 353.21 1041.14 360.48 992.22 419.76 883.01 524.03 1021.63 531.27
00000690 00000041 730.26 142.30 352.41 497.61 868.84 353.08 1042.35 360.12 993.70 419.32 884.45 523.64 1023.91 530.58
00000691 00000042 730.49 142.42 352.70 496.21 868.99 353.38 1044.15 361.02 995.41 418.94 886.08 523.56 1026.78 530.91
00000692 00000043 732.22 142.10 352.35 494.62 868.55 353.71 1044.00 359.41 995.14 419.12 886.75 523.04 1028.57 528.85
00000693 00000044 733.34 142.83 351.38 493.46 869.12 354.37 1045.34 360.39 996.04 420.63 886.32 523.64 1028.87 529.85
00000694 DELETE   734.02 143.58 350.97 493.03 869.80 357.06 1046.44 362.88 996.49 421.74 885.90 524.09 1030.01 530.10
00000695 00000046 735.44 145.73 350.23 492.80 871.62 360.32 1045.70 364.98 996.55 425.08 885.08 524.87 1028.78 530.07
00000696 DELETE   738.38 145.08 349.58 500.75 872.39 360.70 1044.69 363.96 995.63 426.19 886.92 527.79 1031.19 531.68
00000697 00000048 740.19 145.05 349.76 505.55 870.29 360.63 1044.48 363.74 992.65 426.39 889.46 531.58 1033.64 535.14
00000698 00000049 738.75 144.14 353.01 504.78 867.30 359.77 1044.78 361.74 989.38 427.43 891.34 532.46 1036.19 534.74
00000699 00000050 740.39 143.47 354.31 509.21 866.71 360.47 1044.26 361.31 987.76 430.18 894.73 535.78 1039.05 536.94
00000700 00000051 743.03 144.43 354.41 515.23 867.24 362.88 1040.85 360.84 986.78 433.89 899.95 544.12 1037.45 542.73
00000701 00000052 744.27 144.95 355.30 516.89 867.00 364.14 1039.72 357.98 986.99 439.39 904.26 549.83 1037.15 544.94
00000702 00000053 744.85 145.85 356.81 520.93 866.36 366.16 1039.13 358.85 985.63 445.11 905.26 554.38 1037.11 548.48
00000703 00000054 746.48 148.77 356.30 525.12 864.41 367.48 1035.90 360.15 981.75 450.01 903.63 558.71 1034.54 552.76
00000704 00000055 750.90 150.84 354.07 530.34 861.76 364.31 1036.17 357.31 979.45 444.98 895.74 565.89 1026.19 561.53
00000705 00000056 750.95 150.37 355.60 533.60 860.40 365.97 1037.24 360.27 977.66 447.35 888.77 564.84 1026.06 561.83
00000706 00000057 752.63 151.81 356.94 529.49 857.70 366.98 1038.40 360.65 971.59 448.49 884.03 564.33 1025.58 560.86
00000707 00000058 757.34 152.94 355.79 525.12 857.12 367.71 1039.82 361.75 967.18 450.75 881.27 563.00 1025.37 560.30
00000708 00000059 761.09 152.74 355.82 518.96 856.62 369.06 1040.18 360.89 964.61 452.10 881.65 562.02 1027.29 557.53
00000709 00000060 759.57 164.02 362.45 506.24 864.86 375.63 1037.15 368.39 966.67 451.68 886.66 553.89 1027.74 549.19
00000710 00000061 763.71 164.44 360.52 501.65 865.06 377.73 1037.99 366.99 967.06 451.49 887.99 553.26 1030.48 545.50
00000711 00000062 763.89 164.40 363.46 500.28 865.89 378.46 1039.97 365.25 968.93 450.64 889.86 552.88 1034.35 542.79
00000712 00000063 764.85 163.13 363.86 498.77 866.53 378.38 1041.43 365.16 969.70 450.63 889.99 551.61 1036.69 541.41
00000713 00000064 766.45 160.94 362.53 496.63 867.27 376.86 1043.11 364.38 970.30 450.01 889.98 549.24 1037.47 539.81
00000714 00000065 766.83 158.94 361.98 496.49 867.24 374.84 1044.55 363.33 971.32 449.18 889.92 547.00 1038.72 538.40
00000715 00000066 766.88 157.72 362.27 498.48 868.45 373.53 1045.57 361.67 973.28 447.37 892.23 546.22 1039.72 537.33
00000716 00000067 765.62 157.69 364.25 504.96 870.45 373.01 1045.51 359.94 975.08 445.66 896.13 546.63 1039.53 536.56
00000717 00000068 765.42 156.99 365.14 508.51 872.02 373.61 1046.72 359.38 977.31 446.05 900.12 548.50 1041.01 537.32
00000718 00000069 767.11 156.96 364.19 510.30 873.99 375.18 1050.01 360.22 980.54 447.66 902.54 549.68 1045.72 537.81
00000719 00000070 769.58 157.78 363.73 510.40 877.18 374.05 1052.68 360.28 984.22 447.95 903.82 547.11 1050.34 536.13
00000720 00000071 771.46 156.39 363.56 507.90 878.60 371.97 1053.34 358.70 986.01 446.15 905.58 544.85 1051.48 534.21
00000721 00000072 768.70 153.28 367.77 507.87 877.66 364.32 1061.53 359.96 984.09 443.78 912.09 540.68 1059.35 537.45
00000722 00000073 769.31 155.67 366.04 500.83 878.41 362.82 1064.47 358.88 986.35 442.90 910.94 538.85 1060.78 536.03
00000723 00000074 769.76 154.27 365.57 499.24 879.18 362.28 1065.06 358.76 986.42 439.85 911.68 536.46 1061.06 533.84
00000724 00000075 770.55 153.93 364.02 496.39 879.34 361.48 1065.86 358.30 987.18 436.25 911.32 533.96 1061.81 531.59
00000725 00000076 770.85 150.54 363.57 498.11 880.44 360.58 1065.74 358.41 988.46 433.54 912.49 531.48 1061.58 529.83
00000726 00000077 770.88 149.19 363.10 499.25 881.03 359.53 1066.67 357.55 990.16 432.71 913.07 530.64 1063.06 529.14
00000727 00000078 770.01 148.33 363.85 501.91 881.82 358.19 1065.75 356.65 991.62 431.71 914.77 530.18 1064.02 529.05
00000728 00000079 770.28 147.35 364.37 502.40 882.25 356.73 1065.21 354.64 991.85 431.46 916.16 529.30 1064.11 527.68
00000729 00000080 770.08 146.99 364.77 502.77 882.99 356.22 1064.82 354.42 991.94 430.52 917.81 529.28 1063.45 527.81
00000730 00000081 769.84 146.83 365.23 502.33 883.31 355.92 1064.68 353.71 992.29 429.73 919.80 530.16 1062.81 528.20
00000731 00000082 769.65 145.21 365.06 504.61 884.66 355.02 1064.22 352.79 993.80 429.81 922.44 531.43 1062.20 529.38
00000732 00000083 769.90 144.89 364.44 504.13 885.39 354.74 1065.21 351.66 995.81 429.56 924.68 532.25 1063.15 529.43
00000733 00000084 769.73 145.25 363.76 501.90 885.48 352.93 1065.86 349.47 997.50 428.20 926.22 531.78 1064.78 528.56
00000734 00000085 768.90 144.61 363.95 501.08 884.96 356.08 1064.74 352.17 996.72 427.12 925.93 529.87 1065.31 526.39
00000735 00000086 767.05 145.00 365.54 498.12 883.88 354.41 1066.03 349.40 997.16 426.23 925.93 529.64 1066.20 525.08
00000736 00000087 769.65 145.35 362.59 492.60 884.63 352.25 1066.99 346.36 999.11 423.64 926.11 526.86 1068.95 521.73
00000737 00000088 768.62 142.32 364.09 494.96 885.37 350.75 1066.71 344.02 1000.91 421.78 927.36 525.85 1069.34 520.18
00000738 00000089 767.79 140.79 364.84 500.07 886.41 347.18 1068.15 342.51 1002.79 421.66 929.10 529.25 1067.52 525.21
00000739 00000090 767.09 142.05 364.64 498.03 887.39 346.66 1069.89 341.76 1006.42 421.92 930.59 531.57 1068.90 527.20
00000740 00000091 767.21 139.13 364.05 497.37 888.89 346.13 1070.00 339.58 1009.18 421.94 932.56 528.88 1070.39 523.40
00000741 00000092 766.64 136.26 364.06 497.51 891.20 346.75 1071.73 338.31 1013.76 421.22 932.66 525.95 1073.20 519.19
00000742 00000093 770.16 135.98 360.36 496.18 894.23 346.48 1074.01 335.63 1019.81 419.39 934.68 523.65 1077.02 515.34
00000743 00000094 774.77 133.29 358.36 497.90 898.33 343.87 1075.52 330.48 1025.71 415.05 939.74 521.09 1081.16 510.74
00000744 00000095 777.66 128.24 357.53 499.71 901.36 341.20 1074.51 326.39 1026.87 412.79 944.29 517.99 1082.08 506.47
00000745 00000096 781.08 124.65 355.29 500.69 904.63 338.89 1075.76 323.38 1030.68 408.16 948.66 515.73 1084.47 503.62
00000746 00000097 783.70 124.44 353.32 501.19 907.05 337.01 1077.35 322.79 1032.34 407.37 950.55 515.62 1083.83 504.53
00000747 00000098 782.55 126.02 354.64 502.24 907.12 337.10 1079.06 324.53 1032.53 408.09 950.08 517.62 1083.24 507.81
00000748 00000099 782.46 127.88 355.36 502.34 906.28 338.19 1080.47 327.62 1030.65 409.21 948.39 519.31 1082.75 511.06
00000749 00000100 784.49 128.96 354.42 501.63 904.55 338.70 1081.48 329.31 1029.24 410.09 947.67 522.02 1083.27 514.63
00000750 00000101 783.06 130.67 356.36 499.95 901.40 340.13 1080.74 331.31 1026.02 410.60 945.18 523.07 1082.66 516.05
00000751 00000102 781.60 132.75 355.52 493.85 898.22 340.84 1076.53 330.52 1021.07 410.53 939.00 519.93 1079.37 512.02
00000752 00000103 782.50 131.21 353.87 492.04 896.87 337.63 1072.21 326.08 1016.27 406.69 935.57 515.74 1074.91 507.08
00000753 00000104 780.45 125.40 355.88 495.41 896.31 331.32 1070.31 324.67 1014.22 400.89 930.51 509.59 1071.14 505.28
00000754 00000105 776.91 124.35 358.62 495.85 893.31 326.84 1066.43 323.52 1006.04 395.73 924.23 504.89 1064.56 502.93
00000755 00000106 776.70 124.11 357.20 498.68 891.88 331.52 1065.30 329.70 1001.85 399.79 918.21 505.40 1060.93 505.69
00000756 DELETE   771.94 125.29 361.05 500.42 889.44 336.13 1061.76 336.12 995.75 401.25 913.77 506.24 1054.47 507.58
00000757 00000108 767.83 126.44 365.13 502.99 884.62 334.14 1061.60 334.26 991.37 401.92 910.20 507.69 1053.62 508.54
00000758 00000109 769.94 124.59 363.18 505.16 874.76 329.12 1060.74 328.75 982.93 399.01 899.11 513.66 1049.48 514.65
00000759 00000110 769.79 127.01 362.85 505.30 873.55 330.98 1058.84 329.13 981.50 402.18 898.83 516.47 1048.24 516.20
00000760 00000111 769.29 128.53 363.55 505.51 872.86 332.23 1057.07 328.82 981.12 404.24 899.92 518.12 1048.08 516.44
00000761 00000112 768.74 130.68 363.96 507.51 872.30 332.17 1055.75 328.08 980.43 404.35 899.29 518.53 1047.80 516.19
00000762 00000113 767.66 132.15 364.27 510.47 871.24 333.01 1053.07 328.01 979.29 404.88 898.52 520.39 1045.98 517.39
00000763 00000114 766.37 134.60 364.41 513.26 870.51 334.42 1050.99 329.57 977.44 406.64 896.80 522.67 1043.40 519.90
00000764 00000115 766.31 137.23 363.47 519.46 870.57 335.34 1049.22 330.06 977.94 408.68 896.74 527.82 1041.11 524.85
00000765 00000116 765.24 138.90 362.68 520.27 870.52 336.48 1048.63 331.25 978.80 408.74 896.04 528.80 1040.51 525.89
00000766 00000117 762.66 137.21 364.50 508.97 868.29 337.31 1049.74 334.03 977.01 410.38 893.03 520.28 1044.05 518.75
00000767 00000118 761.92 135.51 364.04 499.64 866.37 338.89 1052.15 334.19 976.29 412.69 892.77 518.80 1047.71 516.04
00000768 00000119 760.37 135.08 363.94 497.20 865.94 340.37 1050.94 334.64 976.29 414.12 890.98 516.34 1047.42 512.93
00000769 00000120 758.82 134.46 363.38 496.91 864.26 341.65 1049.57 335.74 975.29 414.26 889.55 517.03 1045.73 513.38
00000770 00000121 755.50 134.36 364.21 497.55 861.47 342.19 1046.08 335.69 973.31 415.29 888.51 518.25 1043.40 514.05
00000771 00000122 753.64 133.15 363.71 498.15 859.78 342.48 1043.95 334.81 972.44 415.70 889.53 519.80 1042.67 514.40
00000772 00000123 752.49 130.44 362.25 499.31 858.81 342.48 1042.24 332.26 973.25 415.53 891.22 520.79 1043.44 513.18
00000773 00000124 751.05 128.88 360.48 500.29 857.96 341.34 1041.03 330.90 973.88 414.55 892.77 521.61 1042.78 513.82
00000774 00000125 749.52 127.71 359.84 502.11 856.84 341.59 1039.40 330.53 973.54 415.05 892.35 522.53 1041.48 514.17
00000775 00000126 747.23 126.41 360.31 503.25 855.17 341.43 1038.06 330.78 972.39 414.03 891.50 523.09 1039.81 514.98
00000776 00000127 745.47 127.05 359.39 502.53 853.94 340.21 1036.19 330.76 969.93 412.79 890.90 523.38 1035.97 516.29
00000777 00000128 740.86 127.12 360.10 502.78 851.95 338.61 1034.35 329.81 968.21 410.97 888.29 522.13 1032.96 515.58
00000778 00000129 739.21 126.93 358.62 501.37 850.34 336.61 1032.49 328.78 967.04 409.31 887.47 520.60 1030.45 514.70
00000779 00000130 734.15 128.62 359.70 505.27 846.83 336.42 1029.29 329.75 965.29 408.43 882.99 521.27 1028.07 516.23
00000780 00000131 729.85 130.90 360.11 504.73 844.13 337.69 1026.44 331.64 962.60 409.44 880.09 520.54 1025.12 515.97
00000781 00000132 726.40 131.11 358.79 499.14 840.70 338.51 1021.37 331.62 958.88 408.81 875.65 517.09 1021.03 511.74
00000782 00000133 724.75 132.39 356.38 496.12 836.86 338.64 1019.06 332.64 955.90 408.79 870.67 516.49 1018.47 511.87
00000783 00000134 721.67 131.12 356.22 498.87 833.90 342.17 1014.31 334.69 951.93 410.77 867.07 518.32 1014.63 512.51
00000784 DELETE   715.69 134.83 357.77 498.24 829.68 350.42 1009.67 342.92 947.92 412.61 865.66 521.73 1011.82 516.20
00000785 DELETE   711.93 133.71 353.44 500.40 824.09 350.23 1004.31 339.98 945.93 412.44 862.71 521.98 1010.30 514.62
00000786 00000137 706.43 132.21 352.41 499.33 820.21 348.06 998.79 332.33 946.19 413.45 863.08 523.23 1008.07 511.27
00000787 00000138 702.88 131.54 350.75 497.64 818.08 346.45 991.40 327.55 943.93 412.13 862.82 521.50 1003.05 507.13
00000788 00000139 698.37 124.71 355.92 501.50 810.82 339.35 989.49 322.90 937.03 406.09 854.00 519.24 1002.88 506.66
00000789 00000140 692.78 123.28 358.46 509.28 807.87 337.31 985.50 323.26 935.84 403.27 851.88 520.84 1000.95 509.92
00000790 00000141 691.26 122.17 355.47 511.95 805.24 338.63 981.31 322.09 932.33 404.67 848.05 521.75 997.03 508.98
00000791 00000142 686.95 120.93 355.40 503.23 802.51 338.63 977.82 316.51 930.95 404.57 847.10 519.70 993.77 502.02
00000792 00000143 685.22 119.34 352.77 499.38 800.55 339.19 972.24 311.44 929.32 401.91 849.20 517.49 992.13 494.93
00000793 DELETE   678.78 118.43 352.70 501.90 797.51 338.62 962.94 308.53 928.85 396.28 850.20 515.76 988.13 491.25
00000794 DELETE   670.41 116.39 356.53 507.32 789.40 338.80 952.05 306.65 925.52 390.25 849.61 516.86 984.13 490.37
00000795 00000146 664.70 115.13 356.37 504.63 788.42 340.42 944.46 302.41 925.28 390.12 852.03 514.43 980.09 482.85
00000796 00000147 659.41 112.72 356.22 501.35 783.12 345.03 935.10 298.55 920.45 386.54 853.57 512.14 979.00 473.26
00000797 DELETE   651.88 114.66 357.88 496.70 772.84 345.49 924.54 294.08 909.91 385.34 848.30 511.14 971.51 468.14
00000798 00000149 645.39 115.90 359.27 494.96 766.76 343.20 918.15 292.29 903.55 384.84 843.35 510.68 964.31 468.08
00000799 DELETE   637.48 115.43 360.31 498.43 761.25 341.68 912.67 293.65 898.13 384.37 840.45 511.73 959.48 471.90
00000800 DELETE   632.18 115.60 358.93 502.54 755.56 343.80 905.13 295.14 893.22 383.11 834.40 513.11 954.31 473.10
00000801 00000152 625.44 115.17 360.76 501.90 750.03 345.21 900.48 294.51 888.33 383.61 829.03 512.45 951.09 470.76
00000802 DELETE   618.01 113.80 364.69 503.24 742.97 343.31 895.55 287.68 884.15 382.64 823.30 511.95 948.76 466.61
00000803 00000154 613.24 111.68 361.42 500.78 738.36 344.99 893.69 287.51 880.39 382.18 821.90 510.33 951.20 464.10
00000804 00000155 608.90 105.37 361.99 503.80 733.67 344.23 890.78 285.94 875.44 383.33 819.06 508.92 949.80 462.16
00000805 00000156 607.36 103.97 363.24 497.70 726.68 356.70 882.16 280.64 872.67 388.27 810.08 518.91 941.97 455.69
CROP_BBOX: 466 0 1278 799
