Video ID: 	glCl_2RpEr8
H: 	2160
W: 	3840
FPS: 	23.976023976023978

FRAME INDEX X0 Y0 W H [Landmarks (5 Points)]

00015798 00000000 1698.16 232.47 1005.96 1312.71 2125.31 786.76 2532.31 855.61 2347.24 1115.93 2035.61 1216.34 2353.15 1279.39
00015799 00000001 1707.37 229.60 1013.24 1342.76 2141.47 784.70 2539.67 865.83 2353.99 1120.83 2036.65 1217.74 2356.58 1290.80
00015800 00000002 1724.05 259.75 990.43 1328.57 2155.44 791.62 2533.96 862.65 2363.31 1126.22 2037.82 1219.80 2351.29 1286.48
00015801 00000003 1734.34 261.21 991.29 1334.38 2165.11 796.14 2542.53 866.27 2372.59 1130.66 2042.06 1223.43 2357.74 1289.08
00015802 00000004 1731.29 265.76 1007.06 1321.01 2174.15 798.25 2553.18 871.92 2382.10 1135.51 2043.72 1219.50 2362.00 1288.34
00015803 00000005 1755.11 268.26 989.40 1319.28 2178.22 797.56 2556.51 871.99 2380.81 1133.74 2054.20 1219.52 2367.28 1288.56
00015804 00000006 1740.79 267.92 1003.96 1327.75 2179.70 801.43 2554.24 874.40 2379.67 1133.66 2053.14 1223.58 2362.25 1291.44
00015805 00000007 1743.07 273.31 995.89 1310.99 2174.96 800.08 2550.47 876.26 2374.12 1135.40 2054.61 1221.70 2360.68 1292.08
00015806 00000008 1743.31 273.65 987.73 1306.15 2170.98 798.70 2547.72 874.48 2371.70 1135.94 2054.26 1220.05 2362.79 1290.20
00015807 00000009 1736.43 273.93 986.53 1303.08 2165.31 797.74 2545.88 872.29 2370.19 1136.83 2047.89 1218.84 2364.88 1288.03
00015808 00000010 1716.94 280.14 1001.86 1294.53 2163.84 796.33 2543.75 874.35 2372.20 1135.15 2041.14 1217.58 2356.38 1290.18
00015809 00000011 1715.44 279.14 1001.30 1295.98 2157.32 793.78 2538.80 873.97 2363.65 1133.87 2033.34 1215.79 2351.35 1290.01
00015810 00000012 1711.43 280.04 1005.22 1300.19 2150.03 796.30 2532.59 875.65 2356.12 1135.52 2022.35 1216.51 2346.51 1290.37
00015811 00000013 1708.18 279.77 1005.04 1311.34 2147.78 797.39 2528.64 878.27 2354.72 1137.73 2016.26 1221.30 2341.64 1296.65
00015812 00000014 1706.85 277.37 1000.56 1326.61 2145.04 793.94 2522.80 877.65 2351.58 1139.67 2007.49 1226.32 2334.59 1304.61
00015813 00000015 1701.21 275.12 1007.14 1337.67 2139.37 793.15 2520.51 879.25 2346.84 1145.00 1990.67 1227.23 2327.98 1308.30
00015814 00000016 1695.52 272.49 1005.77 1336.97 2133.57 794.97 2514.25 878.73 2341.73 1143.43 1988.39 1227.61 2325.59 1306.45
00015815 00000017 1693.52 261.30 1022.24 1339.61 2134.13 797.81 2518.59 890.69 2336.53 1151.55 1993.82 1218.73 2326.51 1304.39
00015816 00000018 1690.06 268.28 1018.86 1321.20 2130.77 799.88 2514.48 885.39 2331.74 1147.30 1997.00 1214.67 2320.24 1294.87
00015817 00000019 1684.59 267.19 1021.67 1315.68 2129.28 805.65 2514.45 883.23 2332.71 1149.81 2001.70 1220.40 2318.05 1294.02
00015818 00000020 1683.61 268.50 1022.40 1308.32 2124.55 810.94 2517.80 880.68 2332.16 1152.05 2002.96 1227.93 2318.33 1295.38
00015819 00000021 1674.60 273.03 1027.15 1300.98 2121.80 809.68 2514.17 877.59 2331.84 1153.22 2002.03 1227.95 2315.15 1293.70
00015820 00000022 1672.17 268.91 1020.46 1306.24 2115.07 813.09 2514.10 881.56 2328.67 1150.64 1997.34 1231.98 2314.79 1297.85
00015821 00000023 1676.46 270.67 1007.68 1304.57 2107.70 812.80 2507.80 879.66 2320.78 1150.48 1996.51 1232.67 2314.65 1296.90
00015822 00000024 1670.77 265.35 1006.43 1318.24 2102.11 810.45 2500.37 880.38 2312.48 1148.66 1990.20 1233.57 2308.29 1299.26
00015823 00000025 1660.24 265.29 1007.70 1320.36 2095.99 809.95 2491.68 879.08 2306.57 1143.13 1984.67 1235.51 2299.28 1300.17
00015824 00000026 1655.43 266.62 1008.67 1322.68 2091.69 811.47 2486.81 878.61 2301.02 1143.62 1980.90 1239.88 2292.82 1302.80
00015825 00000027 1648.35 264.58 1007.58 1325.36 2086.49 814.17 2477.95 880.00 2295.48 1148.48 1973.43 1240.41 2284.33 1302.07
00015826 00000028 1644.99 267.60 1009.70 1334.67 2084.15 809.19 2472.68 876.92 2290.61 1143.41 1970.91 1243.57 2279.48 1306.21
00015827 00000029 1642.12 265.11 1013.17 1340.33 2085.30 810.08 2471.90 878.13 2291.44 1142.80 1968.86 1244.30 2276.58 1307.18
00015828 00000030 1646.11 265.15 1010.84 1334.23 2084.01 808.65 2475.34 877.28 2290.07 1142.62 1970.67 1240.13 2282.60 1303.58
00015829 00000031 1648.20 267.39 1012.44 1325.28 2087.22 810.14 2479.83 878.97 2293.46 1143.78 1971.28 1236.41 2285.21 1300.55
00015830 00000032 1650.46 269.83 1013.75 1317.90 2088.20 807.50 2483.93 879.72 2296.01 1144.23 1973.01 1229.33 2291.94 1296.61
00015831 00000033 1655.72 272.65 1009.21 1313.30 2090.02 808.40 2486.15 880.79 2297.09 1143.08 1974.20 1226.65 2295.53 1294.41
00015832 00000034 1657.83 271.34 1006.52 1313.75 2088.93 810.61 2486.23 884.76 2297.73 1145.13 1973.69 1223.78 2300.47 1292.91
00015833 00000035 1659.22 265.96 1006.07 1317.37 2091.27 813.04 2488.49 887.36 2299.31 1151.84 1972.09 1222.83 2300.80 1292.37
00015834 00000036 1655.57 272.87 1011.55 1312.40 2089.30 812.20 2483.16 888.06 2292.68 1156.41 1970.98 1224.63 2294.20 1295.18
00015835 00000037 1650.45 267.39 1017.56 1323.18 2086.49 812.02 2479.34 890.32 2290.23 1153.64 1965.08 1226.42 2290.21 1298.24
00015836 00000038 1645.48 267.90 1016.61 1320.16 2083.49 809.84 2474.09 891.68 2286.80 1155.82 1959.91 1224.30 2284.22 1298.86
00015837 00000039 1642.10 267.23 1015.23 1319.28 2080.76 811.45 2469.42 890.92 2284.70 1153.28 1955.79 1222.91 2277.96 1295.84
00015838 00000040 1638.03 265.18 1016.97 1320.07 2079.98 812.09 2469.08 889.26 2286.65 1154.09 1956.49 1225.81 2276.41 1296.86
00015839 00000041 1629.74 262.29 1021.77 1321.96 2076.56 818.11 2471.66 886.88 2286.45 1154.23 1956.91 1234.14 2273.05 1298.11
00015840 00000042 1628.10 263.06 1020.44 1318.00 2075.48 821.09 2472.90 886.10 2286.41 1150.67 1961.46 1244.79 2268.57 1305.19
00015841 00000043 1630.79 262.87 1021.36 1323.43 2078.13 821.46 2473.59 888.10 2284.90 1148.37 1966.22 1248.78 2268.22 1309.81
00015842 00000044 1632.84 265.96 1021.43 1318.58 2079.18 821.98 2472.84 887.28 2283.17 1146.84 1969.45 1248.16 2269.77 1307.89
00015843 00000045 1636.99 263.67 1016.60 1317.69 2081.84 820.79 2473.61 886.85 2284.83 1145.36 1972.70 1248.63 2271.20 1308.83
00015844 00000046 1655.75 262.07 1004.46 1334.36 2086.95 815.01 2476.87 886.18 2286.52 1145.85 1975.40 1243.00 2283.76 1307.53
00015845 00000047 1664.44 264.09 1000.13 1326.68 2091.38 815.76 2482.50 886.42 2292.21 1150.13 1982.22 1246.73 2286.82 1311.21
00015846 00000048 1643.08 272.91 1019.72 1296.93 2087.88 821.79 2489.80 882.98 2297.86 1152.67 1984.45 1249.73 2283.19 1307.50
00015847 00000049 1653.01 269.81 1013.08 1315.03 2090.86 823.04 2488.64 881.18 2296.30 1149.38 1989.93 1251.89 2289.53 1306.66
00015848 00000050 1647.18 267.96 1015.31 1304.92 2086.87 826.11 2486.72 883.72 2297.44 1154.94 1984.93 1253.62 2285.02 1307.83
00015849 00000051 1653.54 271.10 1004.88 1299.74 2086.45 826.77 2485.17 881.40 2294.17 1157.19 1986.01 1253.95 2282.36 1306.31
00015850 00000052 1644.89 268.73 1010.46 1304.67 2083.75 826.94 2477.70 881.95 2292.60 1153.86 1978.39 1251.59 2274.68 1304.26
00015851 00000053 1640.00 269.60 1009.00 1304.46 2079.29 827.97 2473.42 881.38 2288.21 1155.40 1973.58 1250.59 2270.71 1302.02
00015852 00000054 1629.34 271.49 1017.53 1303.08 2072.64 828.21 2468.37 882.93 2283.16 1156.49 1964.48 1245.72 2266.91 1298.27
00015853 00000055 1635.52 266.90 1010.89 1316.73 2073.20 824.58 2466.84 881.08 2278.00 1143.77 1971.01 1250.66 2266.91 1303.24
00015854 00000056 1630.55 268.24 1010.26 1314.99 2069.57 819.82 2460.98 880.01 2273.55 1143.32 1966.50 1252.06 2260.33 1307.81
00015855 00000057 1624.11 268.48 1014.41 1316.64 2066.06 818.26 2461.14 878.62 2274.28 1142.13 1965.09 1249.60 2265.06 1305.30
00015856 00000058 1620.50 267.94 1016.48 1305.18 2064.36 819.07 2461.49 877.40 2276.03 1148.30 1960.15 1247.82 2261.77 1302.44
00015857 00000059 1619.76 267.67 1015.63 1303.03 2063.88 817.65 2460.49 877.17 2273.66 1145.20 1960.57 1245.94 2260.09 1301.46
00015858 00000060 1618.79 263.98 1017.02 1312.86 2066.47 816.66 2460.67 877.44 2275.85 1142.73 1962.42 1249.36 2260.19 1305.66
00015859 00000061 1623.92 257.27 1013.60 1333.55 2073.15 815.26 2461.20 877.89 2279.46 1140.52 1966.05 1251.93 2262.21 1309.28
00015860 00000062 1625.02 264.05 1016.71 1334.83 2076.31 816.38 2463.81 881.41 2282.92 1140.28 1966.64 1253.57 2263.97 1313.14
00015861 00000063 1627.93 264.91 1016.30 1329.07 2076.34 823.53 2466.19 884.56 2282.74 1143.10 1971.67 1258.92 2264.30 1315.02
00015862 00000064 1627.47 264.92 1018.70 1319.01 2077.73 825.71 2470.66 883.13 2284.12 1144.38 1977.43 1258.21 2266.29 1311.21
00015863 00000065 1627.23 268.37 1024.93 1311.41 2078.70 826.71 2474.05 881.87 2286.78 1146.74 1978.89 1256.50 2269.99 1307.80
00015864 00000066 1623.13 269.46 1028.19 1307.94 2076.89 827.32 2473.46 882.02 2287.44 1147.77 1977.49 1256.69 2269.23 1307.76
00015865 00000067 1622.86 270.62 1024.93 1299.76 2075.06 827.77 2471.98 882.03 2286.09 1148.98 1974.32 1254.87 2266.62 1305.85
00015866 00000068 1622.91 269.26 1021.69 1303.38 2070.81 826.09 2469.80 881.65 2282.70 1147.62 1968.55 1252.42 2265.95 1304.69
00015867 00000069 1622.93 270.59 1020.26 1300.47 2071.97 824.55 2467.99 881.73 2284.34 1150.31 1966.96 1250.20 2265.19 1304.03
00015868 00000070 1623.03 266.35 1018.01 1310.83 2070.96 820.73 2464.63 883.93 2282.33 1148.71 1962.92 1248.20 2264.55 1306.56
00015869 00000071 1621.19 263.48 1017.65 1318.20 2068.23 818.96 2462.36 884.34 2280.92 1147.56 1958.39 1248.00 2263.33 1308.16
00015870 00000072 1621.44 260.71 1016.32 1322.82 2068.46 816.85 2462.80 885.27 2281.23 1151.13 1955.76 1247.87 2264.66 1310.31
00015871 00000073 1622.47 264.24 1017.66 1318.26 2066.15 816.14 2461.16 884.43 2277.87 1150.20 1953.81 1246.33 2263.98 1308.75
00015872 00000074 1622.17 268.28 1015.32 1310.61 2064.59 816.94 2458.42 884.64 2276.13 1148.91 1954.21 1244.66 2262.54 1306.73
00015873 00000075 1622.47 268.24 1011.38 1308.94 2064.19 816.04 2457.53 884.28 2275.18 1149.84 1955.02 1243.09 2263.68 1305.57
00015874 00000076 1622.80 267.71 1009.13 1307.94 2063.14 816.59 2456.45 883.30 2274.91 1149.92 1955.98 1242.40 2264.14 1303.67
00015875 00000077 1621.77 267.51 1008.39 1309.50 2060.68 816.75 2455.34 881.80 2273.71 1148.33 1954.50 1243.53 2264.12 1303.50
00015876 00000078 1622.65 274.22 1008.32 1302.26 2056.84 818.55 2452.38 884.32 2269.66 1147.53 1953.83 1241.80 2265.25 1302.15
00015877 00000079 1622.78 268.41 1007.94 1310.72 2059.56 819.82 2453.57 886.55 2272.72 1148.95 1954.89 1242.01 2267.62 1302.94
00015878 00000080 1623.44 265.57 1010.19 1317.96 2062.60 819.71 2456.68 888.06 2274.25 1148.03 1956.31 1245.11 2267.04 1307.04
00015879 00000081 1626.74 268.71 1012.94 1318.19 2065.56 820.55 2461.16 887.29 2276.89 1149.19 1957.23 1247.55 2268.99 1308.62
00015880 00000082 1627.67 264.31 1012.20 1328.06 2068.35 822.22 2462.18 888.92 2278.87 1152.28 1957.54 1250.79 2267.58 1311.58
00015881 00000083 1626.86 263.13 1012.96 1331.52 2067.34 821.97 2461.24 889.63 2277.36 1151.71 1955.00 1248.63 2267.67 1310.21
00015882 00000084 1627.90 262.12 1011.84 1332.66 2067.95 821.88 2460.56 889.63 2276.93 1150.13 1956.94 1247.92 2268.38 1309.35
00015883 00000085 1628.48 266.33 1012.47 1324.71 2066.38 821.94 2459.73 888.18 2275.55 1148.65 1957.30 1246.26 2268.71 1306.81
00015884 00000086 1624.46 270.05 1014.90 1319.79 2067.66 818.76 2458.24 886.20 2275.00 1144.47 1957.22 1245.21 2264.29 1306.71
00015885 00000087 1621.04 265.36 1013.25 1329.42 2063.57 820.77 2453.46 888.27 2273.22 1147.49 1953.24 1246.50 2263.65 1307.68
00015886 00000088 1618.03 264.26 1015.28 1329.42 2056.11 822.56 2449.40 890.22 2266.72 1149.77 1947.38 1245.55 2260.79 1306.94
00015887 00000089 1609.91 269.16 1018.57 1322.98 2052.46 818.13 2444.80 884.95 2264.07 1148.93 1941.73 1244.76 2255.06 1305.69
00015888 00000090 1605.37 269.48 1025.98 1319.73 2049.75 818.82 2445.04 884.44 2262.76 1152.38 1938.43 1244.41 2253.56 1304.43
00015889 00000091 1603.40 270.86 1025.43 1317.75 2045.97 819.05 2442.44 882.76 2259.86 1148.29 1936.67 1244.07 2252.64 1302.71
00015890 00000092 1603.77 272.37 1024.25 1317.04 2045.81 818.18 2442.43 881.63 2260.05 1146.97 1937.47 1243.92 2253.93 1302.47
00015891 00000093 1604.34 270.84 1024.29 1320.11 2045.64 819.08 2442.61 883.23 2259.56 1149.31 1936.77 1244.35 2254.42 1303.27
00015892 00000094 1604.99 274.04 1024.84 1317.91 2046.09 818.52 2442.82 883.83 2258.90 1149.46 1935.96 1244.05 2253.38 1303.98
00015893 00000095 1604.14 273.37 1027.14 1319.49 2046.30 819.05 2443.74 883.69 2258.73 1149.77 1935.62 1244.01 2253.14 1303.45
00015894 00000096 1602.92 272.47 1028.65 1320.68 2045.48 818.56 2443.00 882.94 2257.97 1148.34 1935.07 1243.91 2252.71 1303.10
00015895 00000097 1604.64 270.12 1026.61 1323.73 2046.53 817.35 2443.30 882.29 2259.02 1148.28 1934.10 1243.32 2251.95 1303.13
00015896 00000098 1603.74 271.41 1026.95 1323.00 2045.71 818.31 2442.78 881.38 2258.83 1148.02 1933.24 1243.37 2252.19 1301.78
00015897 00000099 1605.13 270.57 1025.65 1322.70 2046.60 816.78 2443.75 881.46 2260.06 1147.35 1933.43 1240.82 2253.24 1300.63
00015898 00000100 1605.47 270.57 1026.40 1323.08 2047.31 815.38 2443.41 880.98 2260.15 1146.72 1933.17 1238.46 2253.52 1299.16
00015899 00000101 1605.52 272.24 1026.18 1321.18 2046.91 815.38 2442.57 880.27 2259.50 1144.85 1934.51 1238.46 2253.72 1298.53
00015900 00000102 1605.92 273.88 1027.31 1319.89 2045.47 818.76 2443.20 880.82 2259.08 1149.33 1932.65 1241.31 2253.50 1299.37
00015901 00000103 1605.59 270.80 1022.55 1323.31 2044.30 819.20 2437.14 885.63 2254.09 1148.23 1932.36 1240.64 2249.73 1301.36
00015902 00000104 1606.90 272.83 1020.06 1322.44 2044.35 820.48 2435.37 885.74 2253.73 1145.81 1934.21 1241.27 2249.37 1301.11
00015903 00000105 1607.42 272.85 1020.51 1321.67 2044.77 821.61 2436.52 885.41 2254.11 1146.92 1936.24 1241.84 2250.65 1300.41
00015904 00000106 1606.23 274.88 1021.12 1318.90 2045.89 822.05 2438.41 884.94 2254.68 1144.39 1940.04 1243.49 2250.49 1301.15
00015905 00000107 1603.30 275.56 1022.78 1316.65 2043.98 825.56 2438.16 884.15 2251.17 1143.42 1940.79 1250.07 2245.88 1304.28
00015906 00000108 1597.46 272.60 1030.89 1318.07 2041.92 828.24 2440.39 883.56 2251.26 1149.25 1937.14 1254.10 2243.35 1305.54
00015907 00000109 1595.17 270.78 1029.96 1318.65 2037.24 828.14 2438.14 883.57 2249.02 1150.59 1934.83 1255.29 2243.27 1306.60
00015908 00000110 1594.56 266.43 1030.04 1323.87 2037.39 828.37 2438.16 882.56 2249.22 1149.26 1934.63 1254.84 2243.64 1304.98
00015909 00000111 1594.64 270.79 1031.90 1316.32 2038.11 827.45 2436.89 881.86 2248.98 1147.69 1936.05 1252.45 2242.78 1303.00
00015910 00000112 1598.13 278.08 1028.44 1305.69 2037.45 829.54 2436.00 882.89 2249.37 1146.69 1941.61 1252.80 2247.13 1302.36
00015911 00000113 1602.50 277.35 1025.23 1310.26 2039.89 832.91 2437.70 885.06 2251.30 1150.12 1945.13 1256.21 2250.65 1304.60
00015912 00000114 1603.18 275.85 1024.83 1313.18 2043.39 834.91 2439.54 890.41 2255.04 1151.91 1946.99 1257.13 2252.25 1308.03
00015913 00000115 1601.39 284.26 1027.08 1304.64 2040.32 836.73 2439.97 894.53 2253.07 1151.97 1943.78 1258.58 2252.09 1311.48
00015914 00000116 1601.03 308.27 1038.92 1280.40 2041.14 854.03 2444.51 888.97 2265.51 1168.18 1958.27 1271.91 2263.48 1307.37
00015915 00000117 1608.19 334.93 1019.98 1268.64 2064.04 893.97 2471.53 899.92 2302.65 1190.29 1981.72 1296.80 2303.01 1311.10
00015916 00000118 1599.16 354.38 1011.37 1266.66 2063.64 920.02 2468.93 890.51 2347.12 1208.25 2012.27 1317.37 2340.52 1304.22
00015917 00000119 1579.23 352.65 1001.38 1260.99 2044.82 928.57 2454.10 860.75 2366.66 1206.03 2028.75 1325.41 2361.08 1281.75
00015918 DELETE   1562.73 319.35 981.87 1278.15 2028.39 927.91 2424.38 828.47 2373.45 1177.14 2032.04 1317.99 2364.85 1247.48
00015919 DELETE   1554.75 299.17 958.86 1265.84 2022.70 904.24 2391.47 791.92 2350.24 1155.14 2039.81 1303.33 2347.55 1219.90
00015920 DELETE   1527.03 266.80 968.05 1283.31 2006.95 878.19 2369.70 766.12 2339.18 1118.97 2031.26 1280.50 2335.45 1195.63
00015921 00000123 1520.40 216.18 962.60 1323.98 1967.42 847.69 2362.97 742.65 2316.12 1085.09 2015.26 1266.63 2331.00 1187.65
00015922 00000124 1507.20 204.02 969.07 1323.29 1949.16 841.24 2354.53 721.98 2304.26 1083.58 1994.83 1256.21 2312.83 1169.41
00015923 00000125 1501.59 213.83 960.76 1322.99 1938.30 841.06 2339.91 733.05 2287.71 1083.32 1972.23 1249.77 2296.85 1172.75
00015924 00000126 1487.29 222.04 963.69 1325.39 1926.45 833.51 2323.75 732.68 2271.67 1076.98 1962.38 1250.10 2284.24 1177.59
00015925 00000127 1482.85 213.35 955.59 1337.84 1920.49 833.69 2312.68 741.87 2257.40 1078.32 1943.98 1245.87 2270.10 1179.10
00015926 DELETE   1456.65 197.78 967.55 1346.32 1899.72 817.83 2300.48 735.45 2242.49 1064.83 1925.83 1235.21 2259.22 1175.62
00015927 00000129 1445.92 190.29 970.52 1346.48 1882.30 807.70 2285.66 733.92 2218.88 1058.73 1907.52 1225.92 2244.18 1172.71
00015928 00000130 1436.52 191.51 967.51 1341.13 1872.25 801.50 2271.73 737.10 2197.27 1058.03 1884.37 1215.56 2225.81 1169.49
00015929 00000131 1432.18 195.39 972.23 1340.97 1864.40 803.80 2273.62 753.49 2177.33 1073.52 1862.74 1217.39 2211.50 1182.60
00015930 00000132 1428.20 206.94 978.44 1339.69 1860.30 801.87 2271.90 771.51 2160.93 1086.99 1845.82 1226.11 2190.61 1207.71
00015931 00000133 1429.68 209.34 981.15 1334.70 1860.42 798.21 2274.38 777.91 2151.80 1088.79 1839.30 1227.13 2176.48 1217.76
00015932 00000134 1437.46 192.56 980.50 1344.77 1860.45 791.70 2282.81 774.15 2149.96 1081.93 1840.00 1228.12 2176.85 1220.83
00015933 00000135 1445.04 187.62 979.20 1340.76 1859.39 787.10 2284.70 769.13 2145.10 1078.33 1847.02 1226.15 2179.13 1218.24
00015934 00000136 1451.05 185.58 982.47 1343.60 1861.77 787.25 2289.05 771.20 2145.01 1079.51 1850.51 1227.99 2183.56 1221.80
00015935 00000137 1461.18 183.32 976.65 1352.73 1868.04 791.35 2292.08 774.57 2149.61 1078.33 1859.44 1231.80 2190.98 1224.91
00015936 00000138 1464.76 186.59 978.86 1353.78 1874.60 792.15 2296.62 775.70 2156.37 1078.20 1867.39 1233.30 2197.17 1226.46
00015937 00000139 1462.47 185.77 980.30 1355.18 1873.99 787.19 2295.40 776.39 2153.44 1074.46 1861.60 1228.55 2193.70 1226.55
00015938 00000140 1460.76 179.22 983.62 1354.39 1864.79 779.56 2291.43 772.03 2139.39 1073.64 1844.92 1217.91 2189.54 1218.53
00015939 00000141 1468.08 178.70 979.41 1350.70 1861.32 771.21 2288.16 771.76 2123.62 1070.02 1835.56 1206.79 2184.61 1213.70
00015940 00000142 1472.22 175.76 974.56 1355.62 1860.40 770.03 2286.14 775.81 2115.47 1070.30 1826.72 1202.26 2179.16 1213.48
00015941 00000143 1470.17 180.25 978.93 1359.57 1865.71 776.81 2287.29 786.58 2118.65 1082.47 1823.04 1207.10 2174.67 1221.53
00015942 00000144 1471.48 187.09 979.89 1354.49 1872.48 778.16 2292.14 790.37 2125.78 1085.72 1821.50 1205.77 2174.41 1222.66
00015943 00000145 1470.27 176.55 977.20 1361.68 1864.70 767.58 2289.11 782.50 2118.58 1074.33 1818.65 1195.74 2180.68 1214.36
00015944 00000146 1460.88 175.56 982.86 1351.50 1856.42 759.65 2281.68 770.96 2109.42 1066.17 1809.39 1186.04 2172.91 1202.22
00015945 00000147 1454.39 177.49 982.09 1348.78 1849.35 761.78 2272.26 769.84 2103.08 1067.16 1805.14 1186.82 2166.88 1199.92
00015946 00000148 1452.88 180.85 981.38 1353.38 1850.68 767.98 2256.24 778.05 2095.60 1079.88 1820.05 1201.40 2157.07 1214.77
00015947 00000149 1449.54 182.01 983.68 1354.50 1839.52 769.93 2250.46 782.40 2082.37 1082.44 1813.83 1205.66 2153.37 1220.94
00015948 00000150 1436.58 185.66 988.34 1352.87 1824.09 766.44 2239.83 780.96 2067.26 1080.57 1799.45 1204.96 2143.28 1222.24
00015949 00000151 1420.69 164.07 994.00 1377.69 1806.81 757.53 2225.12 779.32 2045.39 1073.18 1782.21 1200.34 2131.07 1222.54
00015950 00000152 1412.88 167.54 992.75 1379.07 1787.14 752.05 2206.45 776.02 2026.94 1066.14 1761.96 1192.30 2121.22 1216.31
00015951 00000153 1396.36 169.60 988.53 1377.01 1756.00 754.26 2184.15 770.49 2002.32 1064.16 1734.43 1186.57 2110.10 1204.44
00015952 00000154 1381.98 176.38 978.36 1367.30 1731.13 758.81 2157.54 769.94 1974.99 1059.95 1709.65 1180.09 2091.85 1194.18
CROP_BBOX: 1038 0 3077 1912
