Video ID: 	C8exKnm7Pk0
H: 	1080
W: 	1920
FPS: 	29.97002997002997

FRAME INDEX X0 Y0 W H [Landmarks (5 Points)]

00003117 00000000 815.06 207.20 361.07 534.16 930.05 421.40 1102.37 429.39 1037.97 504.37 954.62 610.17 1094.16 617.71
00003118 00000001 813.80 204.98 363.53 538.78 929.95 419.98 1103.61 427.44 1038.15 502.63 953.91 611.20 1094.74 618.45
00003119 00000002 813.14 203.12 363.31 547.16 928.66 418.52 1100.61 425.76 1036.07 500.06 951.24 612.72 1091.17 620.21
00003120 00000003 810.93 200.95 364.69 553.66 926.02 418.28 1099.90 425.98 1033.91 500.60 949.06 615.02 1091.01 622.72
00003121 00000004 809.08 199.71 366.64 554.98 924.70 418.10 1098.94 425.55 1032.26 500.24 947.50 615.07 1089.88 622.52
00003122 00000005 807.95 195.93 369.17 554.83 924.25 417.91 1098.05 425.18 1031.33 499.21 947.53 612.99 1089.07 620.21
00003123 00000006 806.05 191.27 372.79 557.84 922.64 417.70 1096.63 424.02 1030.50 498.56 946.76 611.04 1089.71 617.24
00003124 00000007 804.36 188.07 375.12 556.62 921.99 416.01 1097.62 423.68 1029.93 497.38 946.50 608.71 1089.05 615.98
00003125 00000008 802.97 185.96 376.62 559.98 920.91 414.35 1097.93 422.43 1029.53 496.44 945.20 607.97 1089.08 615.48
00003126 00000009 800.95 182.08 377.71 568.09 918.91 414.17 1096.23 420.45 1028.72 494.61 944.53 610.97 1088.00 617.01
00003127 00000010 798.36 179.55 379.58 574.14 917.99 410.73 1095.50 417.36 1028.85 491.17 942.63 611.37 1086.61 617.52
00003128 00000011 795.96 176.39 382.08 580.63 916.66 409.04 1095.97 417.11 1028.40 489.84 939.85 612.30 1085.95 619.57
00003129 00000012 795.07 176.12 382.87 580.67 914.90 409.27 1096.30 416.65 1027.62 489.43 938.90 612.10 1087.18 618.65
00003130 00000013 792.53 175.31 386.23 579.49 912.36 408.11 1095.86 415.82 1026.21 488.87 938.36 609.42 1089.19 615.71
00003131 00000014 791.48 175.29 388.32 576.45 911.76 407.44 1096.21 416.10 1025.41 487.91 938.39 608.25 1088.72 615.15
00003132 00000015 788.53 174.73 390.78 576.14 910.44 407.28 1095.03 414.32 1025.76 487.46 941.17 609.30 1089.61 614.75
00003133 00000016 786.49 173.89 393.18 575.95 908.83 406.36 1095.03 411.68 1025.97 487.34 941.81 609.14 1091.43 612.82
00003134 00000017 783.61 169.86 395.48 576.30 907.27 400.85 1094.95 407.64 1025.11 483.75 941.91 605.34 1091.38 609.93
00003135 00000018 782.37 164.75 394.18 577.00 907.22 396.01 1093.37 402.47 1025.41 479.01 942.77 601.96 1088.20 606.06
00003136 00000019 778.73 162.08 395.86 576.34 905.78 392.66 1091.59 398.62 1025.64 476.53 943.33 598.65 1088.84 601.94
00003137 00000020 775.20 159.00 396.89 582.71 906.27 396.19 1088.77 401.63 1024.68 473.49 942.82 597.68 1087.27 600.70
00003138 00000021 771.31 155.84 401.06 601.92 904.40 398.33 1088.15 402.62 1023.72 473.61 938.40 603.02 1085.87 605.44
00003139 00000022 768.16 156.85 403.19 607.96 903.07 397.12 1086.69 403.40 1024.12 477.44 936.43 609.07 1081.59 613.01
00003140 00000023 769.26 158.59 405.80 604.23 904.36 398.08 1089.83 404.67 1025.72 481.46 937.64 608.53 1085.43 612.46
00003141 00000024 770.62 160.15 406.20 595.66 905.62 397.68 1093.93 405.25 1028.50 484.28 940.83 606.88 1090.83 611.47
00003142 00000025 773.50 161.33 405.57 590.57 909.29 396.42 1098.83 404.33 1033.16 483.37 944.84 606.25 1094.65 611.11
00003143 00000026 774.72 158.27 409.16 597.31 913.08 396.67 1101.49 403.49 1038.87 483.16 947.99 606.78 1097.50 611.12
00003144 00000027 775.16 158.70 411.17 600.10 915.44 396.09 1103.62 403.53 1042.86 482.70 948.76 606.40 1100.19 611.55
00003145 00000028 778.19 159.34 410.25 598.41 918.65 396.03 1105.62 400.90 1047.80 483.48 955.09 607.38 1104.77 610.74
00003146 00000029 779.84 158.04 413.48 599.70 921.33 397.97 1108.25 401.10 1051.00 486.04 960.91 609.17 1108.76 611.16
00003147 00000030 784.49 160.93 413.50 599.46 925.03 399.61 1112.63 401.83 1055.09 490.47 965.00 613.17 1112.33 614.49
00003148 00000031 786.85 158.81 414.14 607.24 927.91 399.68 1114.88 402.67 1058.22 491.85 966.26 614.75 1113.42 616.86
00003149 00000032 787.56 157.87 415.13 611.90 931.25 400.34 1115.91 403.87 1061.10 492.51 968.77 615.14 1114.04 617.51
00003150 00000033 788.28 156.08 416.77 614.46 933.14 400.38 1117.14 403.45 1063.46 492.63 970.67 616.04 1114.55 618.12
00003151 00000034 790.39 156.53 414.66 615.43 936.24 400.82 1118.37 404.91 1065.53 494.23 972.50 617.98 1113.43 620.81
00003152 00000035 791.53 158.65 413.61 612.99 937.37 403.30 1119.72 407.68 1065.94 495.00 972.75 618.98 1114.46 622.16
00003153 00000036 791.37 159.03 414.79 621.00 937.39 400.77 1122.48 408.85 1066.67 495.07 965.57 618.21 1116.66 624.52
00003154 00000037 790.33 159.20 416.32 621.67 936.47 400.22 1122.35 409.70 1066.07 493.19 961.41 615.62 1116.65 623.15
00003155 00000038 789.70 157.61 416.40 618.38 934.12 398.59 1122.58 408.86 1064.74 491.58 959.28 612.54 1116.33 620.87
00003156 00000039 787.44 157.11 416.46 615.24 931.28 398.04 1121.18 407.88 1062.28 491.26 956.80 611.25 1114.95 619.21
00003157 00000040 785.37 156.11 417.21 612.18 928.43 397.77 1119.29 406.07 1059.79 491.61 956.82 611.08 1113.94 617.78
00003158 00000041 783.16 154.57 418.52 612.54 925.99 397.29 1116.86 402.88 1057.08 490.92 957.47 611.68 1113.03 615.93
00003159 00000042 781.38 154.18 419.35 614.48 923.25 397.91 1113.08 401.23 1053.60 491.69 959.04 614.35 1110.82 616.70
00003160 00000043 778.13 153.56 419.60 616.37 921.08 399.58 1108.79 403.29 1051.03 492.39 958.13 614.59 1108.06 617.09
00003161 00000044 774.40 153.63 420.11 616.32 918.56 400.68 1102.86 405.88 1046.12 493.05 955.61 614.91 1101.69 618.17
00003162 00000045 771.61 153.46 421.13 616.35 914.17 400.46 1100.24 405.94 1041.22 491.85 951.19 614.63 1098.02 617.92
00003163 00000046 768.41 152.86 422.27 615.35 910.46 400.22 1098.78 404.92 1038.42 490.88 948.84 614.57 1097.42 616.93
00003164 00000047 764.69 155.19 423.63 611.90 904.65 398.51 1099.05 404.33 1032.69 487.94 941.78 612.99 1097.76 616.05
00003165 00000048 761.33 153.56 422.93 615.74 897.71 397.34 1093.58 400.57 1025.53 488.48 932.65 613.48 1092.42 614.47
00003166 00000049 759.50 154.97 419.68 614.00 891.51 396.01 1088.47 396.99 1021.21 488.48 927.26 613.75 1089.99 613.32
00003167 00000050 757.84 153.33 417.82 612.70 887.05 396.41 1084.57 394.89 1018.78 489.10 923.73 614.04 1087.91 611.98
00003168 00000051 757.35 153.91 418.01 612.94 883.79 398.92 1079.97 396.73 1011.98 491.85 919.01 614.73 1082.98 612.12
00003169 00000052 755.64 153.96 417.72 610.98 880.70 400.78 1075.96 398.03 1007.44 492.44 916.59 615.45 1079.35 612.41
00003170 00000053 754.59 153.36 417.39 609.94 878.73 400.73 1075.27 397.40 1006.02 490.31 915.14 616.19 1078.32 612.64
00003171 00000054 753.54 149.09 417.69 612.95 877.70 400.55 1073.98 395.83 1005.56 487.79 915.27 615.96 1078.11 611.24
00003172 00000055 752.46 147.10 417.90 612.86 876.92 398.56 1073.12 393.53 1004.84 484.80 914.57 614.53 1077.16 609.51
00003173 00000056 751.69 147.10 416.25 610.16 875.56 396.07 1071.75 391.58 1002.76 483.23 913.37 613.22 1074.65 608.60
00003174 00000057 749.96 150.66 417.38 603.33 873.12 396.21 1068.22 390.24 998.21 481.63 913.29 612.97 1070.23 607.16
00003175 00000058 747.59 152.17 417.17 599.77 871.42 396.99 1062.32 390.88 993.66 482.88 914.95 612.55 1059.86 606.89
00003176 00000059 743.92 151.56 417.66 600.52 870.93 398.40 1059.06 392.02 992.56 486.83 916.54 613.39 1055.78 607.55
00003177 00000060 744.01 153.74 417.60 603.12 872.15 404.43 1058.83 399.98 992.57 490.58 915.58 618.33 1054.16 614.32
00003178 00000061 743.16 157.23 419.42 607.54 870.72 407.53 1061.99 405.36 992.32 498.20 911.05 622.18 1059.43 619.81
00003179 00000062 745.89 154.55 418.00 609.93 872.47 407.39 1067.56 408.71 995.71 499.43 908.18 619.65 1067.56 619.64
00003180 00000063 749.28 154.08 418.63 613.28 879.05 402.99 1074.78 406.78 1004.90 495.75 910.59 616.24 1073.54 618.23
00003181 00000064 751.77 152.43 419.72 609.10 884.15 395.16 1082.74 400.90 1011.37 489.84 913.20 610.92 1077.74 614.32
00003182 00000065 754.54 150.93 417.50 604.79 888.24 387.63 1089.30 393.91 1018.63 482.33 917.48 605.11 1083.15 608.91
00003183 00000066 757.86 147.13 415.86 603.56 894.62 380.99 1093.49 387.40 1022.43 476.10 921.57 598.46 1083.62 602.34
00003184 00000067 761.14 143.31 417.04 602.35 902.42 375.22 1097.17 383.57 1029.76 467.86 927.00 589.68 1086.84 594.96
00003185 00000068 764.40 134.16 421.46 606.71 906.95 370.40 1102.54 380.06 1034.11 460.87 931.70 582.13 1092.22 587.95
00003186 00000069 768.55 131.37 421.66 601.95 911.97 368.54 1104.62 376.62 1039.57 452.16 938.92 577.64 1095.52 582.14
00003187 00000070 770.30 129.94 422.53 600.85 914.69 367.87 1105.61 375.01 1043.22 448.70 942.59 575.93 1098.27 579.61
00003188 00000071 771.79 128.07 422.66 600.81 914.77 368.21 1105.74 375.61 1043.95 447.66 944.33 574.93 1101.06 578.75
00003189 00000072 773.31 128.99 421.75 598.73 914.62 370.90 1105.59 379.21 1042.74 446.70 943.41 572.62 1103.84 577.04
00003190 00000073 774.88 127.91 418.31 600.11 913.79 376.89 1106.39 386.24 1041.96 446.94 943.61 575.52 1105.42 581.13
00003191 00000074 776.25 129.02 418.84 605.86 915.47 379.71 1107.18 388.77 1043.66 449.42 943.98 578.30 1106.31 584.21
00003192 00000075 777.70 130.42 418.51 610.32 917.11 380.31 1109.05 389.10 1045.65 452.70 943.25 580.63 1108.12 586.60
00003193 00000076 777.86 132.63 420.32 613.03 916.72 380.33 1110.07 388.04 1045.45 456.15 942.79 584.08 1109.16 589.35
00003194 00000077 777.24 135.52 421.15 615.70 914.99 380.39 1108.88 387.28 1041.95 460.95 940.63 587.99 1107.62 592.50
00003195 00000078 776.40 136.14 418.87 620.60 913.53 378.60 1106.55 385.19 1040.19 463.66 937.63 591.16 1104.18 595.61
00003196 00000079 774.72 132.22 419.93 628.11 911.73 378.11 1105.95 385.07 1037.68 463.70 935.45 593.50 1102.25 597.96
00003197 00000080 773.83 135.34 419.59 626.53 908.54 376.61 1102.99 383.24 1032.55 462.10 933.57 594.62 1097.79 598.84
00003198 00000081 771.23 136.54 419.74 629.12 904.74 375.92 1098.82 382.08 1027.94 461.25 930.84 596.41 1094.50 600.13
00003199 00000082 768.95 136.87 418.86 631.60 900.10 376.67 1094.94 381.40 1023.13 463.50 926.53 600.45 1089.61 603.03
00003200 00000083 766.33 137.16 417.62 635.01 893.71 378.78 1088.83 382.04 1016.31 466.11 921.80 603.72 1085.01 604.92
00003201 00000084 763.07 141.03 415.85 629.69 887.30 381.98 1082.93 384.64 1008.81 471.27 915.57 605.26 1080.46 606.07
00003202 00000085 760.03 141.11 413.85 629.79 881.04 383.43 1076.08 385.67 999.50 472.90 907.44 605.88 1071.91 606.45
00003203 00000086 754.70 141.37 413.47 626.52 875.29 383.16 1071.07 386.27 992.25 472.62 899.35 603.92 1064.80 605.53
00003204 00000087 748.35 142.85 412.31 621.64 867.61 382.99 1063.47 383.43 984.47 471.85 894.11 602.83 1056.03 602.50
00003205 00000088 743.13 144.52 414.16 623.69 863.26 386.06 1059.13 386.13 978.55 474.76 888.53 605.51 1051.27 605.04
00003206 00000089 740.23 145.66 415.04 622.36 859.40 388.40 1056.58 387.90 975.20 476.58 884.96 607.21 1049.69 606.06
00003207 00000090 738.95 147.75 414.43 613.41 857.78 389.74 1054.97 388.84 973.34 478.77 885.98 607.68 1047.10 606.14
00003208 00000091 738.19 150.51 414.54 605.60 857.61 391.03 1054.56 389.97 973.07 479.65 886.70 606.84 1046.69 605.20
00003209 00000092 738.45 150.28 413.46 602.32 858.29 392.24 1054.72 391.31 973.45 479.71 887.01 606.29 1044.51 604.99
00003210 00000093 737.53 151.10 417.02 603.94 857.95 393.08 1053.61 391.77 973.14 479.31 889.44 606.34 1043.55 604.69
00003211 00000094 736.55 152.56 418.39 604.47 857.39 392.73 1053.22 391.73 972.89 479.90 889.71 607.40 1043.92 605.94
00003212 00000095 736.31 153.70 418.97 604.83 858.56 392.93 1052.56 392.13 974.89 480.45 893.21 608.66 1043.93 607.40
00003213 00000096 739.16 152.50 419.92 603.97 865.29 400.86 1058.81 402.56 979.55 486.60 896.86 607.86 1049.78 608.37
00003214 00000097 745.01 154.03 421.27 607.65 872.52 406.37 1066.69 405.55 989.22 487.17 907.87 614.04 1059.79 612.37
00003215 00000098 749.62 150.92 423.03 624.71 883.65 402.47 1079.92 404.24 1010.48 490.24 916.46 614.71 1081.48 615.38
00003216 00000099 755.09 152.88 423.79 619.46 897.47 400.29 1091.68 405.23 1025.14 490.66 925.47 610.97 1090.32 613.99
00003217 00000100 758.31 159.72 427.67 610.93 907.54 404.83 1102.61 409.60 1038.16 492.96 935.05 610.60 1100.84 613.64
00003218 00000101 763.21 161.03 424.57 615.23 915.54 405.98 1106.11 410.32 1048.13 498.25 941.16 611.23 1107.63 613.61
00003219 00000102 766.95 166.95 424.11 613.13 920.53 407.12 1108.79 410.70 1053.19 499.04 944.73 611.64 1111.05 613.50
00003220 00000103 770.46 169.54 421.80 608.93 923.63 407.28 1111.73 412.56 1055.90 498.65 946.71 610.96 1112.86 614.17
00003221 00000104 771.98 170.58 421.97 611.10 926.41 408.80 1113.28 414.52 1058.42 499.24 947.92 611.98 1113.93 615.62
00003222 00000105 775.18 172.49 420.23 611.46 928.67 408.40 1115.74 415.49 1060.24 499.15 949.69 613.04 1115.40 618.00
00003223 00000106 776.89 170.30 421.69 614.85 931.55 407.95 1117.81 415.02 1063.09 497.82 954.46 613.69 1118.18 618.58
00003224 00000107 779.14 170.11 420.65 614.42 934.30 407.32 1119.82 414.01 1066.07 497.55 957.35 614.22 1119.26 619.01
00003225 00000108 782.11 166.95 419.88 618.13 937.12 406.72 1121.00 412.80 1068.18 497.72 963.90 614.80 1122.53 618.87
00003226 00000109 782.77 165.56 420.44 623.86 939.61 406.16 1122.25 412.37 1071.97 498.40 968.70 617.84 1124.97 622.02
00003227 00000110 782.50 163.50 421.78 626.29 940.67 403.23 1123.60 409.76 1074.11 495.86 971.52 616.25 1126.92 620.42
00003228 00000111 783.92 156.94 421.07 628.23 943.17 397.40 1125.19 404.23 1076.80 490.13 975.68 611.45 1127.17 615.28
00003229 00000112 784.62 155.26 421.50 619.40 944.48 395.69 1126.52 400.94 1078.55 487.82 977.49 608.28 1127.24 611.08
00003230 00000113 785.70 155.08 420.64 614.21 947.06 397.01 1126.71 400.79 1080.18 490.42 980.38 607.73 1126.88 609.56
00003231 00000114 787.62 162.09 417.61 604.54 949.16 401.40 1129.91 406.25 1082.34 495.03 979.97 609.94 1127.86 613.15
00003232 00000115 787.75 168.23 416.43 599.80 947.61 405.71 1128.35 409.71 1080.91 501.18 979.52 613.67 1127.25 615.98
00003233 00000116 787.77 170.02 416.11 601.36 946.25 409.76 1126.66 413.78 1078.43 503.81 977.15 616.46 1126.24 618.87
00003234 00000117 785.97 168.95 417.71 608.09 942.55 409.15 1125.08 415.11 1072.54 504.56 970.80 617.75 1123.36 621.76
00003235 00000118 783.17 170.76 418.41 612.97 940.96 411.88 1122.01 419.48 1068.57 505.58 963.97 619.60 1117.91 625.11
00003236 00000119 780.80 169.93 420.41 617.81 940.60 417.09 1123.93 426.09 1067.91 506.10 961.28 624.39 1114.60 630.88
00003237 00000120 778.02 168.16 421.31 618.31 939.74 413.28 1120.65 422.15 1066.59 503.76 962.20 623.38 1111.77 629.75
00003238 00000121 778.88 164.65 420.30 621.95 931.70 406.94 1117.71 415.25 1060.59 503.53 956.92 622.17 1111.02 628.19
00003239 00000122 775.24 163.98 421.06 624.17 925.08 404.52 1113.95 412.59 1056.98 501.69 952.07 622.64 1107.08 628.31
00003240 00000123 770.98 159.07 422.37 628.66 920.09 402.07 1109.48 411.70 1051.80 499.49 945.28 620.61 1102.35 627.72
00003241 00000124 768.81 155.66 423.41 629.54 915.80 402.09 1103.12 411.44 1044.18 499.27 942.70 620.64 1096.21 627.54
00003242 00000125 765.91 154.87 424.52 621.79 911.49 400.28 1100.40 409.28 1038.71 496.29 938.36 615.36 1093.71 621.78
00003243 00000126 763.36 151.78 424.71 618.62 907.05 397.26 1097.55 405.02 1034.83 492.94 936.14 611.09 1091.92 615.97
00003244 00000127 761.46 152.56 425.03 615.39 902.23 395.77 1096.07 402.00 1030.12 490.26 931.63 608.41 1092.76 611.97
00003245 00000128 760.04 153.66 424.55 612.20 899.19 394.78 1093.59 400.78 1026.87 489.82 928.27 607.32 1090.26 610.80
00003246 00000129 758.33 153.56 423.22 611.62 894.98 396.12 1091.69 400.10 1024.16 489.58 925.93 608.29 1090.62 610.22
00003247 00000130 756.54 152.27 422.44 610.74 893.13 396.93 1089.64 401.33 1021.65 490.13 923.46 608.09 1086.37 610.50
00003248 00000131 754.78 152.77 422.49 614.47 890.75 397.43 1088.64 402.34 1020.64 491.77 920.28 612.27 1083.93 615.33
00003249 00000132 753.75 152.18 422.71 623.24 888.30 398.25 1087.13 402.79 1019.34 492.73 916.79 617.08 1081.90 619.97
00003250 00000133 752.09 154.23 424.20 619.35 887.74 400.54 1086.81 405.05 1018.69 495.17 919.49 619.69 1081.93 622.53
00003251 00000134 753.17 158.84 422.88 610.83 886.49 402.90 1086.09 407.20 1017.05 496.57 921.31 620.77 1080.97 623.59
00003252 00000135 753.58 160.88 422.57 606.26 885.95 404.32 1086.19 409.15 1015.34 497.76 921.52 619.02 1081.82 621.97
00003253 00000136 752.74 161.29 421.28 604.47 885.08 404.23 1084.46 409.24 1013.11 498.10 919.91 617.35 1080.43 620.33
00003254 00000137 751.24 158.69 420.90 610.00 884.16 402.57 1083.23 407.92 1012.62 496.74 916.35 616.63 1079.26 620.11
00003255 00000138 752.09 154.86 419.01 611.77 884.22 400.81 1081.04 404.08 1012.88 494.24 918.33 617.70 1077.40 619.56
00003256 00000139 753.13 151.25 417.59 621.44 882.26 398.96 1078.12 402.19 1010.70 492.63 914.15 618.13 1076.37 619.98
00003257 00000140 753.14 152.01 417.11 622.51 882.56 401.79 1079.29 403.68 1012.67 496.24 915.62 621.10 1078.04 622.18
00003258 00000141 752.75 158.89 418.32 613.79 884.34 405.65 1080.05 406.21 1013.72 500.20 920.24 622.34 1079.16 622.34
00003259 00000142 751.77 161.09 421.79 614.61 886.06 407.75 1080.67 408.30 1014.65 501.48 922.01 623.75 1078.72 623.61
00003260 00000143 753.29 160.25 422.15 612.79 888.53 406.88 1082.81 408.44 1016.11 500.99 923.78 622.58 1078.23 623.21
00003261 00000144 754.11 159.50 421.47 610.37 889.04 406.66 1083.44 408.66 1016.53 501.46 924.31 621.38 1078.44 622.32
00003262 00000145 754.26 160.05 421.29 612.55 888.11 407.14 1083.00 409.25 1015.51 503.53 922.24 621.57 1079.31 622.58
00003263 00000146 753.65 161.96 421.58 610.40 887.14 408.44 1084.44 410.31 1015.39 506.39 921.60 622.37 1080.77 623.14
00003264 00000147 753.89 162.80 421.75 605.72 885.87 409.92 1084.91 413.19 1012.45 507.78 921.05 622.34 1079.78 624.22
00003265 00000148 753.73 164.98 422.23 601.18 884.62 412.48 1086.19 416.11 1010.61 510.27 920.16 622.34 1080.59 624.53
00003266 00000149 753.63 165.33 424.09 608.83 883.73 413.79 1084.62 416.85 1008.42 515.55 913.28 626.39 1076.64 628.30
00003267 00000150 754.03 166.54 423.86 610.23 881.77 415.78 1085.23 421.21 1005.79 517.56 908.78 628.83 1075.26 632.67
00003268 00000151 753.42 169.68 423.67 609.80 880.89 418.55 1082.61 423.96 1002.14 520.70 906.71 630.84 1072.34 634.97
00003269 00000152 752.84 170.24 422.96 610.21 878.78 420.17 1080.38 425.06 999.23 521.27 905.60 632.70 1070.49 636.58
00003270 00000153 752.16 170.75 422.27 612.16 876.75 420.23 1077.85 426.26 995.06 521.75 900.81 632.22 1067.69 637.27
00003271 00000154 751.52 167.82 420.78 612.98 875.23 420.01 1074.75 425.36 993.14 521.74 900.60 632.48 1064.43 637.04
00003272 00000155 750.28 169.44 421.58 607.14 872.90 420.05 1072.39 424.85 989.42 521.12 900.66 631.97 1062.29 636.06
00003273 00000156 747.81 171.45 423.11 603.12 870.50 419.65 1068.72 423.61 985.07 520.52 899.50 631.74 1057.72 635.36
00003274 00000157 746.20 172.75 422.13 597.32 867.04 419.50 1067.65 422.81 981.54 522.27 896.83 631.02 1057.14 633.85
00003275 00000158 743.92 171.90 421.72 596.68 863.61 417.22 1065.21 420.49 976.77 522.61 893.27 629.97 1053.42 632.72
00003276 00000159 742.35 171.39 420.46 597.75 860.99 415.98 1061.43 419.48 971.76 523.20 889.71 629.10 1048.50 632.36
00003277 00000160 742.47 170.02 418.23 600.23 859.23 416.67 1056.96 419.09 967.48 520.78 888.50 630.23 1043.44 632.62
CROP_BBOX: 441 0 1394 944
