Video ID: 	TuznyUDYIZk
H: 	1080
W: 	1920
FPS: 	23.976023976023978

FRAME INDEX X0 Y0 W H [Landmarks (5 Points)]

00004123 00000000 734.47 178.64 432.99 683.44 849.88 414.96 1049.58 431.09 931.10 526.62 845.83 650.57 1010.97 664.60
00004124 00000001 738.83 175.14 425.43 657.40 858.61 415.65 1054.16 434.37 950.54 532.70 853.17 637.51 1021.41 652.96
00004125 00000002 743.15 181.82 423.60 640.42 862.92 416.83 1058.08 434.24 960.44 532.21 859.27 636.87 1025.71 651.21
00004126 00000003 745.52 182.49 421.03 633.70 864.02 418.43 1056.61 431.17 964.01 531.71 869.90 636.37 1029.08 646.85
00004127 00000004 745.77 186.33 418.97 632.35 864.53 422.69 1058.92 434.47 966.67 538.95 873.27 642.97 1035.24 652.12
00004128 00000005 745.14 189.35 418.73 636.14 863.40 426.13 1059.57 436.28 968.27 543.76 872.20 647.71 1041.27 654.85
00004129 00000006 741.22 189.44 421.57 648.60 861.22 427.11 1058.20 437.33 966.19 545.89 866.88 653.87 1038.96 660.99
00004130 00000007 739.68 177.23 420.99 641.69 856.78 426.45 1056.31 435.04 954.37 542.71 863.36 647.24 1036.68 655.37
00004131 00000008 736.25 178.07 420.83 635.76 854.22 425.74 1057.46 438.84 951.00 546.06 852.25 643.63 1029.68 655.77
00004132 00000009 734.20 178.39 421.84 630.37 852.93 425.57 1056.75 439.09 951.67 547.36 851.19 640.66 1028.58 653.11
00004133 00000010 734.09 177.36 420.92 633.32 851.54 426.59 1051.89 437.54 949.19 548.21 856.77 642.31 1027.12 652.59
00004134 00000011 732.74 177.24 421.80 639.12 849.84 430.30 1044.32 437.90 947.07 550.96 859.37 648.93 1021.42 656.99
00004135 00000012 734.08 178.93 418.99 641.51 847.78 432.03 1041.93 438.58 945.69 551.56 860.09 654.19 1020.71 661.34
00004136 00000013 729.34 186.71 421.16 630.65 840.56 435.86 1046.81 435.28 945.19 550.28 856.56 663.56 1031.48 661.40
00004137 00000014 738.63 184.73 416.61 634.56 847.07 430.12 1047.83 435.88 946.25 550.60 860.85 655.96 1028.97 662.03
00004138 00000015 738.69 191.20 419.27 639.06 853.86 433.30 1052.38 439.85 960.25 556.98 872.82 663.67 1032.36 668.39
00004139 00000016 743.04 193.17 420.20 645.40 857.14 433.84 1055.08 441.92 960.81 560.10 869.83 663.76 1031.25 669.96
00004140 00000017 744.89 193.77 420.67 645.08 858.89 435.63 1059.92 442.77 965.84 562.02 870.74 664.97 1043.49 669.90
00004141 00000018 748.35 194.29 418.71 638.23 862.17 434.81 1063.36 443.61 967.23 562.29 872.74 663.50 1041.56 669.98
00004142 00000019 750.46 195.88 417.79 630.21 864.60 433.40 1065.90 443.83 969.48 559.68 874.86 660.62 1042.48 668.35
00004143 00000020 751.04 196.70 418.49 624.88 865.25 431.59 1066.84 443.10 970.21 555.53 875.79 657.81 1042.75 666.40
00004144 00000021 751.92 196.53 417.51 621.00 865.13 428.84 1064.74 439.31 969.26 550.26 877.03 654.84 1040.77 662.73
00004145 00000022 751.00 194.54 417.05 624.64 866.39 424.17 1063.42 433.47 971.06 543.28 880.24 653.68 1037.57 660.80
00004146 00000023 750.31 189.37 420.36 623.50 868.18 418.69 1067.06 427.89 972.97 529.10 881.90 647.08 1039.19 654.14
00004147 00000024 749.81 168.18 424.63 627.15 866.22 409.76 1065.75 423.44 961.43 523.85 876.51 634.20 1039.27 646.03
00004148 00000025 749.67 161.85 426.93 623.98 866.52 405.24 1073.70 419.46 965.40 512.78 874.37 627.46 1046.52 639.32
00004149 00000026 751.01 157.64 425.05 626.85 865.08 397.57 1078.53 412.72 967.97 505.62 869.77 621.99 1053.81 633.76
00004150 00000027 752.25 150.00 423.83 627.29 864.87 392.02 1080.24 405.57 970.22 491.19 870.98 616.23 1057.40 626.33
00004151 00000028 751.99 145.75 422.33 628.81 863.53 387.96 1078.24 400.50 971.39 484.65 870.69 612.84 1057.84 621.94
00004152 00000029 751.72 143.73 420.28 628.17 865.26 385.45 1076.13 396.06 972.36 479.32 874.21 609.44 1055.39 617.16
00004153 00000030 750.67 140.41 421.02 632.02 868.37 382.24 1072.94 394.66 973.56 471.54 877.37 606.72 1043.10 616.66
00004154 00000031 750.76 141.23 424.12 629.21 872.98 379.79 1070.73 390.15 973.22 467.05 884.64 603.72 1035.53 612.56
00004155 00000032 749.95 142.15 426.81 614.35 870.99 376.35 1067.59 386.33 971.25 460.35 887.91 592.05 1035.68 600.42
00004156 00000033 749.55 142.72 427.24 605.14 868.78 372.99 1066.98 382.36 969.76 457.78 885.04 582.25 1037.08 590.03
00004157 00000034 751.62 146.44 419.88 588.77 873.27 373.28 1067.27 383.93 972.53 452.85 884.27 572.41 1039.37 581.67
00004158 00000035 751.94 145.25 418.88 584.32 873.38 373.20 1065.27 383.57 969.63 453.07 881.98 565.21 1039.92 574.35
00004159 00000036 751.43 145.24 420.31 582.00 872.77 369.89 1066.13 381.07 969.71 453.14 881.59 564.40 1040.98 574.01
00004160 00000037 752.07 142.82 420.29 583.69 869.74 370.49 1068.31 378.81 969.00 453.19 879.67 566.40 1044.32 573.69
00004161 00000038 749.59 142.06 426.89 602.95 867.58 368.19 1067.60 376.65 965.94 447.91 878.21 575.16 1038.75 582.70
00004162 00000039 747.84 138.58 430.38 627.67 864.25 366.67 1070.41 372.12 965.70 442.54 875.51 587.92 1050.23 592.03
00004163 00000040 746.27 139.79 433.83 646.13 863.41 363.46 1069.15 370.33 965.57 444.37 874.27 596.90 1054.98 602.24
00004164 00000041 747.94 139.67 431.72 645.71 861.27 364.50 1071.37 370.23 965.44 443.34 871.78 597.97 1060.39 602.22
00004165 00000042 749.91 140.91 432.39 624.96 864.33 366.60 1075.59 371.48 969.51 444.95 873.18 586.00 1065.48 588.96
00004166 00000043 749.97 141.05 429.74 611.37 863.08 367.77 1073.59 374.71 966.27 443.38 872.14 581.55 1055.00 586.64
00004167 00000044 750.15 142.39 431.09 598.28 868.50 366.05 1075.14 374.81 971.47 437.65 877.56 574.53 1045.39 581.94
00004168 00000045 751.59 139.23 423.80 596.35 867.63 367.83 1077.19 378.41 973.59 445.91 876.69 578.40 1047.12 587.26
00004169 00000046 749.76 144.77 426.94 597.70 867.24 368.12 1073.01 377.02 970.22 448.31 880.69 582.18 1038.18 589.59
00004170 00000047 750.48 145.02 428.22 608.41 870.25 369.38 1070.73 378.72 972.26 450.70 885.34 588.28 1036.42 595.93
00004171 00000048 750.38 140.42 427.97 620.67 863.37 375.29 1078.72 385.36 971.94 453.39 873.70 596.91 1053.47 604.22
00004172 00000049 749.05 137.94 426.41 623.40 864.79 379.97 1075.75 391.61 971.31 461.36 874.05 595.60 1053.70 603.88
00004173 00000050 749.92 137.57 423.10 631.14 866.70 382.65 1073.89 395.89 969.52 473.52 873.19 599.89 1049.89 609.48
00004174 DELETE   750.62 150.69 424.20 627.71 869.97 386.23 1069.30 402.02 966.13 492.52 875.45 610.54 1032.69 624.07
00004175 DELETE   751.75 174.97 424.39 619.21 870.05 397.55 1064.04 408.30 966.76 500.36 881.84 620.44 1028.34 629.25
00004176 DELETE   752.21 191.36 421.68 614.98 868.98 409.72 1060.55 422.80 966.69 520.69 880.56 631.83 1024.33 642.83
00004177 00000054 752.13 194.14 420.96 624.78 867.78 418.88 1061.08 433.88 966.60 535.44 877.01 642.55 1026.37 654.76
00004178 00000055 754.60 193.59 419.68 631.65 868.55 428.04 1063.13 445.25 965.64 554.93 873.47 649.79 1029.28 663.61
00004179 00000056 754.91 196.78 420.35 634.02 866.10 435.67 1064.24 450.84 965.57 567.82 872.69 659.57 1035.62 671.38
00004180 00000057 754.49 205.47 421.69 629.69 866.24 438.97 1064.09 454.02 964.76 571.15 871.67 662.96 1036.28 674.82
00004181 00000058 753.02 204.76 423.40 633.51 866.44 442.37 1064.19 457.11 965.05 575.58 871.43 666.06 1036.73 677.83
00004182 00000059 752.51 203.53 422.63 633.88 865.30 444.67 1065.03 459.78 964.96 579.03 870.90 668.63 1037.92 680.61
00004183 00000060 752.76 204.38 422.62 634.66 865.45 444.10 1065.58 459.56 965.28 579.06 870.70 669.74 1038.12 682.08
00004184 00000061 752.48 204.89 422.33 633.89 865.81 442.42 1065.57 457.95 964.58 576.20 872.82 669.70 1037.69 681.89
00004185 00000062 752.73 206.03 420.61 631.64 866.27 439.69 1067.41 455.67 965.75 569.30 872.80 668.64 1038.24 681.21
00004186 00000063 753.71 201.63 418.95 634.97 867.65 437.12 1067.95 452.05 968.48 566.55 874.39 666.25 1039.98 677.74
00004187 00000064 753.64 198.29 420.73 636.01 868.95 431.54 1067.40 446.72 968.59 560.59 874.64 659.90 1039.04 671.46
00004188 00000065 752.88 197.37 420.26 634.67 868.26 425.03 1069.58 438.72 971.71 549.56 874.33 657.09 1041.75 667.50
00004189 00000066 752.81 192.87 419.29 629.85 868.84 416.11 1071.93 429.90 974.33 531.72 876.97 646.24 1043.57 656.69
00004190 00000067 754.46 188.32 420.32 624.66 871.08 410.52 1074.12 425.93 973.94 523.71 874.39 635.40 1043.00 647.62
00004191 00000068 756.06 179.94 420.84 626.07 872.21 404.05 1075.22 417.92 974.35 515.71 875.88 628.12 1046.72 638.82
00004192 00000069 756.92 170.56 421.04 638.07 872.28 399.86 1076.48 411.89 974.39 510.51 877.36 626.56 1046.45 635.80
00004193 00000070 753.49 171.47 424.59 657.49 869.39 395.88 1071.62 406.79 968.15 502.83 871.10 627.24 1045.47 635.33
00004194 00000071 751.03 175.90 423.93 662.94 864.05 391.86 1067.09 405.79 959.86 501.14 861.83 627.17 1043.95 637.41
00004195 00000072 754.08 173.02 417.11 645.43 866.93 396.76 1065.89 411.90 961.32 513.64 861.75 621.21 1043.29 632.90
00004196 00000073 743.69 163.41 423.80 630.03 859.88 408.21 1058.56 425.45 951.57 527.49 852.21 616.76 1033.83 630.59
00004197 DELETE   747.18 186.71 418.03 624.16 863.08 414.82 1049.71 437.30 952.76 542.16 857.31 625.48 1010.42 644.64
00004198 DELETE   741.78 183.45 422.22 633.92 853.78 431.61 1050.48 453.46 937.54 561.14 847.15 650.37 1005.95 670.63
00004199 DELETE   739.18 199.60 423.40 641.27 849.36 445.14 1050.48 469.41 931.09 587.95 840.49 666.21 1006.88 687.95
00004200 00000077 741.25 209.90 423.75 636.46 849.53 462.22 1053.46 485.65 937.28 611.53 844.24 681.26 1013.33 701.36
00004201 00000078 741.04 212.05 424.25 647.91 853.13 460.58 1051.39 480.73 939.88 605.34 850.55 685.44 1010.79 703.19
00004202 00000079 739.98 204.06 425.11 646.07 853.28 447.36 1050.60 463.19 943.07 586.37 858.43 677.86 1012.41 691.92
00004203 00000080 743.10 198.00 423.36 639.33 857.82 433.72 1055.13 446.92 956.41 562.26 864.43 662.06 1028.39 672.45
00004204 00000081 742.40 195.25 423.20 634.06 858.67 428.86 1059.52 441.14 960.52 552.09 863.92 656.71 1031.93 666.16
00004205 00000082 745.10 193.89 422.30 635.82 860.67 431.43 1062.25 442.89 964.52 551.99 868.16 657.39 1038.22 665.90
00004206 00000083 746.86 193.14 424.49 642.89 861.57 436.89 1060.19 447.75 963.33 565.75 871.54 667.12 1032.72 675.62
00004207 00000084 746.36 200.82 423.06 639.93 859.01 445.09 1062.39 452.90 962.97 575.24 873.21 679.03 1034.88 685.13
00004208 00000085 745.60 204.80 423.97 645.54 860.32 446.58 1060.77 452.27 962.55 576.21 877.68 686.28 1028.69 691.12
00004209 00000086 743.63 199.23 424.47 647.56 863.29 438.78 1057.58 447.68 962.41 565.17 877.56 677.85 1017.41 686.16
00004210 00000087 741.66 196.37 422.51 634.75 860.26 430.27 1054.58 439.60 962.65 547.01 875.85 658.13 1027.17 665.61
00004211 00000088 739.71 193.87 421.16 630.23 857.96 429.46 1052.64 438.09 962.42 550.19 873.13 652.66 1028.50 659.65
00004212 00000089 740.60 184.16 421.38 643.10 850.62 435.47 1050.01 442.16 945.70 562.61 861.69 656.77 1030.28 663.70
00004213 00000090 738.13 195.91 421.44 637.32 848.74 443.42 1047.21 450.24 949.20 570.20 865.08 669.03 1022.50 674.63
00004214 00000091 736.68 198.18 422.74 639.66 848.20 444.41 1046.38 449.86 949.19 567.27 866.44 673.25 1021.84 677.70
00004215 00000092 736.00 193.40 424.46 646.74 847.90 440.13 1044.44 445.10 948.82 561.67 866.92 670.22 1019.49 674.66
00004216 00000093 730.91 194.58 433.47 656.80 850.83 437.34 1038.93 442.66 944.68 557.01 872.10 672.49 1011.32 677.27
00004217 00000094 730.19 200.77 432.80 666.79 851.33 435.26 1040.26 440.35 942.40 550.86 869.65 678.16 1009.98 682.67
00004218 00000095 731.93 201.91 430.32 672.90 850.46 435.87 1041.94 438.75 942.67 552.30 868.35 680.96 1016.82 683.43
00004219 00000096 732.34 201.12 429.36 673.43 849.78 436.66 1042.79 439.18 943.85 553.37 866.15 679.12 1020.68 681.09
00004220 00000097 731.74 194.48 430.94 670.59 847.14 437.16 1043.61 437.58 944.43 552.35 864.12 676.08 1026.53 675.68
00004221 00000098 730.77 190.70 432.72 660.36 844.82 436.70 1041.35 437.08 942.59 552.92 861.63 669.39 1026.04 668.97
00004222 00000099 729.33 185.46 426.25 645.20 844.36 433.17 1046.46 434.32 946.18 546.35 859.84 661.29 1029.39 660.33
00004223 00000100 728.65 187.07 427.52 636.82 844.29 429.65 1045.47 430.83 945.46 536.17 857.80 654.05 1027.51 652.97
00004224 00000101 728.86 180.37 428.81 639.66 844.75 426.71 1047.06 427.80 946.78 532.24 857.49 651.14 1028.52 650.14
00004225 00000102 728.28 179.32 428.84 636.03 844.34 425.71 1047.00 426.77 946.49 529.55 856.67 648.52 1027.12 647.77
00004226 00000103 728.43 178.31 430.73 633.65 845.66 424.13 1046.82 423.85 948.83 528.67 860.89 647.41 1026.53 645.51
00004227 00000104 736.17 169.51 420.41 634.41 850.42 419.02 1040.11 426.54 941.46 525.09 863.09 636.43 1014.54 644.46
00004228 00000105 735.75 170.75 421.31 628.60 850.37 415.45 1041.63 423.53 942.60 524.31 864.35 632.15 1015.37 640.45
00004229 00000106 736.05 165.86 421.27 628.51 850.31 413.43 1042.16 422.16 942.06 524.84 863.95 629.16 1015.02 637.76
00004230 00000107 735.46 168.69 422.84 626.96 848.76 409.74 1043.28 417.85 942.00 521.90 863.10 629.13 1015.99 637.27
00004231 00000108 734.23 164.93 422.67 623.02 849.77 407.31 1043.74 416.58 944.50 518.94 863.88 623.64 1014.82 632.93
00004232 00000109 734.30 167.97 421.61 613.74 852.41 407.67 1041.56 417.37 944.97 518.82 864.73 618.32 1012.63 627.82
00004233 00000110 736.73 165.62 419.52 613.99 855.75 415.60 1041.64 426.09 944.22 519.40 863.86 618.40 1009.82 628.55
00004234 00000111 735.93 167.55 418.78 624.71 850.23 420.35 1044.52 428.18 946.39 524.19 859.43 632.06 1020.54 639.50
00004235 00000112 737.04 169.38 415.61 634.05 848.44 422.72 1046.41 428.70 945.13 531.08 859.79 644.39 1022.58 650.36
00004236 00000113 734.48 176.14 419.03 652.38 848.73 429.11 1040.52 434.38 945.16 541.08 862.01 656.40 1018.34 662.73
00004237 00000114 730.02 187.52 433.44 657.66 849.70 435.83 1042.17 438.12 947.64 554.56 865.28 663.60 1026.34 664.72
00004238 00000115 734.57 183.67 421.31 637.01 850.48 433.41 1042.70 441.93 943.76 556.12 858.31 651.16 1014.22 660.96
00004239 00000116 734.02 180.32 422.75 631.17 850.52 430.14 1046.59 439.12 944.77 555.26 856.51 641.96 1019.69 651.42
00004240 00000117 737.19 169.03 419.97 634.90 853.62 423.92 1046.09 435.17 945.66 544.99 860.96 636.15 1017.09 647.20
00004241 00000118 735.56 166.89 419.55 636.93 854.76 417.21 1043.79 430.16 946.26 529.14 860.87 633.11 1011.19 645.85
00004242 00000119 736.38 166.32 420.15 626.35 849.80 415.24 1048.52 428.25 943.83 529.77 854.97 628.41 1017.82 640.18
00004243 00000120 736.82 168.13 420.17 628.52 850.16 413.83 1049.30 428.20 942.52 529.50 852.10 627.67 1019.89 640.26
00004244 00000121 736.96 167.68 421.56 640.23 854.88 415.77 1043.01 432.23 940.82 529.99 857.76 632.67 1006.63 648.09
00004245 00000122 735.49 182.18 423.31 649.80 854.24 424.17 1048.30 436.30 952.53 543.16 861.59 654.28 1018.70 664.17
00004246 00000123 737.81 188.56 422.47 643.73 853.51 429.66 1053.39 444.09 950.95 552.84 857.30 658.01 1026.64 669.29
00004247 00000124 739.95 186.31 423.33 656.90 856.89 432.27 1055.91 447.29 954.58 558.29 859.48 663.72 1026.10 676.02
00004248 00000125 741.17 189.93 427.98 677.88 860.00 433.97 1058.16 445.15 956.68 560.62 864.98 668.58 1032.13 677.05
00004249 00000126 741.50 197.82 427.19 676.64 858.70 434.22 1056.61 443.19 953.78 555.28 864.40 671.85 1032.87 678.24
00004250 00000127 741.05 200.20 428.63 672.59 859.42 434.11 1057.32 443.48 953.73 556.43 865.01 671.88 1031.22 678.82
00004251 00000128 737.66 190.85 426.68 671.63 858.93 431.84 1053.89 444.66 956.54 555.23 860.00 669.03 1029.66 679.41
00004252 00000129 739.73 199.83 428.79 672.58 857.94 434.46 1054.91 442.36 952.30 552.86 864.59 672.36 1028.57 678.34
00004253 00000130 739.76 198.65 429.87 669.75 857.40 434.77 1055.01 444.06 951.18 555.63 863.80 671.11 1027.31 678.21
00004254 00000131 736.06 190.09 427.79 662.12 854.38 433.20 1052.31 445.53 952.09 556.54 856.67 664.26 1028.93 673.85
00004255 00000132 736.42 190.23 432.81 655.46 853.74 435.67 1050.11 446.39 945.92 558.69 860.03 662.22 1023.92 670.63
00004256 00000133 737.86 184.56 423.91 649.03 851.32 434.66 1050.92 447.60 943.14 555.10 852.94 656.18 1026.45 668.19
00004257 00000134 737.22 187.17 422.88 642.59 849.55 434.37 1048.58 448.59 939.22 556.83 850.16 654.49 1022.44 667.57
00004258 00000135 731.13 189.10 427.88 645.74 841.23 442.34 1042.86 455.23 927.47 562.97 845.23 659.34 1022.07 668.35
00004259 DELETE   726.39 184.29 429.63 646.92 827.27 440.67 1031.07 461.43 901.90 561.97 821.66 654.01 1002.55 670.19
00004260 DELETE   718.39 190.24 433.70 634.19 818.33 431.77 1008.96 466.79 873.44 554.14 799.46 637.85 969.66 664.99
00004261 DELETE   716.32 180.98 426.93 635.33 799.71 424.16 993.68 465.92 839.47 546.27 774.98 633.11 941.32 667.14
00004262 00000139 718.05 181.90 419.09 631.38 799.03 416.32 982.15 461.40 823.93 538.45 766.20 625.50 919.03 663.31
00004263 00000140 720.82 183.75 421.08 625.73 800.76 414.20 982.93 459.02 823.69 535.98 768.40 622.74 919.87 660.21
00004264 00000141 727.30 183.81 420.47 626.31 809.54 414.59 995.82 460.04 834.41 535.96 776.86 623.88 928.48 661.61
00004265 DELETE   735.86 178.58 420.00 638.27 823.67 417.99 1011.11 462.35 855.73 545.94 793.49 631.13 943.78 667.48
00004266 00000143 744.56 178.06 422.67 647.03 839.30 423.16 1020.11 462.86 877.31 548.26 811.20 634.84 960.29 668.35
00004267 DELETE   746.68 189.43 427.96 641.64 849.53 425.20 1035.33 463.17 906.20 557.62 830.51 640.01 977.20 672.70
00004268 00000145 746.98 193.07 430.60 636.04 854.23 427.61 1043.29 464.83 917.05 559.34 841.61 642.23 989.97 673.66
00004269 00000146 748.79 189.78 429.39 653.76 860.62 428.13 1052.82 459.14 934.68 558.07 850.31 651.15 1017.55 676.43
00004270 00000147 747.80 188.20 431.07 669.04 864.38 432.16 1060.99 456.18 949.11 560.79 852.09 660.04 1035.66 678.85
00004271 00000148 749.77 197.94 427.25 648.99 865.09 437.09 1061.22 455.91 956.51 564.25 858.79 660.82 1037.41 675.46
00004272 00000149 751.45 197.50 424.24 635.14 865.11 439.40 1058.90 453.80 959.34 570.15 867.17 659.65 1027.78 671.22
00004273 00000150 751.30 198.05 424.49 631.84 863.68 440.19 1060.02 451.39 961.52 572.64 870.92 658.03 1034.04 666.63
00004274 00000151 748.95 196.85 425.25 634.24 862.94 439.47 1057.58 449.65 961.28 570.77 871.54 657.89 1031.36 665.77
00004275 00000152 745.36 195.26 424.63 637.76 860.19 437.68 1054.28 448.78 958.26 566.40 867.57 658.96 1024.22 668.03
00004276 00000153 741.88 192.76 424.51 646.21 857.70 436.36 1055.08 447.64 957.78 566.04 863.95 660.48 1034.72 669.05
00004277 00000154 740.78 193.84 424.47 638.04 856.79 436.91 1055.32 448.87 958.29 563.59 863.80 657.51 1034.41 666.81
00004278 00000155 742.51 193.96 422.72 629.78 856.32 434.96 1054.98 446.60 957.76 563.97 866.26 653.51 1032.00 662.79
00004279 00000156 745.69 193.36 420.33 628.09 857.83 431.30 1052.90 443.18 955.84 562.04 867.81 647.46 1025.99 657.11
00004280 00000157 746.85 191.98 419.30 628.55 856.36 430.66 1051.91 441.47 954.29 563.10 867.69 646.03 1023.63 654.89
00004281 00000158 740.90 178.99 424.75 631.97 855.02 429.04 1050.69 438.55 945.58 556.09 861.82 640.16 1029.07 649.33
00004282 00000159 739.97 174.13 425.42 632.02 855.80 426.39 1050.20 436.61 946.42 549.49 863.62 635.35 1030.30 644.69
00004283 00000160 740.23 170.00 423.37 635.59 856.06 422.31 1046.66 432.77 945.04 543.63 864.51 633.46 1025.97 643.03
00004284 00000161 739.32 168.69 421.93 633.28 852.96 415.66 1043.11 426.40 940.60 536.25 863.43 631.26 1018.92 641.28
00004285 00000162 732.22 174.65 431.71 621.99 846.29 411.71 1047.55 417.19 943.65 527.98 859.89 627.51 1026.42 630.08
00004286 00000163 722.22 179.57 435.81 610.37 831.34 403.46 1037.10 415.95 923.13 523.30 841.18 615.33 1011.15 622.97
00004287 DELETE   713.05 180.37 432.53 600.44 817.28 399.62 1015.49 419.40 895.23 516.04 818.33 601.71 984.79 615.53
00004288 00000165 712.89 168.67 427.53 601.53 812.89 393.37 1005.06 415.89 880.04 511.44 804.33 596.11 976.06 614.21
00004289 DELETE   714.14 167.26 432.71 608.06 820.13 395.08 1015.33 417.53 893.10 514.21 815.97 599.16 989.61 616.86
00004290 DELETE   723.47 175.74 438.12 605.86 833.88 400.26 1039.26 415.84 924.40 522.69 839.83 607.50 1010.19 617.83
00004291 DELETE   740.25 170.46 420.98 611.80 853.50 403.99 1049.05 412.25 946.67 524.80 866.93 614.92 1030.69 622.13
CROP_BBOX: 432 0 1464 1022
