Video ID: 	xVoDjpbmVlA
H: 	1080
W: 	1920
FPS: 	25.0

FRAME INDEX X0 Y0 W H [Landmarks (5 Points)]

00004024 00000000 886.23 127.56 378.32 541.36 966.45 295.92 1146.97 301.63 1024.10 367.32 956.98 499.54 1110.75 508.20
00004025 00000001 886.57 129.12 375.60 537.56 966.18 289.66 1143.38 291.34 1024.02 356.92 960.17 496.49 1111.91 502.05
00004026 00000002 888.12 129.93 374.36 537.13 967.78 287.40 1144.11 286.78 1027.67 350.80 963.64 495.51 1115.76 499.41
00004027 00000003 889.27 140.47 374.88 535.29 974.64 288.49 1145.83 284.03 1034.51 347.69 972.48 498.12 1111.91 499.56
00004028 00000004 890.12 138.77 376.21 536.09 978.38 288.44 1151.90 286.53 1040.72 349.48 976.26 499.35 1114.87 502.55
00004029 00000005 890.01 138.25 377.87 533.37 981.07 287.65 1155.79 287.60 1044.48 349.81 978.41 497.42 1118.43 501.21
00004030 00000006 887.66 128.32 381.14 521.42 983.06 287.80 1161.70 296.67 1049.60 351.70 972.97 481.46 1129.27 491.92
00004031 00000007 884.03 125.66 383.55 498.08 985.29 293.35 1165.11 307.90 1052.29 356.47 977.04 473.19 1133.56 487.09
00004032 00000008 883.91 126.24 385.78 495.63 984.14 294.99 1166.02 311.74 1051.91 355.99 976.22 472.01 1135.95 487.52
00004033 00000009 884.13 127.01 385.69 495.48 984.30 294.74 1166.44 311.72 1051.33 356.34 975.80 472.12 1135.78 487.86
00004034 00000010 885.00 127.53 385.11 495.50 984.04 295.10 1165.31 311.15 1049.35 357.52 975.46 472.75 1133.43 487.80
00004035 00000011 885.18 126.91 386.04 495.38 981.85 294.75 1163.19 309.97 1044.21 360.55 973.38 473.99 1129.96 488.45
00004036 00000012 881.75 132.32 389.62 485.76 981.08 290.40 1160.53 310.36 1056.27 367.63 969.21 467.61 1133.25 485.22
00004037 00000013 881.50 132.43 390.29 487.64 978.66 290.87 1158.03 310.94 1051.25 367.92 966.74 469.26 1128.63 487.14
00004038 00000014 887.17 128.11 384.95 501.99 978.07 298.75 1160.96 309.95 1035.60 362.62 967.33 481.71 1122.69 493.29
00004039 00000015 885.59 128.52 386.57 499.70 979.25 300.07 1159.93 316.93 1037.03 365.32 966.88 478.16 1121.67 494.13
00004040 00000016 886.08 134.85 386.45 486.13 981.65 295.78 1156.13 316.43 1049.86 370.29 971.47 471.77 1121.97 490.22
00004041 00000017 884.93 136.50 388.28 487.20 983.36 294.88 1156.64 317.95 1049.60 370.55 971.45 471.62 1119.50 492.16
00004042 00000018 885.63 138.45 388.53 490.53 984.98 295.54 1156.82 316.81 1048.44 368.37 974.65 471.51 1120.27 490.57
00004043 00000019 887.88 138.15 387.52 491.71 983.78 293.70 1159.24 317.42 1049.78 371.70 969.27 473.05 1122.90 494.03
00004044 00000020 888.99 136.69 387.37 499.87 982.66 293.51 1160.29 318.46 1049.59 372.14 967.11 476.68 1124.75 498.61
00004045 00000021 889.99 139.88 385.83 511.91 984.11 293.94 1162.81 320.87 1051.01 373.56 965.56 479.95 1128.63 503.56
00004046 00000022 893.84 142.56 380.12 526.62 981.10 301.08 1158.32 309.10 1034.79 373.05 967.17 495.84 1119.91 505.60
00004047 00000023 894.72 144.94 379.50 529.39 982.36 301.17 1157.27 308.67 1035.04 373.74 968.27 498.80 1117.80 508.67
00004048 00000024 894.96 146.06 380.27 533.72 983.02 302.08 1157.58 308.86 1037.38 375.53 969.70 500.86 1117.43 510.32
00004049 00000025 892.70 141.59 382.49 530.43 982.36 303.18 1158.46 310.27 1039.43 376.90 972.55 499.31 1119.78 508.16
00004050 00000026 887.96 140.36 387.79 509.00 984.99 300.77 1159.58 323.16 1051.68 377.58 973.43 484.56 1124.93 504.17
00004051 00000027 887.90 139.92 385.53 479.57 982.69 300.90 1159.17 320.42 1053.52 376.82 971.69 473.02 1129.72 490.05
00004052 00000028 887.31 139.41 385.68 479.55 981.75 302.82 1157.10 320.83 1051.94 374.43 971.37 472.24 1127.64 488.12
00004053 00000029 886.53 138.43 385.43 481.49 981.51 302.71 1156.59 321.13 1051.87 373.18 969.67 470.33 1127.89 486.58
00004054 00000030 886.22 139.24 385.55 480.35 981.94 301.83 1156.43 321.75 1051.25 373.72 968.06 468.54 1125.98 486.13
00004055 00000031 885.61 139.55 386.34 479.92 983.38 301.33 1156.42 321.07 1051.44 373.49 970.73 467.01 1125.69 484.34
00004056 00000032 886.23 138.80 386.25 480.77 983.37 301.38 1155.79 320.46 1050.15 372.97 972.01 467.23 1125.64 484.07
00004057 00000033 885.88 138.87 387.58 481.87 982.81 301.01 1156.76 319.08 1050.32 372.06 971.40 467.62 1127.44 483.75
00004058 00000034 885.49 139.48 387.45 481.53 983.42 300.96 1157.01 318.89 1051.05 371.59 972.23 466.95 1128.49 482.91
00004059 00000035 885.24 138.48 388.28 483.85 983.83 300.61 1157.68 318.80 1051.33 371.27 972.51 466.88 1128.18 483.10
00004060 00000036 887.15 139.75 387.05 484.10 985.27 298.57 1159.37 318.01 1052.53 372.81 975.40 469.24 1128.28 486.50
00004061 00000037 885.42 138.77 390.52 499.38 986.82 299.41 1157.82 321.14 1050.64 373.21 976.93 477.09 1120.43 496.26
00004062 00000038 886.82 138.73 389.38 505.01 984.87 299.30 1160.72 323.14 1053.09 378.85 971.14 481.80 1125.42 502.69
00004063 00000039 888.27 139.14 387.89 496.00 983.39 298.93 1162.60 321.94 1054.50 379.99 969.67 481.05 1129.18 500.99
00004064 00000040 888.61 138.15 387.49 492.33 984.33 298.35 1163.56 322.44 1056.59 380.45 969.52 476.20 1131.70 497.12
00004065 00000041 888.29 139.80 388.05 490.36 986.04 298.75 1163.77 322.08 1057.68 379.51 972.18 473.55 1134.27 493.68
00004066 00000042 889.38 141.30 387.55 485.66 987.41 298.92 1164.22 322.92 1058.61 380.51 972.98 472.48 1134.11 492.95
00004067 00000043 890.26 140.54 387.29 483.41 987.88 300.60 1164.92 324.62 1059.31 380.53 972.82 472.39 1133.64 492.86
00004068 00000044 891.26 139.55 387.75 492.56 988.56 301.60 1164.88 324.22 1058.66 380.79 974.94 477.49 1132.40 496.98
00004069 00000045 889.79 137.93 390.79 496.27 989.48 303.52 1164.98 326.04 1057.98 380.64 976.46 481.41 1127.87 500.89
00004070 00000046 888.81 138.42 392.15 499.48 990.14 303.00 1165.38 327.13 1058.25 380.56 976.21 481.93 1125.59 502.93
00004071 00000047 888.86 137.63 392.53 501.54 989.66 303.16 1164.59 326.97 1056.98 379.92 976.79 482.79 1123.75 503.57
00004072 00000048 888.67 136.60 393.32 505.17 989.95 303.00 1164.09 327.50 1055.85 379.50 976.64 483.06 1122.59 504.41
00004073 00000049 889.32 137.39 392.31 505.61 992.51 302.72 1164.65 328.19 1056.65 380.00 977.54 482.19 1122.70 504.30
00004074 00000050 891.11 137.98 390.36 503.96 989.16 301.26 1166.70 325.26 1057.45 383.41 974.69 484.17 1129.27 505.09
00004075 00000051 890.47 138.50 389.69 495.33 987.56 300.98 1167.28 324.84 1059.06 384.74 974.40 482.18 1132.47 502.51
00004076 00000052 890.30 138.98 389.57 492.71 987.93 301.56 1167.41 325.13 1059.96 384.16 974.36 480.48 1133.26 500.58
00004077 00000053 889.17 138.90 391.46 495.22 988.24 302.95 1167.07 325.90 1059.84 382.60 975.36 480.69 1132.32 500.29
00004078 00000054 888.90 138.43 392.37 494.95 988.89 305.88 1165.41 327.77 1058.75 380.76 976.87 481.63 1128.31 500.44
00004079 00000055 887.70 138.11 392.49 498.82 989.08 305.12 1163.77 327.86 1057.34 381.89 976.79 482.32 1124.46 501.92
00004080 00000056 887.51 138.32 392.44 500.14 988.70 304.97 1163.77 329.30 1057.15 382.12 975.29 483.29 1123.08 504.28
00004081 00000057 889.67 138.82 390.75 502.81 990.33 304.71 1164.11 329.50 1056.42 383.92 976.45 486.00 1120.77 507.52
00004082 00000058 890.55 138.20 389.81 508.41 988.15 304.13 1166.91 328.44 1058.36 387.09 973.32 489.16 1127.57 510.31
00004083 00000059 891.43 138.49 389.23 508.93 988.34 303.76 1167.31 329.01 1057.91 387.73 971.96 489.22 1127.83 511.14
00004084 00000060 892.55 139.68 388.86 502.96 988.50 305.50 1167.07 329.16 1057.39 388.21 974.10 488.15 1127.46 508.58
00004085 00000061 894.27 139.20 387.86 501.74 991.59 307.07 1166.13 330.05 1056.87 386.01 979.48 487.30 1126.11 507.09
00004086 00000062 896.04 138.78 385.81 497.30 991.95 307.28 1166.19 330.71 1057.15 386.51 979.38 484.45 1126.73 504.52
00004087 00000063 898.23 139.47 383.81 489.89 989.77 308.00 1168.82 329.94 1058.74 389.64 977.48 485.71 1131.29 504.32
00004088 00000064 899.84 140.09 384.57 496.15 990.69 306.89 1171.28 329.45 1059.81 391.44 977.57 488.50 1134.64 507.57
00004089 00000065 904.58 137.92 383.83 512.81 997.32 306.60 1176.44 333.13 1063.03 393.75 978.34 493.89 1134.70 517.00
00004090 00000066 904.01 136.60 387.13 499.53 1000.97 307.19 1178.05 333.38 1066.76 391.85 983.31 487.34 1134.99 509.71
00004091 00000067 909.96 136.36 384.09 492.57 1006.10 306.62 1181.50 334.22 1068.87 392.32 986.49 486.17 1134.06 509.85
00004092 00000068 913.75 135.39 382.95 504.64 1010.74 308.88 1184.75 335.59 1071.74 392.71 991.91 488.43 1139.65 511.34
00004093 00000069 916.52 133.68 383.97 507.90 1012.62 309.89 1188.61 332.16 1075.76 387.91 997.57 485.73 1150.13 504.83
00004094 00000070 920.45 133.73 382.40 503.85 1013.56 311.15 1190.06 331.89 1075.30 385.72 998.74 485.26 1153.72 503.15
00004095 00000071 921.43 134.35 382.26 500.94 1014.02 311.20 1190.82 332.39 1076.30 384.88 999.84 484.37 1153.26 502.52
00004096 00000072 922.55 135.40 383.31 505.31 1015.36 307.45 1190.91 330.93 1075.47 384.06 1001.10 480.90 1153.87 501.02
00004097 00000073 925.10 133.57 382.28 509.10 1018.08 309.48 1193.71 333.57 1076.49 380.77 1003.75 480.28 1155.08 501.06
00004098 00000074 927.04 130.37 383.29 512.21 1018.93 313.94 1194.49 335.13 1077.70 380.08 1005.77 481.90 1158.27 500.51
00004099 00000075 929.90 125.53 382.79 516.46 1021.00 306.89 1199.40 328.65 1082.76 372.14 1007.69 481.26 1162.12 500.66
00004100 00000076 928.75 118.46 385.37 529.97 1019.15 298.69 1202.06 319.90 1086.05 369.40 1006.68 483.29 1165.38 502.49
00004101 00000077 928.87 116.67 383.63 533.48 1019.33 294.08 1203.43 315.70 1086.85 369.45 1005.34 484.24 1166.91 503.84
00004102 00000078 926.07 112.67 385.16 529.68 1017.32 296.70 1203.20 318.40 1086.76 367.95 1004.33 480.54 1170.22 499.74
00004103 00000079 921.99 114.99 384.77 513.42 1016.60 295.79 1197.46 317.08 1083.89 363.06 1004.43 470.45 1166.79 488.57
00004104 00000080 918.77 111.18 383.52 508.19 1015.01 288.88 1191.28 311.49 1082.01 357.86 1005.49 460.11 1157.97 479.12
00004105 00000081 914.50 108.27 381.79 511.92 1011.71 283.34 1186.66 305.83 1079.35 354.27 1002.79 457.74 1150.03 476.82
00004106 00000082 908.83 105.81 383.48 516.74 1006.74 283.52 1181.17 302.87 1075.57 351.51 1000.25 459.86 1147.36 476.43
00004107 00000083 899.28 109.00 381.76 516.44 994.52 283.81 1175.09 294.51 1061.97 346.43 986.70 469.01 1144.20 478.72
00004108 00000084 894.01 111.21 382.65 515.73 991.07 280.81 1171.27 289.91 1058.37 344.22 982.67 468.45 1139.61 477.30
00004109 00000085 890.85 104.48 380.62 521.57 987.14 280.75 1165.51 287.84 1052.24 340.43 977.62 466.92 1133.11 474.91
00004110 00000086 885.53 103.24 381.34 523.94 983.01 280.04 1160.28 284.82 1044.07 335.37 972.36 468.91 1120.99 475.04
00004111 00000087 879.37 105.06 385.16 523.55 978.86 279.03 1155.27 282.21 1041.71 333.98 970.37 470.01 1112.17 474.90
00004112 00000088 871.69 107.08 391.31 519.31 973.52 282.88 1150.12 286.94 1038.64 336.18 967.45 470.04 1107.18 475.09
00004113 00000089 870.80 112.56 391.60 508.95 968.31 284.93 1141.01 287.79 1030.83 343.41 964.10 467.12 1100.07 471.22
00004114 00000090 867.92 112.91 390.74 506.49 960.65 287.62 1131.52 287.81 1022.00 346.98 963.67 467.63 1098.44 468.99
00004115 00000091 868.61 110.55 389.37 507.21 956.44 291.30 1123.66 291.67 1015.69 350.95 960.66 469.55 1088.08 471.59
00004116 00000092 869.42 111.58 387.89 502.73 954.83 292.39 1124.14 294.52 1013.62 355.04 955.83 472.52 1086.14 476.14
00004117 00000093 869.61 110.03 386.78 511.49 954.65 295.26 1125.36 301.01 1012.29 358.06 950.66 477.40 1081.68 484.32
00004118 00000094 871.53 114.32 386.84 527.07 955.27 295.37 1128.13 303.69 1009.00 360.11 947.72 480.10 1086.89 489.52
00004119 00000095 873.28 114.36 384.74 535.79 952.52 299.50 1129.35 306.73 1005.37 362.69 944.66 487.98 1092.72 496.85
00004120 00000096 868.22 113.92 387.11 531.74 948.53 299.59 1128.71 309.52 1004.47 359.48 939.38 485.23 1097.52 495.75
00004121 00000097 866.28 108.28 389.09 524.54 943.47 304.30 1124.93 314.81 997.54 361.93 934.82 483.13 1095.38 493.66
00004122 00000098 860.05 115.00 391.21 514.76 938.16 309.42 1114.72 319.18 991.22 368.30 930.82 484.95 1088.09 494.28
00004123 00000099 858.58 114.47 387.37 514.22 934.65 312.08 1109.88 324.10 987.61 375.35 925.92 487.87 1082.07 498.52
00004124 00000100 859.14 120.86 384.88 510.79 934.17 315.07 1106.13 329.39 983.70 379.81 923.02 490.80 1075.26 503.07
CROP_BBOX: 644 0 1528 861
