Video ID: 	7qApjsjig0w
H: 	1080
W: 	1920
FPS: 	25.0

FRAME INDEX X0 Y0 W H [Landmarks (5 Points)]

00002146 00000000 894.86 139.58 359.44 532.60 986.23 341.37 1152.27 369.90 1041.69 434.83 972.13 530.75 1099.88 557.30
00002147 00000001 894.31 138.16 358.90 531.26 985.66 340.57 1151.76 367.74 1041.70 432.01 971.81 529.02 1099.78 554.46
00002148 00000002 893.67 137.81 360.05 532.13 985.62 340.35 1151.76 367.77 1041.47 431.65 971.81 528.93 1099.91 554.56
00002149 00000003 894.12 137.74 358.92 532.38 985.48 340.54 1151.03 368.63 1040.41 432.57 971.25 528.69 1099.00 554.85
00002150 00000004 892.30 140.45 363.78 528.63 985.15 342.08 1148.96 369.37 1038.18 430.63 971.30 525.89 1101.12 550.81
00002151 00000005 893.63 140.88 365.32 528.32 988.36 341.75 1153.30 368.78 1040.66 428.85 972.61 524.96 1102.97 549.71
00002152 00000006 893.72 139.53 364.67 527.56 989.24 339.57 1153.80 367.42 1042.56 426.83 973.99 523.17 1103.55 548.41
00002153 00000007 894.41 137.81 359.35 526.76 986.31 340.47 1149.44 366.70 1039.74 428.40 972.93 523.31 1101.51 547.51
00002154 00000008 895.10 139.12 359.99 529.09 987.46 338.40 1153.26 365.79 1042.81 429.12 973.95 525.82 1102.82 551.31
00002155 00000009 894.12 139.82 361.37 530.24 986.63 340.41 1153.65 368.08 1042.38 432.07 973.69 528.14 1102.25 553.95
00002156 00000010 895.16 144.15 361.89 528.49 987.55 343.93 1152.95 371.84 1041.56 437.48 974.63 531.07 1102.16 557.00
00002157 00000011 896.02 142.10 365.68 533.16 982.74 350.39 1155.47 371.67 1042.42 441.79 973.89 538.65 1102.17 558.01
00002158 00000012 896.37 144.59 365.04 531.97 983.64 351.34 1156.18 372.68 1042.75 443.86 973.87 539.94 1100.87 559.45
00002159 00000013 896.32 147.75 359.73 527.89 985.57 351.03 1149.85 378.23 1036.86 441.94 971.52 533.05 1100.53 558.28
00002160 00000014 894.31 144.20 361.44 527.85 985.36 347.00 1149.76 377.03 1035.75 439.57 969.16 531.18 1096.67 558.83
00002161 00000015 893.44 143.86 361.15 528.99 984.48 346.11 1149.78 375.14 1036.18 440.44 969.19 532.71 1095.72 559.67
00002162 00000016 893.77 147.79 359.37 528.48 983.87 347.73 1148.47 377.52 1033.89 443.90 968.31 535.00 1093.89 562.59
00002163 00000017 896.69 146.00 357.76 530.13 978.16 349.05 1149.91 376.31 1032.30 447.51 966.12 540.44 1090.69 564.90
00002164 00000018 897.60 147.98 354.76 529.51 977.84 351.41 1148.39 379.19 1031.21 450.69 965.62 542.94 1090.38 567.67
00002165 00000019 897.68 148.87 354.93 528.68 977.68 350.65 1148.61 378.21 1030.25 448.91 964.98 540.10 1091.08 564.75
00002166 00000020 897.79 149.88 354.70 524.21 978.62 348.03 1149.88 374.13 1031.20 444.80 965.58 535.74 1092.19 559.68
00002167 00000021 896.65 150.43 356.91 522.68 978.83 345.69 1150.20 371.09 1031.04 441.32 964.65 533.23 1091.94 556.71
00002168 00000022 897.37 152.12 356.95 522.27 979.74 347.17 1151.21 373.14 1032.57 443.27 966.21 534.50 1093.79 558.31
00002169 00000023 897.81 149.61 357.92 529.14 979.22 349.80 1151.38 377.29 1033.39 448.35 966.84 540.20 1094.00 564.64
00002170 00000024 899.21 154.03 356.88 537.08 980.60 354.26 1150.78 381.77 1032.52 452.26 967.31 548.23 1093.85 572.64
00002171 00000025 898.64 156.49 356.15 545.04 981.52 355.59 1149.80 384.33 1029.92 454.81 962.45 551.63 1088.75 577.36
00002172 00000026 897.42 156.48 356.35 545.23 979.46 356.10 1148.33 382.46 1027.94 451.75 960.84 552.55 1087.03 576.44
00002173 00000027 894.36 153.41 358.57 540.94 975.23 354.41 1144.41 379.75 1026.34 449.28 961.70 549.22 1087.12 572.03
00002174 00000028 892.68 149.98 358.47 533.58 972.91 352.39 1143.60 379.37 1025.93 447.02 959.02 544.28 1086.18 568.42
00002175 00000029 891.53 149.51 359.42 528.07 972.74 350.65 1143.86 376.93 1026.87 444.97 959.38 540.60 1086.80 564.20
00002176 00000030 890.25 146.14 361.11 528.11 971.61 347.08 1144.44 372.68 1027.14 443.75 959.45 538.26 1087.45 561.33
00002177 00000031 889.77 146.93 361.11 527.00 971.27 346.91 1144.13 371.91 1026.27 442.56 958.97 537.72 1086.68 560.33
00002178 00000032 890.22 147.37 360.29 526.40 971.71 347.43 1143.77 372.41 1027.15 443.07 960.19 537.84 1086.73 560.34
00002179 00000033 891.23 147.80 359.76 527.26 971.40 350.18 1143.25 375.77 1027.18 445.49 960.56 539.54 1088.89 562.38
00002180 00000034 891.28 147.35 360.11 530.38 969.11 353.59 1141.50 379.90 1024.34 448.79 958.54 540.95 1091.02 563.93
00002181 00000035 891.13 147.48 360.33 532.96 968.80 354.58 1140.25 380.77 1024.17 450.84 958.86 541.83 1090.68 564.74
00002182 00000036 891.00 148.53 360.60 530.75 969.20 353.49 1140.76 378.93 1024.30 449.24 958.48 542.08 1088.28 564.50
00002183 00000037 891.49 149.19 357.34 526.95 971.19 348.26 1142.04 373.21 1024.75 444.62 960.07 538.21 1085.11 560.84
00002184 00000038 892.77 149.92 356.03 524.63 972.96 345.87 1143.16 369.46 1025.14 440.51 960.32 536.16 1084.69 558.13
00002185 00000039 893.99 148.04 357.05 525.70 973.60 345.98 1143.45 369.26 1025.49 440.68 961.50 536.15 1085.31 557.90
00002186 00000040 894.91 149.82 355.64 524.95 974.80 348.33 1143.77 372.92 1027.65 443.73 962.96 537.62 1085.50 560.18
00002187 00000041 894.75 149.64 356.70 532.15 974.07 352.51 1141.63 379.25 1025.57 448.21 962.09 543.24 1083.64 567.10
00002188 00000042 893.07 148.93 358.30 536.50 972.43 355.02 1139.54 380.12 1024.71 450.94 963.44 548.44 1082.79 570.64
00002189 00000043 892.65 148.36 357.63 537.25 971.86 355.19 1139.44 381.34 1023.86 450.85 961.28 547.61 1082.27 570.59
00002190 00000044 891.81 148.25 358.86 535.46 970.28 354.74 1138.67 380.73 1023.59 450.69 959.85 546.25 1082.54 569.17
00002191 00000045 891.28 146.86 360.18 536.33 969.29 355.52 1139.13 381.41 1023.79 452.16 958.81 546.23 1084.46 569.04
00002192 00000046 892.27 148.09 357.37 536.76 968.51 356.38 1138.67 383.11 1022.93 453.73 957.30 546.20 1086.54 569.71
00002193 00000047 890.93 146.17 356.39 541.67 967.14 358.12 1137.21 385.94 1022.31 455.43 955.88 548.39 1086.44 572.71
00002194 00000048 889.97 148.31 356.49 540.34 967.19 358.40 1136.36 387.16 1022.16 457.12 955.92 549.94 1084.36 575.14
00002195 00000049 888.96 151.66 355.94 539.23 968.01 358.83 1132.59 385.49 1020.18 457.46 959.35 552.43 1078.73 576.07
00002196 00000050 889.00 151.78 356.21 542.81 968.24 358.41 1131.96 385.58 1018.75 457.55 957.86 552.58 1076.99 576.84
00002197 00000051 889.00 151.10 356.49 543.26 967.65 358.71 1131.66 385.42 1018.45 456.70 957.86 552.88 1077.48 576.67
00002198 00000052 889.47 151.68 355.95 542.60 967.82 358.55 1132.53 385.61 1018.75 456.97 957.27 552.12 1078.35 576.27
00002199 00000053 889.69 150.39 355.16 544.28 968.02 358.86 1132.57 386.11 1019.42 457.43 957.36 552.31 1078.68 576.60
00002200 00000054 889.53 151.94 353.88 542.94 968.05 359.23 1132.62 386.54 1019.66 457.07 957.46 552.34 1078.57 576.70
00002201 00000055 888.96 152.75 353.51 542.41 967.96 359.44 1132.36 386.69 1019.65 457.29 957.42 552.37 1078.27 576.73
00002202 00000056 889.28 153.07 353.41 542.37 967.88 359.28 1132.69 386.39 1019.32 457.39 956.80 552.62 1078.15 576.92
00002203 00000057 889.29 153.43 352.97 541.89 967.73 359.24 1132.29 386.46 1019.42 457.66 957.11 552.32 1078.37 576.72
00002204 00000058 887.63 155.42 359.57 539.86 966.43 363.43 1130.57 389.10 1015.57 455.66 956.05 553.24 1078.05 576.09
00002205 00000059 889.27 157.82 360.19 535.69 970.55 362.29 1135.16 386.33 1019.85 452.75 958.47 551.31 1081.33 572.99
00002206 00000060 889.00 158.49 361.74 534.19 970.89 359.01 1137.62 382.01 1019.96 448.58 956.58 548.81 1081.15 569.86
00002207 00000061 890.06 154.21 356.41 537.66 969.30 357.15 1136.67 380.71 1017.12 444.68 954.97 546.48 1078.10 568.44
00002208 00000062 890.85 152.62 356.04 537.02 971.88 354.12 1140.05 377.87 1019.92 442.07 955.31 543.68 1078.93 566.02
00002209 00000063 893.65 152.47 354.27 529.20 974.39 350.44 1142.15 372.21 1023.00 437.73 957.41 538.56 1081.00 559.66
00002210 00000064 894.72 151.72 354.51 525.55 977.07 347.74 1141.43 368.63 1023.93 433.85 958.60 533.63 1081.74 554.42
00002211 00000065 893.73 151.77 360.27 522.99 981.20 346.73 1142.52 366.39 1027.15 430.10 961.75 529.54 1084.07 549.42
00002212 00000066 892.55 138.00 358.63 530.53 983.39 341.15 1139.25 367.73 1027.23 419.81 962.23 521.60 1082.69 546.51
00002213 00000067 893.73 135.13 358.51 529.76 985.49 338.63 1140.92 367.07 1028.91 415.15 963.08 516.06 1083.97 542.23
00002214 00000068 894.16 130.00 360.99 530.73 984.67 336.18 1145.71 365.07 1028.36 414.36 962.63 513.00 1091.48 539.12
00002215 00000069 897.25 130.25 361.57 530.69 990.09 332.85 1152.74 365.15 1036.98 417.39 968.87 513.86 1099.83 542.54
00002216 00000070 900.10 129.72 364.00 535.61 993.03 332.55 1159.00 365.27 1042.80 419.68 973.97 516.40 1109.33 545.51
00002217 00000071 900.64 133.01 365.28 539.15 993.34 334.04 1162.61 366.95 1045.32 423.74 974.14 520.79 1112.91 550.26
00002218 00000072 898.90 134.99 366.43 540.11 991.35 340.19 1160.76 371.21 1044.62 429.28 974.85 525.40 1112.86 553.38
00002219 00000073 897.64 140.43 364.95 542.96 987.12 344.65 1156.24 377.06 1036.25 436.19 967.00 529.49 1106.07 558.79
00002220 00000074 901.52 146.00 352.98 545.00 981.79 347.24 1147.40 373.57 1024.82 438.25 961.01 538.13 1087.87 562.96
00002221 00000075 899.87 150.80 353.43 550.36 976.95 347.69 1140.66 375.53 1011.92 439.72 952.09 541.68 1076.37 568.17
00002222 00000076 894.16 148.86 356.60 551.53 971.63 346.20 1132.94 373.84 1005.12 435.82 949.74 540.38 1071.75 566.57
00002223 00000077 888.48 146.84 362.34 544.53 966.91 343.92 1127.79 370.77 1003.20 429.73 946.81 534.96 1068.08 560.09
00002224 00000078 877.18 136.70 369.48 535.96 969.78 343.24 1129.82 375.51 1007.95 431.41 945.88 525.16 1069.92 554.47
00002225 00000079 879.64 133.41 367.60 534.72 972.27 341.21 1133.63 373.88 1012.82 428.83 949.20 522.21 1074.28 551.75
00002226 00000080 881.30 133.81 367.73 535.91 973.56 341.43 1135.08 374.02 1013.68 430.08 949.85 523.31 1075.04 552.96
00002227 00000081 884.74 138.14 365.09 537.95 974.79 343.45 1135.36 375.47 1013.38 432.82 950.64 526.90 1075.47 556.45
00002228 00000082 887.67 144.43 365.51 542.54 976.05 345.55 1134.58 379.07 1012.64 440.27 950.55 532.36 1074.94 563.40
00002229 00000083 895.39 151.32 360.00 534.82 971.77 348.17 1135.25 377.23 1011.17 444.97 951.56 538.24 1074.65 564.84
00002230 00000084 896.43 149.76 357.77 534.89 968.73 350.96 1133.99 380.67 1010.03 449.39 951.24 541.09 1077.23 567.86
00002231 00000085 896.20 150.13 357.73 534.32 967.70 354.54 1133.48 385.19 1009.75 453.45 951.30 543.05 1078.73 570.29
00002232 00000086 896.53 151.49 354.77 536.77 967.31 357.88 1131.43 390.87 1009.32 459.15 951.84 546.51 1079.77 575.30
00002233 00000087 894.26 156.45 353.49 540.90 967.33 363.52 1125.10 397.72 1005.58 466.11 952.12 551.19 1075.62 581.03
00002234 00000088 893.72 154.87 352.09 549.56 963.18 375.04 1117.88 407.43 1000.13 477.21 950.14 562.09 1073.24 590.26
00002235 00000089 888.34 155.66 350.40 559.67 959.20 385.23 1111.58 417.18 996.52 495.81 949.71 576.69 1068.13 604.05
00002236 00000090 884.76 161.15 350.98 562.81 960.03 391.00 1111.26 422.20 999.89 504.14 950.27 585.19 1066.94 612.18
00002237 00000091 883.93 165.30 350.79 563.20 960.70 394.81 1111.88 425.63 999.91 507.69 949.62 588.88 1065.83 615.67
00002238 00000092 882.46 169.31 348.95 560.17 960.55 397.97 1112.73 429.21 1000.22 509.13 949.31 590.17 1065.06 617.78
00002239 00000093 883.14 169.75 346.51 558.84 959.08 398.80 1112.95 430.86 998.00 509.81 946.11 588.59 1065.99 616.69
00002240 00000094 883.60 170.40 343.93 556.46 958.64 398.19 1112.49 430.61 997.53 509.27 944.72 587.47 1063.79 615.95
00002241 00000095 884.42 169.15 343.75 556.59 957.99 397.22 1111.59 429.08 996.44 508.51 944.77 587.13 1064.07 615.13
00002242 00000096 884.58 166.47 343.27 557.14 958.61 395.78 1110.47 428.10 997.12 507.92 945.12 585.82 1062.75 614.17
00002243 00000097 884.72 164.18 345.52 557.42 958.11 393.45 1110.37 425.66 997.18 506.37 945.21 585.41 1062.80 613.50
00002244 00000098 884.50 160.88 347.55 557.53 957.32 390.98 1110.02 422.77 996.98 505.26 944.53 584.09 1062.17 611.86
00002245 00000099 884.86 158.73 348.45 556.60 956.58 388.90 1109.34 421.08 996.18 500.78 944.76 580.93 1062.71 608.95
00002246 00000100 885.71 157.49 347.91 552.87 956.37 384.98 1108.35 418.08 994.42 495.27 945.25 576.21 1060.68 605.13
00002247 00000101 887.69 157.32 348.24 551.22 960.21 379.95 1112.25 412.85 998.78 490.02 950.00 570.77 1063.88 599.72
00002248 00000102 891.50 161.18 351.86 544.36 965.87 375.90 1121.14 408.23 1006.10 484.29 955.74 567.06 1070.73 595.43
00002249 00000103 892.98 159.12 353.30 548.58 972.26 373.58 1131.90 406.53 1019.51 483.26 960.66 566.40 1079.48 594.97
00002250 00000104 894.79 159.47 354.48 551.05 981.41 373.34 1140.45 406.02 1033.74 480.94 969.95 566.55 1090.52 594.58
00002251 00000105 896.89 157.83 356.86 553.42 987.67 375.70 1147.78 406.07 1046.39 484.46 979.09 569.60 1102.35 595.16
00002252 00000106 900.06 158.44 362.22 551.87 991.09 376.47 1154.85 405.07 1051.84 484.34 984.23 570.96 1112.51 595.08
00002253 00000107 901.17 155.67 363.28 550.49 991.43 376.68 1157.34 405.71 1054.06 483.13 986.29 569.01 1118.11 593.17
00002254 00000108 900.12 155.65 364.42 549.83 990.06 375.60 1157.33 404.97 1053.28 482.29 982.78 565.51 1120.28 589.88
00002255 00000109 898.29 154.63 363.60 552.27 986.59 375.11 1153.60 403.42 1049.21 480.03 979.71 565.25 1117.61 588.70
00002256 00000110 896.93 154.37 358.41 553.04 982.66 372.20 1147.76 401.43 1042.68 477.24 973.75 563.87 1106.68 588.56
00002257 00000111 890.89 158.24 357.06 548.23 976.53 369.38 1139.21 401.30 1032.74 474.18 965.12 560.60 1093.43 587.90
00002258 00000112 887.50 153.80 354.04 555.73 969.17 370.26 1131.13 402.69 1020.78 471.57 956.95 561.17 1083.89 588.87
00002259 00000113 882.04 160.99 353.62 551.55 960.58 373.87 1119.82 404.23 1007.12 472.95 948.13 564.10 1072.50 591.15
00002260 00000114 877.01 160.73 343.87 554.98 951.28 377.37 1103.92 407.35 987.35 475.90 938.24 568.70 1050.17 595.84
00002261 00000115 867.10 160.98 345.16 564.92 938.42 377.74 1085.75 406.90 965.72 476.55 925.92 574.57 1034.17 600.59
00002262 00000116 855.06 158.85 350.27 568.73 927.91 379.18 1085.80 406.36 962.21 481.60 911.81 577.41 1038.87 601.03
00002263 00000117 852.88 158.02 342.58 558.25 916.13 383.03 1067.75 407.56 943.17 487.08 905.56 576.76 1026.68 598.30
00002264 00000118 846.41 155.03 353.95 555.20 909.46 383.38 1059.07 406.28 934.79 490.21 900.32 576.13 1018.86 596.53
00002265 00000119 845.36 155.99 359.04 553.30 908.26 383.41 1058.85 405.11 934.34 490.65 900.08 576.27 1018.53 595.76
00002266 00000120 847.13 154.28 357.16 553.82 910.13 383.03 1061.65 404.28 938.74 490.58 903.27 577.15 1019.98 596.22
00002267 00000121 852.81 161.73 350.38 555.93 923.75 388.43 1070.97 411.38 936.91 481.56 911.04 579.96 1020.21 601.02
00002268 00000122 852.68 159.27 352.30 545.07 919.33 380.77 1075.36 405.28 953.80 483.44 912.28 571.89 1034.11 593.16
00002269 00000123 859.52 156.00 350.11 556.85 933.16 382.99 1082.37 406.68 947.15 476.96 920.11 573.19 1032.35 594.57
00002270 00000124 863.15 154.82 351.48 555.52 936.44 379.23 1087.10 404.73 950.27 473.23 922.68 569.98 1034.59 592.78
00002271 00000125 868.99 155.25 347.25 549.96 935.31 370.91 1081.34 399.00 965.15 471.87 925.74 562.61 1032.25 587.09
00002272 00000126 868.73 154.57 350.25 550.99 936.70 368.21 1084.27 395.96 968.33 470.60 926.69 561.40 1035.15 585.75
00002273 00000127 869.32 154.11 345.72 552.03 937.40 366.78 1085.34 394.03 970.90 468.88 928.49 560.25 1037.37 584.22
00002274 00000128 869.33 153.13 348.20 551.14 936.06 365.19 1084.94 391.97 969.72 466.69 928.18 558.88 1037.93 582.26
00002275 00000129 863.20 145.55 358.05 557.98 938.61 362.77 1085.89 392.72 967.83 469.38 925.27 552.56 1040.41 579.01
00002276 00000130 862.02 144.94 362.87 555.91 937.10 361.00 1086.27 390.54 966.04 467.04 922.48 548.77 1041.39 574.70
00002277 00000131 862.13 144.72 362.60 556.08 936.71 360.11 1086.09 389.93 965.25 466.67 922.33 547.57 1042.76 573.61
00002278 00000132 862.02 143.09 361.10 558.98 937.00 360.37 1084.85 390.68 964.97 467.64 922.81 549.34 1040.27 575.91
00002279 00000133 862.24 144.39 358.92 557.54 937.28 360.79 1084.50 391.50 965.57 468.53 923.51 550.80 1038.81 577.76
00002280 00000134 862.36 145.77 357.08 554.01 937.61 360.84 1084.14 392.03 966.16 468.03 923.03 550.39 1036.63 577.65
00002281 00000135 861.68 146.53 357.98 553.45 937.84 360.95 1084.62 392.38 966.60 468.56 923.00 550.98 1036.01 578.50
00002282 00000136 863.50 147.11 356.88 553.47 937.89 362.73 1083.87 393.45 965.30 469.97 923.78 552.58 1036.23 579.53
00002283 00000137 863.38 149.87 356.05 551.20 937.98 364.00 1084.29 395.33 965.85 470.67 923.31 552.72 1036.40 580.18
00002284 00000138 863.60 148.79 355.63 551.39 938.22 363.88 1084.42 396.18 965.49 470.62 923.07 551.22 1036.48 579.42
00002285 00000139 863.10 148.14 356.28 550.95 938.26 363.45 1084.24 396.56 965.00 470.23 922.32 549.80 1035.82 578.58
00002286 00000140 863.19 148.25 356.50 551.30 937.99 364.10 1083.21 396.69 964.13 470.33 922.48 550.87 1034.84 579.30
00002287 00000141 863.80 147.38 356.41 554.85 937.64 365.16 1082.31 396.99 962.90 471.44 923.01 553.36 1035.10 581.26
00002288 00000142 862.40 146.82 354.27 555.01 937.26 366.62 1080.80 398.44 963.20 472.10 922.39 553.97 1032.02 581.83
00002289 00000143 858.23 144.47 352.02 557.54 934.95 367.13 1080.16 401.72 963.47 473.31 918.29 552.33 1029.08 582.22
00002290 00000144 858.01 154.49 347.27 551.78 932.30 376.84 1082.26 403.08 948.64 474.31 915.50 565.86 1032.97 589.73
00002291 00000145 853.95 158.96 343.22 538.55 919.90 375.54 1079.00 402.21 955.76 479.51 908.58 566.11 1033.52 589.91
00002292 00000146 851.48 159.12 346.39 542.87 918.51 379.71 1071.57 404.88 949.67 482.76 907.59 569.48 1026.56 591.76
00002293 00000147 849.60 155.44 343.66 550.11 913.13 384.03 1065.61 408.28 943.58 490.95 905.05 575.31 1023.36 596.61
00002294 00000148 848.00 165.60 345.31 546.60 911.66 390.84 1061.21 415.31 940.96 502.47 905.44 583.48 1020.72 605.16
00002295 00000149 847.80 169.24 348.78 550.34 910.56 397.48 1061.51 418.50 942.56 510.12 906.96 592.46 1022.67 611.45
00002296 00000150 847.73 170.96 350.22 549.88 910.39 399.69 1061.73 419.43 942.40 510.72 907.38 593.88 1023.43 611.87
00002297 00000151 847.14 170.19 350.89 549.27 910.15 398.51 1060.80 418.52 941.61 509.05 906.94 591.36 1023.71 609.55
00002298 00000152 846.37 168.43 351.50 547.34 909.44 395.62 1058.41 416.31 940.38 504.98 905.49 586.34 1021.98 605.00
00002299 00000153 847.00 164.88 347.36 546.86 909.35 391.53 1059.88 413.87 939.52 501.44 903.51 582.19 1021.03 602.18
00002300 00000154 847.80 162.87 346.12 545.81 911.68 387.42 1062.33 411.56 941.82 496.60 903.70 577.25 1022.18 598.60
00002301 00000155 848.96 159.68 345.95 547.99 911.90 386.95 1064.48 410.01 943.77 495.69 905.59 578.73 1024.66 599.15
00002302 00000156 851.21 160.17 345.09 547.96 913.04 386.53 1066.19 409.02 945.64 495.34 908.12 579.92 1027.21 599.80
00002303 00000157 849.84 158.03 349.66 549.40 912.05 387.05 1064.38 410.46 943.58 497.40 906.05 579.20 1025.53 599.86
00002304 00000158 846.34 159.20 350.16 548.80 910.03 387.22 1059.71 414.20 939.24 499.33 901.40 576.17 1020.67 599.70
00002305 00000159 843.94 159.83 352.72 548.47 908.10 387.21 1055.22 415.14 934.70 500.70 898.59 576.52 1015.29 600.95
00002306 00000160 841.48 160.80 354.82 547.10 903.44 386.57 1050.23 413.44 927.70 496.74 892.67 575.14 1009.67 598.95
00002307 00000161 840.31 153.28 360.82 553.81 903.35 382.02 1053.58 408.90 929.89 492.04 891.51 573.70 1010.56 597.17
00002308 00000162 844.49 150.88 357.81 554.45 909.48 378.34 1065.35 407.59 940.58 489.30 897.08 570.70 1021.66 595.81
00002309 00000163 847.06 159.59 354.52 546.60 916.37 378.66 1075.00 408.62 951.55 483.46 903.14 567.90 1030.39 593.92
00002310 00000164 852.51 159.47 353.74 548.51 923.52 379.31 1082.95 406.56 960.37 482.14 913.14 572.41 1038.14 596.37
00002311 00000165 854.30 159.04 355.31 557.90 928.33 376.77 1089.60 405.60 963.58 481.17 913.57 574.59 1040.69 599.78
00002312 00000166 852.92 160.63 358.45 559.99 927.18 378.36 1087.53 408.19 960.98 484.99 911.49 576.33 1038.00 602.27
00002313 00000167 853.06 160.23 358.01 561.34 924.01 382.67 1083.15 414.00 955.15 493.78 910.36 580.62 1035.93 607.62
00002314 00000168 851.42 165.22 354.88 555.98 920.49 386.79 1079.48 417.75 952.68 500.11 909.73 584.58 1034.27 611.42
00002315 00000169 851.73 166.95 350.29 553.67 919.74 387.90 1078.57 418.73 953.55 501.25 909.62 584.90 1033.60 611.81
00002316 00000170 852.26 165.33 349.95 553.71 919.40 387.98 1076.32 417.68 952.39 501.12 910.00 584.94 1032.73 611.03
00002317 00000171 851.70 165.06 349.16 552.48 918.79 387.49 1075.87 417.02 951.74 499.29 909.35 583.03 1032.84 608.92
00002318 00000172 852.02 164.72 349.79 551.79 919.65 386.37 1077.17 415.90 952.60 496.00 909.56 580.86 1033.78 606.70
00002319 00000173 851.83 164.16 352.87 551.08 920.75 385.60 1077.78 414.42 954.10 493.31 909.87 578.97 1033.60 604.25
00002320 00000174 852.24 162.35 354.10 550.23 922.39 382.41 1080.40 411.33 956.83 489.49 911.62 576.52 1035.75 601.74
00002321 00000175 851.79 163.11 355.93 547.24 922.57 380.70 1082.36 408.97 957.90 487.00 912.57 575.15 1037.47 599.73
00002322 00000176 852.96 160.63 353.69 547.56 923.90 378.59 1083.17 406.63 959.65 483.39 913.76 572.86 1039.04 597.24
00002323 00000177 853.48 157.87 354.08 548.68 923.83 377.27 1083.32 404.63 960.27 481.72 913.99 571.29 1039.40 595.09
00002324 00000178 854.06 159.88 350.48 546.53 922.17 380.09 1080.93 405.54 958.19 481.06 913.63 571.32 1040.89 593.47
00002325 00000179 854.75 166.45 352.06 540.37 924.13 380.37 1082.68 402.47 957.40 480.11 913.63 569.91 1041.71 589.30
00002326 00000180 854.62 163.91 352.43 542.81 924.79 377.07 1083.14 400.35 959.60 478.30 914.64 568.35 1041.50 588.80
00002327 00000181 854.83 161.17 350.95 545.58 922.91 377.07 1082.97 397.18 959.50 476.38 914.33 569.01 1042.30 587.17
00002328 00000182 853.05 156.66 352.57 548.10 922.50 371.58 1084.10 393.18 961.23 471.53 914.87 566.12 1041.94 585.43
00002329 00000183 851.81 141.11 353.18 566.78 930.17 364.62 1078.49 394.81 962.92 465.77 917.72 555.00 1031.15 581.25
00002330 00000184 851.21 140.41 362.26 561.83 928.69 359.80 1079.67 383.33 962.49 456.16 914.61 552.41 1030.27 573.41
00002331 00000185 853.38 136.56 359.56 553.84 927.97 355.78 1081.40 373.67 961.69 446.53 915.41 547.68 1031.64 564.25
00002332 00000186 854.60 142.24 354.28 545.53 933.58 356.67 1082.08 372.39 956.22 432.78 915.25 546.05 1028.20 560.58
00002333 00000187 854.96 131.39 356.46 552.83 933.77 354.77 1083.18 367.51 954.00 426.88 915.68 544.07 1026.70 556.31
00002334 00000188 856.39 128.44 353.99 550.84 934.74 353.19 1082.09 363.84 951.02 422.03 916.87 541.41 1024.40 551.94
00002335 00000189 857.10 125.83 357.66 550.18 936.71 351.07 1081.45 361.29 946.77 416.02 916.37 537.80 1020.58 548.28
00002336 00000190 857.41 123.23 357.72 549.65 939.77 349.14 1081.96 360.90 945.81 411.58 915.51 533.86 1017.31 545.60
00002337 00000191 859.93 120.45 358.49 549.34 943.77 343.55 1085.05 361.64 945.08 410.16 915.72 526.43 1018.56 543.32
00002338 00000192 860.32 121.05 362.32 548.69 947.98 340.19 1089.54 361.60 948.51 406.61 917.04 521.82 1021.41 541.28
00002339 00000193 865.17 117.86 361.98 546.47 951.99 338.81 1093.58 357.75 951.23 403.13 922.63 518.20 1025.55 535.40
00002340 00000194 866.56 116.76 364.94 543.43 954.23 337.88 1098.05 355.23 958.24 400.12 927.05 515.10 1031.34 530.99
00002341 00000195 873.33 115.92 360.70 532.84 948.43 328.07 1098.75 348.11 977.27 400.42 931.46 503.28 1050.89 522.35
00002342 00000196 877.47 116.41 358.45 531.82 955.24 324.87 1106.43 347.48 982.45 397.87 934.14 500.25 1053.80 521.78
00002343 00000197 883.68 111.46 357.00 549.77 965.62 323.22 1111.43 344.59 989.14 397.36 941.77 505.66 1055.69 526.73
00002344 00000198 891.01 118.58 358.07 547.66 974.08 325.38 1120.67 346.93 998.75 404.99 950.08 512.61 1065.27 534.04
00002345 00000199 892.22 120.97 361.61 541.04 983.21 325.32 1131.78 353.43 1013.03 408.70 955.02 508.03 1071.07 534.59
00002346 00000200 894.01 119.24 366.91 536.91 990.73 321.96 1142.60 357.40 1022.70 402.93 958.37 501.70 1080.67 533.42
00002347 00000201 897.86 122.97 371.62 523.63 997.84 318.66 1154.59 359.04 1034.17 403.48 964.65 495.45 1092.36 530.72
00002348 00000202 899.20 130.31 376.07 514.85 1005.79 316.43 1163.65 359.43 1044.13 406.90 973.09 494.86 1098.06 531.76
00002349 00000203 904.40 128.27 378.61 518.24 1011.81 316.63 1168.29 361.00 1047.89 407.78 976.99 496.01 1099.97 534.01
00002350 00000204 909.08 125.28 380.78 522.50 1024.55 323.47 1175.57 367.97 1062.01 402.82 985.70 494.84 1099.77 532.02
00002351 00000205 918.50 123.94 374.77 522.54 1028.94 323.96 1180.02 367.89 1066.13 403.48 989.20 496.21 1102.27 533.82
00002352 00000206 921.83 123.40 375.84 522.13 1033.17 324.57 1186.47 369.39 1071.23 405.15 993.29 494.52 1110.45 532.94
00002353 00000207 926.00 126.22 378.64 514.80 1038.99 323.86 1194.82 368.74 1079.63 402.33 998.47 493.14 1120.43 531.50
00002354 00000208 932.57 124.78 375.83 511.66 1043.70 319.44 1197.91 365.35 1082.24 400.83 1002.82 487.29 1123.38 526.58
00002355 00000209 937.41 124.01 376.90 510.71 1049.07 316.95 1199.94 361.21 1085.02 398.12 1007.76 484.59 1128.18 522.84
00002356 00000210 940.01 126.23 380.18 507.81 1053.27 314.75 1205.25 358.66 1089.72 393.58 1011.50 482.89 1133.84 520.94
00002357 00000211 938.66 122.88 386.05 512.98 1055.46 313.65 1207.79 358.40 1093.32 393.22 1012.99 482.96 1135.07 521.57
00002358 00000212 936.60 123.43 386.86 513.79 1054.01 313.66 1207.17 360.04 1091.62 395.55 1011.07 484.03 1133.00 523.99
00002359 00000213 936.88 125.18 382.07 513.85 1051.43 317.18 1203.78 363.07 1086.34 399.53 1007.07 487.16 1127.92 526.85
00002360 00000214 934.43 127.11 377.67 516.83 1047.26 322.40 1201.62 367.70 1083.39 405.55 1004.19 494.30 1123.24 533.25
00002361 00000215 930.99 127.59 378.82 520.75 1043.75 324.13 1200.82 370.19 1080.95 409.78 1000.64 498.13 1121.28 537.57
00002362 00000216 928.33 126.10 377.42 527.54 1040.00 325.70 1198.62 371.71 1079.12 414.24 998.62 503.43 1119.49 542.82
00002363 00000217 926.48 128.79 377.24 529.75 1038.38 327.26 1199.27 374.98 1078.10 417.49 996.02 504.90 1118.86 545.60
00002364 00000218 925.59 126.04 376.10 533.07 1036.13 327.83 1197.28 375.15 1076.66 418.22 994.95 505.92 1117.58 546.25
00002365 00000219 924.75 127.25 375.79 531.29 1035.38 327.69 1197.31 375.57 1076.87 417.58 994.95 505.60 1118.35 546.24
00002366 00000220 926.17 126.87 379.49 533.10 1034.66 329.75 1196.12 377.98 1073.00 417.32 993.96 505.64 1118.78 546.46
00002367 00000221 926.52 128.53 381.27 533.46 1037.02 332.56 1197.36 379.09 1073.84 414.74 994.49 506.10 1121.55 545.65
00002368 00000222 925.70 126.45 378.52 534.23 1033.79 331.03 1195.34 378.98 1071.72 415.33 992.70 505.51 1119.17 546.05
00002369 00000223 924.79 123.63 373.23 535.87 1032.25 329.74 1194.19 378.00 1073.18 413.01 992.59 505.92 1118.54 546.47
00002370 00000224 922.12 122.72 373.84 534.78 1030.93 328.69 1191.90 376.05 1074.46 413.72 992.82 504.97 1116.70 544.72
00002371 00000225 919.95 126.13 374.43 527.27 1029.34 329.01 1189.70 374.96 1074.15 413.59 992.18 503.90 1114.31 542.60
00002372 00000226 919.25 127.55 372.78 521.81 1028.13 329.21 1185.47 372.97 1072.66 414.35 993.40 503.26 1110.95 540.29
00002373 00000227 916.39 126.48 372.76 526.96 1025.35 331.67 1181.80 374.82 1070.28 417.18 992.34 505.98 1109.77 542.39
00002374 00000228 915.46 126.64 378.95 534.97 1024.61 338.95 1183.13 382.72 1067.73 423.61 989.05 511.65 1110.18 548.51
00002375 00000229 916.94 126.06 375.08 545.81 1020.50 343.28 1178.00 383.13 1062.26 431.55 988.01 518.39 1109.83 552.50
00002376 00000230 912.13 134.90 365.29 545.85 1011.97 347.16 1168.64 384.24 1046.91 425.47 980.55 527.95 1101.67 560.45
00002377 00000231 908.38 128.20 370.68 539.87 1009.13 343.69 1168.69 380.29 1057.37 430.63 984.60 521.55 1104.87 552.27
00002378 00000232 909.47 141.02 367.25 528.31 1002.48 336.99 1165.66 372.00 1045.75 425.18 981.03 522.42 1107.56 554.04
00002379 00000233 906.24 141.15 366.58 531.32 999.65 337.78 1162.51 372.11 1043.96 427.09 978.04 525.84 1103.87 556.99
00002380 00000234 903.05 145.85 369.03 537.71 997.45 339.92 1161.70 376.71 1042.13 433.96 972.95 531.17 1100.94 564.75
00002381 00000235 903.48 144.97 367.24 539.52 987.98 346.92 1158.99 376.23 1034.68 441.67 968.65 539.71 1098.27 565.89
00002382 00000236 902.64 146.60 365.40 541.55 984.84 351.06 1153.76 380.69 1029.38 445.07 965.43 543.84 1092.50 570.01
00002383 00000237 902.15 149.45 363.67 543.53 983.92 352.95 1150.15 383.75 1026.49 448.19 962.09 545.99 1085.97 573.39
00002384 00000238 900.62 150.77 362.64 545.92 982.91 354.04 1148.25 385.82 1025.83 450.44 959.53 548.09 1083.27 576.56
00002385 00000239 899.04 150.91 361.90 547.97 982.26 354.26 1146.26 386.59 1024.70 450.73 958.74 548.25 1081.25 577.25
00002386 00000240 897.10 152.38 362.47 545.24 980.51 353.31 1145.94 386.22 1022.43 450.74 956.74 547.43 1079.78 576.98
00002387 00000241 897.23 150.37 360.11 545.85 977.20 352.44 1142.05 384.54 1017.14 449.13 954.36 546.73 1076.80 575.74
00002388 00000242 897.15 148.21 357.33 545.97 975.16 350.22 1138.59 382.75 1013.96 448.00 953.19 544.59 1073.98 573.97
00002389 00000243 897.40 149.46 355.90 541.27 973.93 349.11 1137.28 381.35 1012.42 447.21 953.02 542.69 1072.51 571.85
00002390 00000244 897.43 149.62 355.14 538.56 974.40 348.44 1136.82 380.27 1012.52 446.33 953.57 540.98 1072.06 569.90
00002391 00000245 897.11 149.61 357.10 536.33 975.08 348.36 1138.70 379.94 1015.53 447.13 955.16 540.63 1075.28 569.14
00002392 00000246 890.99 152.60 364.92 536.39 982.26 348.09 1140.23 382.78 1022.64 447.48 957.59 536.39 1080.93 568.49
00002393 00000247 891.77 148.03 367.26 536.65 985.76 344.21 1145.84 379.14 1027.42 439.93 959.59 532.99 1083.56 565.29
00002394 00000248 892.31 142.47 368.34 535.34 988.54 339.43 1150.28 374.58 1032.26 434.23 962.48 528.71 1087.99 561.04
00002395 00000249 892.82 144.05 368.64 532.94 988.98 339.38 1152.01 373.93 1033.92 432.87 963.26 527.70 1090.27 559.48
00002396 00000250 893.04 144.06 368.75 536.32 987.81 340.28 1151.53 373.94 1033.33 434.71 963.00 530.97 1090.59 562.12
00002397 00000251 894.46 143.55 367.97 541.71 986.97 342.46 1150.05 375.63 1031.78 437.97 963.08 533.37 1091.13 564.25
00002398 00000252 899.74 144.16 363.36 540.88 981.79 347.25 1150.66 373.51 1028.18 440.05 963.78 539.78 1090.55 563.73
00002399 00000253 902.89 146.76 360.83 542.75 982.69 350.50 1150.98 377.12 1028.80 444.72 965.73 544.28 1092.10 568.17
00002400 00000254 902.17 145.86 361.01 546.35 981.71 352.57 1149.27 380.16 1028.15 448.96 965.77 547.20 1091.34 571.65
00002401 00000255 899.33 142.85 363.50 544.68 979.14 352.40 1148.81 381.22 1027.01 448.12 962.81 544.59 1091.98 570.05
00002402 00000256 890.40 150.99 368.72 536.79 982.59 348.19 1147.32 383.45 1026.34 447.21 959.14 536.06 1089.70 568.26
00002403 00000257 890.08 145.45 365.99 536.61 981.66 344.21 1147.97 380.14 1026.31 443.32 957.79 532.75 1088.26 565.47
00002404 00000258 889.15 139.19 363.73 539.34 980.22 339.64 1146.22 375.71 1025.63 438.47 956.52 529.57 1085.54 562.50
00002405 00000259 892.27 141.80 362.25 534.00 983.12 339.32 1143.93 371.87 1026.99 433.29 960.26 528.27 1083.89 558.45
00002406 00000260 889.35 134.41 364.62 536.31 980.69 335.70 1145.71 371.46 1024.59 429.42 955.47 523.97 1084.39 556.41
00002407 00000261 890.51 132.51 363.31 533.33 981.15 335.42 1146.10 369.83 1025.87 426.21 957.22 522.31 1085.85 553.36
00002408 00000262 890.50 131.78 364.91 537.27 981.41 334.89 1148.26 369.94 1027.22 426.47 957.91 523.22 1089.38 554.69
00002409 00000263 892.09 139.00 361.22 531.10 983.36 339.04 1144.37 371.16 1027.93 430.27 962.02 525.43 1086.61 555.03
00002410 00000264 894.59 147.68 357.78 541.70 981.08 344.46 1144.05 375.61 1027.15 443.64 961.14 538.63 1087.50 567.80
00002411 00000265 899.29 146.18 353.53 544.18 976.65 350.82 1143.23 377.56 1023.40 448.05 960.71 546.95 1085.13 571.18
00002412 00000266 898.95 149.48 355.61 543.77 977.27 353.06 1142.79 380.95 1023.65 451.71 961.32 548.89 1084.26 573.87
00002413 00000267 898.53 152.26 356.55 540.67 977.48 354.52 1142.78 382.43 1024.49 452.63 962.20 548.68 1085.27 573.51
00002414 00000268 898.36 149.64 356.34 536.02 976.41 352.39 1143.17 382.25 1022.88 451.49 961.23 546.29 1084.31 572.66
00002415 00000269 897.23 148.15 357.18 534.35 975.75 350.93 1142.55 381.31 1023.34 450.98 960.93 543.02 1084.58 569.80
00002416 00000270 896.95 148.39 356.41 533.48 975.68 350.51 1142.47 381.15 1023.18 450.70 960.13 542.78 1083.51 569.99
00002417 00000271 897.39 148.96 354.90 533.62 975.02 351.15 1142.10 381.69 1022.55 451.92 959.40 544.08 1082.65 571.25
00002418 00000272 897.25 148.90 355.72 534.95 974.72 352.55 1141.54 382.14 1022.72 452.65 959.52 545.45 1083.67 571.74
00002419 00000273 897.71 148.75 354.47 535.62 974.73 353.17 1141.10 382.19 1023.58 453.03 960.31 545.75 1084.93 571.51
00002420 00000274 897.92 150.84 354.29 534.47 974.66 353.25 1141.37 381.91 1023.40 452.47 960.61 545.28 1085.72 570.81
00002421 00000275 897.92 149.42 354.25 535.84 974.80 353.38 1141.24 381.92 1023.71 452.55 961.02 545.61 1085.48 570.98
00002422 00000276 897.95 149.53 354.72 536.05 974.15 352.97 1140.96 381.45 1022.77 452.37 960.44 545.31 1085.73 570.64
00002423 00000277 896.76 148.38 355.87 537.03 973.13 352.27 1140.58 380.65 1022.45 452.53 959.77 545.95 1085.08 571.25
00002424 00000278 895.78 146.01 355.59 540.63 972.20 352.54 1139.04 381.23 1021.56 453.60 959.47 546.77 1084.18 572.19
00002425 00000279 895.89 149.09 355.21 537.78 971.67 353.50 1137.45 381.69 1020.55 454.44 959.30 546.75 1082.82 571.77
00002426 00000280 895.34 148.92 353.27 539.14 970.99 354.21 1137.00 382.77 1020.88 454.91 959.30 547.81 1082.83 573.05
00002427 00000281 895.46 149.83 354.37 540.37 970.82 354.90 1136.56 383.51 1019.92 455.56 958.65 549.12 1082.28 574.40
00002428 00000282 895.84 150.60 352.09 540.04 970.79 355.20 1135.83 384.47 1019.63 455.86 958.02 549.22 1081.74 575.10
00002429 00000283 895.78 149.89 352.54 540.71 970.19 354.83 1134.93 383.82 1018.58 456.22 957.86 548.97 1081.26 574.68
00002430 00000284 895.84 148.67 352.27 542.83 969.84 354.48 1134.62 383.90 1017.76 456.18 956.82 548.63 1081.26 574.72
00002431 00000285 895.71 147.88 352.29 542.97 969.69 354.27 1134.76 383.81 1017.66 455.93 957.15 548.58 1080.82 574.70
00002432 00000286 895.85 151.04 352.33 536.26 970.49 354.70 1135.93 382.26 1019.57 454.22 958.46 547.27 1082.43 571.89
00002433 00000287 895.16 148.95 354.27 535.23 971.15 351.85 1137.52 378.74 1021.03 450.52 958.46 544.06 1083.39 568.33
00002434 00000288 893.64 149.28 356.92 530.52 972.84 347.65 1140.02 376.13 1022.33 446.69 958.18 538.41 1081.72 564.25
00002435 00000289 888.73 147.41 359.66 529.44 977.67 343.19 1139.57 374.75 1022.39 440.94 956.34 530.08 1082.31 559.42
00002436 00000290 886.44 137.78 363.31 533.10 976.77 339.96 1139.99 370.72 1021.10 433.95 955.30 526.94 1081.14 555.40
00002437 00000291 885.63 127.86 360.59 537.05 976.88 336.47 1136.71 366.69 1020.53 426.42 954.91 521.72 1077.30 549.65
00002438 00000292 887.34 122.38 357.39 536.31 977.92 333.35 1132.29 363.76 1017.18 420.81 954.58 515.52 1073.21 543.56
00002439 00000293 887.15 120.37 355.15 536.30 977.40 331.88 1130.84 362.42 1016.54 416.39 953.75 512.50 1072.87 540.60
00002440 00000294 886.63 119.15 355.57 539.56 977.15 331.61 1130.82 362.18 1016.66 417.31 954.23 513.49 1072.66 541.58
00002441 00000295 885.25 118.80 355.60 545.67 976.53 332.16 1132.71 363.54 1019.03 423.74 954.08 518.68 1073.11 547.56
00002442 00000296 883.28 132.63 359.88 543.76 972.85 338.84 1135.86 370.19 1017.12 435.62 950.65 528.28 1075.72 557.63
00002443 00000297 893.43 140.26 352.18 550.15 965.00 346.42 1128.92 375.11 1004.87 445.72 948.38 542.06 1069.59 568.35
00002444 00000298 889.44 148.61 350.99 558.81 962.46 355.77 1121.58 388.00 1000.42 462.40 946.50 556.33 1064.69 585.13
00002445 00000299 884.72 153.44 349.87 561.28 960.38 368.01 1116.27 400.70 997.54 470.50 946.46 565.25 1062.16 594.37
00002446 00000300 883.01 159.05 348.65 564.26 957.49 377.66 1111.55 408.84 993.56 479.54 945.03 574.71 1059.38 602.77
00002447 00000301 879.51 159.10 351.58 571.44 955.31 381.62 1110.37 413.40 990.51 484.06 941.92 578.05 1060.29 606.28
00002448 00000302 877.28 160.78 348.94 568.70 952.89 383.50 1108.27 414.91 989.04 488.41 939.59 579.31 1058.64 607.24
00002449 00000303 876.68 159.17 347.89 568.16 951.69 383.61 1106.01 415.52 987.82 486.88 938.56 577.74 1056.24 606.07
00002450 00000304 876.54 158.64 347.61 561.58 951.32 381.94 1105.24 413.06 988.58 481.28 938.43 573.70 1054.95 601.56
00002451 00000305 878.43 158.37 348.35 554.69 951.24 378.23 1106.22 409.84 988.23 476.71 938.29 567.52 1055.67 595.91
00002452 00000306 880.60 155.15 347.38 552.54 951.83 372.69 1106.98 405.49 988.06 473.82 938.93 561.18 1056.63 590.42
00002453 00000307 884.66 149.79 350.71 553.08 953.76 364.89 1108.93 398.62 988.04 467.50 940.27 555.20 1057.14 585.20
00002454 00000308 886.44 150.06 350.44 551.40 956.05 359.98 1111.98 392.81 992.58 464.26 943.42 553.15 1059.58 582.36
00002455 00000309 886.70 148.40 351.97 552.62 957.03 358.01 1112.61 390.87 994.59 462.29 944.52 551.65 1061.25 580.89
00002456 00000310 887.93 148.89 350.25 552.56 957.92 358.75 1113.77 390.72 996.15 463.44 945.95 552.72 1063.91 581.20
00002457 00000311 887.42 149.51 351.61 554.02 957.89 360.99 1114.35 392.97 995.83 466.86 945.49 555.16 1064.09 583.55
00002458 00000312 886.69 153.12 353.14 552.36 956.42 364.31 1112.07 395.18 992.18 467.08 944.36 555.87 1064.55 583.35
00002459 00000313 886.24 153.64 354.96 551.83 955.71 366.46 1110.88 397.84 990.55 468.68 943.20 556.37 1063.81 584.33
00002460 00000314 885.03 154.24 354.19 553.14 955.22 369.46 1111.38 400.66 991.07 470.70 942.96 558.02 1065.38 585.87
00002461 00000315 884.35 157.05 352.78 550.51 955.14 371.95 1110.56 403.08 991.25 471.41 942.78 559.60 1064.44 587.47
00002462 00000316 883.62 157.58 351.08 550.40 955.18 373.31 1111.06 405.28 992.34 473.51 942.71 560.64 1063.88 589.18
00002463 00000317 883.19 158.55 350.73 549.84 954.88 374.34 1110.90 406.02 992.61 473.58 942.76 561.08 1064.06 589.41
00002464 00000318 882.97 159.41 352.14 549.37 954.70 375.23 1111.21 407.19 992.35 474.26 942.43 561.26 1064.35 589.72
00002465 00000319 883.06 158.86 351.66 550.42 954.94 375.57 1111.50 407.36 992.76 474.20 942.73 561.17 1065.15 589.50
00002466 00000320 883.13 158.99 350.65 550.69 955.18 375.78 1111.26 407.42 993.14 474.42 943.22 561.49 1064.91 589.73
00002467 00000321 882.49 161.30 351.03 547.99 954.80 376.14 1109.97 407.40 992.38 474.27 943.05 561.63 1063.42 589.66
00002468 00000322 884.03 159.47 348.26 551.47 954.60 378.07 1107.94 409.06 990.40 474.77 943.63 561.94 1064.43 589.59
00002469 00000323 886.08 163.82 349.64 545.82 956.78 376.28 1111.12 405.71 990.29 471.69 943.57 560.38 1064.91 586.95
00002470 00000324 886.39 162.89 347.81 546.09 956.26 374.28 1108.58 402.92 989.32 471.30 943.96 559.47 1064.16 585.46
00002471 00000325 886.10 157.77 349.00 550.59 955.59 371.75 1109.31 401.64 990.56 470.07 943.98 557.82 1064.38 584.71
00002472 00000326 885.18 153.22 351.87 553.56 955.18 366.11 1111.72 396.09 991.36 467.04 943.37 556.32 1062.91 583.32
00002473 00000327 884.69 153.96 349.28 551.23 955.09 363.36 1110.54 392.82 993.16 463.96 944.65 553.70 1062.67 580.34
00002474 00000328 884.27 150.65 348.15 549.48 953.43 361.00 1108.99 390.66 993.78 461.24 945.54 551.07 1062.06 577.72
00002475 00000329 884.74 147.15 347.21 550.49 951.79 359.15 1107.14 388.17 991.90 458.53 946.08 549.86 1061.61 575.81
00002476 00000330 883.20 146.16 346.48 549.22 950.40 357.46 1105.95 386.87 990.95 456.80 944.62 547.44 1059.12 573.66
00002477 00000331 872.83 137.27 359.01 557.08 954.69 357.51 1107.52 389.00 992.18 460.14 939.51 543.92 1057.04 572.61
00002478 00000332 872.19 138.38 353.34 553.53 955.60 356.96 1106.03 387.20 994.50 458.43 941.53 543.89 1054.51 571.81
00002479 00000333 874.77 140.07 355.17 547.57 955.58 359.93 1104.40 389.41 989.43 458.66 940.17 541.69 1052.50 569.01
00002480 00000334 874.34 137.68 357.13 546.71 956.99 359.02 1107.86 388.84 991.42 455.94 939.88 538.68 1053.97 566.24
00002481 00000335 873.05 133.82 355.17 550.28 955.90 356.48 1105.56 385.88 991.13 454.61 940.26 537.94 1052.67 564.90
00002482 00000336 871.08 133.74 357.39 550.97 956.72 354.36 1107.92 384.27 994.84 452.67 940.20 538.29 1053.56 565.73
00002483 00000337 872.51 130.04 356.70 555.23 958.14 348.78 1112.63 379.66 997.72 447.87 941.33 535.73 1058.10 564.15
00002484 00000338 872.35 129.26 357.26 552.95 958.38 347.23 1113.27 377.35 998.37 442.65 941.26 532.81 1059.29 560.58
00002485 00000339 873.13 124.66 356.60 549.57 958.74 344.92 1113.17 374.83 998.05 438.47 943.52 528.20 1060.21 555.67
00002486 00000340 872.21 124.29 357.03 545.73 959.36 343.28 1113.71 372.65 998.73 434.80 942.95 524.73 1058.91 551.76
00002487 00000341 872.79 121.73 357.43 543.67 959.00 341.61 1113.23 369.82 997.36 432.08 943.88 522.72 1058.81 548.70
00002488 00000342 872.57 121.57 356.85 542.19 958.35 340.72 1112.18 368.94 996.51 431.82 943.60 521.21 1058.36 547.18
00002489 00000343 871.93 121.83 357.08 541.91 957.81 340.14 1111.43 367.94 995.24 431.21 942.77 520.55 1057.56 546.18
00002490 00000344 872.49 122.27 356.39 541.31 957.81 340.23 1112.06 368.14 995.38 431.27 942.76 520.41 1058.25 546.12
00002491 00000345 872.46 121.63 357.97 542.94 958.15 341.42 1112.56 370.37 996.14 432.62 942.46 520.66 1058.58 547.25
00002492 00000346 872.92 125.21 357.60 544.17 959.57 345.24 1112.74 376.33 998.24 439.28 943.06 523.98 1059.50 552.33
00002493 00000347 870.89 130.27 360.43 550.40 960.38 347.47 1112.29 379.95 999.27 446.90 942.19 530.82 1057.26 560.36
00002494 00000348 880.52 140.68 353.26 554.95 952.64 349.65 1106.27 380.62 989.52 449.70 943.90 542.89 1051.50 570.39
00002495 00000349 883.11 144.75 352.42 561.67 952.42 352.34 1105.06 382.76 984.41 452.44 941.90 548.23 1051.69 575.92
00002496 00000350 884.71 147.65 348.98 559.71 952.91 352.79 1105.85 383.28 983.90 454.18 940.81 549.33 1052.88 577.14
00002497 00000351 882.79 144.63 351.06 554.92 950.99 353.61 1106.54 386.03 985.30 453.10 939.21 544.99 1054.85 573.89
00002498 00000352 870.07 133.13 365.70 554.56 957.89 353.01 1110.88 388.78 993.01 455.43 936.29 536.99 1054.56 569.10
00002499 00000353 870.91 131.70 363.40 547.50 961.14 350.28 1113.72 385.55 998.92 450.64 940.36 532.58 1056.26 564.35
00002500 00000354 870.83 131.74 365.15 544.43 961.27 349.04 1115.04 382.41 999.84 445.66 941.76 530.24 1058.25 560.51
00002501 00000355 871.09 131.68 364.86 544.07 961.30 347.56 1116.77 381.22 1000.31 444.96 941.56 529.43 1059.89 559.96
00002502 00000356 870.93 132.12 367.34 545.32 962.14 348.19 1116.75 382.73 1000.09 446.56 941.69 530.36 1059.59 561.66
00002503 00000357 871.82 135.77 367.63 545.18 961.70 349.27 1117.94 384.51 1000.14 449.60 940.98 531.47 1062.29 563.34
00002504 00000358 871.84 136.44 366.68 545.76 959.27 351.12 1116.98 386.99 997.38 452.98 938.39 532.49 1062.49 564.60
00002505 00000359 871.89 137.92 368.04 550.18 957.00 354.52 1113.91 390.49 993.95 458.03 936.09 535.40 1062.10 567.48
00002506 00000360 875.04 140.38 358.34 557.94 956.09 358.15 1110.07 394.15 991.78 464.54 937.07 540.01 1062.40 572.23
00002507 00000361 884.62 154.57 345.20 548.34 951.34 362.06 1102.42 395.14 983.52 466.69 941.05 550.60 1057.36 579.99
00002508 00000362 883.64 155.44 342.68 551.98 950.00 365.06 1100.04 398.64 979.88 470.75 938.79 555.02 1053.29 584.79
00002509 00000363 882.82 154.63 344.62 550.34 948.86 364.25 1098.49 396.61 980.21 468.46 939.18 555.02 1050.18 583.93
00002510 00000364 881.93 149.43 345.54 552.24 948.76 358.73 1099.55 392.22 981.90 463.20 940.28 549.66 1050.86 579.26
00002511 00000365 873.08 138.98 354.70 556.59 954.71 356.30 1101.72 391.25 988.56 462.26 938.12 543.98 1049.60 575.70
00002512 00000366 873.06 136.49 358.15 555.69 956.43 355.98 1102.54 390.62 988.97 460.28 939.21 542.84 1048.58 574.24
00002513 00000367 884.43 145.51 346.30 548.73 949.57 355.58 1100.63 388.82 984.28 460.02 941.60 545.21 1050.89 574.44
00002514 00000368 883.82 146.20 345.99 549.04 949.36 356.72 1100.22 388.99 984.61 461.19 942.25 547.66 1050.68 576.20
00002515 00000369 874.94 138.12 354.08 555.48 954.59 357.02 1101.76 392.02 988.72 464.77 939.47 543.37 1052.18 574.93
00002516 00000370 872.52 135.41 357.10 559.54 953.39 355.69 1103.31 391.77 988.06 464.17 935.72 542.48 1052.25 574.88
00002517 00000371 871.59 133.98 358.26 559.06 955.79 354.11 1104.46 389.09 990.78 459.52 938.03 540.57 1052.41 572.24
00002518 00000372 871.22 128.30 359.64 568.20 956.04 349.91 1107.41 382.70 992.40 452.53 937.20 541.37 1052.77 571.42
00002519 00000373 869.96 130.13 355.80 560.20 953.91 345.26 1110.75 374.45 991.17 441.42 933.38 535.40 1053.94 562.54
00002520 00000374 862.00 127.14 358.04 559.64 951.93 341.09 1108.38 370.09 973.88 421.11 922.21 532.67 1037.75 558.22
00002521 00000375 859.86 124.84 356.83 544.71 951.64 336.13 1101.37 369.25 965.41 414.26 916.28 521.44 1026.79 550.66
00002522 00000376 858.33 123.29 356.85 541.82 951.76 335.56 1099.31 370.49 965.41 415.52 915.74 518.79 1025.16 549.60
00002523 00000377 857.50 125.53 358.82 550.54 950.37 337.41 1100.30 373.95 965.08 422.90 913.59 525.13 1025.02 557.36
00002524 00000378 856.22 130.69 357.71 552.47 945.62 343.69 1099.14 377.39 967.66 431.73 915.40 533.82 1029.48 563.30
00002525 00000379 854.27 134.08 358.69 545.06 941.85 346.96 1092.74 379.99 964.16 433.78 913.93 531.06 1029.84 559.70
00002526 00000380 853.14 132.05 359.52 544.76 940.86 346.48 1090.77 380.10 961.30 430.80 910.81 526.21 1030.04 555.00
00002527 00000381 851.61 130.68 362.73 541.87 941.83 343.40 1090.70 377.94 960.30 425.45 908.93 521.43 1027.80 551.14
00002528 00000382 852.54 128.86 361.53 544.58 943.39 340.99 1093.01 375.34 962.99 424.31 911.68 522.39 1029.29 552.04
00002529 00000383 855.49 131.45 357.96 556.02 944.75 343.79 1096.88 376.44 965.66 430.26 915.68 531.39 1034.43 559.25
00002530 00000384 862.30 129.88 361.07 566.44 944.10 344.80 1098.15 376.92 971.61 446.58 920.95 534.44 1043.62 563.41
00002531 00000385 858.83 134.12 361.66 572.51 943.30 350.69 1093.27 386.76 972.60 459.82 921.60 544.44 1039.80 576.33
00002532 00000386 855.24 138.92 362.38 565.32 941.38 356.23 1091.11 393.20 972.03 463.43 918.87 546.37 1035.22 578.72
00002533 00000387 855.13 140.64 359.94 556.07 939.08 355.12 1089.56 391.33 971.72 461.39 918.24 545.60 1033.21 576.97
00002534 00000388 854.61 139.39 362.53 550.05 939.04 352.92 1089.29 386.35 972.13 456.65 918.94 543.08 1031.33 572.05
00002535 00000389 853.91 139.30 363.12 543.11 939.37 351.22 1089.45 384.00 972.39 452.72 918.61 537.85 1030.34 566.12
00002536 00000390 856.84 139.47 359.48 545.44 940.73 351.99 1090.18 385.68 972.98 454.92 920.63 538.83 1032.98 568.07
00002537 00000391 858.13 137.96 356.73 552.63 941.05 353.70 1089.02 389.11 972.43 460.55 921.81 542.40 1033.40 573.16
00002538 00000392 856.34 142.39 359.87 552.65 940.54 356.43 1087.92 391.66 970.83 463.34 920.36 545.15 1032.04 575.61
00002539 00000393 855.21 143.63 358.85 550.76 939.38 356.06 1087.96 391.48 971.31 462.83 919.90 544.58 1032.50 575.10
00002540 00000394 854.06 145.12 361.01 549.53 937.98 355.74 1087.66 390.26 970.11 461.99 918.48 545.40 1031.68 575.09
00002541 00000395 854.61 143.14 360.92 552.12 938.07 355.64 1087.24 390.59 969.83 462.50 918.87 545.11 1032.06 575.16
00002542 00000396 854.80 143.31 359.81 554.91 937.32 357.97 1085.01 392.16 968.55 464.71 919.09 547.60 1031.16 577.03
00002543 00000397 854.31 145.43 357.61 554.98 936.75 359.92 1083.52 394.31 969.02 467.53 920.08 549.78 1031.04 579.35
00002544 00000398 855.00 147.53 356.08 553.33 935.99 363.68 1082.39 397.81 967.23 469.97 920.06 552.82 1029.61 582.11
00002545 00000399 854.15 148.33 356.62 555.17 935.31 365.48 1082.19 399.50 966.97 471.11 918.42 554.69 1027.90 583.87
00002546 00000400 852.45 147.88 359.72 551.73 934.19 362.94 1081.95 396.82 965.89 468.50 917.36 552.37 1027.50 581.25
00002547 00000401 851.97 145.15 360.33 552.30 933.67 361.65 1082.34 394.72 966.26 466.60 917.16 550.60 1028.75 578.92
00002548 00000402 852.29 142.72 362.82 555.42 934.40 360.29 1083.46 393.61 966.42 466.53 917.64 550.62 1029.59 579.27
00002549 00000403 853.19 145.98 358.58 556.58 933.78 363.53 1081.77 396.59 965.93 468.97 918.58 553.80 1029.55 582.19
00002550 00000404 855.26 154.66 355.81 559.31 932.24 372.09 1084.03 398.37 952.84 467.80 919.87 566.76 1032.10 590.56
00002551 00000405 853.48 152.25 357.21 566.50 929.65 372.55 1084.18 399.70 950.55 470.24 916.69 569.35 1032.67 593.73
00002552 00000406 848.96 156.44 359.81 550.64 922.76 369.03 1085.32 393.35 963.08 472.22 911.79 565.30 1038.87 586.88
00002553 00000407 845.70 155.45 361.96 548.03 920.26 367.59 1084.52 393.84 962.43 471.59 910.08 562.37 1037.10 585.38
00002554 00000408 844.17 153.16 363.73 547.22 918.29 366.67 1084.10 392.57 961.74 470.92 910.25 561.68 1037.54 584.30
00002555 00000409 843.73 153.38 365.65 545.21 917.89 367.24 1083.28 393.32 961.39 471.09 910.53 561.00 1037.99 583.71
00002556 00000410 843.71 151.75 363.57 548.16 917.45 367.56 1083.00 394.16 960.49 473.69 909.33 562.68 1036.36 585.85
00002557 00000411 842.36 154.51 364.68 545.43 917.44 368.00 1082.82 394.30 960.45 473.59 908.54 562.74 1034.81 585.88
00002558 00000412 842.01 152.79 365.74 546.24 916.25 367.56 1080.91 393.37 959.35 473.56 908.59 562.85 1033.64 585.46
00002559 00000413 843.28 151.47 362.97 546.29 916.27 366.67 1079.97 392.96 959.09 473.61 909.51 561.70 1034.16 584.70
00002560 00000414 843.28 150.49 363.77 546.18 915.38 367.03 1080.52 393.24 958.86 472.15 909.07 560.79 1035.84 583.63
00002561 00000415 842.23 149.76 365.46 545.79 914.35 367.10 1080.95 392.72 958.32 471.30 908.61 560.50 1037.83 582.69
00002562 00000416 841.87 149.24 365.30 546.37 914.66 366.91 1081.15 392.66 959.18 471.01 908.44 559.78 1037.76 582.09
00002563 00000417 842.20 148.59 364.81 547.26 914.30 367.27 1080.93 392.73 958.68 471.12 908.21 560.60 1037.77 582.60
00002564 00000418 842.51 147.83 364.06 548.74 914.08 367.62 1080.24 393.15 957.90 471.27 907.85 560.91 1037.27 582.97
00002565 00000419 842.74 147.51 362.27 549.68 913.66 368.70 1079.62 393.78 957.62 471.79 907.23 561.54 1036.94 583.20
00002566 00000420 843.77 149.80 360.72 551.25 914.25 368.53 1078.87 392.56 956.83 473.98 908.31 564.40 1034.23 585.37
00002567 00000421 846.37 152.46 357.54 553.25 915.52 368.39 1079.19 392.53 955.97 473.92 906.97 564.72 1034.11 585.97
00002568 00000422 847.93 159.93 357.31 546.68 917.35 375.45 1078.01 396.76 955.94 473.57 906.30 563.92 1037.71 583.07
00002569 00000423 848.93 163.89 354.56 542.59 920.30 377.30 1077.88 397.87 960.40 471.90 908.93 562.07 1039.17 580.60
00002570 00000424 851.25 161.34 355.56 545.20 923.72 377.65 1081.45 397.46 964.36 469.62 913.39 562.99 1043.29 580.58
00002571 00000425 855.87 162.22 352.16 545.95 927.52 376.02 1085.92 394.26 968.99 468.16 920.09 565.97 1047.46 582.19
00002572 00000426 853.31 153.21 354.71 566.28 928.65 376.87 1081.16 393.13 957.69 461.75 928.80 570.98 1037.26 586.13
00002573 00000427 853.08 149.38 355.13 570.52 929.14 376.65 1083.49 392.15 961.01 462.21 933.11 572.17 1039.69 586.51
00002574 00000428 854.32 150.49 352.60 570.72 930.95 377.83 1084.64 393.11 962.15 460.60 935.68 573.57 1040.12 587.53
00002575 00000429 854.78 148.42 353.36 574.58 931.49 380.29 1086.54 394.04 963.66 463.62 937.17 576.59 1041.72 589.32
00002576 00000430 855.13 149.66 353.05 576.97 932.01 382.94 1087.57 395.18 966.46 466.30 940.32 581.53 1045.07 592.71
00002577 00000431 858.01 156.83 349.81 560.08 932.97 383.15 1079.98 397.73 983.56 466.83 944.72 576.15 1046.03 589.97
00002578 00000432 854.62 162.43 353.73 547.70 932.99 384.11 1081.42 398.82 988.42 468.02 946.94 570.57 1053.09 584.13
00002579 00000433 853.41 163.92 354.23 543.82 933.97 383.30 1083.36 398.50 990.22 467.48 946.45 566.62 1055.25 580.59
00002580 00000434 852.94 165.53 356.41 544.96 934.15 387.89 1088.93 396.65 982.54 470.01 944.91 572.71 1057.28 580.96
00002581 00000435 851.77 161.64 355.39 550.94 931.66 387.66 1087.23 395.77 980.27 470.96 942.60 574.30 1057.20 582.05
00002582 00000436 850.14 158.54 356.44 557.33 927.97 386.31 1086.04 395.08 976.63 472.13 937.97 576.72 1055.51 584.96
00002583 00000437 850.16 160.26 353.69 555.28 926.25 387.01 1085.24 396.18 974.65 473.75 935.31 577.20 1056.60 585.83
00002584 00000438 848.31 159.69 354.94 555.93 925.01 386.59 1084.45 396.50 974.87 474.71 933.90 576.54 1055.32 585.59
00002585 00000439 849.17 159.43 354.98 554.60 921.99 383.21 1081.23 393.00 968.76 472.91 932.42 574.06 1054.25 582.86
00002586 00000440 850.56 160.34 356.44 538.98 922.98 375.98 1085.32 385.18 976.68 466.28 928.54 564.57 1060.10 573.17
00002587 00000441 849.99 156.48 354.57 534.22 918.29 372.01 1084.20 380.75 972.37 460.66 923.49 560.56 1056.34 569.58
00002588 00000442 849.36 151.12 352.50 538.96 916.17 368.59 1083.25 380.21 968.73 460.69 920.83 560.31 1052.90 571.36
00002589 00000443 846.34 149.83 354.82 542.79 915.20 367.83 1083.63 381.63 967.82 460.73 918.68 561.16 1050.33 573.66
00002590 00000444 844.18 143.21 357.15 552.51 914.16 370.04 1083.35 385.40 969.06 467.31 915.67 563.96 1049.96 577.92
00002591 00000445 844.08 145.69 356.79 550.79 912.85 372.12 1083.74 387.54 968.20 471.73 914.47 568.06 1049.18 582.26
00002592 00000446 842.20 149.77 360.68 549.17 912.46 373.09 1082.83 389.31 966.53 473.51 913.03 568.98 1047.65 583.57
00002593 00000447 844.82 150.03 358.30 552.28 916.51 370.13 1082.58 387.32 967.84 470.68 916.58 566.75 1047.10 581.79
00002594 00000448 848.31 151.21 355.30 554.43 918.72 368.71 1082.72 385.78 967.44 467.38 917.31 565.87 1046.82 580.87
00002595 00000449 847.39 149.81 355.97 551.97 917.21 365.44 1083.30 383.49 965.99 464.48 915.90 563.08 1046.06 578.98
00002596 00000450 848.15 149.59 354.91 547.91 915.70 364.37 1081.84 382.17 964.15 461.88 915.72 560.72 1045.54 576.54
00002597 00000451 846.75 147.99 353.71 541.73 914.30 364.33 1080.68 381.67 964.81 461.60 916.14 558.96 1043.55 574.58
00002598 00000452 846.75 152.14 354.35 549.24 920.04 366.63 1079.93 384.84 957.13 462.98 917.57 562.36 1038.83 579.47
00002599 00000453 848.04 153.13 354.27 555.59 922.85 368.90 1081.30 388.83 958.32 467.74 920.32 566.18 1039.56 584.54
00002600 00000454 848.84 155.79 355.85 556.42 924.01 373.67 1080.82 394.27 957.65 470.90 921.41 569.36 1038.62 588.06
00002601 00000455 846.61 155.50 354.08 556.20 921.29 374.70 1078.77 393.87 955.81 470.71 919.24 570.34 1037.35 587.80
00002602 00000456 844.84 154.75 355.67 553.07 919.46 372.11 1077.58 390.60 956.42 467.87 917.75 567.70 1037.18 584.79
00002603 00000457 846.06 151.19 355.86 553.02 919.71 370.38 1078.78 388.31 954.96 466.27 917.86 565.68 1038.72 582.28
00002604 00000458 844.03 141.14 358.83 557.08 922.91 363.92 1076.06 391.32 965.31 466.80 918.14 554.32 1034.13 577.56
00002605 00000459 846.04 150.67 355.79 553.74 919.99 369.40 1078.86 387.86 954.80 466.17 917.59 565.72 1037.17 582.82
00002606 00000460 844.91 154.80 356.74 549.82 919.16 371.14 1077.64 390.46 954.67 467.70 917.60 565.77 1036.72 583.51
00002607 00000461 844.16 155.78 355.02 549.77 918.59 374.95 1075.14 393.43 953.15 469.85 917.34 567.88 1033.46 584.87
00002608 00000462 843.48 149.87 353.88 546.47 910.43 371.94 1073.10 389.53 957.87 474.68 912.30 567.09 1033.55 582.72
00002609 00000463 842.96 154.88 353.77 552.05 915.35 373.07 1072.98 391.03 950.61 468.73 913.73 569.76 1028.89 586.54
00002610 00000464 843.01 148.89 352.58 541.41 910.00 366.40 1073.70 384.53 959.14 469.15 912.39 562.40 1034.09 578.81
00002611 00000465 843.07 145.85 353.43 540.71 908.95 364.96 1073.25 382.17 958.49 465.91 911.33 559.28 1034.26 575.00
00002612 00000466 843.75 145.47 353.23 540.39 910.16 363.25 1074.72 381.83 959.16 463.80 910.25 554.61 1036.63 571.46
00002613 00000467 842.33 145.81 356.35 543.40 910.64 363.83 1074.29 383.31 958.73 464.72 908.84 554.64 1035.73 572.25
00002614 00000468 843.42 144.45 354.93 548.63 910.23 365.98 1073.56 386.14 956.62 469.90 908.93 559.43 1034.35 577.50
00002615 00000469 843.01 147.66 353.05 549.88 908.81 370.16 1070.99 389.88 952.99 475.45 908.39 566.06 1030.89 583.61
00002616 00000470 842.44 149.11 352.96 551.23 907.35 375.47 1068.77 396.55 950.46 482.07 905.13 568.83 1030.81 587.00
00002617 00000471 842.50 150.10 351.33 553.33 906.70 378.83 1066.01 400.74 948.21 484.09 903.30 569.84 1030.25 588.59
00002618 00000472 842.51 155.81 350.50 550.08 905.76 382.41 1064.24 401.71 945.60 487.38 905.38 573.53 1029.14 590.17
00002619 00000473 841.99 156.58 351.26 554.29 905.44 387.34 1061.24 405.31 944.21 493.96 905.15 578.49 1026.76 594.32
00002620 00000474 838.82 160.44 353.44 555.16 905.59 392.93 1057.67 412.69 944.36 503.49 905.11 581.80 1027.10 599.15
00002621 00000475 837.36 165.56 351.68 553.04 902.61 400.35 1052.87 418.08 942.16 515.68 906.84 591.38 1024.53 606.96
00002622 00000476 833.03 172.31 354.50 550.28 896.45 406.96 1049.47 424.85 936.57 525.81 904.37 597.12 1024.17 612.85
00002623 00000477 831.08 180.20 353.85 548.06 893.98 411.61 1047.82 431.11 935.74 533.12 904.36 602.16 1024.01 619.01
00002624 00000478 827.97 186.61 357.64 550.18 890.58 416.70 1047.55 437.92 934.61 544.95 903.35 608.98 1025.16 627.11
00002625 00000479 825.58 195.20 357.70 551.29 888.67 425.20 1046.40 447.90 934.27 554.85 900.54 615.09 1025.13 634.51
00002626 00000480 823.14 203.97 359.46 550.50 886.38 429.47 1042.53 454.39 927.98 560.68 895.27 618.74 1021.51 639.97
00002627 00000481 821.05 201.50 359.92 550.32 884.29 429.12 1039.47 453.97 925.77 558.95 892.86 617.37 1018.15 638.47
00002628 00000482 821.40 196.77 355.37 550.33 884.47 425.14 1039.46 448.19 927.51 551.99 894.33 612.02 1020.22 631.85
00002629 00000483 821.46 187.91 357.24 554.28 883.98 419.60 1041.68 443.48 926.94 546.37 893.73 607.45 1022.44 627.61
00002630 00000484 823.04 187.30 357.48 553.78 884.44 418.30 1041.96 441.10 927.03 544.55 894.49 606.20 1023.17 625.52
00002631 00000485 824.56 187.48 357.28 552.60 884.83 417.54 1042.59 441.22 926.10 545.54 896.59 606.07 1024.76 626.09
00002632 00000486 823.41 188.64 362.74 554.35 884.90 418.36 1043.95 441.73 926.40 546.87 896.16 607.80 1025.30 627.52
00002633 00000487 824.67 186.41 360.55 559.20 888.44 418.18 1043.84 440.04 929.71 543.53 900.31 610.64 1022.33 629.52
00002634 00000488 827.93 184.18 359.26 560.31 891.31 415.76 1043.19 435.66 930.42 538.03 902.53 611.63 1018.78 629.08
00002635 00000489 829.17 182.27 357.80 559.11 893.36 412.46 1044.23 431.99 931.52 532.26 903.12 609.12 1017.23 626.52
00002636 00000490 830.20 179.38 360.27 559.70 893.56 410.84 1044.62 429.48 930.73 530.49 903.60 608.61 1017.75 625.24
00002637 00000491 831.67 178.48 355.80 558.38 893.11 409.17 1045.64 428.89 931.43 531.07 903.55 607.20 1019.52 624.52
00002638 00000492 830.71 179.19 357.00 557.56 892.77 409.79 1045.40 429.65 931.47 532.84 903.76 607.30 1020.28 624.58
00002639 00000493 828.14 183.59 358.83 554.34 891.91 412.62 1045.70 433.49 931.68 537.98 902.69 608.63 1020.74 626.68
00002640 00000494 827.47 185.67 355.29 553.50 889.53 415.97 1046.45 437.38 932.68 543.41 900.67 609.01 1023.65 627.40
00002641 00000495 824.72 186.00 355.51 554.68 888.14 418.67 1046.30 440.68 933.28 546.52 898.71 609.77 1023.86 628.68
00002642 00000496 824.56 188.01 356.69 553.15 888.46 419.40 1045.78 441.92 933.72 547.61 898.61 609.41 1023.05 628.77
00002643 00000497 824.65 188.23 356.71 553.26 888.40 419.93 1045.34 442.16 933.24 547.41 898.75 610.11 1022.45 629.26
00002644 00000498 824.88 188.80 356.14 552.81 889.47 420.62 1044.41 442.13 933.75 547.25 901.25 611.52 1021.15 630.26
00002645 00000499 825.79 189.19 356.47 549.69 890.21 419.86 1044.10 440.64 934.01 545.85 903.50 611.45 1020.62 629.72
00002646 00000500 825.66 189.30 356.35 548.39 890.39 419.77 1044.37 440.39 934.59 545.09 904.23 611.08 1020.96 629.27
00002647 00000501 826.48 189.05 357.22 548.45 890.85 418.94 1044.79 439.67 934.32 544.26 903.97 610.01 1021.13 628.33
00002648 00000502 826.69 187.92 357.88 548.89 890.82 418.56 1045.48 439.39 934.11 544.07 903.83 609.34 1022.57 627.55
00002649 00000503 826.59 186.75 358.90 549.22 890.20 418.03 1045.98 438.46 934.08 543.41 903.63 608.34 1024.63 626.05
00002650 00000504 826.58 186.38 359.00 549.06 890.27 417.88 1045.83 437.63 934.23 542.86 904.77 608.40 1025.83 625.53
00002651 00000505 827.82 188.31 356.58 552.06 891.94 420.97 1048.02 441.08 936.90 542.21 905.47 608.97 1028.21 626.31
CROP_BBOX: 555 0 1476 886
