Video ID: 	LNMpGj-_2Ds
H: 	1080
W: 	1920
FPS: 	25.0

FRAME INDEX X0 Y0 W H [Landmarks (5 Points)]

00003285 00000000 574.45 222.91 464.19 623.87 700.11 444.14 904.41 489.58 776.28 613.02 678.46 668.40 841.16 706.81
00003286 00000001 573.01 219.54 461.40 622.28 695.85 442.17 899.19 484.30 775.40 612.28 679.33 664.13 843.86 701.54
00003287 00000002 571.17 214.37 462.09 625.46 694.04 440.56 897.78 479.71 775.20 608.69 680.11 665.01 842.03 699.80
00003288 00000003 570.29 209.28 461.26 631.23 691.57 442.59 895.63 478.05 773.89 608.24 682.44 670.25 840.75 701.85
00003289 00000004 568.41 212.65 460.87 627.48 688.19 446.32 892.81 480.81 770.74 605.64 680.66 670.52 840.74 701.04
00003290 00000005 566.88 218.66 458.11 622.22 689.09 454.94 889.19 486.32 767.97 608.96 678.24 671.44 838.12 699.31
00003291 00000006 564.85 223.97 454.93 617.58 686.07 455.02 885.54 487.40 765.58 611.54 677.12 673.49 835.10 702.19
00003292 00000007 561.60 222.22 458.50 615.62 687.46 460.22 884.05 488.89 767.98 606.26 675.64 676.07 843.12 698.74
00003293 00000008 559.16 225.99 456.95 612.47 681.77 463.40 878.80 493.66 761.56 608.37 671.24 678.42 837.80 702.49
00003294 00000009 554.36 230.25 451.97 613.14 675.59 472.30 871.37 501.09 758.11 616.03 666.91 684.41 832.94 707.52
00003295 00000010 548.26 231.70 448.16 617.98 669.03 477.14 866.91 508.61 753.67 623.70 656.38 688.90 826.04 714.73
00003296 00000011 541.55 243.81 445.46 609.27 658.20 486.05 859.62 514.63 741.82 631.37 645.40 695.19 815.63 719.48
00003297 00000012 534.42 263.46 443.19 586.21 649.82 494.92 846.90 526.42 728.10 637.23 634.88 697.96 796.83 725.25
00003298 00000013 530.69 266.79 447.62 589.36 642.46 499.66 841.42 532.57 717.30 647.92 626.53 704.38 788.90 733.21
00003299 00000014 531.14 277.54 446.87 589.03 643.07 511.78 846.43 543.89 720.85 661.09 626.53 714.94 793.91 742.74
00003300 00000015 532.39 283.72 450.90 593.79 647.85 525.07 850.23 557.38 726.13 677.07 631.65 723.52 800.09 751.45
00003301 00000016 534.49 294.80 453.72 591.95 656.34 534.15 858.03 565.09 737.90 686.14 642.80 730.43 810.03 757.30
00003302 00000017 544.83 295.32 451.49 597.18 664.98 541.48 865.94 571.97 745.72 693.77 655.37 742.04 815.94 767.89
00003303 00000018 551.69 310.29 449.64 598.92 673.77 546.87 869.59 576.70 754.45 702.06 662.46 752.48 829.04 777.28
00003304 00000019 559.41 310.14 450.66 605.33 683.46 553.24 876.75 582.56 763.27 711.35 671.56 756.89 836.66 781.32
00003305 00000020 565.05 315.92 452.73 602.17 687.72 553.57 894.54 584.16 772.47 713.38 675.68 760.67 839.88 787.50
00003306 00000021 570.76 321.39 455.07 597.72 696.36 557.92 902.91 587.47 782.64 717.64 683.58 764.75 845.83 791.20
00003307 00000022 576.10 328.57 458.43 589.91 704.23 562.07 911.24 592.45 789.23 719.93 689.45 767.19 850.44 794.43
00003308 00000023 581.50 330.71 457.57 585.94 713.30 563.19 917.43 595.62 796.27 719.39 694.37 765.35 857.12 794.32
00003309 00000024 585.75 322.86 454.72 596.20 717.10 562.39 920.66 596.50 800.61 717.99 696.43 765.45 861.18 795.78
00003310 00000025 588.69 322.12 452.31 596.08 718.85 558.68 921.45 594.42 801.37 714.34 698.30 762.52 863.45 794.02
00003311 00000026 588.23 312.07 452.65 604.17 717.30 553.29 920.76 587.50 801.39 708.04 699.02 760.54 862.80 790.27
00003312 00000027 585.42 307.52 454.46 607.15 716.95 548.21 915.78 579.27 800.48 699.06 699.24 754.96 857.97 782.07
00003313 00000028 580.70 298.48 461.09 609.88 713.66 538.56 915.28 569.70 793.62 686.08 699.51 741.65 859.01 769.08
00003314 00000029 580.21 281.63 458.33 609.61 714.29 521.47 917.31 552.28 797.67 673.42 694.33 728.92 857.43 756.87
00003315 00000030 579.79 273.23 459.27 608.99 718.61 501.09 923.49 530.68 808.68 654.55 699.72 720.30 860.99 747.72
00003316 00000031 577.27 256.78 458.16 615.46 714.44 485.60 924.52 515.84 808.81 640.65 697.32 708.36 864.59 735.68
00003317 00000032 571.85 242.18 457.88 621.85 707.64 467.96 916.63 499.72 802.65 629.20 694.64 696.79 861.22 724.83
00003318 00000033 562.09 225.57 465.51 633.04 693.06 454.88 908.43 481.50 792.20 613.55 688.59 688.47 858.27 711.46
00003319 00000034 559.21 229.77 459.58 625.75 690.67 453.71 900.45 470.79 791.67 603.14 695.98 690.15 868.90 702.26
00003320 00000035 556.52 222.75 460.66 631.32 689.52 452.95 899.72 467.26 794.32 600.70 699.15 692.50 869.17 702.24
00003321 00000036 555.34 224.53 460.27 636.12 690.24 455.75 901.38 468.53 796.72 606.59 704.93 703.32 867.23 711.36
00003322 00000037 555.85 233.00 457.70 636.99 692.86 463.12 903.68 475.08 800.78 613.02 710.14 714.50 869.39 721.69
00003323 00000038 562.38 249.92 458.27 621.69 695.09 470.72 908.44 482.86 805.44 625.98 714.97 721.15 863.03 728.32
00003324 00000039 568.18 233.20 451.12 642.52 703.51 476.24 915.76 488.74 816.21 633.23 717.08 720.60 871.27 733.57
00003325 00000040 577.11 242.35 450.20 632.49 715.26 479.50 925.87 493.37 827.53 637.56 726.22 722.00 879.05 736.08
00003326 00000041 583.42 249.47 450.01 625.32 728.15 479.90 935.89 495.66 840.13 643.30 738.31 721.97 888.37 737.74
00003327 00000042 590.76 250.92 451.38 622.10 739.66 481.69 945.46 498.40 854.39 645.04 747.04 721.83 898.56 738.17
00003328 00000043 597.65 245.84 451.86 625.72 748.13 481.49 953.47 499.29 863.04 647.10 753.73 722.82 904.41 739.57
00003329 00000044 598.84 246.98 454.90 623.00 754.18 483.12 958.59 501.55 866.45 649.29 753.30 719.07 907.34 736.06
00003330 00000045 598.28 244.83 458.03 624.03 755.04 483.16 959.99 500.35 868.28 648.40 751.92 716.22 910.51 732.25
00003331 00000046 597.18 244.30 457.36 624.06 753.83 481.90 957.46 499.29 866.47 647.56 747.99 711.67 910.19 728.10
00003332 00000047 594.28 245.10 459.50 620.17 755.12 478.00 957.34 494.87 868.06 643.61 748.12 708.57 908.70 724.81
00003333 00000048 592.98 238.01 458.28 626.92 755.64 470.26 954.45 487.59 868.47 635.70 749.58 707.53 903.64 723.79
00003334 00000049 591.57 231.56 456.87 630.14 752.80 465.81 952.75 479.78 868.17 628.69 752.15 704.73 905.37 717.73
00003335 00000050 587.85 234.32 458.55 620.94 747.19 460.55 949.99 474.00 864.22 622.89 749.99 699.80 904.88 712.04
00003336 00000051 583.95 237.55 456.06 612.63 742.58 456.26 947.05 468.37 860.88 618.78 750.56 697.72 902.72 708.67
00003337 00000052 583.60 226.97 453.63 618.78 737.73 451.93 941.97 462.74 856.45 614.98 750.70 697.55 896.09 707.13
00003338 00000053 583.33 228.79 454.64 608.00 742.31 451.49 943.31 462.35 857.37 615.33 750.00 687.27 896.22 697.09
00003339 00000054 582.16 227.19 455.96 606.79 741.98 451.06 944.31 461.29 857.16 610.74 745.73 679.62 900.02 688.91
00003340 00000055 583.37 226.43 457.21 605.98 742.88 447.06 945.16 458.70 856.06 607.54 745.14 677.22 896.83 687.64
00003341 00000056 586.74 223.59 451.13 606.89 742.59 443.39 944.66 455.75 854.96 605.03 746.58 678.25 893.60 689.12
00003342 00000057 587.75 213.53 453.80 617.15 737.57 444.59 943.83 457.06 851.07 600.86 744.38 672.83 898.89 685.86
00003343 00000058 591.16 207.10 452.38 621.22 736.85 438.08 942.98 454.41 847.55 595.62 742.33 670.08 897.44 686.35
00003344 00000059 593.52 204.06 452.31 620.98 736.77 435.02 942.99 454.25 844.46 594.10 740.86 668.53 894.24 687.25
00003345 00000060 596.11 201.64 453.36 619.58 736.59 433.70 943.72 456.55 841.20 595.38 737.16 665.11 892.95 686.39
00003346 00000061 598.43 201.70 451.01 618.36 736.61 432.86 942.52 457.65 840.84 595.08 737.81 665.04 892.59 687.62
00003347 00000062 601.82 203.20 452.96 618.55 738.72 432.10 944.65 458.49 840.81 594.90 739.76 666.36 894.24 690.03
00003348 00000063 605.20 210.99 456.31 611.42 741.84 432.28 947.97 459.15 843.38 594.96 744.39 665.44 899.30 688.97
00003349 00000064 613.14 212.84 453.42 611.18 750.53 430.89 953.03 451.03 853.40 586.24 758.75 673.75 900.56 688.95
00003350 00000065 618.27 211.48 456.24 611.76 755.02 432.02 959.03 449.70 858.79 588.77 765.67 677.56 908.59 690.31
00003351 00000066 630.90 203.55 448.30 626.76 762.43 436.70 973.12 455.29 866.18 595.30 770.96 678.89 915.94 696.77
00003352 00000067 633.48 206.89 448.00 630.18 767.42 437.78 980.67 457.31 872.66 598.19 771.72 682.47 919.93 701.36
00003353 00000068 635.96 207.61 449.78 637.21 771.68 442.24 985.20 459.22 877.53 602.22 775.05 684.77 926.97 701.64
00003354 00000069 641.65 217.33 456.19 628.20 785.88 444.96 992.54 467.24 889.39 605.75 788.37 683.71 936.80 703.13
00003355 00000070 647.49 217.07 455.60 625.15 795.82 446.20 999.38 464.57 903.33 604.49 800.80 683.30 947.52 699.21
00003356 00000071 652.81 225.19 454.40 615.60 803.45 446.15 1006.27 464.71 912.62 601.74 807.33 683.02 955.53 698.76
00003357 00000072 655.61 225.70 454.95 615.78 805.63 446.94 1009.17 464.99 915.68 604.72 809.26 683.99 958.34 699.22
00003358 00000073 652.68 219.68 456.47 623.98 799.68 445.94 1000.47 464.61 904.93 605.68 802.15 684.04 948.23 700.06
00003359 00000074 647.94 207.88 447.27 635.35 779.10 444.92 984.24 463.20 880.15 595.95 782.43 683.77 929.90 701.58
00003360 00000075 640.35 198.58 445.74 632.42 763.33 434.80 973.55 455.87 861.11 589.15 765.16 676.43 913.55 696.73
00003361 00000076 635.22 202.87 447.00 624.03 759.31 430.64 966.76 453.12 852.71 582.36 762.25 672.53 902.79 693.78
00003362 00000077 633.38 202.48 447.13 618.69 757.43 428.03 963.81 448.19 850.09 577.72 763.06 665.75 902.88 685.05
00003363 00000078 632.52 201.55 447.07 616.36 754.06 423.07 960.69 443.89 846.83 574.00 760.61 660.25 902.90 679.87
00003364 00000079 631.81 198.77 447.14 620.49 752.82 419.06 960.19 440.57 846.19 571.54 758.36 658.75 903.09 678.94
00003365 00000080 631.86 195.25 446.79 624.48 752.58 418.63 960.45 440.43 847.39 571.10 756.93 658.93 904.14 679.31
00003366 00000081 630.38 204.43 447.72 616.16 753.24 420.16 961.65 443.07 847.02 572.37 756.83 659.20 903.90 680.41
00003367 00000082 628.07 206.40 449.80 616.28 753.52 425.01 962.27 448.42 846.22 574.62 757.34 661.54 903.34 682.98
00003368 00000083 627.84 206.84 449.65 620.05 753.69 430.24 962.23 457.18 843.81 582.66 750.70 665.56 898.65 690.08
00003369 00000084 625.64 211.77 453.69 615.94 747.99 435.44 954.53 462.98 836.48 586.37 748.15 676.00 901.19 697.21
00003370 00000085 625.17 222.86 455.32 613.38 746.65 443.08 954.17 469.37 835.60 595.27 749.00 682.87 902.48 703.17
00003371 00000086 626.36 232.40 456.19 607.33 748.41 450.79 955.99 476.92 834.35 602.46 747.80 685.81 905.57 706.08
00003372 00000087 630.06 233.61 462.08 618.12 753.45 451.59 963.21 483.72 839.42 615.22 748.53 688.35 897.70 716.19
00003373 00000088 635.93 218.68 458.45 639.30 760.72 454.69 968.03 486.94 849.59 621.71 754.39 694.74 904.18 723.13
00003374 00000089 639.77 229.36 458.50 629.65 768.63 458.36 979.77 494.70 857.73 627.25 756.78 695.74 911.90 727.37
00003375 00000090 645.20 232.17 457.41 629.78 774.77 464.79 986.02 500.84 863.89 629.15 762.26 699.15 918.11 730.71
00003376 00000091 648.47 238.06 456.19 630.99 780.63 466.79 987.89 500.88 869.26 629.47 769.46 705.04 919.13 735.27
00003377 00000092 651.64 238.70 454.78 628.45 780.79 467.27 991.83 500.92 871.74 629.42 768.60 704.54 925.76 734.29
00003378 00000093 651.77 235.01 454.59 629.56 779.93 466.32 992.41 499.95 871.12 629.25 767.62 702.90 926.77 732.42
00003379 00000094 648.75 234.50 455.27 632.98 777.65 467.22 987.67 500.73 867.48 628.86 767.94 706.69 919.30 736.58
00003380 00000095 644.75 242.48 454.81 632.21 773.72 469.98 981.90 503.53 862.87 630.83 763.07 711.71 911.20 741.79
00003381 00000096 637.30 250.89 456.75 621.50 771.28 478.44 980.93 512.45 862.14 638.46 759.02 710.16 910.32 740.83
00003382 00000097 637.18 259.72 457.07 612.13 776.75 486.19 983.78 520.34 867.26 646.54 759.07 710.78 915.17 741.81
00003383 00000098 638.67 257.79 455.18 616.93 781.75 490.99 989.37 520.49 878.03 649.61 765.03 716.97 921.03 744.57
00003384 00000099 638.40 256.78 453.14 623.21 784.35 491.00 993.97 516.82 887.65 649.51 773.31 722.83 927.88 747.49
00003385 00000100 635.72 243.45 453.22 631.32 781.56 484.59 994.82 509.64 888.39 644.88 770.97 718.13 932.36 741.69
00003386 00000101 631.47 234.52 456.14 645.10 778.08 481.28 991.76 506.28 887.02 642.15 769.21 716.75 933.45 739.99
00003387 00000102 632.68 236.61 452.96 644.49 781.35 479.24 990.16 504.23 888.82 637.36 775.24 719.76 928.15 743.29
00003388 00000103 630.03 245.39 453.40 640.37 785.08 481.80 992.88 505.29 895.05 641.32 778.77 721.36 932.00 743.64
00003389 00000104 630.58 252.02 452.24 636.37 788.51 488.20 994.43 508.39 899.72 643.49 785.30 725.32 936.34 744.91
00003390 00000105 629.67 258.47 452.40 633.50 788.16 491.28 994.14 509.11 902.72 648.35 787.84 729.32 939.05 746.98
00003391 00000106 627.40 262.81 452.88 631.97 785.81 494.55 991.99 511.89 901.65 650.02 787.77 732.97 937.58 750.18
00003392 00000107 624.66 265.69 454.49 628.61 782.72 497.93 990.16 516.23 898.28 653.93 785.24 734.98 935.14 753.11
00003393 00000108 620.73 266.71 455.34 628.39 777.21 501.96 986.27 520.75 892.06 660.78 777.96 737.84 928.53 756.22
00003394 00000109 616.70 266.69 454.54 628.41 772.42 504.36 982.38 522.71 886.67 666.12 771.36 737.62 926.40 755.50
00003395 00000110 611.19 270.54 455.13 624.00 766.89 503.27 977.60 520.05 881.22 664.41 766.93 737.29 921.99 753.81
00003396 00000111 597.90 271.13 461.10 622.53 754.63 506.08 959.55 520.03 871.79 662.51 760.94 738.32 915.91 751.38
00003397 00000112 589.95 266.75 456.09 624.56 747.84 502.46 951.26 516.18 865.23 656.58 754.82 735.90 908.17 749.45
00003398 00000113 581.30 264.50 454.75 623.79 740.97 500.87 945.11 513.46 860.75 653.16 746.85 733.37 901.93 746.61
00003399 00000114 575.23 263.91 452.85 623.69 732.66 499.24 938.35 510.10 854.77 647.53 741.42 731.33 899.51 743.18
00003400 00000115 570.88 258.49 451.69 624.36 725.72 497.75 932.69 505.30 848.73 644.39 737.26 728.69 897.72 737.71
00003401 00000116 566.57 259.11 451.37 624.29 721.09 496.76 928.98 503.90 843.19 645.43 731.57 727.41 892.79 736.03
00003402 00000117 557.32 257.95 454.69 630.94 712.60 494.19 921.30 503.55 832.27 647.58 720.23 727.68 878.31 738.12
00003403 00000118 548.08 265.00 462.34 623.52 698.21 485.98 901.72 499.47 813.23 641.83 707.89 728.31 856.94 737.31
00003404 00000119 540.20 263.49 458.88 618.34 685.43 478.01 890.64 494.56 795.45 633.75 697.22 727.52 833.46 739.09
00003405 00000120 535.13 251.76 452.28 618.60 672.44 471.79 878.97 489.76 786.31 627.42 686.67 720.11 832.25 736.23
00003406 00000121 532.83 251.99 450.90 618.08 669.36 473.55 875.48 489.11 784.46 627.46 686.60 721.69 830.33 736.03
00003407 00000122 534.11 241.43 449.39 630.14 669.61 476.89 874.59 488.11 787.29 627.63 692.58 725.07 836.55 735.59
00003408 00000123 534.77 243.60 451.84 629.20 672.09 476.87 878.28 487.00 792.10 627.22 698.32 726.97 841.60 736.59
00003409 00000124 536.24 258.83 448.77 621.59 674.46 474.98 881.59 483.22 792.64 622.73 702.22 729.96 836.01 734.68
00003410 00000125 537.43 260.75 449.90 622.32 675.62 475.49 882.78 483.49 793.46 622.62 701.62 730.35 837.73 734.96
00003411 00000126 537.90 253.93 450.99 627.68 675.58 475.36 883.23 483.41 793.53 622.11 702.07 729.69 838.99 734.24
00003412 00000127 538.80 243.19 454.38 636.52 675.36 479.32 881.91 487.10 794.92 625.84 701.08 728.10 851.39 735.29
00003413 00000128 538.24 259.28 449.95 622.96 672.59 479.69 881.32 491.09 787.64 622.43 696.22 728.38 835.80 736.10
00003414 00000129 537.06 244.49 449.41 632.99 662.67 474.57 871.20 484.72 777.04 620.64 684.78 723.02 836.71 732.32
00003415 00000130 536.46 255.63 442.94 624.95 654.69 467.01 865.01 483.38 761.66 613.97 674.44 719.73 814.81 732.45
00003416 00000131 527.64 242.97 447.63 627.97 643.73 469.93 855.62 484.57 746.33 614.65 656.75 714.29 810.43 727.54
00003417 00000132 521.91 234.36 448.09 637.86 632.16 470.38 847.16 480.77 733.53 615.32 648.75 716.66 803.46 726.73
00003418 00000133 514.26 237.24 448.42 633.74 622.24 473.02 840.26 481.63 726.28 617.91 641.44 718.51 799.88 727.39
00003419 00000134 510.37 246.50 447.16 624.31 617.12 475.31 834.33 485.14 720.29 624.59 635.33 720.17 793.97 730.23
00003420 00000135 505.23 252.49 449.59 620.32 613.23 475.78 829.15 486.44 716.58 628.72 630.49 719.64 789.56 730.56
00003421 00000136 502.39 238.86 448.17 627.80 611.27 475.41 823.82 487.74 711.01 627.30 623.21 711.94 783.84 724.22
00003422 00000137 495.78 237.16 451.73 629.27 606.00 472.15 815.87 486.70 702.02 626.98 617.99 706.68 777.63 720.36
00003423 00000138 492.59 232.84 452.22 628.22 600.01 466.33 811.04 481.65 695.23 624.93 612.03 700.58 773.12 714.76
00003424 00000139 490.71 240.42 451.28 617.45 595.23 467.11 806.57 480.05 689.66 626.02 610.45 701.39 767.86 713.84
00003425 00000140 491.22 235.49 450.00 619.55 594.91 467.01 804.17 477.84 689.73 624.98 613.59 705.19 764.49 715.83
00003426 00000141 492.93 229.35 447.78 626.73 598.51 463.10 805.61 474.16 695.27 620.72 618.04 706.05 763.55 716.98
00003427 00000142 493.01 230.64 451.23 630.11 607.69 459.70 811.24 474.80 705.52 615.87 626.01 707.67 760.37 722.20
00003428 00000143 494.58 221.08 452.00 639.39 613.04 455.39 818.60 469.12 715.24 609.79 632.01 701.84 775.02 715.15
00003429 00000144 497.84 223.25 456.01 631.77 613.13 453.99 828.65 462.21 722.15 608.72 637.55 700.28 791.66 708.38
00003430 00000145 504.43 208.77 456.20 641.67 621.42 453.75 838.30 460.80 731.86 608.15 644.26 698.21 805.18 704.72
00003431 00000146 512.29 223.57 451.87 628.43 634.44 456.12 842.55 466.05 740.73 607.94 652.84 696.69 804.62 706.05
00003432 00000147 515.82 216.88 449.73 639.58 638.53 459.52 845.53 470.78 743.99 612.30 651.03 699.13 806.85 709.67
00003433 00000148 520.00 237.64 448.48 624.78 647.90 463.28 855.06 478.62 752.46 620.94 655.17 702.29 812.78 716.65
00003434 00000149 523.73 240.55 449.12 620.03 659.27 467.20 868.82 485.86 767.92 627.35 664.31 704.68 822.26 721.78
00003435 00000150 529.69 244.17 448.60 616.13 666.37 474.07 875.36 489.43 780.75 630.17 678.44 710.15 835.14 724.47
00003436 00000151 533.70 245.62 449.87 617.69 668.79 477.74 876.63 487.69 787.68 632.01 689.95 716.83 844.34 726.29
00003437 00000152 535.55 247.94 451.21 616.66 669.60 479.63 877.03 487.85 787.93 632.79 693.12 719.13 846.70 726.98
00003438 00000153 535.80 248.19 450.94 619.87 669.54 482.37 878.38 490.01 788.25 636.04 694.04 722.86 848.52 730.04
00003439 00000154 536.80 252.73 454.45 617.87 674.38 487.37 882.71 492.67 794.39 643.99 698.69 727.39 853.73 732.57
00003440 00000155 540.81 260.09 451.71 612.39 681.26 490.30 889.91 492.46 802.87 646.83 710.39 731.69 864.48 733.47
00003441 00000156 540.68 259.69 451.81 613.21 682.52 491.82 890.53 490.71 807.66 646.95 715.77 733.07 868.08 731.90
00003442 00000157 536.59 263.82 451.59 606.52 677.79 488.30 886.55 489.15 802.78 645.98 708.89 729.15 861.10 730.44
00003443 00000158 529.77 262.66 448.62 598.10 663.75 481.89 872.53 482.76 786.97 637.12 697.85 721.68 846.75 723.71
00003444 00000159 521.41 248.80 445.55 606.73 650.16 475.84 860.44 475.41 770.69 630.91 686.63 717.92 834.48 719.53
00003445 00000160 512.57 238.86 448.95 611.24 638.56 471.89 857.15 467.13 763.35 627.37 680.39 718.21 834.03 715.72
00003446 00000161 511.80 241.11 447.77 607.06 635.77 472.70 853.98 466.14 760.17 625.99 678.62 717.10 832.57 713.17
00003447 00000162 512.85 240.14 447.88 608.52 637.59 470.99 855.03 465.44 762.07 627.07 680.03 716.22 832.61 713.22
00003448 00000163 518.18 236.13 447.62 617.01 643.12 473.19 856.57 470.57 765.31 630.97 682.69 720.01 831.71 719.74
00003449 00000164 523.28 250.76 446.04 611.79 647.18 477.72 859.46 479.30 766.99 639.36 683.40 724.19 832.52 727.63
00003450 00000165 527.11 250.59 447.16 615.05 649.08 482.37 860.17 487.69 763.79 644.50 680.43 727.19 831.52 733.65
00003451 00000166 529.99 250.66 444.80 615.97 647.04 485.01 855.64 492.33 755.68 646.22 674.56 729.26 823.70 737.34
00003452 00000167 526.75 251.91 444.03 614.44 637.33 479.46 849.92 494.58 737.23 640.80 653.69 721.18 807.05 735.90
00003453 00000168 521.76 240.49 447.28 617.97 630.94 474.64 846.01 492.63 725.64 634.46 638.28 710.59 795.67 727.93
00003454 00000169 517.13 237.48 446.27 619.10 626.94 469.29 840.18 488.49 720.15 630.91 633.40 705.46 789.50 723.71
00003455 00000170 511.60 228.98 451.09 625.80 622.24 464.73 838.45 482.41 718.19 621.54 630.66 703.21 788.60 719.72
00003456 00000171 503.76 219.72 456.02 628.13 610.38 460.94 827.70 472.02 710.86 614.18 634.14 706.86 787.00 717.12
00003457 00000172 501.65 214.92 458.41 630.95 608.95 460.15 826.66 465.23 713.23 611.51 640.01 708.58 790.49 713.58
00003458 00000173 498.79 217.97 454.96 633.82 613.94 458.22 831.27 461.30 725.98 609.14 646.73 708.60 795.07 712.32
00003459 00000174 493.88 212.90 455.10 646.15 609.73 459.51 820.81 465.37 718.95 610.55 638.02 705.77 786.08 712.29
00003460 00000175 489.47 221.17 454.44 638.46 598.49 459.59 807.87 469.00 699.55 613.32 623.93 705.09 770.83 714.51
00003461 00000176 483.38 232.08 461.28 624.66 588.17 459.26 800.37 475.35 678.31 614.89 601.94 697.81 748.31 712.84
00003462 00000177 488.81 230.04 457.72 619.11 587.49 452.00 797.33 474.15 670.70 608.82 594.13 687.47 740.66 707.33
00003463 00000178 494.91 203.34 460.92 638.69 598.89 442.17 809.09 471.51 680.19 603.22 600.27 679.17 744.68 704.45
00003464 00000179 508.45 211.40 455.22 616.01 609.04 436.75 818.30 463.63 691.50 590.56 616.43 674.21 764.46 698.37
00003465 00000180 510.38 205.10 461.82 614.52 618.14 433.63 824.53 456.35 701.96 583.81 624.99 664.85 776.04 685.50
00003466 00000181 506.35 198.88 458.09 616.09 611.05 436.10 817.26 453.14 697.79 579.45 623.53 664.70 775.73 680.08
00003467 00000182 494.60 187.55 449.19 628.26 594.44 434.71 803.22 446.68 683.67 578.82 614.25 668.76 764.16 681.10
00003468 00000183 483.03 197.30 450.89 621.86 577.65 441.33 780.49 448.96 664.53 573.90 601.17 673.58 753.98 678.11
00003469 00000184 474.81 192.22 451.64 628.81 564.88 447.67 763.50 448.83 652.42 573.58 595.19 675.70 746.16 675.44
00003470 00000185 461.10 175.45 457.94 641.11 554.89 443.36 753.30 439.74 643.89 571.19 596.77 673.70 746.72 671.06
00003471 00000186 455.18 184.26 453.98 627.53 551.06 440.79 749.95 434.53 644.12 567.38 594.75 670.31 743.88 665.81
00003472 00000187 453.78 175.75 454.44 631.13 551.92 439.55 753.26 429.75 649.63 566.61 596.81 667.90 750.07 660.50
00003473 00000188 452.21 174.79 453.92 631.28 553.91 438.54 756.23 431.10 653.57 568.66 597.16 667.34 751.07 661.88
00003474 00000189 453.11 174.93 451.00 635.92 555.42 442.13 757.03 438.86 652.89 573.54 592.37 669.72 746.40 667.98
00003475 00000190 450.83 195.07 451.82 624.83 552.31 450.74 758.57 450.35 647.94 585.81 583.50 678.27 739.84 678.88
00003476 00000191 446.97 223.87 455.37 612.90 549.41 469.01 759.13 471.20 643.16 606.70 578.70 697.71 731.90 700.42
00003477 00000192 451.20 233.05 451.43 615.23 552.99 479.14 767.30 486.13 650.89 617.97 571.86 703.34 737.13 710.15
00003478 00000193 453.71 247.79 449.83 607.09 558.62 487.84 771.19 497.10 655.02 628.75 573.48 707.42 742.08 716.13
00003479 00000194 457.55 249.38 451.78 607.87 564.03 491.83 776.51 499.84 661.94 633.98 580.86 711.57 749.72 719.03
00003480 00000195 462.01 249.22 451.43 606.34 571.61 491.06 781.76 500.13 669.59 632.28 588.20 710.33 755.81 718.37
00003481 00000196 465.68 238.05 454.01 616.53 576.39 488.38 786.50 498.94 675.37 629.28 592.55 708.80 761.12 717.55
00003482 00000197 467.43 240.54 452.09 612.08 578.35 485.45 786.36 495.79 677.14 625.98 591.12 703.00 762.06 711.89
00003483 00000198 471.07 232.75 449.78 621.71 581.15 485.99 786.08 497.42 678.07 626.49 593.87 705.47 761.97 715.05
00003484 00000199 473.20 243.96 449.59 613.81 584.35 488.38 788.33 500.46 679.53 630.92 597.71 707.81 763.48 717.97
00003485 00000200 475.46 252.41 451.52 613.84 588.60 494.36 794.71 507.51 683.56 638.88 600.81 714.04 767.35 725.05
00003486 00000201 481.01 252.52 451.55 624.56 597.60 508.59 800.37 520.63 691.91 647.07 612.53 725.73 775.06 735.11
00003487 00000202 494.76 247.47 446.33 641.30 606.24 519.28 817.15 526.05 703.53 658.86 612.86 732.36 790.29 739.69
00003488 00000203 501.42 273.11 450.86 618.77 623.37 527.07 835.95 536.19 721.64 669.84 625.55 732.69 801.24 742.64
00003489 00000204 514.64 271.49 446.44 619.18 639.92 533.24 848.61 543.42 739.10 678.95 639.32 736.66 810.70 747.68
00003490 00000205 522.96 277.01 450.88 617.19 658.54 539.12 863.44 546.20 760.32 687.81 659.38 742.56 823.77 750.72
00003491 00000206 531.25 284.43 456.91 609.14 670.97 537.23 875.30 545.17 774.16 689.62 675.80 744.46 838.44 752.73
00003492 00000207 538.82 282.42 458.96 610.70 681.67 537.33 886.16 545.46 788.15 684.16 690.70 750.95 847.48 758.15
00003493 00000208 544.12 281.17 457.49 608.87 685.51 533.02 888.34 541.24 791.28 679.48 696.20 748.21 851.95 755.15
00003494 00000209 545.18 280.45 455.96 603.91 683.65 529.19 886.46 539.58 786.52 672.47 691.24 741.09 849.75 749.88
00003495 00000210 545.23 274.15 455.33 609.20 680.19 525.34 882.43 538.23 779.01 668.32 687.02 735.96 846.98 746.58
00003496 00000211 545.40 266.75 454.43 616.81 678.33 523.96 879.45 538.00 774.25 668.34 685.64 735.44 844.33 747.04
00003497 00000212 547.57 262.21 454.57 618.30 680.34 518.46 881.16 532.18 776.47 662.27 689.74 736.27 844.49 747.60
00003498 00000213 551.12 256.45 451.65 625.18 685.01 516.54 881.99 527.25 784.73 657.96 699.59 737.42 850.66 745.97
00003499 00000214 557.60 252.11 448.48 625.69 690.63 512.87 897.63 522.84 796.20 655.39 700.33 731.41 857.04 742.40
00003500 00000215 556.76 259.50 450.28 620.51 693.66 510.33 901.08 522.37 799.86 656.55 701.56 732.31 856.89 745.21
00003501 00000216 556.30 261.85 450.90 621.75 694.03 516.85 902.54 527.72 800.15 662.41 699.97 735.33 857.00 747.30
00003502 00000217 554.57 267.53 450.49 621.67 692.54 523.87 902.50 533.97 798.08 671.86 698.79 741.30 856.50 752.53
00003503 00000218 545.96 279.43 461.33 610.45 691.24 535.57 892.86 540.17 798.37 681.72 707.16 754.17 856.46 757.76
00003504 00000219 549.39 292.47 455.44 602.95 693.01 537.82 887.54 544.86 800.15 689.75 707.21 762.60 852.61 767.29
00003505 00000220 543.58 290.93 461.68 613.18 685.70 550.27 892.77 557.97 791.65 700.12 697.11 768.75 851.38 774.95
00003506 00000221 543.23 311.13 458.19 604.50 686.25 555.07 883.37 566.94 788.97 708.60 693.40 770.76 848.23 780.60
00003507 00000222 538.87 321.01 458.24 602.45 684.46 562.29 882.86 575.63 786.24 718.85 687.58 776.21 844.32 788.29
00003508 00000223 537.38 323.84 455.91 603.28 681.83 567.89 880.20 583.27 782.07 726.38 681.63 779.27 838.03 793.43
00003509 00000224 535.95 325.96 454.05 601.97 680.03 571.60 876.65 588.38 777.96 729.78 680.27 782.48 832.67 797.81
00003510 00000225 534.93 328.48 453.74 600.31 676.14 576.50 875.94 592.87 774.94 734.56 677.28 786.41 829.78 801.79
00003511 00000226 534.81 335.20 455.76 601.61 672.44 582.11 874.62 599.21 770.27 739.11 673.73 794.48 826.15 810.66
00003512 00000227 536.95 337.77 456.98 604.89 672.39 586.28 874.39 602.45 770.31 743.01 677.81 800.14 829.19 815.05
00003513 00000228 540.00 338.34 460.86 610.55 675.52 590.95 877.55 606.42 772.74 744.11 683.23 803.83 836.12 817.41
00003514 00000229 541.53 335.36 462.83 613.95 680.34 589.07 882.95 603.00 778.82 742.55 687.65 803.95 841.77 815.98
00003515 00000230 554.28 327.49 451.44 613.82 683.18 585.95 892.13 598.05 784.71 740.19 689.40 797.49 845.62 810.37
00003516 00000231 549.73 325.97 453.75 606.39 691.27 577.73 885.27 581.58 793.11 725.77 704.30 794.34 852.08 797.93
00003517 00000232 551.12 301.68 458.10 616.08 688.50 550.13 890.03 555.96 793.15 704.21 700.85 774.03 861.03 778.19
00003518 00000233 547.63 285.03 456.69 615.73 677.80 527.94 881.29 533.32 786.29 681.58 698.82 761.56 854.16 764.65
00003519 00000234 541.40 270.92 457.24 624.17 669.18 506.01 875.65 515.44 779.27 658.27 688.62 741.58 844.75 747.88
00003520 00000235 537.78 275.68 454.44 609.24 664.88 491.44 874.55 503.07 775.86 641.95 684.92 729.85 838.93 738.07
00003521 00000236 535.94 250.10 458.67 619.49 667.38 484.56 877.36 493.16 780.30 634.02 682.46 713.51 851.48 721.34
00003522 00000237 535.40 248.36 458.93 612.33 674.26 474.81 880.07 484.55 786.31 623.83 686.10 704.01 852.79 712.71
00003523 00000238 534.64 238.37 458.31 616.56 674.53 466.79 878.97 476.10 789.27 614.31 686.25 696.41 854.15 704.61
00003524 00000239 532.50 236.01 457.84 615.81 674.35 461.87 878.04 470.32 790.81 609.81 684.07 691.15 853.08 698.62
00003525 00000240 528.51 228.87 458.84 618.00 673.66 459.19 878.48 468.14 791.29 606.31 683.62 686.50 852.52 694.07
00003526 00000241 524.42 230.59 460.32 615.41 673.26 457.28 877.34 467.07 790.55 605.33 679.97 683.57 848.80 691.91
00003527 00000242 521.15 224.27 456.83 618.78 668.58 456.69 874.63 467.73 785.57 603.44 674.17 681.37 845.23 690.75
00003528 00000243 518.43 230.15 454.74 612.93 664.67 453.42 870.00 465.70 778.40 604.21 671.82 682.46 837.39 692.76
00003529 00000244 517.04 229.77 453.86 616.52 662.43 452.46 866.41 464.26 774.87 605.26 673.19 688.08 829.35 697.90
00003530 00000245 517.49 235.99 454.66 611.71 661.85 456.41 866.41 467.16 774.82 608.62 674.07 690.06 830.70 699.32
00003531 00000246 520.89 235.84 452.86 611.38 662.79 459.59 868.52 471.07 775.90 612.05 671.36 691.40 830.98 701.69
00003532 00000247 523.64 241.88 454.45 608.82 665.87 461.64 870.59 472.58 778.53 612.33 674.65 692.88 834.91 702.75
00003533 00000248 525.86 245.99 452.96 604.89 667.17 466.81 867.66 477.36 777.09 610.62 675.71 694.71 834.86 704.03
00003534 00000249 527.52 238.19 450.77 609.96 660.87 459.65 867.69 469.63 773.70 607.58 677.05 697.88 831.33 706.32
00003535 00000250 529.97 232.59 450.61 616.23 660.07 456.05 870.55 468.48 773.12 608.69 673.87 697.14 833.34 707.36
00003536 00000251 534.27 239.44 453.32 612.29 668.63 460.63 876.88 475.07 777.66 610.20 679.81 699.21 840.80 710.92
00003537 00000252 539.97 238.18 455.96 617.00 680.73 466.18 884.25 478.18 788.45 613.82 693.19 704.72 848.17 714.17
00003538 00000253 551.03 254.06 455.78 601.26 685.46 462.63 898.93 475.47 798.88 612.07 705.63 706.07 855.62 714.05
00003539 00000254 554.05 244.89 451.08 612.75 694.57 463.54 898.84 472.83 802.40 609.64 712.75 707.21 866.48 712.70
00003540 00000255 557.55 243.52 449.43 611.83 696.74 464.68 899.47 474.43 801.73 608.31 709.74 701.87 867.86 707.92
00003541 00000256 557.18 234.75 454.46 615.81 691.35 460.02 900.98 471.69 798.28 607.83 706.35 700.02 868.43 707.47
00003542 00000257 561.05 222.87 454.43 621.41 697.81 457.14 904.57 471.74 802.85 607.85 709.36 695.98 869.38 705.80
00003543 00000258 565.27 223.15 456.92 626.51 703.50 451.94 914.28 472.77 810.47 609.34 709.89 688.33 866.00 706.51
00003544 00000259 572.44 221.14 454.10 627.80 714.78 448.33 919.78 468.81 820.90 607.93 719.98 689.84 867.90 707.69
00003545 00000260 575.68 224.56 454.49 627.53 721.80 446.47 924.20 463.43 829.93 603.59 730.89 694.03 871.47 708.67
00003546 00000261 578.57 231.19 453.72 611.73 720.79 450.48 932.60 464.65 834.18 600.17 730.37 689.56 886.51 701.59
00003547 00000262 581.83 233.67 452.51 613.09 727.67 452.99 934.21 466.73 838.48 599.27 733.32 686.41 892.87 698.04
00003548 00000263 580.03 231.49 460.17 620.26 729.51 443.82 935.34 462.69 836.98 598.70 729.88 685.28 883.73 700.96
00003549 00000264 573.93 225.18 459.25 617.90 716.64 441.82 927.43 468.22 819.97 597.46 712.76 679.30 869.64 701.57
00003550 00000265 566.75 221.41 452.31 620.22 703.39 435.55 912.45 464.13 803.72 592.19 695.17 676.05 851.02 702.06
00003551 00000266 560.80 223.76 457.72 609.25 701.07 435.21 905.34 462.28 797.39 586.69 700.78 678.68 850.53 699.42
00003552 00000267 563.92 225.72 459.55 613.00 708.06 440.90 913.10 468.83 807.22 596.04 706.36 675.59 851.61 699.48
00003553 00000268 570.98 219.52 457.23 625.96 717.73 447.99 924.06 466.90 824.82 597.18 718.64 685.85 867.63 704.04
00003554 00000269 575.26 227.07 458.58 613.63 732.64 446.60 934.54 469.12 840.66 601.15 733.32 684.12 878.46 703.22
00003555 00000270 576.04 226.28 455.50 617.25 735.27 446.52 934.96 470.04 843.61 600.40 736.48 684.95 880.93 704.77
00003556 00000271 569.35 225.97 459.67 614.78 724.79 447.17 926.46 471.37 828.88 600.94 723.58 680.53 871.14 701.14
00003557 00000272 560.23 209.86 453.36 634.16 704.25 441.67 911.45 466.06 806.38 596.43 697.68 674.88 854.09 697.52
00003558 00000273 549.29 217.35 462.85 617.98 693.60 438.42 897.36 466.78 791.85 587.65 689.74 675.03 848.03 697.25
00003559 00000274 547.96 227.44 462.70 609.10 690.08 437.87 895.95 463.16 790.43 586.78 690.21 677.19 845.52 696.98
00003560 00000275 551.82 219.81 462.26 612.65 698.17 438.16 902.50 458.05 803.70 584.87 705.48 677.90 857.86 692.54
00003561 00000276 566.72 220.15 452.07 624.22 714.29 442.24 920.91 459.23 825.35 591.97 718.31 679.79 870.26 696.34
00003562 00000277 579.11 237.74 457.20 601.52 735.03 447.10 939.94 465.28 849.00 594.22 740.17 679.67 896.84 694.98
00003563 00000278 590.34 244.24 458.88 602.53 749.73 453.60 952.85 470.89 865.62 603.99 753.49 689.58 907.89 704.26
00003564 00000279 596.54 229.88 460.83 623.26 754.17 459.98 957.02 480.70 869.10 610.79 754.47 694.69 914.61 711.69
00003565 00000280 599.68 243.18 458.98 617.40 752.30 469.76 960.14 490.84 867.41 620.58 749.93 703.58 915.27 721.54
00003566 00000281 600.07 256.58 453.49 608.26 751.10 476.99 955.59 503.35 860.04 632.59 742.84 708.69 903.03 731.66
00003567 00000282 601.54 251.65 454.91 617.87 748.41 482.71 955.90 513.24 854.44 639.75 737.85 715.22 898.68 741.44
00003568 00000283 603.01 268.64 458.73 603.51 751.75 485.08 959.84 517.05 855.27 646.18 739.24 717.15 899.48 744.81
00003569 00000284 607.78 267.09 460.03 608.55 760.17 486.01 967.25 516.52 865.82 651.46 747.64 720.14 908.03 746.48
00003570 00000285 615.72 262.34 457.26 615.12 770.18 484.32 977.55 510.59 878.13 648.46 758.73 718.20 917.21 742.24
00003571 00000286 607.47 254.31 459.84 617.06 766.77 480.84 968.76 506.39 878.46 641.67 756.37 713.15 917.49 735.50
00003572 00000287 603.35 255.23 459.87 610.34 756.31 474.96 961.67 500.36 865.44 631.71 746.37 706.28 911.45 728.35
00003573 00000288 596.44 242.13 454.38 619.12 744.74 468.99 947.47 496.97 848.39 622.54 731.02 700.14 893.10 724.44
00003574 00000289 582.56 264.56 456.32 597.47 722.51 465.80 931.33 494.40 822.44 622.05 709.04 698.74 873.42 724.47
00003575 00000290 573.42 258.98 457.41 598.19 709.13 468.79 918.06 496.07 804.85 618.96 697.66 696.36 860.50 720.64
00003576 00000291 568.41 257.62 456.82 598.02 699.80 465.85 911.86 496.72 792.04 622.23 688.55 695.72 851.00 722.67
00003577 00000292 563.46 259.84 457.99 606.23 696.11 468.82 908.24 503.39 788.70 630.89 681.20 701.97 844.24 732.18
00003578 00000293 561.65 274.83 457.23 600.35 692.86 479.79 905.42 512.54 786.22 644.47 679.60 712.21 840.27 741.56
00003579 00000294 563.45 275.68 456.69 608.17 696.65 488.46 907.53 520.35 790.45 652.56 682.89 720.90 842.90 749.83
00003580 00000295 565.99 280.46 458.59 602.22 704.54 491.83 913.77 522.89 799.01 654.74 690.93 721.62 847.77 750.16
00003581 00000296 569.39 279.48 454.50 597.84 708.31 490.37 919.17 519.96 806.33 653.50 696.79 718.96 854.99 746.50
00003582 00000297 568.14 275.33 456.29 601.43 706.81 484.60 919.31 514.42 804.55 648.71 695.38 714.60 857.54 742.07
00003583 00000298 561.62 261.80 457.01 616.08 697.47 479.79 910.63 506.77 796.93 642.85 689.95 713.72 850.35 738.73
00003584 00000299 557.35 265.97 455.85 615.64 683.83 478.38 894.07 505.01 776.97 638.67 679.96 714.79 834.32 739.14
00003585 00000300 548.27 257.59 453.36 618.63 667.58 475.74 875.39 506.61 752.62 634.39 657.78 710.49 823.08 735.47
00003586 00000301 545.54 262.78 451.23 608.43 662.76 478.83 868.87 510.78 744.97 634.06 650.13 707.97 814.63 734.46
00003587 00000302 544.65 267.91 453.91 605.94 661.64 481.51 868.95 513.12 744.18 637.44 650.53 710.82 815.66 736.90
00003588 00000303 545.69 273.03 454.86 601.25 665.05 483.21 874.94 515.16 750.50 642.43 655.95 714.68 822.52 740.86
00003589 00000304 553.22 273.45 453.87 610.05 673.10 488.37 885.38 515.12 761.22 653.21 665.87 719.41 827.27 744.09
00003590 00000305 553.63 279.26 453.94 605.33 675.12 490.40 886.83 516.59 763.23 654.55 669.09 721.81 827.66 745.91
00003591 00000306 551.08 276.08 455.02 607.12 671.63 490.36 883.21 517.10 758.81 654.20 664.49 719.25 824.54 743.86
00003592 00000307 544.95 280.49 455.41 601.99 664.42 481.28 873.76 514.16 750.00 641.33 655.26 717.61 814.21 743.54
00003593 00000308 543.20 274.44 452.94 610.82 663.08 479.02 868.00 510.71 744.64 636.78 653.82 718.21 802.33 743.45
00003594 00000309 543.89 271.35 451.93 616.06 659.57 476.04 866.28 508.90 742.36 632.28 651.13 715.37 803.74 741.70
00003595 00000310 545.00 267.53 448.81 614.17 656.52 474.20 864.51 504.37 742.90 624.47 651.28 710.68 809.71 734.40
00003596 00000311 546.14 273.58 448.57 605.10 662.11 469.85 871.11 500.00 751.26 619.67 657.74 707.25 818.38 730.75
00003597 00000312 545.81 267.57 453.23 607.59 664.65 461.37 876.20 491.14 757.21 613.62 663.44 701.25 821.88 724.22
00003598 00000313 543.19 239.43 457.29 623.85 666.58 457.39 875.37 478.89 764.30 602.31 668.34 696.10 831.78 712.92
00003599 00000314 542.82 230.38 457.43 624.38 667.92 449.32 877.57 470.62 766.27 598.44 671.02 689.65 834.55 706.07
00003600 00000315 544.82 217.39 456.79 623.93 669.81 437.52 878.93 462.41 767.17 584.63 672.29 677.01 833.49 696.22
00003601 00000316 546.44 213.82 455.59 618.69 673.86 426.65 879.89 453.92 768.03 573.28 672.33 666.87 827.15 687.84
00003602 00000317 547.85 213.78 453.79 606.23 669.91 418.27 881.02 445.64 764.97 565.72 669.95 660.20 826.00 681.10
00003603 00000318 550.62 201.89 451.73 604.30 668.05 408.47 882.34 437.19 762.33 555.25 666.08 648.06 829.17 670.27
00003604 00000319 550.66 198.84 458.64 598.53 672.27 401.71 888.33 428.53 769.53 541.92 674.43 639.00 832.33 659.37
00003605 00000320 552.81 198.64 457.97 589.43 676.05 395.87 894.02 425.93 773.32 536.69 676.13 631.09 837.88 654.19
00003606 00000321 555.15 196.71 457.59 586.68 679.91 392.90 896.25 423.94 774.93 532.89 677.32 626.72 840.69 650.81
00003607 00000322 555.59 192.75 458.96 589.14 682.76 391.45 896.75 421.41 777.50 530.91 680.08 623.29 841.35 646.39
00003608 00000323 555.20 197.96 463.42 597.57 688.07 392.99 899.20 423.07 780.09 531.35 682.94 627.37 840.56 650.33
00003609 00000324 556.47 188.84 464.76 615.07 687.76 399.03 900.02 426.35 782.49 534.95 684.33 636.33 838.89 656.96
00003610 00000325 554.28 178.99 461.02 628.05 691.41 404.86 900.97 429.74 790.72 548.20 686.69 639.10 842.12 661.72
00003611 00000326 557.03 182.30 456.99 630.81 688.46 408.26 899.58 431.97 789.32 556.60 686.19 649.73 839.40 671.84
00003612 00000327 557.82 192.37 454.22 629.80 688.06 414.76 899.43 437.51 790.10 566.61 692.71 659.76 837.97 681.22
00003613 00000328 557.39 205.27 457.56 622.03 687.79 415.65 905.19 439.45 791.67 573.84 691.84 665.50 840.95 687.57
00003614 00000329 560.07 206.55 458.94 625.58 692.56 418.74 911.11 443.81 796.93 577.27 693.79 670.28 843.13 693.49
00003615 00000330 563.06 205.50 458.36 633.09 699.01 423.30 915.47 449.31 804.00 581.21 697.32 673.46 847.80 697.66
00003616 00000331 566.40 216.63 461.17 624.81 710.21 428.95 914.52 454.96 810.46 585.24 712.15 676.42 849.02 698.53
00003617 00000332 568.86 206.08 459.82 639.95 715.97 433.64 923.51 459.10 819.70 591.93 711.13 681.32 855.52 705.23
00003618 00000333 568.94 215.71 463.42 620.91 730.90 429.76 933.01 465.22 827.80 595.42 716.43 670.62 859.00 702.05
00003619 00000334 571.27 208.42 470.36 623.23 746.72 426.10 945.69 463.59 845.45 591.48 728.35 663.87 870.09 696.85
00003620 00000335 574.19 197.35 470.56 635.28 751.36 423.03 947.71 460.60 855.38 584.20 734.59 667.40 873.96 701.01
00003621 00000336 571.95 190.57 469.47 638.60 748.55 416.32 944.49 454.66 852.05 575.25 730.46 661.68 872.30 695.70
00003622 00000337 569.40 194.90 464.66 629.75 741.07 414.20 938.08 450.05 842.68 577.02 722.83 657.29 865.73 689.44
00003623 00000338 567.44 198.63 466.19 622.14 736.62 412.51 934.77 447.67 838.04 575.84 717.30 653.56 862.73 685.19
00003624 00000339 566.70 194.52 463.82 622.30 734.48 413.76 933.47 447.67 835.61 576.79 715.00 650.80 864.04 681.40
00003625 00000340 566.09 194.68 465.14 619.21 734.47 412.67 931.75 447.84 833.52 575.63 713.25 647.28 862.34 678.88
00003626 00000341 563.66 194.87 463.15 617.92 732.54 412.13 928.64 447.07 830.66 574.66 708.54 644.21 858.71 675.79
00003627 00000342 560.26 195.37 462.16 616.32 727.56 413.16 925.28 449.20 825.85 573.58 702.04 640.59 856.50 673.07
00003628 00000343 552.77 197.76 464.54 614.49 717.36 411.97 919.81 448.26 817.22 575.79 694.16 639.81 851.09 672.46
00003629 00000344 543.63 196.65 467.28 614.72 705.32 407.84 908.85 443.63 805.24 575.28 684.32 635.32 845.67 667.43
00003630 00000345 540.34 181.91 464.14 622.71 692.31 398.84 897.52 436.25 791.41 569.38 673.61 627.08 838.36 659.87
00003631 00000346 532.76 186.26 466.95 614.98 683.50 391.74 889.44 429.38 781.76 558.99 664.88 620.98 832.78 653.55
00003632 00000347 531.05 183.83 462.03 610.86 679.34 392.26 883.50 427.87 776.84 553.69 658.12 616.52 832.25 646.88
00003633 00000348 527.51 188.69 458.08 603.51 671.56 390.15 876.02 426.69 768.24 548.17 651.39 614.57 824.74 645.74
00003634 00000349 522.90 184.57 458.98 609.93 666.60 387.16 869.23 424.04 760.24 545.69 647.10 614.03 816.46 645.31
00003635 00000350 520.98 177.66 457.05 616.70 661.19 384.73 865.66 420.88 753.43 546.48 644.12 619.18 806.62 649.93
00003636 00000351 515.93 170.40 458.94 625.43 655.20 384.70 859.46 419.10 746.94 544.32 643.33 624.13 797.87 653.53
00003637 00000352 511.02 170.63 459.72 622.53 646.37 385.67 853.04 416.02 739.20 541.64 643.00 627.76 789.23 654.22
00003638 00000353 506.78 169.74 458.01 617.67 639.07 387.10 845.36 416.74 729.78 540.68 635.50 625.52 780.29 651.51
00003639 00000354 503.04 168.71 457.25 618.86 633.21 388.31 840.36 416.79 726.08 540.41 631.22 626.44 777.41 651.53
00003640 00000355 500.08 161.27 455.38 627.98 629.15 388.18 836.14 416.28 723.21 541.81 628.26 627.24 774.00 652.15
00003641 00000356 498.58 162.09 454.24 629.54 625.89 390.61 834.57 417.09 721.79 543.79 626.19 630.09 773.89 653.81
00003642 00000357 498.37 163.40 452.58 628.46 624.24 397.32 831.02 423.16 719.38 548.05 622.66 632.24 773.54 655.66
00003643 00000358 498.74 172.06 449.16 620.56 620.42 410.43 829.16 432.68 714.49 557.36 621.07 638.30 775.83 659.19
00003644 00000359 498.76 181.14 447.30 616.16 620.36 422.50 827.68 443.84 714.54 567.52 621.46 648.54 773.27 669.10
00003645 00000360 499.68 190.47 447.78 615.31 621.57 427.78 829.84 451.97 716.47 571.56 621.56 655.12 771.88 677.75
00003646 00000361 498.61 210.19 448.59 603.68 620.48 436.56 830.23 457.72 717.95 581.17 625.97 664.55 774.85 684.32
00003647 00000362 502.71 208.10 448.91 613.93 620.47 444.22 830.56 465.53 716.90 591.67 626.45 673.05 777.16 692.87
00003648 00000363 502.01 204.35 462.60 627.84 621.47 456.06 828.46 476.13 710.88 602.44 629.69 683.97 777.43 701.72
00003649 00000364 509.16 240.17 455.24 598.05 632.47 468.88 841.66 489.28 727.99 613.81 635.63 691.37 787.39 709.72
00003650 00000365 516.36 250.77 445.61 600.10 638.87 477.83 845.79 505.07 730.92 628.13 633.26 697.92 790.31 722.64
00003651 00000366 518.89 264.97 445.67 595.27 642.36 486.40 847.17 515.19 731.45 639.88 632.28 705.27 788.97 731.77
00003652 00000367 523.01 265.33 445.58 603.68 644.55 494.93 847.26 524.33 732.34 647.82 634.63 715.69 788.10 742.72
00003653 00000368 522.07 274.38 449.82 601.24 646.32 499.18 847.35 530.21 732.01 655.70 634.15 719.46 785.83 747.95
00003654 00000369 521.73 275.37 450.32 605.61 643.87 504.01 845.19 535.08 728.63 660.33 631.52 724.31 785.59 752.54
00003655 00000370 517.40 282.11 452.38 603.35 636.90 508.26 842.08 538.36 721.46 662.35 627.28 729.29 783.64 756.69
00003656 00000371 514.08 284.88 455.37 602.95 631.29 509.84 838.89 539.45 715.84 665.32 623.58 732.96 780.06 759.99
00003657 00000372 510.94 283.63 457.65 604.07 626.48 511.79 836.25 540.21 711.08 666.34 619.89 735.01 777.43 761.00
00003658 00000373 509.65 276.80 456.85 612.05 624.56 514.21 832.42 541.60 708.61 665.37 617.53 736.10 775.44 761.14
00003659 00000374 510.28 276.19 455.24 613.35 622.99 515.14 832.66 541.97 708.03 666.95 617.03 737.40 776.92 761.86
00003660 00000375 511.48 277.53 457.60 610.86 625.01 515.60 834.66 543.38 709.03 667.89 618.86 737.50 777.34 762.79
00003661 00000376 505.87 281.50 465.23 610.40 625.18 515.49 836.21 544.36 710.60 680.83 620.83 738.05 775.58 764.05
00003662 00000377 509.74 288.93 460.01 605.77 632.51 519.56 836.48 548.12 714.61 682.61 626.00 737.59 777.99 763.37
00003663 00000378 511.81 285.53 457.45 610.07 633.47 522.05 837.44 549.95 714.68 682.05 626.44 739.50 777.15 764.79
00003664 00000379 507.86 284.91 462.90 609.28 629.11 517.19 834.76 548.49 708.91 680.89 621.24 738.77 769.58 766.87
00003665 00000380 505.99 278.99 464.64 612.86 623.14 511.29 829.06 544.69 703.57 676.82 615.70 737.48 762.33 767.20
00003666 00000381 506.28 275.13 462.07 618.08 619.57 508.84 826.45 542.42 700.38 672.75 615.09 739.55 761.90 769.20
00003667 00000382 512.75 285.41 452.42 603.81 626.77 512.12 832.84 537.62 712.21 664.65 621.72 737.93 772.07 761.82
00003668 00000383 519.67 276.01 451.01 610.90 632.78 511.11 837.69 535.73 719.50 660.11 629.80 735.76 782.73 758.57
00003669 00000384 523.74 279.45 449.44 605.94 645.71 513.08 847.47 535.62 735.95 661.22 643.65 734.61 794.49 755.82
00003670 00000385 528.73 288.40 448.41 605.92 653.88 512.07 855.67 530.73 749.11 652.44 657.07 739.03 802.09 755.04
00003671 00000386 530.38 287.40 448.68 608.75 659.23 505.35 860.53 526.70 754.10 649.09 659.51 736.21 804.61 754.11
00003672 00000387 529.72 274.61 452.50 607.77 660.01 505.09 863.10 528.49 756.94 647.53 661.67 728.11 813.82 749.16
00003673 00000388 540.34 258.55 448.25 616.35 663.83 498.38 869.60 521.03 761.68 639.72 665.44 726.42 820.92 746.25
00003674 00000389 543.17 259.31 449.50 615.49 668.43 492.55 872.76 512.21 769.69 631.68 673.43 724.83 828.05 741.85
00003675 00000390 545.85 249.14 453.37 622.71 675.68 484.91 878.58 504.48 775.76 625.50 678.32 718.86 832.82 735.69
00003676 00000391 552.92 249.15 455.52 621.31 684.36 478.59 887.72 502.36 778.64 626.11 680.06 710.56 831.57 732.29
00003677 00000392 557.61 257.14 453.98 613.16 688.27 479.17 891.31 504.55 780.81 627.77 681.75 710.31 831.75 733.53
00003678 00000393 561.61 255.92 454.66 616.76 693.37 477.01 891.99 506.81 782.62 627.77 686.04 710.07 828.28 737.07
00003679 00000394 563.57 258.42 456.41 613.20 698.41 478.01 898.76 507.01 787.63 627.95 690.88 709.56 832.22 735.82
00003680 00000395 566.46 257.55 456.60 609.71 701.96 474.71 906.04 507.63 791.29 628.07 690.80 706.32 835.12 735.72
00003681 00000396 567.05 247.29 458.60 617.98 702.88 468.54 908.37 502.26 792.48 625.19 691.40 703.41 836.10 733.29
00003682 00000397 567.86 242.04 460.73 623.32 702.55 463.82 908.30 497.69 792.14 622.30 691.44 701.82 836.22 731.59
00003683 00000398 568.98 235.73 462.49 630.12 703.80 456.89 907.61 489.91 791.72 618.06 695.64 700.00 839.76 728.79
00003684 00000399 570.00 228.53 463.19 633.03 701.83 449.95 908.42 484.47 788.92 613.49 693.29 692.50 842.30 722.27
00003685 00000400 566.55 220.80 467.02 634.72 698.11 442.57 905.96 480.90 783.42 609.88 687.81 681.88 838.78 714.55
00003686 00000401 563.02 214.77 462.41 631.77 686.92 439.80 895.62 475.03 773.18 598.85 679.70 673.70 835.12 704.56
00003687 00000402 560.66 210.38 461.90 625.80 681.95 433.81 890.47 472.58 763.78 595.78 670.54 665.21 826.20 698.85
00003688 00000403 557.31 215.94 461.75 613.81 678.55 427.24 886.84 469.32 757.53 585.65 663.33 657.15 819.77 693.43
00003689 00000404 556.83 206.95 462.52 617.35 675.88 422.26 883.57 462.03 754.08 578.70 660.25 650.66 818.28 685.05
00003690 00000405 554.57 214.68 461.74 607.39 676.95 416.14 886.94 454.49 756.16 575.61 659.48 648.12 818.53 681.74
00003691 00000406 556.28 207.45 459.97 613.67 680.65 416.00 891.86 449.40 766.78 576.00 668.67 651.27 827.33 680.88
00003692 00000407 557.87 204.17 458.18 613.14 685.02 416.18 895.50 446.45 775.28 573.17 676.86 652.00 833.74 679.07
00003693 00000408 555.33 201.14 456.69 615.66 683.68 416.25 893.78 445.65 775.42 572.53 676.36 651.93 834.94 678.20
00003694 00000409 550.38 206.39 457.04 612.78 676.49 420.76 886.44 451.10 764.56 576.09 666.74 650.17 828.29 677.30
00003695 00000410 537.57 205.32 463.01 609.97 661.41 424.58 869.82 459.97 744.93 570.59 649.83 650.35 814.93 679.77
00003696 00000411 531.42 206.53 458.51 608.21 652.42 425.91 856.55 459.44 732.95 571.88 640.89 650.65 800.25 679.51
00003697 00000412 525.56 208.53 453.49 604.84 644.47 424.87 846.10 458.28 722.18 570.89 631.57 650.39 787.35 679.86
00003698 00000413 522.74 193.91 457.58 621.76 640.79 421.75 844.30 455.55 717.19 575.48 628.82 647.80 783.58 677.80
00003699 00000414 519.96 199.83 459.07 615.04 640.23 421.42 843.83 456.58 716.92 575.02 627.19 647.43 780.01 678.51
00003700 00000415 521.76 201.04 452.28 608.62 640.27 429.23 839.91 458.90 720.13 570.48 629.57 652.89 781.82 679.94
00003701 00000416 524.31 199.19 453.91 616.94 644.20 440.24 845.14 467.76 724.30 578.17 635.11 655.75 788.65 680.20
00003702 00000417 522.63 213.31 451.68 600.07 651.37 452.92 850.08 476.47 737.52 581.75 645.84 660.05 798.72 681.40
00003703 00000418 523.41 222.22 454.03 598.42 654.73 458.86 854.96 478.93 744.82 588.69 651.55 666.31 806.86 684.28
00003704 00000419 525.25 231.42 450.57 592.36 654.31 463.54 853.38 484.07 742.79 593.99 651.06 670.48 806.35 688.21
00003705 00000420 527.98 238.39 446.07 586.15 645.09 462.26 846.27 483.19 731.60 592.60 641.05 671.18 799.15 689.14
00003706 00000421 524.10 212.75 449.12 612.25 634.16 461.25 838.52 482.70 714.75 594.34 627.67 669.83 789.30 688.90
00003707 00000422 520.64 202.28 461.29 630.16 624.64 452.53 831.95 481.18 703.00 599.67 623.80 674.45 780.98 700.02
00003708 00000423 525.71 211.11 457.77 630.30 631.61 453.19 836.91 483.92 708.57 606.71 628.73 681.50 779.48 708.90
00003709 00000424 535.17 237.80 449.56 611.88 648.17 463.11 850.90 491.32 726.38 608.86 637.55 689.58 791.68 713.63
00003710 00000425 540.42 236.94 449.05 618.53 657.09 468.39 858.80 495.24 738.65 611.61 649.49 694.43 805.11 716.87
00003711 00000426 543.36 232.85 449.76 624.69 659.34 470.43 861.35 498.31 742.19 614.44 652.36 697.14 811.50 720.06
00003712 00000427 545.54 236.16 450.88 622.89 662.35 471.07 865.68 501.30 745.88 617.60 652.81 697.94 813.56 722.97
00003713 00000428 548.05 230.34 452.33 630.47 667.36 474.32 868.99 506.19 751.71 621.20 657.53 699.17 820.63 725.25
00003714 00000429 553.28 242.83 452.21 618.44 670.23 476.61 874.14 506.69 754.75 628.12 661.16 700.19 828.42 724.90
00003715 00000430 555.87 241.67 453.91 621.82 676.66 479.46 880.32 506.80 763.72 630.37 670.81 702.68 837.81 725.13
00003716 00000431 558.46 243.37 457.59 616.50 680.02 477.71 892.06 504.51 771.44 635.82 675.58 700.53 837.32 724.61
00003717 00000432 559.81 240.32 457.41 620.02 681.74 475.79 892.73 505.61 771.26 634.23 675.29 698.47 836.69 724.92
00003718 00000433 560.51 243.29 458.12 617.17 682.01 474.17 893.46 507.67 768.93 634.72 672.03 697.09 834.52 726.52
00003719 00000434 560.58 240.72 457.66 619.76 683.58 476.27 893.78 507.64 771.76 635.63 675.71 698.53 835.69 726.42
00003720 00000435 559.82 244.68 458.20 618.11 686.31 477.30 896.18 509.23 775.10 637.88 677.41 700.69 835.14 729.20
00003721 00000436 558.26 251.64 457.18 611.64 682.01 480.23 890.79 509.90 769.30 640.13 675.01 704.05 828.65 730.85
00003722 00000437 548.63 255.78 455.39 604.57 667.87 477.25 873.24 510.59 749.07 633.82 654.69 701.08 817.41 729.32
00003723 00000438 539.30 248.15 453.01 604.30 655.35 473.13 859.98 508.03 730.06 625.33 636.99 693.63 797.08 723.33
00003724 00000439 531.66 255.26 452.92 597.02 645.24 472.41 846.84 509.38 716.14 625.43 626.98 691.24 781.67 723.10
00003725 00000440 531.16 250.68 453.77 604.36 642.77 474.31 848.23 507.24 719.04 626.49 629.99 698.66 783.02 727.40
00003726 00000441 535.90 258.58 446.97 603.70 646.21 477.75 852.17 508.91 726.61 631.46 635.77 707.64 788.89 735.29
00003727 00000442 536.46 257.60 447.96 611.86 649.69 487.49 854.30 520.55 731.29 644.66 641.18 719.68 791.34 749.01
00003728 00000443 531.70 268.93 449.88 610.99 645.42 500.70 849.72 533.20 725.91 660.05 636.12 730.25 788.49 759.04
00003729 00000444 521.48 273.33 459.17 620.43 638.36 509.55 845.17 539.34 718.01 678.32 632.69 734.11 789.00 761.05
00003730 00000445 520.48 273.59 458.78 621.15 635.63 513.83 842.70 542.73 715.94 681.74 630.94 735.30 789.00 761.55
00003731 00000446 523.94 277.61 452.81 614.87 642.06 517.13 846.90 544.43 726.47 671.58 634.32 735.94 794.01 760.53
00003732 00000447 524.23 274.99 459.07 620.41 650.16 521.12 860.10 540.70 745.35 676.05 647.61 741.78 811.93 759.75
00003733 00000448 527.67 277.29 466.22 628.10 660.98 527.77 871.20 546.63 759.32 684.71 662.25 750.25 824.73 766.90
00003734 00000449 535.36 296.50 457.45 625.36 675.11 537.11 874.56 559.96 773.03 692.42 672.93 761.96 833.00 780.96
00003735 00000450 535.67 308.36 459.72 623.82 674.74 552.20 879.17 572.08 777.96 706.67 668.72 771.54 839.69 788.85
00003736 00000451 534.73 327.80 461.47 608.57 673.55 561.18 882.75 582.64 776.50 721.21 662.71 775.05 838.37 794.83
00003737 00000452 534.14 333.81 461.62 608.00 672.03 564.37 880.15 591.13 769.24 727.00 657.92 778.61 831.48 802.82
00003738 00000453 531.32 342.57 463.91 605.73 666.30 564.81 873.91 598.04 756.37 729.56 647.91 780.27 819.14 809.79
00003739 00000454 528.69 344.55 460.01 606.92 663.23 564.22 869.93 599.72 752.58 730.35 641.45 783.41 810.00 814.99
00003740 00000455 526.71 343.62 459.66 605.02 661.32 559.80 869.29 593.47 752.60 729.75 642.77 782.33 808.97 812.74
00003741 00000456 528.19 332.93 453.51 605.63 660.74 554.88 871.03 583.37 758.32 722.00 648.08 777.73 815.07 803.98
00003742 00000457 526.13 327.94 456.81 603.80 661.91 548.06 873.58 570.84 765.69 715.60 651.77 769.85 824.46 791.26
00003743 00000458 524.48 310.69 460.64 617.75 666.64 536.53 874.63 553.46 774.76 700.41 663.50 762.69 835.73 778.09
00003744 00000459 525.27 304.90 462.17 609.85 668.52 527.46 879.43 537.95 783.41 687.75 676.90 758.04 844.85 767.38
00003745 00000460 528.76 293.81 461.73 616.27 672.18 519.25 884.44 524.63 791.70 679.69 686.78 755.29 853.32 759.83
00003746 00000461 533.12 288.33 461.50 617.50 678.36 513.34 888.77 516.83 799.71 676.20 700.24 757.67 854.35 759.95
00003747 00000462 537.16 287.75 460.99 612.52 680.90 506.57 892.82 510.74 801.83 665.29 705.32 756.78 854.17 758.88
00003748 00000463 540.18 265.33 461.49 631.35 680.22 505.45 895.97 511.86 802.53 666.63 702.73 750.34 862.17 756.09
00003749 00000464 539.98 260.41 464.28 631.44 684.14 501.83 898.99 506.01 807.87 660.02 707.27 744.77 867.76 748.10
00003750 00000465 543.63 258.79 462.17 631.27 689.12 495.99 904.53 500.01 813.15 653.76 710.59 741.22 874.21 743.92
00003751 00000466 552.00 254.21 457.91 634.07 699.49 489.77 918.26 496.44 823.85 647.60 714.64 732.33 874.41 740.60
00003752 00000467 556.30 256.31 455.97 630.49 708.54 488.17 922.94 496.63 830.03 645.14 720.41 727.58 877.38 737.47
00003753 00000468 558.52 258.23 459.38 622.66 714.81 482.76 926.56 492.96 834.80 643.89 723.86 722.00 879.49 733.44
00003754 00000469 565.68 242.28 455.34 633.03 721.57 478.78 930.66 489.24 840.83 639.18 728.53 716.42 885.68 727.67
00003755 00000470 571.96 244.85 453.18 622.67 726.67 475.18 932.81 485.94 844.12 631.87 733.72 710.90 888.77 722.40
00003756 00000471 576.88 240.12 453.69 620.99 730.73 470.03 938.29 483.53 847.06 631.00 733.56 706.20 890.88 719.73
00003757 00000472 580.65 243.24 455.82 613.67 735.93 468.09 944.31 481.41 853.51 630.52 737.41 705.83 893.10 719.29
00003758 00000473 582.67 243.42 457.20 610.73 739.88 466.20 948.43 479.65 858.30 628.73 741.14 704.00 897.90 717.21
00003759 00000474 584.55 248.11 458.03 607.86 742.90 462.89 951.57 478.49 860.69 627.76 747.47 707.47 897.75 722.54
00003760 00000475 585.67 244.79 462.80 612.18 746.96 459.15 954.09 475.02 863.92 623.94 746.05 700.84 899.82 715.89
00003761 00000476 584.50 231.29 463.28 621.03 746.25 457.53 950.43 474.04 859.56 618.15 744.15 693.28 899.93 708.20
00003762 00000477 579.83 235.72 462.72 607.17 741.22 465.98 939.79 478.14 848.85 614.85 738.80 690.79 890.00 701.81
00003763 00000478 577.75 212.22 459.45 617.14 728.81 460.77 932.62 470.50 835.13 605.59 728.29 676.67 878.33 687.85
00003764 00000479 575.28 200.10 450.19 621.10 717.01 436.25 924.41 450.96 824.48 587.43 720.35 665.55 873.99 680.41
00003765 00000480 571.32 190.39 450.57 620.84 707.99 416.52 922.12 436.21 817.45 576.42 711.21 656.29 863.80 675.62
00003766 00000481 562.49 172.64 456.26 629.56 701.88 403.69 914.62 426.08 808.52 567.73 702.17 642.83 857.01 664.28
00003767 00000482 558.27 167.12 457.21 627.46 695.66 397.28 907.36 417.48 804.15 555.99 701.47 636.83 854.65 655.80
00003768 00000483 553.50 173.08 455.87 618.11 689.10 391.76 899.38 407.55 794.47 544.74 698.96 636.47 860.76 647.84
00003769 00000484 548.09 172.30 458.56 612.60 684.29 388.04 894.64 401.43 792.10 539.46 694.53 629.07 859.76 638.83
00003770 00000485 544.65 166.56 459.66 614.99 681.74 384.08 891.72 396.90 791.12 535.86 690.76 624.01 856.51 633.87
00003771 00000486 542.95 161.92 460.40 615.50 680.08 380.30 890.47 392.84 791.28 529.85 689.41 618.14 857.52 627.98
00003772 00000487 541.03 163.24 460.39 614.44 681.89 380.24 889.67 392.73 792.87 525.31 689.24 615.24 856.26 625.05
00003773 00000488 542.77 159.91 458.45 615.70 686.00 385.51 889.92 397.72 794.48 524.40 688.20 613.09 858.06 622.80
00003774 00000489 543.06 155.32 462.55 617.17 688.53 383.46 893.14 397.44 797.33 523.39 690.09 608.79 861.37 619.93
00003775 00000490 546.01 152.46 462.54 622.47 692.26 381.15 896.44 397.81 801.25 524.24 693.82 609.49 866.34 622.43
00003776 00000491 550.75 146.87 459.73 630.50 697.85 380.63 899.00 398.33 805.15 528.12 701.64 614.29 866.67 627.46
00003777 00000492 557.85 146.37 457.33 630.59 698.77 380.79 906.40 399.53 807.93 530.27 706.24 622.50 872.07 636.07
00003778 00000493 567.31 164.43 458.18 616.93 710.93 380.84 925.33 406.53 816.57 537.44 706.47 619.33 871.50 641.40
00003779 00000494 573.58 169.18 461.77 625.78 725.72 380.54 931.81 408.12 829.76 539.38 721.81 627.85 874.24 651.77
00003780 00000495 576.62 167.33 461.81 634.91 736.31 385.75 936.61 417.17 838.62 544.38 724.96 625.80 882.24 652.86
00003781 00000496 579.85 178.46 460.37 621.74 741.16 392.34 940.47 427.16 842.79 554.16 723.63 625.57 882.12 655.76
00003782 00000497 581.63 183.37 461.45 613.80 742.55 398.93 943.88 435.34 842.09 563.41 720.52 627.17 878.66 659.65
00003783 00000498 582.36 189.97 464.46 607.28 746.50 405.37 947.78 443.93 843.93 572.83 719.93 630.82 877.62 665.68
00003784 00000499 584.94 191.22 469.54 610.04 754.47 410.46 953.98 453.12 850.14 578.30 722.84 635.77 880.48 673.92
00003785 00000500 589.22 182.49 474.85 623.88 759.87 413.72 962.62 454.76 859.62 582.97 729.67 641.91 889.19 678.41
00003786 00000501 595.11 189.75 471.47 623.76 764.22 418.86 971.34 454.11 867.80 589.98 736.73 647.73 896.61 679.27
00003787 00000502 596.66 192.72 473.09 625.26 768.62 421.88 974.68 455.58 872.93 592.30 741.11 651.55 901.11 681.89
00003788 00000503 596.65 191.84 470.55 627.98 768.00 423.28 973.28 456.51 872.03 594.99 740.67 653.09 900.37 683.06
00003789 00000504 593.84 206.03 469.65 614.49 765.12 425.37 973.01 459.28 869.79 599.27 738.05 654.49 898.76 685.38
00003790 00000505 589.32 204.82 470.08 615.48 761.25 428.91 969.79 461.49 866.17 602.54 734.99 655.70 897.23 685.40
00003791 00000506 584.74 200.18 471.85 622.02 753.08 433.15 961.58 463.60 861.88 603.90 732.85 659.06 895.69 687.40
00003792 00000507 582.32 209.49 468.43 615.79 749.48 435.00 958.02 464.36 858.59 605.21 729.57 661.66 890.85 689.46
00003793 00000508 578.25 212.65 467.64 612.83 743.90 439.88 951.86 465.59 853.98 606.18 729.32 666.81 884.60 691.37
00003794 00000509 572.14 217.56 467.90 609.23 736.38 439.09 943.32 466.97 844.28 605.40 725.91 668.25 876.51 694.27
00003795 00000510 563.42 216.20 466.09 613.46 726.16 440.67 932.63 464.98 835.50 605.74 719.40 670.69 869.65 693.92
00003796 00000511 559.24 216.29 460.41 617.03 715.30 440.65 923.81 464.23 824.66 606.18 709.96 676.55 860.17 699.12
00003797 00000512 551.15 208.51 460.30 629.05 705.81 438.94 917.32 460.73 818.22 606.05 704.34 683.38 849.61 704.21
00003798 00000513 544.85 202.50 458.69 637.21 694.96 438.41 907.79 460.36 807.21 606.04 695.27 686.09 841.94 706.71
00003799 00000514 536.71 208.79 457.08 624.83 684.03 440.65 897.49 461.29 794.84 605.45 685.67 681.79 836.65 701.00
00003800 00000515 517.11 213.00 463.11 617.98 670.84 442.52 879.79 460.48 785.87 601.50 676.92 676.74 828.75 693.58
00003801 00000516 504.76 214.42 462.88 617.31 662.90 435.21 867.73 457.19 772.92 595.28 663.95 668.69 815.41 689.31
00003802 00000517 498.45 204.17 454.92 622.94 649.23 435.59 856.18 452.63 761.22 589.18 654.91 668.78 808.56 685.46
00003803 00000518 492.47 208.33 457.66 620.27 638.81 435.30 850.82 450.84 751.56 592.80 645.66 670.83 799.94 686.20
00003804 00000519 486.21 206.83 455.57 621.33 632.87 435.76 844.45 450.61 745.83 592.91 642.79 671.74 794.25 686.55
00003805 00000520 484.46 204.40 453.44 626.07 630.46 432.97 841.46 448.19 744.60 591.16 643.44 674.98 786.96 690.37
00003806 00000521 479.49 208.14 459.78 617.94 629.41 436.25 834.91 449.77 747.12 585.60 648.23 675.00 799.96 683.99
00003807 00000522 485.25 209.16 453.94 620.78 635.99 434.04 846.43 448.94 750.55 589.90 645.06 671.78 796.67 686.71
00003808 00000523 487.41 206.32 453.56 628.51 642.65 436.91 851.77 449.36 761.10 592.61 652.43 674.77 804.62 687.73
00003809 00000524 490.71 205.92 455.30 634.21 645.92 442.08 854.72 451.46 765.15 596.18 659.53 682.93 806.52 693.37
00003810 00000525 491.33 210.62 452.55 629.58 642.11 443.36 854.57 452.08 763.75 599.71 658.70 687.48 807.98 697.33
00003811 00000526 484.70 217.60 455.48 613.53 636.49 446.09 844.39 453.88 758.94 598.87 663.43 691.14 812.91 694.94
00003812 00000527 480.79 219.50 454.31 611.17 632.88 447.76 836.52 458.18 751.15 598.21 660.92 693.42 805.00 699.02
00003813 00000528 476.47 213.36 459.70 619.39 624.97 450.84 830.43 461.30 742.56 602.49 654.84 698.64 799.25 704.30
00003814 00000529 474.85 216.92 457.98 625.26 618.71 456.18 826.64 464.59 740.37 605.28 649.03 707.32 795.98 711.72
00003815 00000530 472.59 221.31 459.14 625.43 617.44 458.61 827.09 468.53 739.45 610.40 644.37 709.33 793.76 715.67
00003816 00000531 470.01 223.71 462.86 626.64 612.31 457.54 824.85 467.75 732.06 612.00 636.32 710.77 788.15 717.75
00003817 00000532 467.22 226.02 461.48 623.84 611.31 457.32 821.41 467.82 728.72 610.14 634.20 707.91 784.33 715.31
00003818 00000533 466.80 226.88 463.40 624.87 615.40 465.73 819.61 474.76 730.33 609.33 631.90 705.35 784.48 711.69
00003819 00000534 464.56 225.24 463.39 627.79 611.46 456.37 820.05 464.32 730.67 608.52 628.80 702.54 785.36 707.94
00003820 00000535 464.95 224.90 459.72 623.62 602.64 444.78 815.79 453.92 720.77 605.36 621.64 697.66 776.95 704.38
00003821 00000536 459.29 217.87 455.48 627.13 594.55 441.90 803.64 453.48 708.49 600.84 611.38 692.52 761.67 701.48
00003822 00000537 452.87 198.53 459.10 643.77 586.94 441.06 796.88 454.14 699.08 599.59 601.33 684.31 757.67 696.57
00003823 00000538 451.48 198.40 456.73 638.91 584.54 440.08 796.38 451.52 698.47 596.15 598.95 681.09 758.20 692.01
00003824 00000539 452.27 198.05 453.38 635.94 585.87 438.96 797.32 450.20 701.01 594.36 601.37 678.89 760.29 689.77
00003825 00000540 452.34 199.84 456.48 632.07 586.89 437.60 799.03 448.65 703.24 591.69 604.21 678.26 763.18 688.90
00003826 00000541 454.14 198.72 456.60 630.17 590.24 435.67 801.47 447.29 706.77 589.60 607.58 676.00 766.09 686.93
00003827 00000542 455.36 199.56 464.00 629.95 593.92 434.32 807.26 446.64 710.60 590.92 611.53 674.66 771.64 685.84
00003828 00000543 459.82 205.33 464.44 623.00 599.48 435.63 813.28 447.92 716.47 589.65 615.52 673.70 777.00 684.62
00003829 00000544 464.44 207.80 464.95 620.25 603.88 435.15 817.87 448.74 721.69 589.38 619.94 673.66 782.59 685.11
00003830 00000545 468.16 201.27 464.50 625.39 607.90 434.87 819.99 447.02 725.14 588.56 625.12 673.15 786.87 683.09
00003831 00000546 471.79 208.97 462.73 616.71 613.12 431.54 824.85 443.02 730.71 583.26 630.30 675.28 788.28 683.08
00003832 00000547 473.13 207.57 461.92 620.98 615.19 430.22 825.27 442.56 731.18 582.09 631.45 675.07 787.10 683.52
00003833 00000548 474.12 208.08 461.50 620.39 615.28 430.14 824.82 442.02 730.26 580.99 631.51 675.08 784.99 683.08
00003834 00000549 472.75 204.30 460.91 621.75 613.34 429.02 821.14 441.81 726.83 579.08 629.33 673.14 780.87 681.83
00003835 00000550 470.87 210.95 459.06 613.12 607.78 427.34 817.22 439.69 721.70 577.26 625.39 671.51 777.98 679.89
00003836 00000551 469.00 205.07 457.92 618.28 603.41 424.80 814.95 437.28 718.15 575.78 621.98 671.27 773.07 679.79
00003837 00000552 467.66 207.22 456.98 613.99 600.75 423.05 814.63 436.78 716.33 574.75 618.28 668.47 773.31 678.11
00003838 00000553 467.63 207.97 457.73 608.85 601.49 422.51 815.41 436.34 716.67 574.21 618.08 666.25 773.77 676.04
00003839 00000554 467.49 211.33 457.92 604.09 608.59 425.91 818.35 441.11 723.25 572.34 624.56 664.72 777.51 675.49
00003840 00000555 469.84 209.05 457.82 609.17 623.45 429.76 821.20 441.41 738.03 571.68 641.43 667.30 782.94 674.95
00003841 00000556 473.70 206.57 458.77 609.00 620.32 421.47 831.29 433.33 742.90 570.77 641.20 667.50 793.45 674.89
00003842 00000557 473.32 177.04 455.61 634.20 614.40 417.41 826.21 426.23 735.20 569.33 636.08 665.96 795.47 672.73
00003843 00000558 471.94 184.45 456.28 626.34 606.31 412.56 821.96 424.86 726.15 566.02 623.03 659.80 789.11 669.86
00003844 00000559 471.23 201.06 456.62 611.39 606.30 407.50 821.71 423.37 721.41 559.20 624.67 659.50 775.35 670.55
00003845 00000560 472.17 194.77 460.77 622.72 612.79 409.19 827.07 422.71 729.93 560.60 630.32 656.37 786.21 665.10
00003846 00000561 476.29 197.16 460.87 620.48 620.34 412.79 830.16 425.69 737.66 562.89 634.43 656.59 792.14 664.93
00003847 00000562 476.69 195.83 461.37 619.54 621.96 414.58 833.19 426.54 743.54 564.47 639.63 657.04 797.40 664.54
00003848 00000563 478.18 202.03 460.68 612.77 624.45 416.57 836.55 427.45 747.71 566.83 641.83 657.07 802.23 663.95
00003849 00000564 479.31 205.15 460.66 606.74 630.21 416.80 840.67 428.86 753.18 567.46 645.01 653.99 806.22 662.05
00003850 00000565 483.76 204.64 456.69 604.69 636.36 415.98 845.95 426.18 760.76 567.64 649.27 653.88 811.65 660.82
00003851 00000566 489.14 193.53 454.08 616.02 645.70 413.63 856.69 425.14 768.48 564.70 655.67 649.97 816.35 662.05
00003852 00000567 492.74 191.26 456.59 613.38 651.45 411.61 861.43 423.05 775.23 562.50 662.55 645.59 823.35 657.62
00003853 00000568 494.29 190.73 455.59 610.25 658.83 407.94 863.35 420.50 782.36 557.86 666.19 639.88 826.54 652.74
00003854 00000569 494.30 184.69 454.80 612.83 658.90 402.14 862.95 417.34 780.77 549.01 664.90 634.75 825.98 649.27
00003855 00000570 487.35 183.93 459.10 604.58 647.82 391.82 857.80 402.40 776.28 540.23 658.84 628.17 823.39 634.93
00003856 00000571 482.13 182.48 454.07 594.33 636.36 386.57 846.39 393.93 764.15 531.59 651.90 619.75 818.80 623.91
00003857 00000572 477.49 179.87 455.19 585.30 627.58 377.62 839.09 385.23 753.60 517.24 645.59 607.97 811.73 612.25
00003858 00000573 472.62 164.67 454.36 600.11 622.40 371.76 827.20 384.02 744.55 499.25 642.10 599.56 808.59 608.02
00003859 00000574 470.94 161.25 453.22 602.11 618.05 367.86 822.48 379.51 739.80 495.85 637.17 598.36 801.96 606.32
00003860 00000575 469.50 166.54 455.08 595.99 613.89 366.71 819.95 378.59 733.66 494.58 632.15 597.77 796.18 605.98
00003861 00000576 470.18 162.77 455.18 601.68 613.38 366.19 819.23 378.87 731.86 495.36 630.43 598.94 793.59 607.82
00003862 00000577 471.40 162.61 455.40 603.55 612.58 367.28 819.68 380.21 729.98 497.32 628.69 600.15 793.32 609.34
00003863 00000578 473.54 165.26 456.91 601.25 612.12 369.35 821.81 383.53 728.45 499.74 626.82 601.47 795.33 611.85
00003864 00000579 475.46 167.27 457.42 597.65 615.61 371.29 826.10 384.54 731.14 503.14 631.63 603.53 798.78 613.01
00003865 00000580 478.27 157.83 457.79 610.30 620.54 371.70 828.07 386.87 733.36 506.51 635.78 606.20 798.54 616.86
00003866 00000581 481.02 156.90 456.48 611.74 624.44 373.61 830.49 390.59 735.58 508.45 639.02 609.71 797.93 621.84
00003867 00000582 484.37 161.71 458.54 610.56 629.76 373.46 834.49 388.95 739.19 513.89 644.63 612.62 798.83 623.26
00003868 00000583 485.93 168.42 460.26 605.20 631.64 376.59 838.65 392.22 740.44 518.12 644.52 612.37 804.68 623.34
00003869 00000584 488.87 175.29 461.90 597.30 632.94 375.52 844.16 395.02 742.35 523.95 638.72 606.98 802.69 621.04
00003870 00000585 489.34 170.96 457.82 601.19 632.71 381.16 840.48 397.34 740.98 522.32 641.70 611.12 810.43 623.00
00003871 00000586 491.96 174.32 457.79 597.66 632.35 382.46 841.03 399.25 740.20 524.44 640.84 610.95 811.74 623.50
00003872 00000587 493.61 178.98 458.70 589.24 632.21 379.02 845.41 400.84 740.41 528.82 635.73 606.88 806.09 622.79
00003873 00000588 493.21 169.72 458.17 600.65 632.17 383.51 841.65 402.85 738.10 526.23 639.06 610.94 810.58 625.65
00003874 00000589 494.03 168.82 456.23 602.66 632.05 382.03 840.76 402.45 736.94 527.39 637.40 612.47 807.63 628.15
00003875 00000590 495.38 168.27 454.86 603.80 633.59 385.26 840.45 407.09 735.84 526.94 637.71 613.85 806.38 630.59
00003876 00000591 494.95 167.90 458.76 607.48 636.54 384.20 843.58 411.60 735.62 528.80 635.13 610.04 790.91 633.31
00003877 00000592 495.19 165.45 457.97 610.59 637.67 385.08 842.90 412.84 736.10 530.40 634.86 609.80 790.91 633.45
00003878 00000593 495.33 172.29 458.70 603.82 637.64 387.01 845.71 413.79 736.82 532.18 633.10 610.68 794.98 633.29
00003879 00000594 495.27 173.35 458.39 603.66 638.34 387.25 846.15 414.44 737.98 533.88 633.42 611.08 795.66 634.11
00003880 00000595 494.70 172.32 458.90 604.37 638.75 387.50 846.37 415.48 737.94 534.20 631.90 609.48 796.15 633.07
00003881 00000596 494.29 173.99 459.69 602.24 639.73 388.15 847.01 416.72 737.91 534.90 630.61 608.06 796.01 632.21
00003882 00000597 492.05 167.56 457.87 605.67 635.40 392.79 837.72 415.33 733.63 535.04 631.94 611.47 803.28 629.55
00003883 00000598 485.31 164.52 458.18 608.64 626.40 393.89 827.50 413.90 724.55 535.04 623.91 611.13 796.59 627.02
00003884 00000599 480.32 174.32 456.82 600.25 617.54 393.42 821.06 411.70 717.11 532.88 616.28 609.78 792.77 624.49
00003885 00000600 476.03 170.32 458.74 603.04 612.10 394.52 817.94 411.64 713.58 532.13 611.50 610.17 789.98 623.85
00003886 00000601 472.56 174.04 458.90 599.22 609.10 393.78 813.78 412.03 709.49 529.30 607.93 608.38 784.78 623.12
00003887 00000602 469.42 173.42 459.13 602.76 608.17 392.34 810.71 411.62 707.93 528.40 607.17 609.08 781.53 624.57
00003888 00000603 467.49 171.27 458.39 608.28 605.77 391.37 808.55 411.71 706.06 528.40 603.57 609.79 778.68 626.22
00003889 00000604 465.29 172.33 458.31 601.70 605.43 393.12 806.39 413.35 705.61 529.88 602.62 606.71 778.03 623.25
00003890 00000605 463.19 174.06 457.73 597.29 602.71 394.32 803.85 414.08 703.64 529.85 598.56 603.85 776.57 620.19
00003891 00000606 461.39 174.73 456.08 595.98 600.02 395.27 801.72 414.90 702.64 531.59 597.28 604.86 774.33 621.21
00003892 00000607 460.50 175.61 453.94 595.56 598.54 395.81 801.16 417.29 700.72 533.38 595.23 605.96 772.48 623.92
00003893 00000608 460.98 177.09 453.94 597.78 599.29 399.68 801.67 420.52 702.64 535.75 595.60 609.08 772.57 626.53
00003894 00000609 463.35 176.63 455.12 599.61 601.86 405.93 804.08 424.49 706.59 540.35 599.52 614.60 775.51 630.16
00003895 00000610 467.60 183.01 457.94 598.13 607.30 408.64 812.78 425.74 711.02 550.14 601.92 618.10 782.33 633.09
00003896 00000611 472.84 178.27 456.17 609.77 612.79 412.81 815.56 428.64 717.15 557.36 608.67 624.36 786.13 638.12
00003897 00000612 484.41 178.70 453.99 612.25 624.89 413.18 829.97 434.89 725.42 563.39 617.95 628.59 786.24 648.88
00003898 00000613 495.20 183.04 451.11 613.31 639.64 420.40 842.21 447.38 737.37 569.61 625.46 633.85 791.20 658.82
00003899 00000614 504.30 192.62 452.89 609.83 651.30 427.99 848.82 451.74 749.05 572.69 639.16 640.05 799.90 662.45
00003900 00000615 516.68 201.78 451.60 601.39 662.68 437.47 861.42 459.80 761.85 579.69 652.56 642.57 816.09 663.84
00003901 00000616 524.11 206.12 455.69 590.61 674.29 439.17 874.48 461.41 775.83 580.97 660.96 637.48 829.87 658.44
00003902 00000617 528.54 190.88 455.81 606.01 678.09 424.34 881.35 450.03 781.73 575.82 657.95 628.63 835.84 652.35
00003903 00000618 527.31 193.15 454.31 599.37 671.84 408.00 878.20 437.47 774.19 569.12 650.58 618.93 832.36 645.91
00003904 00000619 523.96 179.48 451.00 609.66 667.76 399.87 869.96 431.96 764.26 559.66 641.09 610.32 823.54 639.02
00003905 00000620 521.46 172.68 449.54 619.34 662.94 396.15 864.05 427.69 757.23 552.72 641.26 612.03 820.44 639.42
00003906 00000621 517.89 176.27 454.38 618.50 658.90 394.80 866.20 425.43 756.86 551.74 645.95 624.25 811.87 651.04
00003907 00000622 517.89 187.03 452.36 605.67 657.35 395.03 866.60 420.98 763.13 549.43 652.33 628.07 817.99 651.19
00003908 00000623 518.96 191.67 453.85 601.57 661.74 395.96 869.76 418.49 772.73 548.34 663.93 632.96 825.00 653.52
00003909 00000624 520.12 188.74 453.64 605.26 669.24 398.38 874.41 416.64 785.94 543.73 675.32 632.52 836.74 649.20
00003910 00000625 524.42 189.93 453.91 604.15 673.51 399.73 877.65 414.53 791.79 541.38 680.64 630.51 845.85 643.88
00003911 00000626 533.03 200.25 448.44 597.49 676.33 395.63 889.47 411.70 796.80 542.02 684.97 630.33 850.02 642.15
00003912 00000627 532.76 188.71 455.56 608.72 680.96 406.96 888.94 420.32 802.23 552.67 688.89 634.58 862.27 646.46
00003913 00000628 538.90 204.30 452.49 602.25 689.21 405.35 899.27 423.23 808.17 558.14 692.41 638.71 858.63 652.02
00003914 00000629 541.59 198.90 459.04 618.57 695.89 410.14 903.44 429.84 813.97 564.81 697.10 644.11 862.55 658.80
00003915 00000630 544.63 198.36 461.59 622.84 701.15 414.90 909.68 433.70 820.33 569.15 703.57 650.62 868.90 664.59
00003916 00000631 550.54 197.39 455.73 624.57 706.30 418.38 917.48 437.13 823.90 572.98 708.83 653.46 870.71 671.59
00003917 00000632 551.76 199.09 455.27 622.18 707.82 420.47 918.22 439.43 825.27 573.30 712.20 655.62 870.97 673.93
00003918 00000633 552.61 200.12 454.31 621.29 709.32 421.95 918.47 441.29 825.74 576.93 713.98 657.81 868.15 676.58
00003919 00000634 552.36 195.37 453.31 625.98 709.10 422.14 917.54 441.63 826.50 576.39 714.10 658.45 867.12 677.29
00003920 00000635 550.22 191.65 453.04 627.86 707.27 421.24 915.56 440.31 824.03 573.76 712.22 657.06 864.96 675.39
00003921 00000636 541.07 202.92 456.85 613.32 697.35 419.42 900.72 437.91 815.22 570.44 709.22 658.49 856.57 671.95
00003922 00000637 535.50 206.48 455.11 610.62 687.69 415.39 893.09 431.96 803.94 570.55 697.57 657.25 845.77 669.63
00003923 00000638 529.51 206.61 448.10 609.73 677.70 411.81 883.99 429.87 792.63 567.34 686.82 658.11 831.35 671.91
00003924 00000639 518.82 183.89 451.06 626.82 667.57 411.89 872.27 431.42 781.81 565.53 678.45 653.30 827.68 671.67
00003925 00000640 507.50 190.76 449.82 622.21 651.20 409.50 857.53 424.47 765.59 562.98 666.89 654.70 816.29 669.72
00003926 00000641 498.57 207.35 451.01 605.79 644.02 414.26 849.53 423.97 759.44 565.84 661.51 661.08 806.01 667.51
00003927 00000642 489.84 201.41 455.64 616.33 637.69 414.55 843.02 426.75 752.17 563.43 652.66 660.63 800.10 668.63
00003928 00000643 484.62 207.23 457.41 612.21 632.41 417.53 837.98 429.01 749.10 564.70 646.53 659.21 799.56 666.56
00003929 00000644 481.13 212.30 460.04 607.02 627.71 418.22 835.43 429.75 745.58 564.55 640.09 656.93 799.82 664.66
00003930 00000645 480.08 207.87 460.88 610.78 626.37 417.67 834.81 429.29 744.79 564.55 638.09 655.49 800.00 663.10
00003931 00000646 478.98 207.38 461.22 610.32 625.28 417.03 835.21 428.05 745.74 563.58 636.64 652.66 803.09 659.72
00003932 00000647 479.45 209.57 460.95 604.60 626.38 415.95 837.83 427.43 747.23 562.99 637.59 649.46 806.07 657.05
00003933 00000648 479.08 206.17 459.08 599.90 629.35 414.61 840.95 426.50 752.01 560.40 638.93 644.31 809.72 652.43
00003934 00000649 478.03 202.39 458.44 599.59 631.33 414.19 842.05 424.58 756.14 560.23 642.80 642.06 812.99 648.88
00003935 00000650 476.94 201.05 458.53 598.28 630.16 410.53 841.66 421.09 755.00 557.26 639.68 637.86 811.96 644.90
00003936 00000651 471.63 201.84 457.31 593.08 622.18 406.06 836.02 415.16 747.39 551.25 633.94 634.70 806.51 640.18
00003937 00000652 465.14 209.70 452.34 581.82 607.46 399.80 823.88 410.70 731.49 548.33 622.76 632.13 791.76 639.12
00003938 00000653 454.60 196.07 453.97 593.38 596.68 403.79 803.35 413.19 718.54 544.83 604.85 626.71 778.07 635.67
00003939 00000654 447.18 195.45 451.78 594.42 580.38 401.42 792.06 411.32 698.38 544.88 592.87 629.78 765.87 639.24
00003940 00000655 437.90 194.02 453.45 601.51 570.57 403.47 785.36 412.67 685.84 549.12 582.66 634.13 755.49 643.37
00003941 00000656 431.05 198.54 455.59 599.25 566.68 404.32 782.23 417.35 678.94 552.37 576.21 635.46 747.70 648.17
00003942 00000657 429.00 197.35 454.59 602.30 562.57 406.34 778.94 418.52 674.66 551.87 574.81 639.25 744.70 651.02
00003943 00000658 428.03 203.64 454.28 598.84 557.01 412.99 774.62 421.20 673.36 555.13 574.58 647.07 745.16 651.92
00003944 00000659 428.45 203.41 452.61 603.94 555.94 412.25 772.09 418.76 671.56 556.11 577.91 655.12 738.80 658.31
00003945 00000660 429.26 200.61 449.97 599.48 551.54 412.17 772.68 418.08 670.61 560.63 575.84 658.35 739.94 661.22
00003946 00000661 430.16 192.74 449.23 609.97 556.07 405.99 775.61 415.46 672.19 554.62 578.68 653.17 736.70 662.87
00003947 00000662 433.03 205.84 448.08 594.06 557.56 411.30 774.71 416.08 676.16 559.31 582.02 658.48 739.55 660.68
00003948 00000663 434.61 201.49 445.04 601.47 565.81 406.90 775.55 417.16 680.91 555.29 591.38 654.15 736.42 665.35
00003949 00000664 437.33 194.61 447.69 604.75 568.73 406.45 776.88 415.65 683.47 553.14 593.29 648.78 739.34 659.10
00003950 00000665 437.16 197.38 450.73 600.07 567.74 404.41 779.04 413.99 682.12 549.18 589.40 643.61 743.62 653.70
00003951 00000666 437.63 199.12 450.41 594.53 567.14 401.78 780.04 412.19 680.25 547.47 588.09 641.07 743.31 651.79
00003952 00000667 438.55 197.01 450.69 595.83 567.40 401.07 780.12 411.18 680.71 546.26 588.90 640.32 743.94 650.77
00003953 00000668 441.57 194.24 450.56 600.14 571.44 401.37 782.86 411.51 685.57 545.95 591.91 640.37 747.30 650.92
00003954 00000669 446.86 192.54 449.27 603.28 581.43 404.15 791.22 416.76 697.65 550.31 599.73 641.29 755.54 653.93
00003955 00000670 451.20 192.98 448.10 604.41 591.64 406.57 799.75 420.68 710.06 557.42 608.09 643.89 763.09 657.72
00003956 00000671 458.81 213.01 438.57 589.39 600.63 407.45 805.72 420.67 717.46 554.82 619.29 650.59 762.41 659.96
00003957 00000672 460.26 217.59 440.15 584.30 602.72 408.68 809.44 419.68 721.43 555.82 622.33 651.36 768.02 658.96
00003958 00000673 461.71 211.81 441.69 587.58 606.74 406.18 815.52 416.95 729.40 553.25 628.63 650.35 777.42 657.18
00003959 00000674 468.61 202.39 448.93 594.79 623.43 406.78 829.28 414.28 748.98 551.72 646.05 650.41 795.75 653.89
00003960 00000675 478.56 202.10 455.81 591.25 640.60 403.80 846.75 410.45 771.23 553.81 663.96 646.57 814.02 650.01
00003961 00000676 487.72 203.73 452.20 588.20 650.52 401.76 855.01 405.22 787.27 548.93 674.27 645.28 826.97 646.06
00003962 00000677 492.14 188.27 449.15 607.25 664.71 404.16 859.47 412.10 792.20 550.00 681.30 640.44 828.13 649.61
00003963 00000678 496.99 191.34 448.86 601.63 667.55 403.57 862.82 411.53 796.18 549.86 684.54 639.61 831.80 648.94
00003964 00000679 500.48 194.20 450.99 597.68 668.41 404.70 867.88 412.26 799.83 550.49 686.91 640.50 837.53 649.37
00003965 00000680 502.80 195.34 450.78 597.20 668.23 407.97 869.04 413.12 801.63 551.76 690.90 642.83 842.13 649.69
00003966 00000681 504.39 198.38 449.38 595.29 668.66 410.68 868.35 414.30 801.88 554.57 691.95 645.15 842.39 650.98
00003967 00000682 502.53 197.16 449.53 597.31 667.88 410.63 867.78 415.41 799.77 554.92 691.81 646.21 840.18 652.97
00003968 00000683 498.59 195.28 449.21 603.80 668.81 411.31 864.68 417.29 796.52 559.41 695.64 651.50 835.30 659.27
00003969 00000684 502.92 202.83 445.96 597.34 676.51 413.62 868.33 421.20 803.16 562.78 701.60 656.70 834.42 665.61
00003970 00000685 516.04 211.38 436.09 585.11 684.18 404.69 881.33 412.61 813.61 555.31 711.21 657.82 837.37 662.03
00003971 00000686 517.13 208.76 440.80 582.38 681.97 401.62 882.32 404.55 813.27 548.24 715.67 653.23 843.84 653.03
00003972 00000687 509.11 183.34 447.93 603.27 675.45 405.18 868.91 402.23 807.58 544.78 712.28 649.39 846.96 648.81
00003973 00000688 511.47 182.29 445.84 604.96 674.68 402.51 869.79 398.47 807.16 542.58 715.42 649.98 848.16 648.18
00003974 00000689 516.20 174.43 445.92 613.97 674.84 401.67 873.51 394.87 810.74 541.73 718.25 650.58 854.91 646.03
00003975 00000690 516.53 196.53 444.04 600.40 676.12 396.59 875.41 392.08 809.57 538.85 720.00 649.70 849.97 643.49
00003976 00000691 510.70 211.70 444.08 586.10 667.28 397.32 867.40 395.32 796.53 541.58 702.28 645.87 842.71 641.82
00003977 00000692 496.40 214.24 450.41 584.42 646.54 410.37 851.91 399.10 784.02 544.78 677.86 646.81 840.67 635.26
00003978 00000693 483.96 210.71 455.01 592.36 634.36 415.79 840.55 409.62 768.17 554.41 662.05 649.25 826.23 642.14
00003979 00000694 473.59 205.53 454.37 599.74 618.62 422.37 826.03 415.90 748.85 560.14 650.15 653.33 813.92 645.80
00003980 00000695 467.40 216.56 450.10 601.48 606.29 432.05 814.94 426.26 734.79 564.89 638.32 660.64 807.25 654.30
00003981 00000696 461.39 213.13 445.59 613.65 596.41 441.53 803.38 435.12 725.81 574.61 628.56 667.09 798.89 660.85
00003982 00000697 449.84 226.47 446.66 603.12 583.02 450.46 791.55 440.31 710.93 587.76 618.38 676.27 783.82 667.60
00003983 00000698 441.67 231.66 446.89 604.45 571.36 461.14 782.69 447.31 699.24 595.13 609.83 688.58 774.91 677.34
00003984 00000699 427.04 238.52 449.61 609.89 560.84 472.64 774.99 457.99 689.48 607.11 598.81 698.30 770.99 687.02
00003985 00000700 418.06 231.09 452.03 625.91 551.12 485.66 762.16 470.48 677.30 612.50 587.22 705.67 763.94 693.99
00003986 00000701 410.47 247.01 457.77 616.55 540.49 492.93 751.72 470.69 671.42 622.19 584.29 715.29 757.71 693.52
00003987 00000702 406.03 249.53 457.37 622.00 534.27 497.06 745.70 478.17 664.30 630.07 578.78 719.70 752.64 700.68
00003988 00000703 403.39 255.89 453.53 622.68 531.23 501.26 741.64 482.77 661.12 634.32 575.80 726.49 746.95 708.11
00003989 00000704 400.93 262.71 453.88 619.63 529.28 504.12 740.66 488.52 658.58 636.64 573.25 729.06 745.50 713.20
00003990 00000705 399.60 262.16 453.84 623.36 529.28 505.19 741.12 491.36 658.28 638.87 571.53 731.15 743.63 716.93
00003991 00000706 399.68 267.35 454.52 620.53 531.46 506.77 742.55 494.71 659.48 639.66 571.84 732.36 742.69 719.83
00003992 00000707 401.09 270.25 453.72 617.48 533.84 506.35 744.65 496.34 661.75 641.84 571.02 731.58 742.71 721.03
00003993 00000708 402.32 275.43 456.51 612.01 535.11 505.42 748.41 497.68 662.95 642.99 570.18 731.90 743.06 723.17
00003994 00000709 403.84 274.59 457.55 612.31 538.51 503.04 751.80 497.09 666.05 641.84 571.21 730.27 743.81 722.84
00003995 00000710 406.55 268.41 458.02 615.73 544.20 501.99 757.10 499.69 671.29 641.90 573.06 728.86 746.07 724.46
00003996 00000711 411.13 268.19 457.54 615.49 552.35 500.96 764.75 500.16 679.56 643.92 576.83 729.02 750.66 726.11
00003997 00000712 418.75 265.88 450.56 618.75 563.47 502.67 777.68 501.50 687.57 645.62 582.08 727.87 751.65 729.40
00003998 00000713 425.20 265.82 448.72 618.73 572.01 504.08 784.11 504.53 695.44 645.34 588.55 727.97 757.80 730.99
00003999 00000714 430.64 265.60 450.93 617.31 577.81 503.65 789.80 507.96 698.53 646.61 592.24 728.44 759.52 734.61
CROP_BBOX: 191 0 1318 1080
