Video ID: 	fjnG_yuxfXU
H: 	1080
W: 	1920
FPS: 	25.0

FRAME INDEX X0 Y0 W H [Landmarks (5 Points)]

00006765 00000000 695.72 179.01 359.03 536.52 845.39 466.05 985.54 386.05 993.00 506.45 931.65 624.77 1039.83 559.31
00006766 00000001 702.99 177.19 355.79 534.28 850.52 463.54 987.44 382.44 998.71 498.71 936.50 622.10 1043.43 555.73
00006767 00000002 709.11 174.89 353.75 535.71 853.72 457.87 987.67 382.06 998.85 491.13 935.64 615.85 1042.76 553.93
00006768 00000003 712.04 171.64 351.07 543.41 858.54 451.73 989.79 379.55 1006.83 484.45 938.06 617.66 1043.60 558.95
00006769 00000004 714.75 162.74 353.53 544.94 862.96 448.46 988.98 376.85 1009.06 479.37 943.68 610.93 1044.46 552.85
00006770 00000005 721.85 164.18 347.90 536.42 866.84 445.92 990.68 375.12 1011.38 473.37 947.12 605.33 1046.74 547.77
00006771 00000006 721.45 160.49 349.05 537.32 870.84 442.66 993.21 372.97 1013.98 470.91 950.30 599.81 1048.45 542.83
00006772 00000007 721.36 148.55 349.27 551.02 874.33 441.03 991.95 371.99 1015.60 469.51 952.87 597.80 1048.75 541.29
00006773 00000008 722.94 144.21 347.97 557.21 878.82 436.04 995.31 372.24 1018.24 468.85 954.12 597.51 1047.87 545.51
00006774 00000009 728.27 144.82 345.26 565.48 880.70 430.68 1001.10 370.69 1019.97 472.10 944.40 599.96 1044.69 551.51
00006775 00000010 730.15 146.35 344.10 564.89 883.69 428.11 1003.73 368.71 1024.44 472.95 942.12 598.46 1043.18 550.90
00006776 00000011 733.52 142.11 343.60 564.80 886.35 424.25 1008.72 362.45 1027.92 468.87 944.36 594.42 1047.99 544.72
00006777 00000012 733.18 141.02 342.54 550.55 891.06 425.62 1010.83 362.05 1030.57 466.72 954.26 588.20 1052.07 536.70
00006778 00000013 734.06 140.64 344.40 544.59 893.95 424.55 1014.79 360.43 1034.25 466.79 958.31 586.85 1055.81 534.74
00006779 00000014 730.03 144.87 349.56 535.14 890.29 438.78 1017.30 365.57 1028.17 478.19 959.22 595.75 1063.71 535.04
00006780 00000015 731.70 142.11 348.39 538.49 892.69 437.49 1018.46 367.16 1028.44 476.37 961.53 596.51 1064.27 538.08
00006781 00000016 732.95 141.58 348.10 540.06 894.42 437.84 1019.45 367.45 1030.29 476.40 962.86 598.14 1064.69 539.80
00006782 00000017 734.67 142.16 347.54 539.44 895.79 437.67 1019.81 365.48 1031.03 475.92 963.79 597.25 1065.53 537.41
00006783 00000018 736.58 141.78 346.43 540.42 896.62 437.49 1020.88 365.09 1031.73 476.32 964.58 597.56 1066.77 537.54
00006784 00000019 741.75 139.55 342.90 542.90 902.60 421.60 1023.71 363.69 1038.53 466.02 969.09 587.87 1065.37 540.76
00006785 00000020 741.99 142.11 337.60 534.82 889.19 422.50 1032.98 361.77 1036.70 469.70 974.18 591.06 1082.53 544.42
00006786 00000021 742.48 142.23 338.68 534.80 889.91 422.71 1033.51 362.77 1036.77 468.26 975.20 590.91 1083.16 544.90
00006787 00000022 743.20 140.64 338.85 535.00 890.15 421.12 1032.65 360.82 1037.24 464.58 975.90 589.54 1082.74 543.14
00006788 00000023 743.05 142.27 340.25 536.87 890.22 420.15 1032.18 359.84 1038.31 463.77 976.96 591.05 1082.54 544.68
00006789 00000024 745.59 141.34 340.74 541.16 890.08 420.39 1033.67 359.57 1039.16 463.20 977.33 592.52 1084.58 545.71
00006790 00000025 746.27 143.35 341.85 542.22 890.94 419.54 1034.82 359.27 1040.49 464.26 978.22 593.20 1085.17 546.85
00006791 00000026 749.28 144.67 346.64 543.57 906.62 418.82 1031.36 358.05 1047.17 466.09 974.43 593.53 1075.13 544.58
00006792 00000027 750.98 146.46 346.98 545.23 909.63 421.88 1033.98 361.86 1049.48 469.03 974.57 595.70 1076.15 547.40
00006793 00000028 739.81 139.67 348.19 540.59 902.28 419.81 1031.18 364.30 1045.07 463.06 981.53 585.49 1068.64 544.16
00006794 00000029 740.91 139.62 348.07 540.85 902.59 420.02 1031.38 364.28 1045.40 463.08 981.77 585.40 1069.53 543.85
00006795 00000030 741.68 139.29 347.16 541.78 902.66 420.58 1031.16 364.79 1045.30 463.15 982.08 586.22 1068.83 544.70
00006796 00000031 754.32 141.36 341.29 552.55 914.17 416.56 1036.47 365.44 1049.73 466.73 976.38 594.57 1074.70 553.70
00006797 00000032 750.10 147.04 345.93 559.63 907.06 420.62 1036.67 369.56 1046.86 470.19 963.08 599.45 1071.30 558.62
00006798 00000033 751.51 151.10 340.37 561.59 906.48 419.34 1035.40 372.55 1045.09 474.22 956.67 600.57 1063.44 563.61
00006799 00000034 751.30 151.29 342.29 560.88 904.43 420.81 1036.16 371.78 1044.99 475.23 953.83 600.41 1064.76 561.59
00006800 00000035 752.29 148.19 342.14 563.47 904.95 420.56 1036.25 371.79 1046.31 475.81 953.17 599.38 1064.20 560.53
00006801 00000036 752.24 148.04 342.27 561.09 905.42 420.34 1036.44 371.10 1047.51 474.78 953.55 598.33 1064.17 559.13
00006802 00000037 754.29 148.87 341.13 559.24 906.47 419.92 1036.31 368.17 1049.39 473.21 953.54 596.16 1064.81 555.15
00006803 00000038 755.26 148.49 340.72 558.37 907.77 420.59 1037.56 368.50 1050.23 473.63 955.08 596.18 1066.14 554.88
00006804 00000039 756.16 147.52 340.34 557.40 909.22 420.75 1039.80 368.96 1051.07 473.99 955.93 595.31 1067.80 554.21
00006805 00000040 758.01 144.49 337.33 549.66 914.01 420.54 1041.92 368.04 1052.51 473.21 960.88 591.60 1068.77 550.42
00006806 00000041 748.10 134.77 338.18 545.30 907.11 422.32 1035.63 365.53 1051.61 462.30 974.37 580.05 1066.26 538.59
00006807 00000042 756.04 143.72 339.93 549.50 912.83 420.70 1040.54 364.18 1051.94 471.71 960.70 590.97 1068.57 546.45
00006808 00000043 755.05 145.54 341.42 556.89 909.08 419.22 1037.77 365.53 1050.17 471.66 955.10 592.40 1066.02 550.13
00006809 00000044 756.50 145.04 339.19 556.54 910.74 419.05 1039.02 366.84 1050.29 471.42 956.28 591.29 1067.08 550.27
00006810 00000045 757.37 144.74 339.51 554.45 912.58 419.73 1039.65 365.61 1052.29 471.91 958.69 590.89 1068.39 548.43
00006811 00000046 757.81 146.09 339.12 553.74 912.78 419.84 1039.43 365.88 1052.56 472.20 958.12 590.90 1067.60 548.69
00006812 00000047 757.37 147.24 339.60 552.36 913.31 420.19 1040.58 366.17 1052.55 472.52 959.26 591.03 1069.07 548.58
00006813 00000048 758.55 147.89 339.35 551.35 913.90 420.36 1040.86 366.29 1053.37 472.67 960.28 590.85 1069.94 548.45
00006814 00000049 759.82 145.16 338.24 553.48 914.84 420.09 1041.55 367.80 1052.68 473.21 961.52 591.03 1070.40 550.02
00006815 00000050 758.97 146.42 338.98 552.33 915.57 420.79 1043.49 369.24 1053.94 474.04 961.23 591.25 1071.37 550.80
00006816 00000051 751.64 135.32 335.30 545.48 911.65 423.17 1038.61 369.29 1055.63 465.71 979.66 581.99 1069.05 543.11
00006817 00000052 749.44 134.32 337.85 539.45 913.76 422.52 1040.78 367.02 1057.23 466.03 986.37 580.45 1073.80 539.49
00006818 00000053 749.53 132.11 341.91 543.57 915.38 425.05 1043.45 367.17 1058.35 466.64 986.62 582.99 1075.28 540.64
00006819 00000054 747.36 134.36 340.72 541.04 913.34 420.88 1039.68 366.19 1056.17 464.83 986.35 582.98 1071.74 543.05
00006820 00000055 747.59 134.31 339.77 541.70 911.28 421.47 1037.67 367.58 1050.95 465.36 984.59 582.49 1068.99 542.95
00006821 00000056 748.04 134.10 339.31 542.82 910.17 421.56 1036.88 368.11 1051.40 464.18 984.15 583.07 1068.53 543.73
00006822 00000057 748.55 137.17 340.00 542.40 908.72 420.86 1035.71 367.22 1051.12 464.54 982.08 583.60 1066.94 544.29
00006823 00000058 748.87 134.15 339.26 544.42 909.24 421.66 1036.68 367.33 1051.02 463.87 983.55 583.43 1068.68 543.55
00006824 00000059 747.74 132.05 340.04 541.20 909.24 421.78 1036.87 364.59 1050.64 463.46 984.57 581.16 1070.11 538.69
00006825 00000060 748.29 134.18 342.00 537.74 911.24 420.35 1038.92 365.34 1052.20 464.41 986.29 580.46 1072.58 539.89
00006826 00000061 749.17 134.68 341.86 535.90 911.36 420.23 1039.62 364.90 1052.17 464.18 987.20 579.94 1073.76 539.00
00006827 00000062 749.10 134.64 341.49 537.00 910.70 419.60 1038.70 364.83 1051.10 463.95 987.01 580.41 1072.52 539.84
00006828 00000063 748.63 134.18 340.79 539.55 909.77 418.14 1038.10 363.47 1050.22 462.09 985.30 580.81 1070.52 540.33
00006829 00000064 747.76 135.35 341.17 541.13 909.26 415.82 1036.77 363.88 1049.62 460.66 983.38 580.44 1068.41 542.07
00006830 00000065 757.98 142.56 340.51 553.91 914.93 414.96 1039.57 364.90 1050.76 468.21 965.93 590.60 1070.29 551.49
00006831 00000066 748.53 138.20 340.42 547.77 906.05 416.90 1034.06 365.53 1048.73 459.07 979.45 585.44 1065.20 548.16
00006832 00000067 747.09 135.14 341.57 544.26 908.56 415.30 1035.75 363.33 1048.81 457.69 983.31 581.12 1067.46 542.82
00006833 00000068 746.78 128.78 342.69 542.30 911.99 412.83 1037.18 360.80 1052.06 455.30 986.59 574.89 1070.98 536.18
00006834 00000069 746.82 125.69 344.78 541.14 914.08 412.00 1037.88 358.90 1054.67 452.65 990.91 574.20 1074.60 534.21
00006835 00000070 748.47 125.41 344.89 535.37 915.00 409.27 1037.56 356.36 1055.85 450.90 994.30 570.68 1078.89 530.30
00006836 00000071 748.88 121.83 343.50 536.79 916.81 408.68 1037.54 355.38 1057.61 449.66 996.11 568.98 1079.44 528.16
00006837 00000072 748.82 121.80 343.58 538.44 918.41 408.58 1037.77 356.41 1059.79 450.34 996.91 569.89 1078.74 530.09
00006838 00000073 746.71 120.25 346.63 538.02 918.06 407.30 1037.70 354.90 1060.57 448.51 996.46 567.73 1079.29 527.41
00006839 00000074 745.63 121.84 347.71 529.28 917.14 403.43 1035.62 352.25 1058.29 443.96 995.50 562.94 1078.25 523.17
00006840 00000075 757.54 133.59 344.53 517.91 909.77 401.41 1046.66 348.75 1054.51 440.82 993.13 566.70 1093.59 524.26
00006841 00000076 757.62 128.89 346.42 520.87 906.22 398.03 1047.95 342.88 1052.79 438.72 990.60 565.65 1094.23 521.22
00006842 00000077 756.61 125.43 344.32 526.19 902.25 392.43 1046.56 338.89 1048.92 435.51 988.75 564.51 1093.70 521.17
00006843 00000078 743.86 120.79 357.22 532.44 910.00 391.69 1044.68 334.27 1048.09 436.46 976.65 561.76 1083.54 513.83
00006844 00000079 752.64 124.15 348.94 526.60 898.25 388.43 1042.41 333.93 1045.79 429.91 981.11 557.84 1090.88 513.59
00006845 00000080 742.56 120.24 356.25 531.77 908.38 391.85 1042.57 331.25 1049.97 434.90 973.22 558.13 1082.63 507.66
00006846 00000081 744.74 125.89 351.84 533.53 909.51 394.23 1041.52 334.38 1051.39 440.49 972.53 564.09 1079.86 514.41
00006847 00000082 744.64 123.91 352.31 541.93 907.89 397.33 1040.32 337.54 1050.74 443.61 967.78 567.47 1077.00 518.16
00006848 00000083 746.59 122.72 353.32 542.18 908.13 398.32 1041.13 338.06 1049.29 444.33 970.24 568.15 1080.04 518.12
00006849 00000084 746.01 124.69 353.05 534.27 906.03 395.23 1041.01 334.15 1048.76 440.95 971.51 565.76 1080.09 515.38
00006850 00000085 742.99 111.09 359.05 541.70 904.82 389.50 1043.92 329.52 1048.58 433.83 971.50 558.30 1085.25 508.47
00006851 00000086 740.91 109.44 361.05 541.03 905.74 386.48 1044.68 330.64 1048.96 429.97 970.78 554.46 1084.57 508.10
00006852 00000087 740.98 104.46 361.98 548.48 907.25 390.17 1046.16 332.64 1050.77 435.29 971.46 558.78 1085.83 510.90
00006853 00000088 743.97 106.89 360.77 548.72 908.53 391.70 1046.01 331.94 1050.72 437.64 972.79 560.48 1086.68 510.61
00006854 00000089 741.80 106.28 362.18 548.06 908.43 391.51 1045.63 331.68 1052.19 434.98 973.98 559.32 1088.02 509.37
00006855 00000090 740.83 107.71 362.04 546.42 906.24 389.85 1043.57 331.67 1048.87 432.70 972.31 557.73 1086.50 509.05
00006856 00000091 742.98 111.55 360.47 546.00 904.35 389.48 1041.72 332.25 1044.80 433.54 968.66 558.49 1083.27 510.75
00006857 00000092 745.05 115.61 355.72 551.90 903.63 392.13 1040.38 338.03 1041.99 439.54 964.56 564.96 1078.71 519.95
00006858 00000093 745.79 120.32 352.26 554.57 906.02 394.07 1040.97 345.02 1041.38 443.26 962.32 569.00 1076.37 527.90
00006859 00000094 745.16 118.35 346.81 560.50 909.25 397.12 1041.97 346.25 1045.71 448.83 957.18 572.00 1070.91 530.02
00006860 00000095 744.29 118.25 344.55 558.80 904.64 402.05 1039.61 352.98 1041.91 450.04 954.25 573.74 1069.11 533.44
00006861 00000096 741.51 120.48 347.81 551.92 902.70 405.22 1036.41 354.44 1039.59 451.79 957.14 572.32 1070.54 530.39
00006862 00000097 737.80 124.49 349.85 545.33 895.65 409.18 1030.40 356.95 1032.02 451.72 953.23 572.16 1068.35 528.87
00006863 00000098 733.66 126.44 352.67 542.53 889.69 415.09 1025.96 360.04 1027.74 453.57 954.74 577.49 1068.22 531.51
00006864 00000099 735.54 129.92 347.96 542.79 885.81 420.20 1023.32 359.16 1024.09 457.79 950.04 580.31 1067.55 529.42
00006865 00000100 729.30 133.71 350.15 535.75 880.18 418.98 1016.93 358.71 1018.14 453.21 950.17 577.09 1065.02 526.61
00006866 00000101 718.62 133.47 353.50 532.87 873.32 419.89 1007.97 358.82 1012.90 453.09 945.13 574.72 1057.18 524.03
00006867 00000102 709.82 130.03 354.73 530.96 865.25 416.70 1002.24 353.04 1004.27 452.41 936.57 571.61 1045.77 519.06
00006868 00000103 703.75 128.61 359.04 527.27 855.30 409.40 995.89 352.45 994.48 448.38 930.39 566.32 1041.22 518.65
00006869 00000104 701.26 129.44 358.55 525.24 853.24 406.00 994.98 354.16 993.25 444.84 925.46 561.18 1039.29 517.55
00006870 00000105 700.53 131.38 357.84 525.07 851.63 405.53 993.31 354.47 990.75 448.09 923.64 561.82 1037.17 518.86
00006871 00000106 701.25 131.29 357.06 529.85 853.02 409.50 992.95 357.81 991.59 452.08 921.56 565.51 1034.84 522.42
00006872 00000107 703.02 136.04 357.11 532.99 854.18 412.98 994.34 360.61 993.01 457.96 920.91 572.58 1035.09 529.10
00006873 00000108 706.94 137.58 353.43 532.05 858.44 416.13 997.61 362.29 997.36 458.80 923.42 574.43 1037.51 529.96
00006874 00000109 711.49 139.89 352.43 531.42 864.63 419.75 1003.38 363.16 1004.96 460.66 928.44 577.80 1042.48 531.13
00006875 00000110 720.14 138.45 348.84 535.71 872.37 419.58 1012.55 364.40 1012.29 461.25 937.98 580.16 1053.69 534.21
00006876 00000111 727.66 136.35 347.44 538.98 878.85 421.95 1018.87 365.00 1018.17 462.92 943.58 583.22 1060.14 535.60
00006877 00000112 734.70 132.14 345.54 544.70 887.13 420.17 1025.49 366.01 1024.80 464.91 947.36 584.83 1062.36 539.56
00006878 00000113 739.20 129.49 345.34 554.11 894.98 421.20 1029.90 367.74 1030.17 468.79 949.18 587.66 1064.05 543.03
CROP_BBOX: 443 0 1339 851
