Video ID: 	H6kwe5hSkv0
H: 	1080
W: 	1920
FPS: 	25.0

FRAME INDEX X0 Y0 W H [Landmarks (5 Points)]

00006580 00000000 917.99 145.98 401.98 567.28 1027.68 349.99 1193.81 369.23 1098.81 452.13 1033.58 545.15 1157.76 561.47
00006581 00000001 916.52 146.05 402.37 568.45 1026.40 350.60 1192.23 369.76 1097.31 453.17 1032.91 546.28 1155.92 562.50
00006582 00000002 915.33 144.31 403.73 571.92 1025.88 350.22 1191.47 370.12 1096.22 452.85 1031.69 546.32 1154.92 563.22
00006583 00000003 914.22 142.96 405.07 573.88 1023.79 349.68 1190.31 368.61 1093.38 451.11 1030.78 546.95 1153.33 563.09
00006584 00000004 914.81 142.21 403.77 571.99 1023.25 349.07 1187.50 369.26 1090.37 450.31 1029.17 545.31 1150.10 562.67
00006585 00000005 914.03 143.35 401.55 573.51 1019.63 347.53 1185.66 368.95 1085.58 448.63 1023.39 545.19 1148.53 563.69
00006586 00000006 913.13 145.85 400.79 568.58 1017.62 347.05 1182.37 370.36 1081.36 448.86 1016.17 541.35 1146.17 561.61
00006587 00000007 910.76 147.14 401.80 578.44 1011.71 348.36 1178.53 370.33 1073.57 448.47 1010.90 546.01 1143.35 565.08
00006588 00000008 909.29 142.47 398.09 581.89 1007.46 347.98 1172.65 370.14 1069.08 450.03 1009.55 547.01 1136.91 566.28
00006589 00000009 908.10 142.62 399.24 580.85 1002.73 347.02 1166.55 369.80 1059.28 451.31 1001.08 543.55 1129.91 563.40
00006590 00000010 906.40 142.02 398.83 584.65 997.87 347.01 1163.03 368.18 1052.84 451.42 995.93 544.09 1127.11 562.66
00006591 00000011 902.39 146.12 400.54 581.10 992.26 347.99 1157.96 366.43 1047.34 449.40 994.19 547.81 1122.56 564.00
00006592 00000012 900.58 149.05 396.73 571.54 989.79 348.87 1155.39 367.53 1045.93 450.24 992.00 546.22 1120.05 562.43
00006593 00000013 893.52 143.15 402.61 565.66 993.16 351.49 1157.26 371.68 1043.00 452.97 985.85 546.73 1112.91 564.68
00006594 00000014 887.00 143.03 404.65 568.06 987.59 351.43 1154.08 372.41 1037.38 451.09 979.79 545.64 1107.42 563.74
00006595 00000015 891.28 150.04 396.07 558.94 976.24 349.64 1147.12 366.35 1027.43 449.74 978.54 546.76 1107.26 561.03
00006596 00000016 887.92 150.65 396.72 559.01 971.70 346.17 1142.31 363.93 1020.26 450.16 974.11 546.57 1101.33 562.13
00006597 00000017 891.02 146.38 390.67 566.22 968.58 347.27 1134.07 365.35 1012.87 452.49 969.52 546.29 1097.97 562.22
00006598 00000018 889.22 144.94 388.14 569.88 964.90 347.57 1126.22 363.90 1005.70 452.45 966.29 548.34 1092.23 562.69
00006599 00000019 886.48 143.05 390.10 568.88 963.17 346.79 1124.42 365.38 1003.85 452.82 962.74 545.41 1089.67 561.68
00006600 00000020 885.09 141.98 388.88 560.64 962.55 346.25 1122.32 367.61 1003.54 452.83 961.30 542.56 1083.65 561.73
00006601 00000021 883.85 136.34 388.38 566.34 963.13 350.74 1119.10 369.73 1002.35 452.62 961.82 543.02 1077.42 559.48
00006602 00000022 882.16 133.99 389.12 570.51 961.57 350.96 1117.13 371.99 999.52 453.31 958.19 543.13 1073.42 561.40
00006603 00000023 880.31 133.11 390.23 575.28 959.89 350.51 1117.01 372.47 996.07 453.00 953.83 544.07 1070.37 563.26
00006604 00000024 880.05 142.23 390.66 567.36 954.73 347.50 1111.69 372.33 990.03 453.30 948.18 542.91 1072.65 565.09
00006605 00000025 879.19 145.34 388.89 568.45 952.49 347.50 1106.93 371.35 985.75 451.82 947.00 543.76 1071.45 564.98
00006606 00000026 879.60 146.82 388.44 575.57 954.17 348.37 1108.04 370.81 986.99 452.52 948.90 546.34 1075.57 566.22
00006607 00000027 879.96 146.50 390.81 579.38 955.10 348.97 1115.06 368.22 993.39 454.79 952.24 548.45 1085.16 565.39
00006608 00000028 880.68 146.40 393.27 579.04 956.83 348.02 1118.61 367.69 995.61 456.23 953.60 547.38 1087.32 564.46
00006609 00000029 879.86 145.84 393.53 576.59 956.86 347.84 1119.43 369.11 996.27 455.91 952.72 544.18 1088.85 562.52
00006610 00000030 879.35 144.37 392.19 566.74 954.97 350.06 1117.03 373.64 993.08 453.92 948.04 540.66 1081.80 561.69
00006611 00000031 879.25 143.47 391.00 558.51 953.04 350.13 1113.39 375.96 989.03 454.48 945.51 538.55 1077.14 561.45
00006612 00000032 878.18 145.07 391.13 559.38 952.68 350.07 1112.43 378.35 987.91 456.43 942.87 538.81 1075.35 563.74
00006613 00000033 878.73 147.50 392.33 565.58 954.01 350.99 1113.26 378.71 988.74 456.94 944.13 539.82 1078.11 564.18
00006614 00000034 880.66 150.32 391.93 569.70 956.41 351.38 1115.31 376.54 991.82 458.25 949.44 544.08 1081.90 566.33
00006615 00000035 880.25 148.51 394.10 571.47 957.01 352.97 1114.76 376.82 992.16 459.04 951.35 546.79 1080.81 567.88
00006616 00000036 879.50 149.48 394.24 562.05 956.33 352.90 1116.01 380.44 991.89 458.56 947.27 540.38 1080.56 564.46
00006617 00000037 880.07 149.64 393.27 561.26 956.07 353.60 1115.24 381.43 991.02 459.26 946.31 540.41 1080.01 564.73
00006618 00000038 880.55 148.69 391.89 562.89 956.25 353.54 1113.43 382.89 989.32 461.21 946.52 542.07 1077.33 567.75
00006619 00000039 881.27 150.57 391.42 561.81 956.85 354.26 1113.84 383.31 989.57 462.74 947.09 545.68 1076.17 571.31
00006620 00000040 881.69 150.35 392.55 571.07 958.23 355.51 1112.20 381.83 989.95 462.89 951.76 551.56 1075.37 574.96
00006621 00000041 882.04 152.87 390.78 570.27 958.82 355.32 1110.33 380.31 989.46 463.04 953.58 553.28 1073.86 575.62
00006622 00000042 882.03 155.97 390.29 570.77 960.21 355.56 1110.30 380.65 989.99 462.62 954.24 554.63 1073.06 577.16
00006623 00000043 882.23 154.84 389.67 574.00 960.79 356.15 1112.22 381.22 991.74 463.04 954.38 555.86 1075.44 578.38
00006624 00000044 882.51 154.98 389.98 575.17 961.00 356.46 1114.19 381.03 993.30 464.01 954.84 556.38 1078.52 578.37
00006625 00000045 882.10 154.35 391.21 576.91 962.15 356.95 1116.20 382.10 995.22 465.21 955.88 556.70 1079.98 579.09
00006626 00000046 881.68 155.27 392.59 576.40 963.03 358.43 1119.72 383.04 998.09 467.12 956.09 558.52 1081.77 580.56
00006627 00000047 882.72 158.28 391.65 574.07 964.82 361.33 1122.06 384.97 1001.24 468.77 958.72 560.25 1084.90 581.56
00006628 00000048 884.71 159.51 390.91 573.61 969.10 362.65 1124.67 386.83 1006.70 474.89 962.86 561.66 1087.96 583.12
00006629 00000049 886.44 162.45 390.94 575.46 973.48 366.43 1127.92 389.22 1013.78 481.06 968.38 565.26 1095.02 585.18
00006630 00000050 888.02 164.20 394.27 578.04 979.71 368.68 1138.37 392.38 1023.66 485.89 974.73 568.60 1104.65 588.74
00006631 00000051 887.59 163.54 396.56 585.49 987.41 368.95 1146.52 393.78 1035.93 488.83 981.10 571.98 1113.44 592.37
00006632 00000052 888.33 161.05 400.90 588.68 990.12 371.08 1152.95 395.37 1042.03 489.90 986.35 573.75 1120.64 593.34
00006633 00000053 888.36 159.13 407.60 597.27 987.82 377.85 1152.13 398.27 1046.02 488.65 990.92 578.93 1115.21 596.93
00006634 00000054 887.25 162.58 413.17 596.91 989.13 378.27 1157.46 399.72 1048.40 489.13 991.57 578.46 1119.61 597.02
00006635 00000055 888.55 164.27 416.18 593.79 992.04 381.02 1160.58 403.98 1051.02 488.74 995.39 577.96 1122.35 597.38
00006636 00000056 892.68 163.90 412.65 588.34 993.42 382.97 1162.43 403.48 1055.74 490.03 1000.73 581.19 1123.61 598.70
00006637 00000057 896.84 162.97 409.32 589.72 998.90 382.36 1167.23 404.14 1061.83 490.69 1004.02 582.79 1128.39 601.54
00006638 00000058 896.15 160.28 410.48 594.23 1001.01 383.84 1167.77 405.41 1064.46 490.89 1004.86 584.25 1127.82 602.96
00006639 00000059 895.57 161.31 411.28 596.70 1002.07 384.94 1169.98 406.38 1067.26 492.63 1005.63 587.70 1129.14 606.51
00006640 00000060 896.51 161.46 410.97 596.91 1003.24 384.09 1171.66 405.47 1069.19 492.70 1006.60 588.37 1130.08 607.22
00006641 00000061 896.37 161.75 411.46 595.77 1003.09 384.42 1171.78 405.12 1069.60 492.47 1006.81 588.59 1130.08 606.93
00006642 00000062 896.38 162.15 411.37 594.97 1003.05 384.61 1171.27 405.11 1069.52 492.15 1007.30 588.36 1130.11 606.52
00006643 00000063 896.23 162.37 411.56 595.54 1003.41 384.42 1171.28 405.09 1069.36 492.30 1006.91 588.25 1129.66 606.57
00006644 00000064 896.97 161.55 411.10 595.77 1003.70 384.32 1171.35 405.04 1069.27 492.33 1007.21 588.09 1129.71 606.46
00006645 00000065 896.24 161.64 411.03 595.78 1003.35 384.50 1170.72 405.28 1069.08 492.42 1007.29 588.18 1129.33 606.58
00006646 00000066 895.87 161.92 411.24 595.26 1003.10 384.65 1170.53 405.18 1069.21 492.44 1007.64 588.25 1129.15 606.44
00006647 00000067 895.55 162.84 411.91 594.56 1002.91 385.03 1170.65 405.46 1069.08 492.61 1007.51 588.73 1128.95 606.81
00006648 00000068 895.28 162.58 411.77 594.93 1003.07 385.27 1170.59 405.76 1069.35 492.80 1007.65 588.99 1128.40 607.18
00006649 00000069 894.80 162.81 412.01 594.26 1002.38 385.55 1170.30 405.72 1069.05 492.72 1007.66 589.59 1127.83 607.52
00006650 00000070 894.95 161.98 411.20 596.47 1002.40 385.75 1169.99 405.79 1068.90 493.52 1007.99 590.66 1127.62 608.56
00006651 00000071 893.46 162.57 411.90 598.67 1001.80 386.05 1169.13 406.19 1068.05 493.85 1006.88 591.80 1126.39 609.83
00006652 00000072 892.95 162.97 412.54 600.38 1001.33 386.60 1169.08 406.56 1067.36 494.88 1006.41 593.19 1126.30 611.08
00006653 00000073 893.58 162.38 411.34 599.53 1001.51 386.30 1168.95 406.11 1067.31 494.97 1006.59 592.84 1125.95 610.61
00006654 00000074 895.37 157.77 412.03 605.39 1003.70 382.36 1171.34 404.34 1068.27 493.45 1005.59 588.34 1128.36 607.72
00006655 00000075 897.10 156.51 411.04 603.70 1005.59 379.51 1173.14 403.27 1068.51 491.53 1004.96 583.31 1129.30 604.01
00006656 00000076 897.53 151.11 411.59 606.63 1007.91 376.18 1175.23 400.78 1072.23 487.98 1006.24 577.77 1134.31 598.80
00006657 00000077 899.22 150.79 408.25 606.51 1010.80 373.99 1175.87 399.78 1074.48 486.37 1005.72 574.08 1138.23 596.01
00006658 00000078 901.81 150.47 405.70 606.37 1013.60 373.23 1177.69 399.56 1076.40 484.97 1006.58 571.48 1142.51 593.70
00006659 00000079 904.28 152.48 404.10 600.83 1014.09 372.53 1180.43 399.30 1076.39 483.55 1006.74 568.72 1144.83 591.10
00006660 00000080 904.71 153.54 408.12 602.67 1016.20 371.19 1185.95 398.92 1077.21 481.20 1006.34 568.22 1146.41 591.21
00006661 00000081 907.37 154.99 405.42 598.54 1016.23 370.34 1184.54 396.97 1075.85 480.47 1007.22 568.75 1143.25 591.15
00006662 00000082 912.44 155.14 400.60 590.95 1018.03 370.50 1182.76 396.43 1075.65 479.27 1010.09 568.01 1142.92 590.31
00006663 00000083 914.06 154.75 400.74 585.81 1018.83 369.78 1183.54 396.25 1077.80 479.95 1010.61 565.97 1143.65 588.98
00006664 00000084 918.04 158.03 400.39 577.17 1021.56 368.69 1186.22 396.06 1079.34 478.31 1011.98 563.12 1144.96 586.74
00006665 00000085 922.11 158.51 398.84 573.65 1025.19 366.67 1189.22 394.84 1082.17 478.19 1016.33 562.54 1146.09 586.96
00006666 00000086 925.94 158.73 398.25 574.33 1028.57 366.80 1192.31 394.97 1084.26 478.10 1018.66 563.36 1147.23 587.93
00006667 00000087 929.13 160.11 399.43 570.47 1032.21 365.89 1195.33 395.71 1086.97 477.11 1021.64 561.85 1148.25 587.91
00006668 00000088 933.06 159.11 397.18 572.29 1038.51 364.09 1198.26 396.13 1091.48 480.03 1024.90 561.63 1149.57 589.61
00006669 00000089 933.81 160.85 400.59 577.55 1043.04 362.36 1203.38 396.76 1093.31 481.09 1025.27 562.47 1154.91 591.84
00006670 00000090 936.04 159.79 401.15 580.74 1045.35 362.88 1207.64 396.86 1097.18 480.75 1027.44 562.55 1160.65 591.42
00006671 00000091 935.83 159.89 403.46 583.15 1047.61 363.91 1210.36 398.65 1100.22 481.99 1027.92 564.34 1163.03 593.72
00006672 00000092 937.22 162.46 401.84 576.86 1049.51 365.18 1210.69 401.03 1101.64 482.82 1030.67 563.13 1162.29 593.67
00006673 00000093 936.43 163.97 404.06 573.63 1050.57 366.75 1211.19 403.15 1102.51 483.97 1031.90 562.63 1161.97 593.68
00006674 00000094 936.21 168.23 404.37 568.77 1049.61 368.20 1211.55 404.12 1101.81 483.97 1031.84 563.79 1162.75 594.41
00006675 00000095 936.95 165.65 405.07 577.23 1050.82 368.69 1213.25 405.66 1102.16 484.96 1030.43 565.93 1164.10 597.30
00006676 00000096 936.38 166.84 405.89 577.14 1051.86 369.68 1214.30 408.00 1102.48 485.09 1030.60 566.07 1164.02 598.53
00006677 00000097 934.76 165.76 408.50 582.41 1051.62 369.35 1217.00 410.32 1103.28 486.40 1027.63 567.02 1167.01 601.20
00006678 00000098 934.83 167.55 408.72 582.40 1052.34 369.81 1217.94 411.41 1103.73 488.39 1026.53 568.27 1167.18 603.01
00006679 00000099 935.04 168.57 408.99 585.56 1054.65 369.99 1220.78 414.00 1105.55 489.92 1025.05 569.16 1168.11 605.88
00006680 00000100 935.07 169.56 409.70 585.22 1055.19 371.09 1220.51 414.85 1105.52 492.05 1025.76 570.89 1166.85 607.49
00006681 00000101 934.90 169.93 410.07 585.47 1054.94 371.28 1220.17 414.99 1104.70 493.50 1025.81 572.20 1165.49 608.79
00006682 00000102 934.98 168.77 409.63 588.80 1055.18 371.66 1219.68 415.39 1104.32 494.36 1026.13 573.44 1164.90 610.05
00006683 00000103 934.85 169.05 410.01 588.64 1054.85 372.11 1219.19 415.37 1104.14 493.87 1026.02 573.55 1164.95 609.72
00006684 00000104 934.95 170.29 409.65 584.16 1054.51 372.20 1217.67 414.26 1104.21 493.31 1027.91 573.19 1163.61 608.50
00006685 00000105 934.97 168.34 409.38 587.62 1054.43 373.60 1216.57 414.18 1104.24 494.34 1029.25 575.49 1163.64 609.61
00006686 00000106 934.33 171.48 409.00 584.28 1053.27 375.26 1216.30 414.43 1103.39 496.19 1028.95 578.59 1161.79 611.74
00006687 00000107 933.71 169.58 407.92 591.10 1052.95 378.26 1214.58 418.15 1101.82 498.49 1026.97 581.98 1160.28 615.76
00006688 00000108 931.04 170.24 409.31 603.70 1054.93 379.25 1218.21 421.42 1102.72 504.85 1024.35 588.39 1158.89 624.02
00006689 00000109 932.29 173.45 404.52 600.52 1053.29 386.73 1214.94 428.49 1100.93 514.02 1024.41 594.72 1154.05 630.21
00006690 00000110 928.55 175.90 406.60 605.22 1045.74 400.98 1210.19 441.38 1095.43 527.45 1021.55 606.86 1155.01 641.45
00006691 00000111 921.98 187.73 408.56 598.59 1039.01 415.75 1202.97 455.08 1089.59 539.55 1018.46 616.18 1147.56 650.66
00006692 00000112 919.07 194.79 406.84 598.16 1030.92 427.27 1196.73 465.18 1083.57 552.60 1013.81 625.70 1144.13 659.37
00006693 00000113 916.72 200.28 405.50 602.24 1018.32 434.63 1194.67 470.46 1077.27 564.45 1011.38 631.75 1137.51 663.22
00006694 00000114 912.47 206.56 407.75 598.86 1012.99 440.19 1188.29 473.29 1070.20 574.76 1009.12 638.96 1134.80 668.18
00006695 00000115 911.38 209.32 407.37 596.84 1009.33 441.77 1185.36 473.98 1066.28 577.76 1005.87 640.91 1133.70 669.41
00006696 00000116 910.40 209.49 409.53 596.27 1009.57 441.63 1186.19 473.77 1066.54 576.78 1005.84 640.35 1133.96 668.77
00006697 00000117 910.57 206.60 409.40 598.29 1012.24 441.61 1188.76 473.32 1070.73 576.01 1007.69 638.98 1137.09 666.95
00006698 00000118 909.55 205.57 411.73 598.48 1014.76 441.49 1191.75 472.51 1075.09 576.59 1009.87 638.52 1139.33 665.95
00006699 00000119 908.21 203.74 413.25 604.71 1016.49 441.76 1194.23 472.07 1077.89 577.40 1011.28 639.84 1142.69 666.77
00006700 00000120 905.97 203.81 414.07 604.93 1014.89 443.63 1193.02 471.79 1077.50 578.31 1010.94 640.73 1143.98 665.75
00006701 00000121 897.95 205.11 416.52 596.63 1012.75 446.14 1188.69 475.76 1077.59 571.49 1003.56 636.42 1144.56 662.42
00006702 00000122 897.15 205.03 414.02 593.37 1011.03 444.25 1183.94 475.53 1073.61 568.28 1001.22 632.83 1138.56 660.52
00006703 00000123 898.90 201.63 410.48 604.41 1006.05 439.34 1186.25 469.37 1069.40 569.69 999.77 634.44 1136.34 660.89
00006704 00000124 894.36 202.49 418.28 594.36 1013.74 437.61 1188.54 471.18 1076.56 562.01 1003.12 627.33 1141.23 657.05
00006705 00000125 896.50 202.28 418.10 593.48 1017.75 435.45 1188.16 467.81 1080.52 559.81 1008.98 628.26 1141.03 657.43
00006706 00000126 897.21 199.23 415.05 594.28 1021.47 431.88 1186.82 464.51 1082.97 557.83 1012.95 627.89 1139.54 657.40
00006707 00000127 897.04 196.87 412.57 596.30 1020.26 429.80 1185.08 462.27 1081.04 555.01 1011.14 628.01 1136.65 657.37
00006708 00000128 896.67 194.90 410.01 598.93 1016.62 428.65 1178.78 459.54 1075.63 552.61 1009.77 628.84 1132.23 656.81
00006709 00000129 894.63 195.14 410.89 599.29 1014.41 428.44 1176.33 459.09 1074.19 550.69 1008.65 628.97 1129.24 656.81
00006710 00000130 893.74 192.01 412.24 598.82 1012.06 426.28 1178.15 456.43 1074.31 550.13 1006.49 627.16 1130.64 654.66
00006711 00000131 892.54 190.87 411.58 601.69 1010.71 424.54 1178.80 454.15 1075.41 549.47 1004.31 626.19 1133.47 653.19
00006712 00000132 893.06 189.09 410.54 602.55 1010.78 423.96 1176.96 452.39 1074.72 547.03 1006.70 626.73 1132.40 652.71
00006713 00000133 894.55 188.16 409.68 599.47 1012.57 422.57 1176.29 450.11 1074.92 545.60 1010.34 625.84 1130.78 651.21
00006714 00000134 894.50 188.54 411.38 597.98 1015.49 422.19 1179.46 450.33 1077.72 544.61 1011.87 623.96 1133.34 649.68
00006715 00000135 895.48 191.60 412.91 594.72 1021.39 421.05 1185.57 448.60 1085.19 543.87 1016.75 622.37 1140.16 647.60
00006716 00000136 900.34 187.61 411.35 599.10 1027.39 422.70 1191.61 449.37 1092.63 544.16 1022.96 623.31 1147.87 647.80
00006717 00000137 904.85 191.00 410.90 594.14 1032.56 423.42 1195.41 450.86 1097.80 544.27 1029.21 623.36 1153.50 648.56
00006718 00000138 912.32 201.75 406.05 595.96 1030.40 423.30 1199.44 441.16 1111.38 543.95 1041.15 632.73 1161.70 647.42
00006719 00000139 916.66 202.99 404.23 599.98 1038.48 422.29 1206.79 440.12 1120.02 543.96 1044.85 633.22 1168.97 647.56
00006720 00000140 920.06 200.97 405.18 602.63 1047.85 420.72 1214.75 440.94 1129.26 543.62 1048.56 631.68 1173.69 647.97
00006721 00000141 921.86 200.82 405.59 603.89 1051.73 419.55 1218.99 439.71 1134.54 542.74 1052.81 633.44 1176.60 649.53
00006722 00000142 923.40 200.78 405.21 601.40 1053.72 419.06 1220.49 440.13 1136.31 542.13 1054.49 631.98 1177.07 648.82
00006723 00000143 924.66 197.64 405.85 604.49 1055.67 417.64 1222.18 440.28 1136.10 540.63 1054.74 630.22 1176.02 648.37
00006724 00000144 924.54 189.50 407.18 605.41 1061.30 417.67 1221.72 446.47 1132.27 540.87 1053.71 626.20 1180.71 651.25
CROP_BBOX: 638 0 1584 943
