Video ID: 	3bFW7JALCC4
H: 	1080
W: 	1920
FPS: 	25.0

FRAME INDEX X0 Y0 W H [Landmarks (5 Points)]

00001866 00000000 912.53 175.07 382.10 601.10 1004.40 438.23 1173.42 395.58 1117.69 532.09 1074.82 639.44 1218.89 602.62
00001867 00000001 916.23 183.76 383.32 604.90 1013.15 437.79 1185.82 396.47 1131.37 539.45 1082.32 646.08 1228.66 609.55
00001868 00000002 924.19 198.26 383.56 589.00 1026.84 436.28 1195.09 398.36 1144.01 540.66 1091.76 646.32 1230.70 612.70
00001869 00000003 927.40 204.27 386.96 585.27 1030.86 439.78 1201.71 400.31 1151.38 544.16 1094.93 650.15 1236.74 614.74
00001870 00000004 931.09 204.59 387.93 582.95 1034.62 441.69 1204.55 400.96 1155.87 544.30 1099.97 651.61 1241.23 615.59
00001871 00000005 936.16 203.74 382.78 575.94 1037.79 438.57 1208.72 398.64 1158.24 538.67 1103.87 652.64 1238.73 617.75
00001872 00000006 935.19 192.59 378.56 575.21 1036.87 439.79 1209.07 399.95 1155.84 541.67 1105.61 645.12 1242.82 609.99
00001873 00000007 936.02 191.66 377.08 572.88 1037.45 438.40 1206.72 397.29 1155.61 538.21 1107.29 642.23 1241.65 606.08
00001874 00000008 937.11 190.15 376.72 575.23 1037.68 437.03 1206.89 396.94 1155.47 536.21 1106.97 640.96 1240.60 605.77
00001875 00000009 938.53 190.57 376.24 575.54 1038.94 437.48 1207.58 397.09 1156.91 535.51 1108.77 641.84 1241.81 606.33
00001876 00000010 941.14 195.34 379.63 576.81 1042.89 433.93 1215.18 392.43 1162.35 526.97 1111.57 645.99 1243.24 608.90
00001877 00000011 942.20 196.10 379.38 576.45 1044.99 434.80 1216.35 392.40 1165.34 526.70 1113.31 646.54 1244.58 609.16
00001878 00000012 940.16 188.55 379.65 580.23 1042.28 439.69 1212.53 397.08 1164.20 537.80 1110.91 645.40 1245.46 608.99
00001879 00000013 941.28 182.75 382.10 588.31 1044.69 441.20 1216.22 396.94 1166.92 540.20 1113.28 647.32 1250.09 609.39
00001880 00000014 940.08 181.93 388.71 597.77 1052.34 435.85 1222.81 389.87 1179.16 525.21 1119.95 646.30 1256.29 605.17
00001881 00000015 938.38 179.32 392.47 602.66 1055.09 435.45 1223.73 385.00 1185.16 521.77 1120.70 642.27 1261.43 597.51
00001882 00000016 940.16 182.74 389.27 605.39 1056.87 437.69 1223.19 381.57 1188.85 520.95 1121.40 642.83 1265.56 593.71
00001883 00000017 937.21 183.41 392.04 604.47 1054.68 441.51 1219.71 379.04 1189.32 523.30 1124.89 645.49 1268.74 591.13
00001884 00000018 934.29 184.90 393.84 600.57 1054.12 443.95 1216.28 377.84 1189.88 524.17 1126.38 645.77 1268.91 588.81
00001885 00000019 932.41 192.37 393.99 591.79 1052.87 447.26 1210.91 376.12 1189.49 524.07 1126.76 645.73 1267.31 585.14
00001886 00000020 926.62 192.21 399.12 595.12 1046.73 451.69 1203.04 375.12 1183.80 521.68 1128.24 647.15 1266.56 581.92
00001887 00000021 921.20 192.31 400.73 593.87 1042.83 454.81 1198.05 374.45 1179.99 520.49 1125.53 645.35 1264.22 577.07
00001888 00000022 913.43 191.44 403.73 593.67 1038.82 459.31 1190.95 376.82 1173.66 519.95 1126.29 646.94 1261.36 576.68
00001889 00000023 908.90 183.33 391.68 591.28 1024.82 469.52 1185.48 384.47 1168.47 529.09 1118.14 653.74 1257.20 581.65
00001890 00000024 902.49 195.78 392.72 579.46 1021.21 471.26 1181.56 386.98 1163.03 535.94 1118.60 656.97 1253.49 585.43
00001891 00000025 901.95 202.87 392.13 574.61 1019.81 472.44 1181.59 390.32 1161.46 543.46 1117.65 661.39 1252.02 591.70
00001892 00000026 904.60 209.36 386.85 573.60 1017.92 477.01 1180.16 398.98 1159.71 550.26 1113.22 664.26 1247.14 598.19
00001893 00000027 905.67 215.57 385.24 567.99 1018.33 479.52 1184.18 405.66 1157.92 554.99 1110.18 664.76 1246.78 602.10
00001894 00000028 907.17 215.39 383.95 569.52 1019.57 477.80 1186.03 407.61 1158.14 556.23 1109.89 663.94 1246.87 604.12
00001895 00000029 909.30 211.20 383.62 569.84 1020.48 476.17 1188.09 407.74 1158.71 555.72 1108.28 661.97 1245.73 603.62
00001896 00000030 910.05 212.23 383.99 568.17 1023.07 472.07 1188.65 407.72 1157.88 555.68 1108.80 659.94 1243.87 604.97
00001897 00000031 910.28 210.90 385.22 570.92 1022.83 472.08 1191.17 407.64 1159.06 558.15 1108.53 660.03 1246.96 604.99
00001898 00000032 909.79 209.43 384.88 572.24 1023.31 470.13 1191.30 409.58 1157.11 559.24 1107.74 658.38 1245.22 606.48
00001899 00000033 911.43 213.36 383.62 571.05 1022.70 467.85 1190.05 411.71 1155.03 560.87 1104.69 656.60 1242.93 608.00
00001900 00000034 913.19 215.04 380.55 570.24 1021.49 466.43 1189.51 413.58 1152.32 563.22 1102.21 654.40 1241.81 608.27
00001901 00000035 917.17 210.79 381.06 579.48 1021.23 459.11 1185.97 407.66 1145.55 556.75 1097.91 663.09 1235.51 619.29
00001902 00000036 916.85 209.67 379.92 580.89 1021.03 454.84 1185.19 410.27 1143.03 558.58 1095.91 662.06 1231.09 623.67
00001903 00000037 917.63 206.38 379.64 584.65 1018.59 451.82 1184.32 409.70 1139.76 558.10 1092.01 661.15 1227.93 624.73
00001904 00000038 917.37 200.82 380.21 589.20 1017.35 448.30 1184.27 408.18 1137.36 557.19 1090.80 659.35 1225.05 624.57
00001905 00000039 915.53 204.95 379.92 574.72 1016.98 450.75 1187.49 410.55 1137.73 562.84 1092.57 651.40 1227.40 616.01
00001906 00000040 921.47 200.74 381.47 584.16 1018.79 441.94 1186.57 406.65 1133.96 556.67 1088.34 653.15 1222.35 621.61
00001907 00000041 923.48 201.73 379.49 582.81 1020.10 442.11 1187.79 408.31 1134.02 558.24 1087.32 652.96 1222.02 622.76
00001908 00000042 925.99 204.35 377.27 581.13 1021.97 443.70 1188.98 410.28 1135.04 558.45 1086.25 652.31 1222.48 622.61
00001909 00000043 928.80 202.88 375.31 584.24 1023.89 446.50 1190.45 412.27 1137.54 559.97 1086.51 653.19 1224.76 623.16
00001910 00000044 929.70 204.02 376.79 586.82 1025.91 448.38 1190.89 415.63 1138.70 561.49 1086.63 653.46 1225.79 624.63
00001911 00000045 930.77 205.31 377.52 585.37 1026.10 449.79 1191.52 416.52 1138.52 562.46 1086.76 654.32 1226.11 625.11
00001912 00000046 931.19 205.56 377.99 585.58 1027.08 450.26 1192.18 417.75 1138.86 562.67 1087.38 654.14 1226.74 625.41
00001913 00000047 931.44 208.25 378.81 581.82 1026.24 450.36 1192.43 417.60 1137.99 563.61 1087.09 654.36 1226.85 625.37
00001914 00000048 931.71 205.85 378.45 585.32 1025.92 450.83 1192.16 418.45 1137.89 564.20 1086.01 654.25 1226.72 625.75
00001915 00000049 932.04 208.14 379.06 584.54 1025.78 451.52 1191.57 419.83 1136.43 564.54 1084.62 653.21 1226.58 625.50
00001916 00000050 931.33 208.71 380.46 585.09 1025.19 451.24 1191.55 421.39 1135.71 566.29 1083.39 654.04 1224.78 627.81
00001917 00000051 930.57 211.55 383.42 587.48 1024.50 451.72 1191.22 423.88 1132.77 569.08 1081.29 654.67 1224.93 629.71
00001918 00000052 930.39 212.13 382.45 589.23 1024.30 453.07 1190.39 426.30 1130.74 571.96 1078.59 656.13 1222.09 632.02
00001919 00000053 928.92 210.63 382.68 592.14 1023.29 452.29 1189.06 427.42 1128.24 571.81 1076.94 655.84 1219.78 633.26
00001920 00000054 929.34 210.70 382.37 590.61 1020.60 450.60 1187.45 426.08 1124.95 571.25 1074.04 653.42 1219.45 631.09
00001921 00000055 929.96 213.11 380.33 587.44 1017.37 445.44 1186.22 422.94 1118.64 568.96 1070.49 652.44 1214.85 631.85
00001922 00000056 930.66 211.23 378.53 587.41 1015.96 443.19 1184.96 422.07 1115.91 567.19 1068.72 649.99 1212.92 630.61
00001923 00000057 931.40 210.14 377.65 586.89 1015.98 441.55 1184.78 420.54 1115.19 565.72 1067.88 648.47 1211.32 629.29
00001924 00000058 932.96 209.73 376.24 585.10 1017.54 440.63 1185.52 420.66 1116.12 564.80 1067.09 646.86 1209.42 628.68
00001925 00000059 933.77 209.05 373.87 580.08 1017.80 438.49 1188.02 419.40 1118.00 563.27 1066.32 645.72 1207.67 628.46
00001926 00000060 935.10 210.92 370.23 571.13 1018.88 434.52 1188.71 418.10 1117.01 562.38 1066.13 643.70 1200.93 629.00
00001927 00000061 927.14 202.22 373.78 578.59 1015.51 433.74 1187.00 417.21 1113.26 557.80 1068.13 638.95 1207.90 623.98
00001928 00000062 932.22 203.31 365.91 582.49 1015.73 430.90 1181.79 417.83 1111.91 558.12 1062.88 644.07 1193.11 632.07
00001929 00000063 933.30 197.74 360.97 595.19 1011.82 430.13 1176.80 417.56 1102.80 556.86 1057.34 646.18 1191.14 634.56
00001930 00000064 932.75 199.89 361.94 593.58 1009.03 429.60 1173.60 416.55 1099.10 554.45 1055.27 644.71 1189.94 632.68
00001931 00000065 931.29 198.83 361.44 592.56 1007.33 428.34 1170.91 414.36 1097.91 552.52 1054.63 641.42 1190.14 628.53
00001932 00000066 929.81 199.32 362.19 592.77 1005.67 426.21 1169.12 413.24 1095.23 552.11 1051.74 640.13 1188.72 627.96
00001933 00000067 926.16 203.05 364.29 585.35 1002.94 425.91 1168.08 414.40 1092.95 552.84 1048.74 638.24 1185.82 627.35
00001934 00000068 916.18 198.09 375.98 586.82 998.92 431.81 1166.81 415.11 1089.26 552.29 1049.08 634.42 1193.08 619.45
00001935 00000069 916.75 203.96 372.64 584.91 995.83 426.98 1158.75 419.58 1081.49 553.05 1038.03 637.68 1174.27 630.72
00001936 DELETE   910.60 202.58 375.55 581.13 985.18 429.08 1148.57 419.35 1063.53 552.35 1026.08 635.11 1166.16 626.91
00001937 DELETE   909.42 199.32 361.64 582.01 969.03 422.88 1128.92 420.34 1031.34 549.24 1001.17 631.37 1140.12 628.68
00001938 DELETE   901.55 207.47 356.90 564.90 954.82 427.17 1118.20 422.58 1007.14 544.36 982.95 629.89 1122.46 625.45
00001939 00000073 893.36 203.15 349.28 573.66 949.36 416.38 1114.20 418.46 994.82 544.65 970.25 628.15 1106.51 629.56
00001940 00000074 893.90 204.81 345.97 571.58 945.40 412.76 1107.49 418.63 983.50 545.28 962.12 628.55 1092.84 633.56
00001941 00000075 895.54 211.45 345.47 566.27 945.54 409.96 1104.82 419.53 978.43 543.09 958.49 626.64 1089.29 634.45
00001942 00000076 893.22 207.50 344.49 565.73 943.78 406.88 1104.84 421.40 976.80 541.06 951.38 621.95 1084.41 634.20
00001943 00000077 892.42 211.81 348.51 556.28 941.43 403.82 1103.66 421.27 972.84 539.47 948.33 618.89 1080.50 633.53
00001944 00000078 891.87 210.35 348.18 559.88 942.15 401.43 1100.45 420.00 967.66 532.65 946.81 614.52 1075.17 630.29
00001945 00000079 891.53 208.03 346.92 562.06 941.87 396.50 1096.56 415.10 963.87 527.51 947.04 612.79 1070.44 628.73
00001946 00000080 891.93 212.66 345.25 554.18 935.04 399.81 1085.23 415.66 958.99 521.17 947.79 606.01 1069.41 621.12
00001947 00000081 886.06 192.24 348.05 576.93 932.93 392.16 1088.46 412.08 953.35 524.57 935.74 607.28 1061.97 624.54
00001948 00000082 883.04 205.27 350.77 562.98 928.52 392.96 1080.26 411.83 944.91 522.79 932.42 609.19 1054.16 625.10
00001949 00000083 879.93 203.45 344.70 563.74 921.69 394.54 1074.71 412.20 939.73 525.23 927.61 611.48 1049.62 626.34
00001950 00000084 874.95 210.62 344.61 556.66 916.72 396.35 1070.47 413.88 936.79 528.72 924.62 612.44 1045.41 627.02
00001951 00000085 871.96 210.95 339.73 553.97 914.35 395.27 1065.62 413.48 935.77 529.77 919.95 609.86 1041.43 624.75
00001952 00000086 870.56 218.14 341.79 542.72 913.34 393.51 1062.15 410.69 931.41 523.59 918.37 607.16 1037.36 620.88
00001953 00000087 868.61 218.18 340.52 538.14 911.22 390.68 1059.14 407.43 925.67 517.95 917.04 604.66 1033.39 617.77
00001954 00000088 868.06 210.75 342.19 542.52 910.67 390.03 1055.04 404.86 923.56 513.80 917.14 600.86 1032.86 612.45
00001955 00000089 866.62 202.51 342.37 544.14 910.02 389.82 1053.28 403.18 923.11 513.70 917.52 599.17 1033.74 609.68
00001956 00000090 866.02 207.54 343.01 536.59 909.45 389.62 1053.36 403.28 924.05 514.18 916.70 599.95 1030.35 610.83
00001957 00000091 866.03 204.33 343.21 538.17 909.84 388.51 1056.11 402.70 926.76 516.37 917.93 600.47 1032.57 611.93
00001958 00000092 867.98 197.29 341.71 540.76 912.77 387.89 1058.90 402.38 928.31 513.70 918.67 598.05 1031.20 610.17
00001959 00000093 868.86 191.85 337.04 544.97 916.23 385.61 1062.17 400.82 932.25 509.16 919.61 593.68 1033.54 606.55
00001960 00000094 874.08 178.53 337.01 562.09 919.98 381.57 1070.60 399.74 939.13 507.79 924.23 592.26 1040.44 607.51
00001961 00000095 878.73 173.20 341.43 564.18 925.94 380.05 1079.55 396.69 946.52 506.91 929.00 588.75 1052.66 603.23
00001962 00000096 892.08 173.11 340.98 565.97 936.12 379.93 1092.30 392.55 960.96 504.46 939.22 591.43 1064.77 603.06
00001963 00000097 901.05 174.54 342.36 569.91 945.03 385.11 1103.59 392.93 970.19 503.26 950.62 600.63 1071.88 608.59
00001964 00000098 906.62 186.69 339.77 558.37 963.05 384.76 1110.43 401.98 976.40 494.70 960.01 591.07 1066.22 605.82
00001965 00000099 913.85 192.53 339.37 553.66 968.51 384.72 1113.76 406.05 981.94 498.99 961.40 590.17 1068.44 607.89
00001966 00000100 923.49 201.21 340.12 546.05 972.90 380.14 1120.46 407.81 987.63 500.99 962.06 590.11 1072.41 613.28
00001967 00000101 937.03 199.74 345.38 551.49 982.64 380.47 1129.20 407.15 991.35 502.45 974.58 594.31 1088.27 616.20
00001968 00000102 946.04 204.38 339.27 549.73 995.02 379.80 1143.33 412.40 999.05 504.42 983.35 593.19 1100.67 619.98
00001969 00000103 952.32 206.07 346.49 559.30 1002.30 380.33 1155.69 419.30 1005.88 513.63 987.28 595.20 1112.19 627.62
00001970 00000104 959.81 218.90 344.61 554.01 1014.59 379.91 1163.75 424.40 1015.03 519.83 995.36 595.47 1122.06 632.47
00001971 00000105 964.40 218.54 356.80 559.52 1015.75 387.65 1170.47 424.07 1024.75 520.29 1004.88 594.98 1137.31 627.68
00001972 00000106 970.08 216.05 360.33 562.13 1020.10 391.56 1182.12 423.44 1034.37 521.37 1008.89 601.72 1144.96 630.95
00001973 00000107 978.87 223.76 361.16 558.30 1029.90 393.83 1193.03 427.13 1044.50 521.66 1015.87 605.06 1155.03 634.77
00001974 00000108 985.76 222.91 366.76 555.72 1039.25 396.12 1202.98 433.90 1050.13 529.59 1023.87 609.14 1158.60 641.26
00001975 00000109 985.82 236.79 379.33 549.43 1049.15 399.56 1217.78 444.39 1066.91 538.45 1030.62 614.09 1166.89 651.90
00001976 00000110 1006.73 253.39 377.31 550.01 1074.32 407.35 1233.51 459.26 1076.26 551.58 1046.09 625.18 1182.11 668.20
00001977 DELETE   1018.98 243.95 388.74 572.99 1092.93 420.06 1259.82 472.92 1098.83 572.20 1062.26 638.19 1200.25 682.04
00001978 DELETE   1033.68 267.00 391.81 562.21 1112.38 436.31 1283.01 503.48 1127.01 598.94 1075.04 652.34 1213.11 708.22
00001979 DELETE   1043.62 281.44 400.54 561.92 1128.68 451.57 1311.78 517.86 1158.75 622.99 1089.27 676.56 1233.58 730.88
00001980 00000114 1050.43 287.49 407.91 570.27 1153.15 460.70 1328.73 538.31 1180.13 637.53 1105.33 679.26 1247.04 743.25
00001981 DELETE   1070.17 297.01 407.00 566.98 1168.60 480.49 1348.05 541.52 1200.86 651.59 1126.83 699.75 1265.36 751.01
00001982 DELETE   1079.88 302.29 402.65 562.69 1182.40 493.50 1356.11 553.40 1214.51 667.16 1139.98 708.95 1278.95 759.77
00001983 00000117 1084.07 297.15 412.46 573.23 1189.02 502.35 1366.49 565.21 1225.94 681.34 1148.52 722.44 1285.69 774.86
00001984 DELETE   1084.83 297.32 419.09 578.91 1189.33 508.88 1370.26 576.68 1225.80 693.88 1148.84 726.44 1291.74 782.89
00001985 00000119 1084.61 304.24 419.28 580.43 1192.65 515.16 1365.72 589.46 1221.57 698.66 1141.48 727.24 1280.56 789.06
00001986 00000120 1080.59 306.46 418.63 579.70 1187.45 514.84 1361.18 590.97 1213.63 699.82 1135.49 728.57 1272.87 791.99
00001987 00000121 1074.48 301.89 423.51 581.69 1182.49 515.61 1357.75 591.82 1206.55 700.60 1130.94 732.94 1264.00 796.31
00001988 00000122 1073.94 302.75 426.87 581.42 1182.45 514.83 1358.60 591.18 1207.07 698.68 1131.57 733.15 1264.19 796.61
00001989 00000123 1080.53 309.16 422.04 574.69 1186.30 514.10 1361.16 588.02 1211.49 695.14 1134.98 731.15 1269.51 792.84
00001990 DELETE   1080.14 305.54 417.77 577.58 1188.55 510.70 1363.69 584.24 1216.40 692.67 1136.90 724.50 1275.50 786.25
00001991 00000125 1082.19 302.10 412.03 576.15 1185.84 506.98 1365.03 576.35 1218.63 687.21 1140.56 719.85 1284.40 778.23
00001992 00000126 1079.73 305.23 410.50 569.21 1189.58 503.91 1364.71 573.02 1220.02 679.80 1143.42 713.38 1284.37 771.30
00001993 00000127 1072.86 311.40 416.69 566.80 1185.60 496.78 1362.65 565.46 1214.07 674.14 1135.30 710.96 1274.06 768.96
00001994 00000128 1071.06 305.70 413.32 571.72 1179.34 497.32 1358.06 561.73 1208.82 670.39 1131.39 712.84 1271.01 766.77
CROP_BBOX: 631 0 1758 1080
