Video ID: 	ZCqds6kR6u0
H: 	1080
W: 	1920
FPS: 	30.0

FRAME INDEX X0 Y0 W H [Landmarks (5 Points)]

00001913 00000000 772.21 236.39 359.46 558.92 883.76 454.78 1046.26 465.95 977.99 571.10 898.83 650.78 1033.05 660.00
00001914 00000001 771.74 236.41 359.75 557.82 882.94 454.58 1046.08 465.14 977.81 570.07 897.52 649.65 1034.58 658.29
00001915 00000002 771.44 236.38 359.62 558.16 882.54 454.40 1045.91 464.65 977.63 570.48 897.35 649.62 1034.28 658.07
00001916 00000003 771.30 235.89 359.51 556.57 882.71 454.55 1045.12 465.12 977.56 569.26 895.68 648.59 1032.01 657.52
00001917 00000004 771.44 236.39 359.24 555.18 882.64 453.89 1044.91 464.58 977.43 568.87 895.45 647.73 1031.31 656.80
00001918 00000005 771.46 236.31 359.92 555.71 882.56 453.61 1044.61 464.34 977.20 568.78 895.67 647.97 1030.54 657.10
00001919 00000006 771.38 236.56 360.77 555.46 882.34 453.39 1044.77 464.11 976.67 568.90 895.77 647.97 1030.27 657.08
00001920 00000007 772.13 236.14 358.86 556.45 883.22 453.95 1045.50 464.15 977.90 569.55 897.65 649.16 1031.32 657.80
00001921 00000008 772.11 236.65 358.78 556.34 883.21 453.96 1045.23 464.10 977.85 570.15 897.66 649.30 1031.22 657.88
00001922 00000009 772.62 236.12 358.54 556.94 883.68 454.22 1045.96 464.45 978.20 570.37 897.73 649.54 1031.73 658.17
00001923 00000010 772.82 235.41 359.04 557.06 884.58 454.03 1046.60 464.47 978.88 570.33 897.71 648.32 1032.54 657.04
00001924 00000011 773.06 236.05 359.60 556.41 884.69 454.07 1046.70 464.77 978.66 570.23 897.87 648.18 1032.73 657.12
00001925 00000012 773.23 236.16 359.53 556.50 885.03 454.15 1047.02 464.64 979.25 570.10 898.30 648.30 1033.44 656.99
00001926 00000013 773.49 235.35 358.77 558.11 885.17 453.84 1046.94 464.08 979.76 570.75 900.42 650.30 1033.06 658.74
00001927 00000014 774.07 235.52 358.27 558.56 885.37 454.46 1047.58 464.70 979.96 571.92 901.07 651.49 1032.79 659.98
00001928 00000015 774.22 234.74 357.78 559.64 886.04 454.36 1047.57 464.99 980.24 572.69 902.04 652.28 1031.89 661.06
00001929 00000016 775.65 234.63 357.92 560.33 887.59 454.31 1048.61 465.10 981.03 572.46 902.47 652.45 1032.07 661.48
00001930 00000017 775.57 234.75 357.39 559.88 887.68 454.45 1048.79 465.27 981.41 572.47 903.00 652.72 1032.11 661.74
00001931 00000018 776.55 233.98 357.01 561.78 889.90 452.02 1050.64 463.69 982.81 573.33 904.86 652.88 1032.18 662.52
00001932 00000019 776.84 234.22 356.34 558.76 888.60 453.11 1049.93 464.49 982.09 570.88 900.54 650.18 1032.63 659.86
00001933 00000020 777.19 233.40 356.41 557.34 888.98 451.79 1050.29 464.48 981.48 570.70 899.96 649.30 1029.91 660.18
00001934 00000021 777.88 233.33 356.05 557.43 889.45 451.38 1050.26 464.52 981.46 570.42 899.57 649.04 1029.35 660.36
00001935 00000022 777.23 232.02 358.17 565.06 892.36 449.16 1052.77 462.93 983.96 571.25 904.45 653.57 1029.61 665.26
00001936 00000023 778.16 232.32 356.54 564.51 892.89 449.79 1052.99 463.42 984.31 571.75 904.51 653.19 1030.41 664.76
00001937 00000024 778.20 232.13 356.14 565.26 893.09 449.84 1052.20 463.06 984.08 572.05 904.69 653.20 1030.44 664.39
00001938 00000025 778.04 233.32 356.21 562.21 892.04 450.48 1052.03 462.92 983.90 571.17 903.42 652.58 1031.21 663.21
00001939 00000026 778.37 233.12 356.25 562.30 892.47 450.68 1052.11 463.42 983.82 570.98 903.39 652.44 1031.01 663.35
00001940 00000027 778.81 234.15 355.31 558.85 891.87 450.85 1051.38 463.52 983.16 570.02 901.53 650.19 1031.20 661.12
00001941 00000028 778.76 234.96 355.24 554.52 891.06 451.23 1052.04 463.50 983.64 568.84 899.60 647.21 1033.72 657.69
00001942 00000029 778.83 235.59 355.38 552.28 890.84 452.89 1051.75 464.93 983.69 567.78 900.19 646.62 1035.53 656.88
00001943 00000030 778.88 235.84 355.41 548.73 889.88 453.30 1050.59 466.33 981.47 567.78 898.47 645.16 1032.55 656.26
00001944 00000031 778.04 235.01 356.46 553.92 890.09 452.41 1050.52 464.48 982.52 568.83 901.08 648.15 1032.48 658.47
00001945 00000032 778.41 234.74 355.89 554.55 890.10 452.60 1050.85 464.57 982.56 569.14 900.96 648.57 1032.89 658.77
00001946 00000033 778.59 234.48 355.58 558.37 890.21 452.22 1051.42 463.60 983.30 569.35 901.60 649.59 1035.37 659.27
00001947 00000034 778.39 233.16 356.77 564.01 889.74 451.65 1052.03 463.40 983.30 568.78 899.76 651.27 1036.08 661.22
00001948 00000035 779.07 234.36 354.59 558.46 890.55 452.87 1051.62 463.42 984.46 569.44 903.63 651.10 1036.59 659.99
00001949 00000036 778.69 233.99 356.21 558.80 890.29 452.20 1051.76 462.90 984.03 568.72 903.75 650.25 1036.33 659.27
00001950 00000037 779.15 233.51 354.20 555.28 890.41 451.89 1052.60 462.43 984.99 567.66 904.56 651.63 1033.69 660.65
00001951 00000038 779.47 233.42 353.74 554.90 890.65 452.10 1052.56 462.66 985.22 567.22 904.64 651.58 1033.27 660.67
00001952 00000039 779.54 233.93 354.77 554.16 890.99 452.02 1052.79 463.03 985.16 566.69 904.43 651.79 1032.49 661.27
00001953 00000040 779.56 234.19 354.73 553.39 891.86 450.49 1052.41 462.84 984.44 566.17 906.50 650.67 1028.92 661.42
00001954 00000041 779.66 233.91 355.04 553.59 892.17 450.42 1052.42 462.76 984.55 565.95 906.73 650.38 1028.90 661.14
00001955 00000042 780.62 234.54 353.67 552.46 892.96 450.03 1052.67 462.65 985.09 564.93 907.38 649.45 1029.43 660.41
00001956 00000043 780.86 234.26 354.48 552.52 893.65 449.60 1052.75 462.57 985.33 564.58 907.13 648.61 1029.62 659.88
00001957 00000044 782.36 233.97 352.95 552.75 895.11 449.42 1053.74 462.22 986.82 563.89 908.17 648.60 1030.43 659.79
00001958 00000045 782.64 234.34 353.25 553.12 895.92 448.60 1054.81 460.92 987.94 563.44 909.10 648.48 1031.45 659.22
00001959 00000046 782.61 234.71 354.70 553.62 895.66 448.13 1054.61 460.97 986.95 563.50 908.61 647.90 1031.15 659.06
00001960 00000047 782.65 234.58 354.55 553.94 895.73 448.24 1054.98 460.97 987.31 563.34 908.50 648.04 1031.50 659.07
00001961 00000048 782.65 234.68 354.45 553.53 896.14 449.25 1055.43 462.18 987.57 563.96 908.57 647.98 1031.69 659.24
00001962 00000049 783.05 235.09 354.88 553.57 896.71 452.84 1057.61 467.35 987.20 564.65 908.35 647.36 1032.84 659.72
00001963 DELETE   783.10 236.10 355.59 552.84 896.72 453.96 1058.45 468.34 987.15 564.79 906.88 647.21 1033.26 659.56
00001964 DELETE   782.74 235.62 355.00 553.22 896.76 454.65 1058.27 468.76 987.70 564.87 907.16 647.33 1033.80 659.38
00001965 00000052 780.92 234.22 356.14 558.98 896.45 451.29 1054.63 464.86 986.82 565.44 906.35 648.27 1032.59 659.96
00001966 00000053 781.43 235.86 355.33 557.12 896.31 451.19 1055.18 464.88 986.51 565.55 905.90 648.29 1032.78 660.09
00001967 00000054 780.08 234.74 355.80 560.72 895.89 448.81 1054.16 462.25 986.01 566.00 907.49 650.62 1031.49 662.18
00001968 00000055 778.67 234.38 355.78 559.35 894.05 447.35 1052.66 460.79 984.85 566.00 906.09 649.78 1029.62 661.33
00001969 00000056 778.95 234.41 355.24 558.90 894.16 447.56 1052.71 460.35 984.84 566.47 906.55 649.69 1030.02 660.65
00001970 00000057 778.85 235.71 356.35 553.73 893.19 448.56 1051.98 460.87 984.56 564.94 905.96 648.78 1029.45 659.49
00001971 00000058 778.63 236.12 356.66 551.74 891.60 449.47 1051.93 461.73 984.16 562.91 903.61 645.97 1031.99 656.58
00001972 00000059 777.86 236.55 356.19 550.20 889.83 449.41 1050.75 462.11 982.05 563.16 903.01 645.49 1029.63 656.51
00001973 00000060 776.53 235.44 356.85 552.78 888.15 449.28 1049.48 462.06 980.57 563.26 902.72 646.64 1028.20 657.67
00001974 00000061 774.91 235.05 357.94 553.84 886.48 448.79 1048.58 460.49 980.25 564.27 903.39 649.20 1027.34 659.28
00001975 00000062 774.98 235.04 357.64 553.86 886.60 449.01 1048.84 460.81 980.57 564.10 903.40 649.41 1027.54 659.56
00001976 00000063 774.66 234.78 359.13 555.55 885.70 449.15 1047.85 461.08 978.88 564.43 903.17 650.37 1026.05 660.76
00001977 00000064 773.39 235.23 359.12 554.84 884.84 448.42 1046.95 460.64 978.18 564.51 902.63 650.52 1024.38 661.27
00001978 00000065 772.15 235.90 360.11 553.36 884.51 449.48 1046.65 461.63 978.21 565.51 902.95 652.29 1022.57 663.09
00001979 00000066 771.95 235.91 360.21 552.61 883.68 448.91 1046.62 461.02 977.54 565.47 902.42 652.07 1022.17 662.87
00001980 00000067 770.78 234.88 360.96 554.77 882.90 448.01 1045.57 460.62 976.32 564.97 902.24 652.24 1020.54 663.46
00001981 00000068 770.99 234.35 361.96 555.65 882.69 448.09 1045.26 460.67 976.02 564.69 901.86 652.49 1020.50 663.66
00001982 00000069 771.37 234.23 361.87 555.41 881.89 448.72 1044.82 460.25 975.62 563.79 900.69 650.63 1022.95 660.80
00001983 00000070 770.99 234.15 362.48 555.28 881.24 448.48 1044.23 460.16 975.05 563.26 898.77 649.61 1022.69 659.95
00001984 00000071 771.60 234.10 360.58 554.97 882.36 448.81 1044.80 460.14 976.36 563.62 900.07 649.84 1023.42 659.83
00001985 00000072 771.76 234.51 360.06 555.26 882.84 448.89 1046.12 459.92 977.10 564.16 900.72 650.20 1025.40 659.83
00001986 00000073 772.34 234.56 358.42 556.07 884.06 446.17 1046.59 459.08 977.28 564.36 902.73 650.16 1022.90 661.41
00001987 00000074 772.75 235.11 359.29 556.55 885.01 446.79 1047.10 459.69 977.91 563.70 901.68 648.55 1026.01 659.65
00001988 00000075 773.26 234.83 358.20 557.22 885.29 447.32 1046.93 460.26 978.03 564.02 901.82 648.65 1026.35 659.75
00001989 00000076 773.56 235.19 358.18 554.93 885.29 448.34 1048.49 460.76 979.01 563.51 901.64 647.60 1028.23 658.16
00001990 00000077 774.26 234.48 357.82 556.08 885.99 449.04 1049.22 461.61 979.38 563.91 901.27 647.74 1028.60 658.43
00001991 DELETE   774.38 237.03 358.67 553.89 887.13 454.90 1052.48 467.58 980.56 563.36 900.64 645.89 1036.47 656.27
00001992 DELETE   774.87 237.62 358.35 553.96 887.43 457.60 1050.86 470.23 979.75 564.62 899.29 645.82 1036.47 656.24
00001993 00000080 774.58 236.78 356.92 554.19 887.59 455.10 1051.76 467.57 981.31 564.23 899.69 646.13 1036.68 656.42
00001994 00000081 774.06 236.69 358.73 554.42 887.51 454.80 1051.36 467.42 980.93 564.09 899.76 646.24 1035.65 656.72
00001995 00000082 930.92 163.33 471.12 717.49 999.25 433.43 1208.84 449.97 1050.20 579.53 1007.57 693.51 1170.61 709.49
00001996 DELETE   930.31 162.87 472.27 719.32 999.38 433.55 1209.38 449.65 1051.21 579.24 1007.66 693.77 1171.46 709.38
00001997 00000084 927.75 165.54 476.69 713.86 997.57 432.79 1209.43 449.72 1050.01 579.56 1006.28 691.89 1171.79 708.11
00001998 DELETE   927.29 167.27 476.29 712.77 996.60 433.27 1208.99 449.59 1049.49 579.35 1005.49 693.33 1170.54 709.01
00001999 00000086 927.38 167.16 478.34 714.47 996.67 433.33 1209.05 449.62 1050.25 579.07 1005.89 693.77 1171.00 709.44
00002000 00000087 928.48 168.35 480.30 712.76 995.80 433.87 1207.62 449.56 1047.92 581.32 1006.19 696.30 1169.91 711.45
00002001 00000088 928.63 167.04 479.83 712.33 995.75 434.19 1207.81 450.08 1048.68 581.88 1005.64 695.11 1170.09 710.53
00002002 00000089 928.89 165.67 481.07 712.51 996.41 434.29 1207.54 448.70 1048.61 579.24 1006.36 694.28 1171.18 708.46
00002003 00000090 929.05 166.36 481.90 711.68 997.01 433.54 1206.74 448.04 1048.32 577.92 1006.87 692.90 1171.40 707.11
00002004 00000091 924.86 163.37 487.91 725.64 1005.96 430.14 1212.00 443.94 1052.20 575.99 1007.10 694.20 1178.03 707.26
00002005 00000092 925.36 162.82 486.88 726.78 1006.23 429.78 1212.60 443.53 1052.63 576.04 1007.25 695.09 1177.35 708.12
00002006 00000093 933.66 162.60 475.18 730.43 1000.93 431.31 1208.54 445.82 1047.11 575.87 1009.72 695.86 1177.08 710.11
00002007 00000094 935.08 162.72 470.97 716.65 999.94 430.44 1208.71 445.31 1048.19 573.35 1007.35 690.28 1174.96 705.01
00002008 00000095 935.21 162.31 471.11 709.85 1000.03 429.48 1210.29 444.89 1050.79 573.91 1007.92 686.03 1176.76 701.33
00002009 00000096 934.98 162.33 471.03 710.10 1000.01 429.26 1210.66 444.72 1051.12 574.06 1008.09 686.22 1177.23 701.53
00002010 00000097 937.22 162.55 473.71 714.54 1001.46 427.71 1210.88 441.84 1050.75 572.33 1008.47 688.41 1177.03 702.63
00002011 00000098 936.61 163.86 477.97 714.51 1001.76 427.11 1210.58 441.53 1050.13 572.43 1008.92 687.96 1178.08 702.33
00002012 00000099 938.52 162.20 472.81 717.12 1001.87 427.71 1210.73 441.59 1049.47 571.72 1008.16 688.52 1178.88 702.45
00002013 00000100 939.30 161.62 472.09 718.52 1002.07 427.73 1211.02 441.78 1050.00 571.61 1008.49 688.66 1179.37 702.78
00002014 00000101 939.48 162.14 471.59 715.72 1002.65 427.53 1210.52 441.67 1050.37 571.68 1009.03 688.35 1178.15 702.57
00002015 00000102 939.71 161.28 470.81 716.83 1003.10 428.02 1211.25 442.01 1051.06 570.77 1008.76 688.05 1177.53 702.22
00002016 00000103 938.54 160.55 471.19 713.96 1003.17 428.05 1212.23 441.45 1053.43 571.11 1009.87 686.44 1179.92 700.09
00002017 00000104 938.67 159.99 468.45 711.44 1003.33 428.64 1213.94 442.93 1054.77 571.30 1009.81 684.57 1181.33 698.93
00002018 00000105 937.69 163.84 470.45 710.89 1006.07 431.07 1217.45 449.38 1058.41 571.51 1011.98 683.15 1186.59 700.38
00002019 00000106 938.37 163.65 468.79 723.21 1007.34 436.05 1218.83 451.71 1057.63 570.81 1011.86 688.25 1190.92 702.89
00002020 00000107 930.96 161.95 479.49 723.95 1012.76 431.21 1219.20 447.80 1061.51 571.88 1011.04 685.02 1191.68 699.94
00002021 00000108 940.15 162.73 460.32 733.55 1008.01 434.63 1216.61 448.49 1056.12 571.51 1014.68 690.31 1195.27 702.96
00002022 00000109 939.47 162.91 460.48 741.39 1007.44 433.04 1215.88 445.12 1054.96 572.32 1014.19 691.74 1199.37 702.65
00002023 00000110 936.93 160.12 465.41 746.13 1012.85 426.94 1214.49 441.94 1053.99 573.64 1011.30 684.74 1205.27 697.23
00002024 00000111 936.75 161.47 470.42 745.15 1012.51 426.37 1213.29 441.72 1052.90 573.92 1011.45 684.68 1205.80 697.40
00002025 00000112 934.36 161.01 473.22 751.22 1012.82 422.05 1211.26 437.50 1054.63 572.36 1018.18 685.84 1206.50 696.66
00002026 00000113 934.63 160.74 467.76 751.06 1012.55 422.24 1211.21 437.47 1056.05 572.87 1018.10 685.70 1207.20 696.46
00002027 00000114 938.79 163.85 461.69 741.45 1006.27 434.76 1213.18 444.10 1052.11 574.95 1015.50 683.86 1216.13 691.17
00002028 00000115 938.50 164.95 460.20 736.17 1005.84 435.43 1211.26 444.53 1051.84 574.40 1016.02 683.63 1214.79 690.59
00002029 00000116 938.12 165.07 463.52 736.00 1005.18 435.16 1210.22 444.27 1050.68 574.78 1015.80 683.77 1214.77 690.72
00002030 00000117 937.71 165.97 462.67 733.73 1004.41 434.99 1209.82 445.15 1050.03 575.80 1013.82 682.55 1214.26 690.32
00002031 00000118 936.36 165.07 461.64 735.28 1003.69 434.98 1210.44 444.89 1050.75 576.05 1013.69 682.82 1215.41 690.30
00002032 00000119 936.70 166.06 457.81 732.63 1004.05 435.21 1211.98 445.13 1052.02 575.40 1013.39 681.78 1215.32 689.40
00002033 00000120 935.99 165.63 462.66 731.38 1003.58 434.72 1211.03 444.43 1051.38 574.90 1013.12 681.48 1214.71 688.93
00002034 00000121 935.27 165.30 458.77 730.80 1003.64 434.35 1211.62 444.39 1052.41 574.39 1012.82 681.29 1212.55 689.19
00002035 00000122 935.63 164.74 462.48 732.10 1003.11 434.28 1210.42 443.95 1051.19 574.09 1012.55 681.99 1211.71 689.58
00002036 00000123 935.68 164.54 458.32 731.93 1003.89 434.44 1210.83 444.17 1051.79 573.41 1012.87 681.64 1210.78 689.40
00002037 00000124 935.32 163.62 458.56 733.30 1004.08 434.00 1211.90 444.29 1052.37 574.41 1013.29 682.87 1209.91 691.30
00002038 00000125 935.34 162.83 460.61 735.58 1004.66 433.33 1211.62 443.13 1052.57 574.13 1014.28 683.90 1208.37 692.03
00002039 00000126 935.01 162.42 457.00 734.74 1004.89 433.24 1212.76 443.62 1053.57 573.34 1013.98 683.49 1208.00 692.20
00002040 00000127 935.36 165.04 459.61 734.49 1007.19 438.95 1217.11 453.81 1056.41 575.82 1013.55 685.47 1204.65 698.16
00002041 00000128 936.10 165.57 454.02 733.46 1008.82 439.55 1219.17 456.16 1058.35 576.29 1013.40 685.10 1202.75 699.55
00002042 00000129 933.58 164.46 457.11 729.66 1006.53 444.41 1218.70 457.28 1057.76 573.94 1012.11 687.42 1200.62 699.02
00002043 00000130 932.90 164.96 463.71 731.14 1005.57 441.44 1217.53 454.62 1056.77 574.34 1011.21 687.72 1197.79 699.65
00002044 00000131 931.99 164.83 464.88 732.90 1005.88 440.40 1217.85 454.10 1057.95 575.54 1011.77 687.83 1197.58 700.19
00002045 00000132 930.98 164.63 462.20 728.39 1005.77 436.35 1214.91 450.50 1057.91 573.92 1013.53 688.06 1189.98 701.24
00002046 00000133 932.56 164.68 461.69 726.41 1004.10 433.10 1213.80 445.88 1056.29 576.18 1014.81 689.66 1189.28 701.72
00002047 00000134 933.85 162.82 459.51 730.82 1003.69 429.64 1214.19 440.79 1055.19 573.36 1014.23 692.67 1184.19 703.78
00002048 00000135 929.73 159.01 473.81 741.82 1012.28 421.33 1213.38 431.42 1054.18 569.21 1014.59 694.54 1185.07 703.74
00002049 00000136 929.74 154.98 480.20 740.57 1012.21 415.81 1215.21 425.40 1054.55 560.11 1014.75 691.66 1185.73 700.80
00002050 00000137 930.99 156.51 480.09 737.52 1012.13 416.59 1215.23 426.38 1054.35 560.73 1014.50 691.49 1185.36 700.91
00002051 00000138 939.05 158.42 460.62 720.23 1005.98 421.10 1215.77 426.79 1053.65 553.64 1013.23 686.15 1182.87 692.61
00002052 00000139 940.31 158.33 463.78 711.84 1008.89 419.43 1213.37 426.73 1053.18 549.82 1011.82 676.32 1183.15 684.03
00002053 00000140 940.85 156.98 465.20 707.64 1010.50 419.41 1213.15 428.16 1053.16 550.22 1011.73 670.65 1183.22 679.65
00002054 00000141 941.34 156.50 463.00 708.21 1010.65 419.63 1213.52 428.45 1053.58 550.19 1011.79 670.37 1183.39 679.44
00002055 00000142 939.22 156.35 456.75 721.38 1006.65 421.40 1213.69 427.12 1052.61 552.38 1014.06 687.50 1178.07 694.17
00002056 00000143 940.28 155.85 455.34 721.61 1007.18 422.06 1214.14 427.94 1052.57 553.31 1014.42 687.70 1178.40 694.54
00002057 00000144 940.35 155.86 462.42 727.62 1008.48 422.78 1213.34 428.00 1052.12 554.79 1016.38 689.26 1180.97 695.62
00002058 00000145 940.76 156.34 463.39 725.54 1007.23 423.18 1214.42 430.23 1052.33 555.68 1014.58 686.47 1183.26 694.29
00002059 00000146 939.95 156.63 463.56 723.56 1007.40 423.40 1215.38 431.05 1053.98 556.46 1015.14 685.68 1183.10 694.01
00002060 00000147 937.51 156.85 465.01 723.70 1008.89 425.00 1215.59 435.47 1053.17 558.54 1015.85 683.66 1184.23 694.07
00002061 00000148 938.25 155.53 464.87 721.04 1010.00 431.75 1215.33 439.91 1054.62 557.50 1016.40 684.16 1186.25 692.58
00002062 DELETE   937.02 156.85 468.32 724.28 1007.81 432.46 1214.43 439.38 1053.57 559.51 1016.28 688.23 1187.47 695.61
00002063 00000150 936.53 157.70 462.56 726.42 1008.75 427.79 1215.05 438.76 1054.28 558.84 1014.00 685.40 1183.77 696.29
00002064 00000151 936.97 156.65 463.45 725.24 1006.87 425.77 1210.81 434.69 1050.57 558.83 1013.71 685.58 1181.35 694.76
00002065 00000152 936.68 156.43 466.29 725.03 1006.71 426.41 1209.96 434.66 1050.31 559.23 1014.02 686.59 1180.94 695.21
00002066 00000153 937.55 157.46 465.07 718.71 1004.67 424.86 1210.75 431.93 1050.80 559.62 1014.10 686.19 1181.85 693.93
00002067 00000154 929.30 157.32 481.00 722.99 1007.90 419.91 1213.76 430.78 1051.55 561.40 1009.49 687.18 1182.80 697.80
00002068 00000155 928.83 158.22 482.43 723.52 1008.38 419.53 1213.65 430.51 1051.32 560.68 1009.26 686.60 1182.76 697.25
00002069 00000156 928.85 157.44 481.20 724.71 1008.50 419.59 1213.85 430.36 1051.22 560.70 1009.15 687.11 1182.61 697.61
00002070 00000157 928.54 157.95 481.15 726.88 1008.74 420.03 1214.65 431.16 1051.70 562.46 1008.91 687.66 1182.11 698.48
00002071 00000158 928.86 157.51 482.61 727.92 1008.70 419.62 1214.61 430.95 1052.21 562.62 1008.85 687.85 1181.73 698.92
00002072 00000159 929.02 159.23 482.92 725.03 1008.37 419.87 1214.48 431.65 1051.79 562.94 1008.48 687.28 1182.53 698.69
00002073 00000160 928.56 158.35 480.48 722.89 1007.89 420.70 1214.30 431.78 1052.61 564.00 1008.85 687.43 1182.73 698.21
00002074 00000161 928.86 159.68 482.53 722.14 1008.34 420.72 1213.98 432.22 1053.66 564.65 1009.15 687.30 1181.39 698.56
00002075 00000162 937.60 157.47 470.31 714.82 1003.42 424.02 1210.57 433.56 1050.78 562.50 1011.02 683.57 1179.92 693.68
00002076 00000163 936.56 156.77 471.12 708.79 1003.14 424.12 1210.82 434.08 1051.55 562.01 1010.59 679.25 1180.42 689.66
00002077 00000164 936.34 157.36 473.42 709.78 1003.37 424.15 1210.25 433.01 1051.98 561.81 1012.48 678.78 1184.91 688.09
00002078 00000165 930.44 158.56 483.53 725.73 1008.04 420.03 1213.35 432.22 1052.06 563.94 1009.88 684.84 1188.95 696.21
00002079 00000166 931.17 158.82 479.64 741.24 1009.40 418.87 1212.77 429.75 1050.43 562.79 1011.70 688.74 1195.03 698.54
00002080 00000167 932.69 158.25 477.54 740.56 1011.11 419.66 1212.82 430.13 1050.71 562.68 1013.14 688.89 1193.82 698.40
00002081 00000168 932.06 158.27 477.83 743.88 1011.35 418.86 1213.60 429.61 1051.57 561.69 1012.82 688.45 1195.29 698.14
00002082 00000169 931.35 156.26 476.26 742.68 1010.39 419.14 1212.68 429.56 1050.43 562.63 1012.38 688.30 1195.12 697.53
00002083 00000170 930.57 157.24 481.46 734.99 1008.99 419.33 1213.00 429.04 1052.62 562.09 1012.17 687.51 1192.80 696.46
00002084 00000171 931.11 157.05 480.74 734.11 1009.15 419.37 1213.31 429.20 1053.02 561.93 1012.41 687.22 1192.14 696.39
00002085 00000172 938.58 156.71 466.89 727.67 1004.33 423.77 1212.70 430.93 1051.19 561.48 1013.02 688.96 1185.02 696.93
00002086 00000173 938.81 156.57 466.49 727.65 1004.69 423.66 1213.11 431.36 1051.17 561.97 1012.98 688.46 1184.93 696.89
00002087 00000174 939.16 156.34 462.31 726.79 1004.35 424.85 1214.16 432.63 1052.35 562.13 1012.77 688.60 1184.84 697.18
00002088 00000175 940.77 156.14 452.83 716.49 1004.07 428.37 1216.14 437.48 1054.60 564.41 1014.22 684.99 1186.95 694.58
00002089 00000176 940.93 157.75 456.87 714.81 1004.07 428.33 1214.98 436.54 1054.30 564.47 1014.94 685.79 1186.75 694.61
00002090 00000177 937.01 156.27 465.17 711.79 1005.34 430.03 1217.52 444.84 1056.23 565.16 1011.83 681.08 1186.65 695.34
00002091 00000178 935.71 157.28 465.38 709.65 1005.03 429.90 1217.33 444.10 1059.02 566.28 1012.14 679.82 1186.68 693.60
00002092 00000179 935.23 156.90 464.50 711.61 1004.21 429.71 1214.48 441.39 1057.16 565.72 1011.82 681.40 1184.51 693.11
00002093 00000180 936.75 158.01 465.90 712.66 1003.48 428.88 1212.29 438.61 1055.06 566.80 1012.88 683.63 1183.61 693.83
00002094 00000181 937.58 160.08 468.24 716.17 1002.78 428.94 1212.06 438.30 1054.27 567.17 1011.94 686.18 1184.07 696.10
00002095 00000182 937.51 160.26 468.87 715.35 1002.81 428.50 1212.55 437.75 1054.99 567.20 1012.51 685.69 1184.92 695.54
00002096 00000183 937.84 161.20 469.20 718.59 1003.41 427.64 1211.83 436.63 1053.51 565.96 1012.66 686.72 1184.91 696.28
00002097 00000184 929.82 159.97 480.47 728.11 1008.11 423.13 1213.80 434.84 1054.61 567.03 1009.79 686.68 1191.26 697.46
00002098 00000185 929.65 160.20 480.46 730.20 1007.60 422.58 1212.48 434.29 1052.87 567.09 1009.59 686.17 1193.30 696.71
00002099 00000186 929.82 159.59 479.51 731.52 1007.60 422.71 1212.15 434.08 1052.76 567.32 1009.38 686.20 1193.22 696.47
00002100 00000187 928.08 160.56 482.22 734.17 1005.44 422.28 1209.64 433.81 1049.74 566.90 1009.08 684.23 1199.80 693.97
00002101 00000188 927.67 160.71 481.14 733.36 1005.58 422.54 1210.01 433.78 1050.51 566.98 1009.77 684.76 1199.65 694.30
00002102 00000189 933.63 161.54 471.74 733.12 1001.97 428.29 1210.31 434.58 1050.81 564.61 1013.84 684.55 1203.86 690.12
00002103 00000190 933.71 160.45 466.14 732.31 1002.26 429.24 1211.40 436.34 1052.11 565.00 1013.65 683.20 1204.77 689.42
00002104 00000191 932.80 160.49 468.10 733.62 1001.64 428.61 1211.22 435.64 1051.76 564.64 1013.01 683.05 1205.52 689.10
00002105 00000192 932.00 160.02 461.77 732.68 1002.56 428.99 1212.11 436.83 1051.65 563.07 1012.77 680.86 1206.81 687.45
00002106 00000193 931.17 160.02 460.10 731.85 1001.75 429.27 1211.57 437.41 1051.38 564.06 1012.46 680.30 1206.18 687.16
CROP_BBOX: 562 0 1622 1063
