Video ID: 	78h0eBipfz0
H: 	1080
W: 	1920
FPS: 	25.0

FRAME INDEX X0 Y0 W H [Landmarks (5 Points)]

00001294 00000000 441.31 130.62 568.91 794.37 631.53 436.42 886.38 405.70 805.54 543.69 704.76 731.59 900.27 702.19
00001295 00000001 456.05 125.42 563.65 792.07 650.55 439.77 901.40 407.26 829.64 545.59 724.81 728.80 916.19 697.82
00001296 DELETE   465.32 131.22 566.09 782.76 660.85 442.25 911.75 409.58 842.59 545.67 739.41 731.39 926.18 700.98
00001297 00000003 471.10 136.64 564.71 784.30 663.66 448.27 914.55 417.76 840.33 554.54 738.38 736.91 925.47 708.33
00001298 DELETE   463.52 131.48 576.83 811.60 654.66 458.23 921.46 430.58 841.77 578.21 726.71 749.89 942.71 724.03
00001299 00000005 470.53 133.03 572.55 821.50 654.28 461.65 926.53 435.47 841.16 590.13 719.12 757.00 945.35 732.49
00001300 00000006 471.83 144.04 575.05 799.20 660.54 465.36 932.78 438.63 848.15 599.03 724.14 760.35 946.67 736.38
00001301 DELETE   478.79 126.93 568.27 825.81 671.24 458.71 935.47 425.57 860.18 584.10 732.27 747.55 960.21 718.04
00001302 00000008 487.12 122.15 563.20 835.34 680.28 447.69 940.21 417.99 869.01 574.51 734.98 741.21 967.29 714.66
00001303 00000009 489.99 130.40 564.31 813.02 686.53 443.21 946.48 418.35 874.32 570.30 741.20 739.02 967.57 715.49
00001304 00000010 492.45 130.74 559.32 786.77 687.18 441.50 950.52 416.58 877.36 562.10 747.29 729.70 970.38 705.58
00001305 00000011 498.07 130.90 557.47 781.57 689.33 441.47 954.32 416.86 877.29 565.88 747.87 726.46 971.81 702.50
00001306 00000012 500.99 128.86 557.02 792.18 694.11 448.30 954.82 420.85 880.81 579.25 750.41 736.07 971.42 710.47
00001307 00000013 501.86 131.70 561.30 805.04 693.31 455.27 957.60 429.60 879.80 588.89 746.25 744.33 972.32 720.83
00001308 00000014 503.20 131.44 563.40 818.50 694.52 457.33 960.41 433.30 881.60 590.75 749.30 753.29 973.99 731.24
00001309 00000015 507.95 131.35 563.64 813.96 702.57 450.85 962.69 427.58 889.23 581.35 753.81 744.54 978.53 723.05
00001310 00000016 510.60 127.21 566.34 806.51 703.46 440.31 966.75 416.01 893.72 557.79 755.55 729.68 985.64 706.42
00001311 00000017 514.83 130.44 559.27 794.09 707.54 438.88 969.09 409.00 894.10 558.89 764.36 728.50 983.52 698.92
00001312 00000018 517.79 127.34 563.83 800.87 712.34 440.50 974.11 411.65 899.17 561.38 769.00 730.21 988.18 701.67
00001313 00000019 530.43 128.00 566.71 805.75 722.72 447.17 980.93 420.14 903.32 567.03 776.25 732.64 993.04 706.17
00001314 00000020 536.32 125.48 573.38 812.81 732.84 450.53 990.97 424.90 909.53 575.47 789.06 736.48 999.82 711.48
00001315 00000021 539.31 115.72 577.02 846.61 745.01 446.07 1003.58 424.34 929.67 577.46 795.08 740.36 1019.79 720.47
00001316 00000022 546.18 116.46 576.87 846.47 750.02 448.00 1012.37 425.52 936.53 581.86 800.70 744.59 1027.87 724.16
00001317 00000023 554.51 114.76 574.04 849.33 753.99 450.56 1018.14 427.33 939.20 587.12 803.23 748.86 1032.21 727.82
00001318 00000024 557.01 129.06 579.44 825.85 756.90 457.39 1027.96 437.38 945.53 597.37 807.42 758.70 1032.63 740.34
00001319 00000025 566.52 128.52 573.72 837.11 762.58 455.95 1034.84 438.81 949.58 595.59 812.81 760.73 1038.41 744.63
00001320 00000026 570.69 129.23 572.57 838.90 766.59 455.04 1039.86 438.90 955.05 594.27 816.57 762.95 1042.47 747.66
00001321 00000027 572.07 124.60 572.72 836.92 768.21 455.21 1043.83 437.83 958.60 596.48 819.30 762.57 1046.27 746.22
00001322 00000028 571.75 125.39 575.67 836.95 767.57 457.53 1046.50 438.68 958.76 601.31 817.49 760.91 1050.41 743.14
00001323 00000029 574.54 131.77 575.53 837.24 769.08 457.08 1046.44 441.06 957.97 602.23 819.97 762.67 1050.47 747.49
00001324 00000030 576.84 137.50 572.26 831.12 772.65 461.06 1046.43 444.41 959.96 606.80 826.17 768.15 1049.66 752.53
00001325 00000031 579.38 141.94 569.33 818.66 775.17 462.02 1049.66 444.81 963.31 612.08 828.56 767.42 1052.59 751.44
00001326 00000032 578.22 136.39 572.41 828.42 774.46 460.93 1051.74 442.69 965.63 612.21 826.48 766.59 1057.02 749.45
00001327 00000033 574.84 133.83 576.10 832.08 773.24 457.58 1052.37 440.55 966.30 608.02 825.41 763.88 1057.29 747.53
00001328 00000034 574.90 128.31 574.86 842.69 772.19 459.92 1045.66 434.77 958.53 600.85 830.92 763.28 1056.39 737.20
00001329 00000035 574.21 125.39 581.58 851.39 774.15 456.47 1048.82 436.62 966.84 599.67 833.18 769.28 1058.14 750.71
00001330 00000036 574.65 121.96 581.47 849.01 771.86 457.46 1050.55 436.94 965.46 602.16 826.48 764.65 1059.74 745.50
00001331 00000037 574.58 119.34 582.91 853.33 773.60 456.59 1051.07 435.35 967.68 599.82 830.16 763.83 1061.23 744.03
00001332 00000038 576.64 123.24 580.20 849.33 776.74 457.97 1044.91 429.02 961.90 594.97 843.79 766.89 1056.84 738.17
00001333 00000039 578.09 123.63 578.98 844.29 775.74 461.02 1046.91 431.71 962.63 600.46 843.81 769.07 1060.36 739.82
00001334 00000040 578.73 125.37 583.20 837.69 776.64 459.80 1054.09 434.52 971.49 607.88 840.85 770.42 1065.19 747.52
00001335 00000041 576.06 120.36 585.89 850.31 776.41 459.79 1052.43 435.04 971.22 604.99 839.49 768.72 1066.35 745.99
00001336 00000042 575.76 121.19 585.99 852.72 775.13 459.90 1050.81 436.21 968.64 600.45 840.42 770.71 1062.55 749.14
00001337 00000043 573.27 121.50 586.44 853.52 771.50 459.24 1047.92 435.47 964.40 599.39 838.18 771.56 1058.85 750.08
00001338 00000044 570.78 121.49 587.70 854.14 767.66 458.41 1046.11 434.43 961.71 599.23 835.08 772.40 1056.16 750.58
00001339 00000045 566.22 121.40 591.90 867.60 763.88 457.72 1042.56 434.08 957.05 598.67 833.93 776.24 1051.90 754.66
00001340 00000046 564.35 122.02 590.96 857.10 759.76 460.16 1040.54 435.75 952.47 602.48 826.72 771.40 1049.04 749.12
00001341 00000047 561.96 129.57 591.10 849.84 755.17 462.75 1038.36 439.49 948.74 610.90 823.47 773.89 1046.15 752.36
00001342 00000048 561.39 136.92 586.78 840.12 753.57 470.12 1037.42 447.79 948.35 620.79 822.75 780.74 1045.65 760.07
00001343 00000049 560.21 138.32 586.20 843.08 752.28 474.57 1032.86 450.09 946.01 624.81 821.11 787.28 1044.02 764.93
00001344 00000050 558.78 136.16 585.66 843.34 751.02 478.46 1032.27 451.10 945.24 628.28 819.19 787.37 1045.49 762.46
00001345 00000051 555.53 137.20 584.87 843.38 751.31 479.20 1028.35 453.07 943.64 629.50 815.49 784.38 1040.78 760.37
00001346 00000052 551.40 134.12 588.79 858.81 749.94 475.91 1022.62 451.38 940.83 625.41 812.95 784.73 1035.41 762.30
00001347 00000053 549.38 148.52 574.23 840.77 750.34 473.57 1015.98 446.56 932.66 628.84 812.73 785.38 1017.46 759.57
00001348 00000054 542.61 142.65 578.34 839.13 744.73 469.23 1012.91 441.77 929.83 625.95 806.55 779.82 1013.15 753.74
00001349 00000055 526.43 121.32 595.01 857.45 734.16 462.53 1006.23 439.40 926.83 611.72 798.03 773.63 1017.26 752.35
00001350 00000056 519.55 120.05 595.02 851.52 726.76 459.28 1001.90 436.75 919.91 609.69 789.94 770.90 1009.22 750.17
00001351 00000057 520.96 118.71 586.09 846.48 718.78 459.44 990.35 426.59 906.76 597.84 778.07 763.81 1000.46 737.20
00001352 00000058 510.54 117.06 590.69 847.50 713.61 457.59 985.04 426.98 907.83 600.37 777.30 769.71 998.95 742.60
00001353 00000059 501.83 115.64 587.11 851.87 705.12 457.56 979.11 429.02 901.96 601.62 768.33 768.56 992.04 742.88
00001354 00000060 496.49 120.40 582.78 846.77 696.71 458.55 973.37 433.64 891.68 603.74 761.63 768.46 981.66 745.72
00001355 00000061 489.19 128.59 583.95 836.48 685.15 463.63 967.54 439.89 880.57 613.68 751.37 771.43 973.73 749.29
00001356 00000062 480.60 131.26 581.38 837.48 677.70 471.47 951.61 445.84 869.34 621.81 744.68 775.86 963.15 752.32
00001357 00000063 470.16 132.53 576.41 847.61 668.76 472.24 936.13 442.69 859.92 616.80 735.29 778.73 952.62 751.80
00001358 00000064 456.33 133.29 582.69 858.12 660.49 477.26 927.34 451.71 850.96 614.15 727.03 781.25 944.51 757.01
00001359 00000065 449.46 138.28 580.78 852.65 649.56 480.99 918.66 453.57 840.50 616.01 718.43 784.49 937.24 758.72
00001360 00000066 444.70 149.88 582.69 841.25 645.60 492.13 909.89 453.45 834.85 625.30 715.53 795.10 932.11 759.46
00001361 00000067 442.10 149.46 579.36 842.57 639.89 494.03 902.67 453.93 827.66 625.23 708.76 799.17 925.35 762.43
00001362 00000068 435.82 152.00 576.62 839.36 637.42 495.05 898.23 458.57 822.81 629.78 709.69 799.54 912.05 764.58
00001363 00000069 437.21 149.63 577.69 849.32 642.36 488.32 907.52 460.09 831.38 621.30 700.94 790.44 918.00 766.59
00001364 00000070 438.60 152.70 572.86 842.22 650.91 488.07 909.93 458.95 841.67 615.73 709.67 784.08 924.20 759.48
00001365 00000071 439.92 160.39 567.33 825.03 651.81 492.18 908.01 454.83 849.35 610.62 718.19 791.75 930.32 757.13
00001366 00000072 437.85 157.95 558.63 831.34 650.28 484.49 897.81 451.01 837.28 611.85 724.42 791.00 912.00 759.25
00001367 00000073 432.08 158.60 556.83 829.47 642.69 475.46 892.63 443.83 831.19 591.22 718.47 785.11 914.47 754.78
00001368 00000074 427.62 152.17 553.12 811.99 630.99 470.82 886.43 439.39 817.37 584.61 707.46 771.90 902.68 740.75
00001369 00000075 417.58 139.99 559.72 819.04 620.79 467.92 881.14 437.49 817.98 590.70 695.11 770.68 899.98 743.25
00001370 00000076 415.35 137.59 562.98 818.15 619.58 465.01 879.37 434.77 815.94 588.33 691.87 766.49 898.71 739.24
00001371 00000077 414.70 135.06 563.71 819.91 621.05 464.26 877.01 432.02 816.41 584.17 698.02 765.18 898.22 736.47
00001372 00000078 414.09 138.53 563.28 812.29 617.91 464.43 876.12 433.37 812.98 588.86 692.14 762.68 897.67 734.68
00001373 00000079 417.26 142.01 558.42 802.91 615.49 463.86 873.95 433.45 809.04 595.08 691.32 760.41 895.47 732.93
00001374 00000080 415.46 142.49 560.71 803.72 615.26 465.96 872.34 435.07 808.34 596.82 690.65 760.66 895.12 732.66
00001375 00000081 414.56 141.32 560.55 802.83 615.03 466.49 871.22 435.37 807.83 594.77 690.41 760.92 892.84 732.96
00001376 00000082 413.28 142.19 560.32 802.39 612.02 467.31 869.96 435.57 804.91 594.73 687.29 761.76 891.28 733.20
00001377 00000083 410.80 140.93 561.42 802.59 609.45 468.04 868.61 435.20 803.15 595.04 683.33 758.99 892.04 729.30
00001378 00000084 410.10 142.34 560.56 801.69 608.56 467.45 868.37 434.91 802.96 596.11 681.07 758.65 891.27 729.30
00001379 00000085 408.45 142.70 562.01 800.04 606.22 466.72 867.10 434.09 800.71 598.05 678.97 759.52 888.99 730.22
00001380 00000086 407.40 141.59 561.91 800.66 604.56 467.77 866.68 435.76 798.17 600.85 676.57 761.76 886.46 733.16
00001381 00000087 405.90 144.93 561.23 797.65 603.52 467.60 863.05 435.82 796.27 599.95 678.07 765.53 880.94 737.47
00001382 00000088 404.48 149.88 562.48 797.11 602.81 465.66 862.72 435.68 795.72 600.71 680.18 768.77 879.13 742.31
00001383 00000089 404.40 149.18 562.74 800.75 601.44 467.19 862.69 436.70 794.27 602.45 678.12 770.45 879.97 743.55
00001384 00000090 403.47 149.15 564.98 800.07 599.74 468.24 862.67 435.64 794.55 602.54 679.14 771.48 882.12 742.76
00001385 00000091 404.55 146.24 567.09 806.14 600.93 468.70 863.60 435.13 795.80 602.67 682.45 772.98 884.59 743.53
00001386 00000092 410.70 147.35 566.41 806.67 606.38 469.87 866.13 436.68 798.74 602.44 686.74 772.53 888.07 743.27
00001387 00000093 412.69 146.60 570.20 813.29 608.91 473.80 868.57 439.64 801.58 602.18 688.22 774.59 893.91 744.34
00001388 00000094 415.47 147.81 571.88 816.64 611.82 475.10 873.20 439.14 806.94 602.81 694.11 776.82 901.28 744.76
00001389 00000095 421.55 151.42 572.78 817.88 618.01 475.92 879.88 440.69 813.49 602.35 697.72 777.37 907.74 745.77
00001390 00000096 427.39 150.75 573.51 816.17 625.98 474.90 886.01 439.68 819.94 598.72 703.75 775.37 911.89 743.97
00001391 00000097 436.01 150.00 567.04 804.92 629.03 473.48 892.17 429.61 819.06 592.81 711.28 773.88 917.04 732.11
00001392 00000098 439.26 151.34 570.05 802.43 634.99 471.74 895.30 426.00 825.44 592.81 720.09 772.93 921.95 729.73
00001393 00000099 441.88 147.15 571.42 809.81 639.04 469.97 898.02 422.42 830.13 593.93 725.43 772.86 927.06 728.15
00001394 00000100 447.12 151.08 572.93 806.25 644.79 473.72 901.20 426.86 834.18 590.75 729.48 772.25 931.06 728.30
00001395 00000101 452.12 149.90 575.89 812.18 650.76 482.64 906.92 434.78 842.66 587.82 734.02 774.97 938.18 730.63
00001396 00000102 445.40 147.41 582.20 822.18 656.00 478.37 914.36 445.11 852.49 603.44 736.83 778.18 944.64 747.87
00001397 00000103 452.32 151.48 581.08 819.62 662.20 478.14 922.43 449.34 858.85 606.53 738.67 779.10 947.73 752.49
00001398 00000104 462.88 147.02 573.58 823.94 669.81 479.76 927.72 447.98 865.55 607.59 747.93 779.96 954.58 751.36
00001399 00000105 470.61 145.82 573.97 826.44 675.33 477.31 935.40 444.45 870.94 608.48 754.43 779.63 960.99 750.27
00001400 00000106 480.19 146.55 572.35 829.02 681.61 478.16 938.59 442.50 877.60 606.94 761.76 780.71 969.27 748.96
00001401 00000107 483.35 144.93 577.69 837.41 685.42 478.23 946.74 440.65 884.28 603.64 767.38 783.69 977.45 749.98
00001402 00000108 492.81 136.91 575.15 834.88 691.74 478.44 952.42 431.46 884.08 595.22 773.30 781.75 983.46 737.60
00001403 00000109 497.87 141.21 577.36 832.02 698.17 477.64 959.63 432.79 891.37 596.32 779.51 781.58 989.46 739.15
00001404 00000110 504.42 139.70 578.91 840.06 702.93 478.35 965.72 431.10 896.19 594.85 785.26 783.62 998.37 739.28
00001405 00000111 507.23 143.16 584.65 833.08 710.85 479.56 972.43 430.33 905.78 596.36 793.67 783.32 1004.16 737.67
00001406 00000112 514.32 145.10 585.90 833.59 718.71 481.15 975.65 430.78 913.05 597.81 800.70 784.69 1010.23 738.41
00001407 00000113 518.83 148.55 584.72 832.45 721.87 487.58 982.71 437.11 919.34 597.47 803.69 786.57 1018.46 740.89
00001408 00000114 526.61 149.36 578.98 821.75 725.80 487.83 990.44 438.63 923.10 600.25 805.46 782.88 1021.62 738.35
00001409 00000115 528.26 146.08 578.06 832.48 734.28 485.12 995.57 453.49 929.02 616.09 807.09 781.76 1021.34 753.05
CROP_BBOX: 119 0 1434 1080
