Video ID: 	YmcaCwCFU24
H: 	1080
W: 	1920
FPS: 	25.0

FRAME INDEX X0 Y0 W H [Landmarks (5 Points)]

00199813 00000000 819.68 229.06 377.64 552.13 988.43 485.90 1144.31 435.50 1138.99 565.91 1061.61 678.88 1175.80 637.83
00199814 00000001 824.35 231.32 373.88 554.99 993.01 489.72 1146.82 438.63 1143.44 569.49 1064.77 683.28 1176.09 641.73
00199815 00000002 825.78 234.85 373.47 554.16 994.08 492.60 1149.45 439.56 1146.44 572.85 1066.36 688.00 1177.68 644.83
00199816 00000003 827.04 235.43 372.86 553.11 994.71 490.55 1150.79 439.10 1146.78 573.97 1067.18 688.88 1178.08 646.89
00199817 00000004 824.78 234.39 374.64 554.86 993.51 487.17 1150.01 439.15 1143.69 572.56 1064.52 685.40 1175.79 646.33
00199818 00000005 823.28 231.66 374.20 559.30 991.82 483.20 1149.39 438.59 1139.27 574.87 1059.46 684.27 1172.96 648.26
00199819 00000006 820.03 234.35 374.78 554.84 985.04 479.09 1145.54 437.51 1130.68 574.93 1053.21 681.42 1170.69 647.98
00199820 00000007 815.41 230.93 375.82 554.16 977.54 477.66 1139.31 438.00 1120.31 572.15 1045.54 676.44 1165.54 644.60
00199821 00000008 810.62 230.22 380.11 554.46 972.31 476.87 1135.88 437.16 1116.95 570.34 1041.05 676.02 1163.22 644.18
00199822 00000009 810.01 235.30 382.14 544.26 977.11 485.97 1139.33 431.63 1124.02 569.57 1034.34 682.11 1158.74 636.93
00199823 00000010 810.31 232.77 382.15 543.87 974.94 484.08 1137.59 429.02 1121.63 566.15 1033.40 679.39 1158.77 633.50
00199824 00000011 811.69 224.95 381.77 550.17 973.98 480.66 1135.15 422.21 1120.30 562.30 1029.90 674.23 1158.76 626.17
00199825 00000012 812.27 222.52 380.67 546.46 973.48 475.01 1132.96 418.17 1117.80 556.52 1027.50 668.64 1154.30 622.28
00199826 00000013 807.89 224.62 385.72 534.19 970.02 467.69 1133.40 409.67 1116.70 553.02 1022.08 658.82 1152.11 611.85
00199827 00000014 804.28 219.15 384.36 535.48 963.54 457.32 1128.80 404.91 1108.41 547.01 1010.14 650.44 1143.53 608.56
00199828 DELETE   798.31 218.17 390.23 544.04 947.72 444.02 1119.86 412.70 1081.21 536.60 993.58 641.19 1132.01 614.24
00199829 DELETE   787.53 211.27 393.25 553.00 928.59 442.62 1098.15 418.26 1050.96 544.41 972.99 643.88 1106.25 623.52
00199830 DELETE   777.81 227.56 401.95 534.83 901.82 437.97 1077.40 423.52 1011.15 551.45 943.71 642.79 1071.49 629.41
00199831 00000018 779.04 226.10 394.51 538.30 880.64 437.11 1058.70 439.44 972.48 556.27 909.48 646.60 1033.87 647.27
00199832 00000019 777.50 238.31 399.60 528.87 870.36 442.66 1046.45 453.78 945.91 568.54 882.71 650.50 1009.91 658.75
00199833 00000020 782.30 243.06 404.39 531.35 871.74 447.09 1046.34 462.50 938.28 573.24 874.21 655.46 1004.40 667.89
00199834 00000021 791.47 250.03 403.26 538.15 881.39 452.28 1052.10 471.86 939.06 580.86 880.04 663.72 1005.04 680.66
00199835 00000022 800.04 266.34 404.66 530.75 886.13 461.05 1057.20 482.08 940.83 592.05 883.77 671.12 1009.31 689.50
00199836 00000023 811.21 284.52 394.82 529.58 884.42 468.98 1061.42 501.13 942.18 606.58 878.22 678.34 1009.89 705.32
00199837 00000024 807.47 299.87 401.20 521.85 885.63 467.85 1071.57 513.97 945.36 614.55 875.05 676.07 1021.82 714.67
00199838 00000025 807.73 304.70 402.68 517.55 886.54 469.85 1073.06 519.24 946.51 620.24 874.27 674.68 1024.64 715.62
00199839 00000026 808.91 310.10 402.50 511.12 886.76 471.60 1074.04 523.80 946.06 625.18 873.53 673.94 1025.96 717.29
00199840 00000027 809.53 316.21 400.44 504.26 884.66 472.82 1073.32 526.86 943.37 629.98 871.19 673.26 1025.72 717.98
00199841 00000028 807.63 317.52 399.84 504.26 881.97 477.43 1065.92 526.52 937.51 636.17 870.74 678.41 1022.33 720.70
00199842 00000029 804.25 314.02 400.83 504.88 879.62 480.26 1063.59 522.40 935.20 631.92 863.83 679.87 1012.84 714.33
00199843 00000030 800.61 315.36 402.08 501.33 876.76 479.24 1060.84 520.95 933.21 628.94 861.57 677.71 1008.45 711.72
00199844 00000031 796.64 310.83 401.43 504.54 873.61 477.16 1056.82 520.37 929.27 626.53 858.08 675.29 1004.75 710.44
00199845 00000032 794.35 305.19 400.63 506.57 869.47 473.80 1051.48 516.39 924.65 620.45 855.20 673.05 1002.11 707.46
00199846 00000033 792.83 300.72 399.32 508.51 867.85 470.19 1047.03 513.43 921.13 615.01 851.73 668.08 998.41 703.14
00199847 00000034 790.80 292.39 398.31 511.38 868.75 463.50 1046.48 507.10 921.94 608.59 849.85 659.97 999.25 695.80
00199848 00000035 781.71 278.05 404.83 516.10 874.18 463.37 1048.89 502.44 923.16 598.38 851.60 656.42 1000.29 688.90
00199849 00000036 781.33 269.87 404.40 520.87 876.73 454.79 1050.51 489.64 929.21 586.63 854.04 650.47 1004.36 679.75
00199850 00000037 778.73 253.01 402.82 535.92 875.55 449.36 1047.78 478.63 934.44 574.40 858.74 646.27 1006.11 670.75
00199851 00000038 778.57 244.09 398.47 536.15 873.04 441.71 1047.41 467.37 936.88 566.60 859.61 638.86 1006.15 660.14
00199852 00000039 778.10 239.82 396.93 531.39 871.26 438.29 1046.09 463.28 933.96 562.12 857.77 632.56 1005.22 652.91
00199853 00000040 778.20 236.61 394.98 528.43 870.47 435.38 1044.18 457.82 934.65 556.53 858.86 627.88 1004.22 646.05
00199854 00000041 777.13 231.78 393.89 527.71 869.71 430.13 1043.81 452.55 935.75 552.39 860.55 624.16 1001.72 642.06
00199855 00000042 775.90 228.74 393.73 528.16 867.84 425.27 1043.24 447.40 935.32 547.65 859.14 620.61 1001.13 638.18
00199856 00000043 766.05 219.52 398.19 535.71 868.02 416.29 1045.91 443.13 938.12 544.07 860.73 614.16 1003.80 637.54
00199857 00000044 763.74 214.57 397.50 535.03 868.19 412.76 1044.41 436.76 939.85 539.98 864.54 612.02 1001.70 632.91
00199858 00000045 759.39 208.36 398.19 535.93 865.97 409.41 1044.41 428.76 941.85 537.79 868.40 612.20 1002.07 629.46
00199859 00000046 757.78 207.01 397.36 536.15 865.61 409.69 1044.07 426.39 944.96 537.63 871.79 614.26 1002.15 629.47
00199860 00000047 760.22 204.42 392.30 537.69 869.21 417.28 1045.14 432.62 950.18 536.64 876.28 615.48 1004.70 629.37
00199861 00000048 757.38 207.47 397.35 545.65 873.63 420.50 1049.45 432.21 961.72 538.06 886.76 622.48 1014.65 633.72
00199862 00000049 757.23 206.62 399.50 554.55 878.05 419.71 1055.19 427.28 973.62 540.34 899.21 628.77 1028.55 637.05
00199863 00000050 755.86 211.00 397.62 551.73 880.12 420.94 1057.16 427.16 980.19 544.59 904.91 628.48 1037.65 635.59
00199864 00000051 753.32 211.53 394.95 550.48 878.47 424.15 1056.04 426.97 982.49 547.20 907.68 626.57 1044.70 630.81
00199865 00000052 750.62 213.37 391.90 542.52 876.30 427.66 1055.59 424.63 985.04 548.12 910.87 624.24 1052.46 623.20
00199866 00000053 747.04 214.88 392.11 533.68 874.98 432.54 1055.45 422.61 987.33 548.15 913.38 621.68 1058.61 614.82
00199867 00000054 745.79 216.15 390.29 527.75 877.36 438.47 1055.67 424.80 991.05 546.09 914.92 618.83 1060.33 608.83
00199868 00000055 744.22 215.72 389.84 525.37 877.94 440.76 1054.46 423.90 993.58 544.53 916.59 617.43 1061.56 604.77
00199869 00000056 742.17 210.50 391.35 532.64 877.44 437.32 1051.59 415.44 996.23 541.18 921.28 617.41 1064.56 600.46
00199870 00000057 739.89 211.19 389.36 534.08 872.75 443.32 1045.12 403.82 1004.59 533.93 916.83 626.39 1062.63 594.07
00199871 00000058 735.94 206.85 392.08 540.11 870.60 442.92 1043.72 400.00 1005.20 532.33 916.78 628.87 1063.64 593.50
00199872 00000059 732.81 207.04 394.05 542.02 871.54 444.41 1041.89 398.43 1007.60 532.11 917.57 631.12 1061.79 593.40
00199873 00000060 732.29 206.69 392.34 541.57 871.80 445.66 1039.68 399.14 1007.99 530.34 919.40 632.98 1059.47 594.97
00199874 00000061 733.18 203.71 389.76 542.03 871.63 449.29 1040.44 404.23 1006.32 531.64 917.60 634.06 1057.27 597.33
00199875 00000062 730.90 200.42 389.82 542.87 870.84 452.28 1039.83 404.61 1007.37 532.23 917.88 635.69 1056.63 596.93
00199876 00000063 728.89 201.35 391.03 542.35 870.27 449.50 1038.11 400.37 1007.53 532.15 918.72 635.37 1056.35 595.68
00199877 00000064 726.66 196.94 392.21 551.28 869.39 447.14 1037.22 397.82 1008.19 530.50 920.06 639.21 1055.57 599.01
00199878 00000065 726.49 197.65 392.79 559.34 868.20 445.53 1035.33 397.50 1006.20 528.55 922.22 643.67 1055.12 603.67
00199879 00000066 724.46 195.39 393.89 555.75 865.99 445.27 1035.00 396.50 1005.06 527.49 924.12 644.54 1054.92 603.79
00199880 00000067 722.23 196.43 395.55 553.86 865.34 444.03 1033.94 394.89 1004.15 527.27 926.22 645.23 1054.63 603.91
00199881 00000068 722.45 195.15 394.95 555.19 865.57 444.07 1033.35 394.42 1003.78 527.45 926.06 645.73 1054.06 604.21
00199882 00000069 721.01 197.66 397.03 552.66 865.47 443.74 1032.84 392.32 1003.81 527.43 923.08 642.74 1054.05 599.78
00199883 00000070 716.47 197.97 399.94 562.74 865.69 442.86 1030.21 391.06 1005.03 528.70 916.91 641.62 1051.70 598.63
00199884 00000071 716.84 196.14 399.93 558.17 865.18 443.70 1030.63 391.32 1004.94 528.49 917.08 639.53 1052.81 596.25
00199885 00000072 716.03 195.34 394.57 552.12 859.16 448.75 1027.85 391.58 998.44 533.81 922.08 640.86 1053.58 592.78
00199886 00000073 720.19 196.23 391.89 547.67 863.27 451.66 1028.92 391.87 1001.65 535.50 930.56 644.31 1055.84 594.10
00199887 00000074 722.88 197.41 390.67 541.45 865.15 450.13 1032.95 390.35 1004.48 535.70 934.94 644.55 1058.61 594.41
00199888 00000075 723.98 197.49 391.85 543.05 867.97 450.97 1035.78 390.72 1007.26 536.26 936.55 645.76 1060.38 595.36
00199889 00000076 724.57 200.13 394.35 542.65 870.79 448.79 1038.92 391.85 1012.26 527.81 935.63 646.74 1062.09 599.59
00199890 00000077 725.83 203.75 395.75 544.85 869.52 450.44 1038.25 394.99 1009.68 530.74 936.07 649.73 1062.28 603.38
00199891 00000078 725.87 213.99 394.57 542.03 861.47 452.94 1030.32 399.21 996.93 538.83 930.33 654.07 1057.23 608.31
00199892 DELETE   716.09 220.12 403.16 545.32 845.00 451.53 1016.49 408.59 971.36 549.89 913.10 652.99 1042.81 615.51
00199893 DELETE   705.20 225.30 407.33 541.39 830.51 445.45 1001.93 413.93 944.78 554.61 886.05 648.23 1016.23 620.13
00199894 DELETE   708.48 223.33 400.43 535.94 814.78 439.39 986.76 425.37 912.51 554.09 855.96 635.85 988.11 623.42
00199895 00000082 696.18 217.27 407.53 534.49 798.89 428.05 977.77 425.63 888.60 551.73 833.51 621.48 975.65 619.74
00199896 00000083 702.42 211.25 403.22 536.37 799.00 415.88 972.22 422.81 875.18 542.64 821.51 613.58 958.70 620.10
00199897 00000084 715.28 205.83 397.89 535.00 798.39 406.90 971.26 411.19 869.87 530.34 816.69 607.20 948.50 610.87
00199898 00000085 721.69 207.15 394.91 525.07 801.65 400.54 973.81 410.44 866.24 523.77 811.45 596.69 946.57 605.42
00199899 00000086 724.87 205.42 395.69 522.53 811.06 394.16 979.92 413.75 865.69 517.28 809.67 588.25 949.96 605.81
00199900 00000087 727.87 197.01 397.39 529.52 815.52 391.08 984.12 412.14 868.03 513.38 809.84 584.29 952.10 602.99
00199901 00000088 731.69 189.82 396.50 535.12 818.41 387.55 987.46 409.69 869.08 508.77 811.37 582.12 953.66 601.52
00199902 00000089 734.95 185.56 396.71 539.05 820.79 383.85 992.09 407.38 871.45 506.12 812.65 580.83 955.00 601.22
00199903 00000090 738.44 179.95 396.61 553.07 824.70 381.78 996.06 404.48 876.85 504.20 816.75 587.43 954.18 607.40
00199904 00000091 739.22 181.91 398.79 561.18 826.90 386.19 1000.90 409.90 880.93 504.73 819.26 597.97 942.45 618.24
00199905 00000092 743.36 179.90 398.27 551.14 825.08 386.23 1001.84 406.57 885.66 513.86 820.03 598.37 946.69 615.91
00199906 00000093 746.00 180.16 396.52 551.39 827.27 386.59 1004.32 407.65 887.01 515.29 822.10 597.32 950.33 615.29
00199907 00000094 752.24 181.29 394.72 549.82 829.15 386.16 1005.43 409.64 884.78 517.37 822.99 592.27 958.23 611.84
00199908 00000095 754.37 191.16 391.84 539.00 833.04 388.12 1008.17 415.77 886.01 516.05 822.61 590.58 961.11 613.73
00199909 00000096 759.72 192.14 390.05 533.32 835.99 385.71 1013.32 418.20 889.49 514.61 829.92 590.07 970.97 617.80
00199910 00000097 761.21 193.09 391.48 532.45 839.52 386.70 1015.51 418.67 892.74 513.86 833.00 589.95 971.70 617.24
00199911 00000098 762.93 193.15 394.56 531.82 844.80 387.15 1017.68 420.06 896.71 513.32 837.02 586.99 972.70 614.98
00199912 00000099 764.56 195.04 394.51 531.47 847.69 386.46 1020.27 421.23 899.48 515.67 839.00 586.15 974.03 615.53
00199913 00000100 765.50 198.11 395.34 531.02 851.77 388.91 1023.55 424.73 903.92 516.14 841.16 586.78 976.15 616.86
00199914 00000101 765.11 200.23 396.47 533.94 854.26 394.09 1026.78 427.83 909.59 519.56 845.31 591.77 978.09 620.15
00199915 00000102 763.76 196.81 400.70 533.30 856.53 398.25 1032.57 424.09 916.40 521.27 847.09 594.04 985.21 615.61
00199916 00000103 763.46 196.76 400.40 532.37 857.43 400.18 1034.29 424.58 919.82 524.27 849.60 596.43 987.94 616.78
00199917 00000104 761.07 198.04 403.45 533.93 857.39 400.76 1035.93 424.26 922.57 526.75 852.90 599.47 990.07 619.19
00199918 00000105 760.47 199.65 402.00 537.63 857.66 402.89 1034.67 425.10 924.76 528.74 856.26 603.79 990.18 622.81
00199919 00000106 759.89 203.86 400.40 542.62 856.96 407.19 1030.93 426.96 924.80 530.53 860.36 611.26 989.24 628.64
CROP_BBOX: 476 0 1558 1034
