Video ID: 	u1d-Yp3Ym-Y
H: 	1080
W: 	1920
FPS: 	24.0

FRAME INDEX X0 Y0 W H [Landmarks (5 Points)]

00002951 00000000 571.73 107.68 399.75 611.57 655.47 375.39 852.60 348.77 756.83 463.17 690.71 569.32 873.21 547.18
00002952 00000001 577.44 109.06 402.83 606.27 661.70 377.39 857.58 349.33 763.36 465.57 700.79 571.36 880.16 547.59
00002953 00000002 586.49 110.84 399.89 605.37 669.38 378.44 863.84 350.16 769.69 465.58 707.64 570.94 887.50 546.47
00002954 00000003 594.23 110.19 396.09 603.39 676.40 376.23 870.77 346.33 774.86 461.80 714.10 569.30 892.78 543.82
00002955 00000004 598.78 107.72 395.74 599.33 680.48 374.09 874.77 343.60 776.61 458.21 718.44 565.23 896.03 539.90
00002956 00000005 603.87 105.41 392.40 599.02 683.45 373.82 877.95 343.61 778.85 459.37 721.08 564.31 898.11 539.75
00002957 00000006 605.02 103.56 390.60 604.63 683.99 372.27 878.65 343.65 778.16 459.24 720.01 565.57 897.25 542.35
00002958 00000007 605.19 103.70 388.42 604.35 682.98 372.29 876.73 343.83 776.43 457.57 718.53 566.42 893.88 543.40
00002959 00000008 603.36 102.88 388.17 602.11 680.97 371.52 873.24 344.37 771.81 454.74 717.09 567.41 887.05 545.20
00002960 00000009 601.21 102.86 388.04 603.77 678.35 370.41 872.42 344.46 770.56 454.23 713.79 567.53 885.76 546.25
00002961 00000010 597.11 102.59 389.24 602.23 676.68 369.16 869.66 344.65 769.87 454.06 711.47 565.28 882.91 545.15
00002962 00000011 592.98 102.99 392.73 599.22 671.77 367.33 865.24 342.09 764.91 451.67 708.86 564.40 879.43 543.64
00002963 00000012 589.61 101.18 392.72 595.55 666.39 365.43 858.77 339.87 760.52 448.77 705.41 560.87 874.87 539.69
00002964 00000013 587.09 100.00 392.45 596.53 662.73 362.21 854.39 336.89 756.15 445.84 702.94 558.61 871.98 537.86
00002965 00000014 583.36 101.07 391.93 592.41 658.63 361.30 849.28 337.31 751.81 444.85 700.12 556.58 867.80 537.16
00002966 00000015 580.30 101.43 391.90 593.96 654.93 362.20 844.63 336.87 748.53 446.18 697.95 558.00 864.64 537.24
00002967 00000016 578.44 100.39 391.34 596.83 652.69 363.84 839.58 335.97 746.18 446.69 697.11 558.43 862.35 535.90
00002968 00000017 576.45 102.51 391.35 592.65 650.17 364.28 836.60 335.03 742.93 445.96 695.47 557.10 861.28 533.27
00002969 00000018 574.15 102.28 391.73 592.53 647.89 364.54 834.68 333.89 741.43 445.92 693.50 556.53 861.37 531.37
00002970 00000019 573.66 100.82 392.65 595.86 647.12 364.31 834.58 332.76 741.58 445.55 692.71 557.17 861.95 531.34
00002971 00000020 572.77 100.47 393.52 594.57 647.31 364.52 834.37 332.64 741.96 445.26 695.40 558.21 861.84 532.07
00002972 00000021 572.24 97.43 394.87 600.33 648.24 363.38 835.21 333.09 743.29 446.01 694.06 556.94 861.86 532.32
00002973 00000022 572.54 96.55 394.39 599.71 648.23 363.24 835.42 333.22 743.30 446.20 694.94 557.90 860.87 533.59
00002974 00000023 572.32 97.15 395.50 600.43 648.99 362.69 836.26 332.09 744.34 445.83 697.81 560.21 861.18 535.36
00002975 00000024 573.71 94.43 394.18 604.39 650.40 360.71 837.44 331.15 746.05 444.67 699.28 560.46 861.41 536.51
00002976 00000025 573.81 92.21 394.76 613.49 651.40 360.64 837.55 331.45 746.42 445.30 699.06 564.04 858.68 540.66
00002977 00000026 574.29 94.99 394.09 614.43 650.91 362.28 838.38 333.31 746.45 447.27 697.17 566.47 859.11 543.39
00002978 00000027 573.18 95.57 396.50 625.58 651.07 365.81 836.81 334.96 745.95 452.11 697.95 572.31 859.34 547.60
00002979 00000028 573.15 97.49 397.91 630.31 653.23 369.57 839.92 340.47 748.37 457.12 698.72 576.08 861.43 552.60
00002980 00000029 574.06 99.81 399.02 632.80 654.95 375.74 843.76 345.61 750.37 461.94 699.08 580.61 865.78 555.65
00002981 00000030 575.42 103.20 401.04 624.03 657.78 378.84 847.43 348.07 754.43 466.25 700.20 579.36 869.50 553.46
00002982 00000031 578.11 102.19 401.77 620.10 660.59 377.51 854.37 347.54 759.68 465.88 700.50 577.22 874.57 552.17
00002983 00000032 578.93 102.00 401.20 616.03 662.27 376.25 857.30 348.30 761.90 462.84 701.26 574.04 876.44 550.73
00002984 00000033 579.82 101.39 401.41 613.62 663.92 375.22 859.09 348.54 763.52 461.74 702.71 572.54 877.37 550.39
00002985 00000034 580.23 102.19 401.31 610.40 664.26 375.88 860.98 349.90 764.06 463.60 702.39 572.69 877.87 551.08
00002986 00000035 579.06 101.99 403.70 612.85 665.25 377.93 860.54 351.64 765.16 466.89 704.19 575.74 876.53 553.75
00002987 00000036 579.04 102.43 404.35 618.08 665.91 378.45 859.05 353.36 763.71 468.03 707.09 581.33 872.76 560.32
00002988 00000037 579.58 102.63 404.00 620.40 665.70 380.14 858.68 355.09 762.35 469.25 707.54 584.70 871.79 563.63
00002989 00000038 578.86 104.41 405.61 622.04 666.53 380.49 859.05 357.56 762.87 471.80 708.16 586.15 871.91 566.69
00002990 DELETE   579.36 104.49 400.06 621.77 668.70 384.08 858.14 362.75 763.34 473.39 705.68 584.44 868.96 566.89
00002991 00000040 577.80 106.14 400.70 624.57 664.76 382.13 857.30 362.46 760.33 475.59 700.74 586.51 866.87 570.19
00002992 00000041 575.16 106.06 400.66 622.16 660.26 381.66 856.49 362.15 755.85 476.67 696.67 587.19 864.96 570.91
00002993 00000042 570.05 110.32 405.87 621.57 656.65 383.81 852.67 362.29 751.65 479.81 694.38 591.25 860.70 573.53
00002994 00000043 567.12 117.77 406.35 620.47 652.86 387.54 846.93 363.98 747.32 485.52 691.63 598.35 855.37 579.41
00002995 00000044 562.48 124.06 407.74 617.90 649.59 393.60 843.86 367.65 746.44 493.97 692.85 606.90 854.73 586.03
00002996 DELETE   561.54 134.32 402.47 620.37 645.53 405.55 839.92 381.56 748.19 509.53 701.54 622.88 853.77 603.17
00002997 DELETE   557.50 146.91 406.40 620.83 643.48 423.29 837.95 399.75 745.79 528.10 702.41 638.66 855.49 619.36
00002998 DELETE   553.89 162.53 411.55 615.83 638.93 437.04 837.87 414.85 739.40 540.83 693.42 652.91 852.71 633.49
00002999 00000048 552.08 172.48 412.92 615.64 634.82 449.13 834.22 424.80 734.49 556.16 686.83 661.63 852.59 640.17
00003000 DELETE   549.93 172.46 413.43 617.01 632.26 447.38 835.15 423.78 732.56 554.56 678.93 657.92 852.56 637.04
00003001 DELETE   547.95 166.63 414.60 616.99 629.58 442.19 836.71 416.77 732.57 547.55 676.40 649.35 857.17 627.22
00003002 00000051 548.48 157.16 411.77 617.13 629.61 438.58 837.32 413.24 734.82 542.58 675.93 641.49 859.22 619.86
00003003 00000052 547.11 151.85 412.74 621.97 629.17 433.81 836.54 410.44 734.13 540.16 674.21 638.25 857.38 618.23
00003004 00000053 545.42 151.31 413.38 622.79 628.12 431.25 835.51 408.73 732.85 538.57 672.72 637.64 855.35 618.28
00003005 00000054 545.64 148.83 412.24 625.77 628.35 429.40 835.14 407.44 732.17 536.33 672.13 637.17 853.73 618.32
00003006 00000055 546.16 147.61 412.60 626.84 628.47 428.08 834.67 405.79 732.15 533.82 671.60 635.79 853.82 616.68
00003007 00000056 546.92 145.09 411.83 628.91 630.40 423.80 835.19 403.73 733.28 530.56 671.47 634.11 851.38 616.84
00003008 00000057 548.37 141.86 411.46 632.40 632.14 421.02 835.31 402.32 733.46 527.46 671.11 632.20 848.91 615.98
00003009 00000058 549.23 140.57 409.85 633.69 634.72 424.54 837.61 409.05 735.37 526.47 670.51 630.03 848.20 616.78
00003010 00000059 550.28 144.47 411.34 627.91 637.17 437.17 840.09 411.97 734.24 526.28 670.21 633.33 848.89 612.12
00003011 00000060 545.96 145.53 416.51 626.86 633.84 429.69 838.34 406.55 733.17 526.97 668.98 632.78 846.30 613.36
00003012 00000061 547.55 141.22 414.53 630.31 632.24 428.62 836.52 404.16 729.36 527.31 666.16 631.95 844.43 611.57
00003013 00000062 546.96 137.48 414.29 634.51 631.25 424.27 834.36 399.90 727.45 524.78 665.30 630.07 842.78 609.86
00003014 00000063 546.41 135.77 414.67 635.67 630.64 420.80 833.43 397.04 725.56 523.43 663.86 627.61 842.14 607.84
00003015 00000064 546.11 134.97 414.19 634.43 629.67 416.66 833.10 394.58 723.76 521.25 662.29 624.51 841.42 606.05
00003016 00000065 545.04 133.31 414.57 635.22 628.79 413.88 831.56 392.21 723.64 519.23 661.78 623.34 840.12 605.23
00003017 00000066 543.20 132.13 415.83 632.68 628.32 412.44 832.04 391.13 723.79 517.12 661.65 621.56 840.13 603.67
00003018 00000067 541.72 131.98 416.84 633.34 627.98 411.59 831.45 390.97 723.14 516.07 661.40 621.41 838.85 604.19
00003019 00000068 541.08 132.19 415.90 632.35 627.68 411.45 830.67 391.68 722.89 515.63 660.36 621.41 836.45 604.92
00003020 00000069 541.05 133.18 414.15 629.43 627.17 411.04 829.45 392.19 721.54 515.20 659.82 620.71 833.75 605.05
00003021 00000070 540.72 133.80 413.61 629.62 626.32 410.78 828.45 391.28 720.93 514.77 659.96 621.37 833.02 605.21
00003022 00000071 539.87 132.52 412.90 633.95 626.04 410.60 827.96 392.31 720.73 515.03 658.74 621.68 831.18 606.61
00003023 00000072 539.09 134.05 411.13 632.85 626.93 421.84 827.15 402.98 721.40 514.02 660.00 623.25 829.41 607.72
00003024 00000073 537.40 135.08 411.52 638.37 625.74 427.39 826.87 406.36 719.99 514.71 660.23 632.87 824.39 615.80
00003025 00000074 534.40 137.16 412.98 639.41 623.16 421.59 825.74 403.50 717.64 515.71 656.81 634.07 818.77 619.69
00003026 00000075 537.29 136.79 411.18 635.12 623.85 416.81 824.26 404.73 712.31 517.19 651.13 629.16 811.82 620.00
00003027 00000076 539.39 133.99 408.80 627.67 623.84 407.58 822.49 400.38 709.56 512.09 647.12 620.19 807.34 615.19
00003028 00000077 543.23 128.62 404.90 623.97 626.13 398.16 823.37 397.06 709.09 504.45 645.31 609.80 805.70 609.87
00003029 00000078 548.25 123.01 400.54 620.76 631.32 389.36 827.77 391.89 714.29 492.15 646.58 599.39 809.65 602.16
00003030 00000079 549.51 119.93 400.32 620.16 635.04 386.48 831.95 391.12 719.61 488.16 646.67 594.08 813.01 598.37
00003031 00000080 551.45 123.94 397.64 615.95 637.33 385.75 835.73 389.50 725.45 488.64 649.04 591.95 820.17 595.45
00003032 00000081 552.77 123.79 394.69 614.67 639.72 384.88 835.97 389.38 726.85 485.73 651.20 590.01 819.43 594.30
00003033 00000082 550.75 116.93 394.42 618.34 640.52 380.24 839.11 385.87 730.00 479.64 650.31 584.73 822.25 589.67
00003034 00000083 544.95 111.33 391.53 623.03 634.84 369.60 833.75 376.06 728.02 468.84 647.43 580.38 819.17 585.49
00003035 DELETE   538.08 112.05 384.82 617.27 625.29 362.52 825.08 361.31 718.11 467.57 642.21 581.30 809.80 581.20
00003036 DELETE   528.02 108.86 387.69 617.49 614.37 358.09 811.52 359.43 703.47 459.33 628.92 570.12 799.60 571.96
00003037 DELETE   518.55 103.85 390.65 614.63 603.66 355.73 802.23 357.78 691.35 450.69 616.99 562.25 793.19 564.30
00003038 00000087 513.13 97.87 385.19 619.27 594.55 355.69 789.19 354.15 678.77 445.31 608.94 558.32 784.41 558.10
00003039 00000088 505.09 96.24 383.81 627.18 584.28 353.60 777.85 347.84 669.90 443.43 601.64 558.44 780.11 554.64
00003040 00000089 494.01 99.57 389.75 627.18 575.66 355.10 769.92 345.49 666.47 448.37 597.21 561.31 777.62 553.18
00003041 00000090 487.69 98.06 391.25 621.22 566.80 358.60 763.95 345.97 657.61 449.93 592.41 559.87 777.50 548.37
00003042 00000091 481.80 95.04 394.76 616.71 561.58 358.49 759.03 343.50 652.81 449.48 592.43 559.58 774.83 546.09
00003043 00000092 480.97 94.19 395.56 615.96 561.32 357.49 758.25 342.61 652.38 447.72 592.45 558.09 774.28 544.73
00003044 00000093 483.61 94.46 394.08 618.84 565.04 357.94 760.53 342.35 657.01 447.06 596.35 558.06 778.18 544.16
00003045 00000094 485.76 95.92 393.07 621.41 567.97 359.36 763.68 343.52 661.88 448.85 599.11 560.14 781.22 546.31
00003046 00000095 485.30 98.54 393.96 625.30 567.65 363.22 762.54 345.52 662.59 452.11 599.90 565.39 780.80 550.00
00003047 00000096 483.89 102.08 396.92 624.06 566.40 366.70 761.94 347.44 662.79 457.47 600.30 569.66 781.06 552.65
00003048 00000097 485.56 104.43 396.70 618.45 568.42 371.41 762.91 351.83 664.44 461.28 603.75 573.44 779.59 556.36
00003049 00000098 486.36 104.39 397.23 623.33 570.86 374.89 762.13 354.68 666.06 462.33 607.61 578.20 777.81 560.71
00003050 00000099 486.28 110.43 398.92 615.41 572.85 377.76 762.66 355.09 669.45 464.03 613.59 582.49 778.12 563.15
00003051 00000100 488.62 115.57 397.45 616.56 576.03 380.39 766.81 357.79 682.46 462.54 621.33 589.34 782.66 570.05
00003052 00000101 492.70 117.54 394.21 614.59 579.11 381.80 769.06 358.34 685.87 464.64 625.98 591.39 784.10 571.75
00003053 00000102 497.45 120.51 391.14 614.88 581.44 383.01 772.72 360.54 686.97 469.50 627.01 596.64 784.66 578.19
00003054 00000103 499.88 122.41 390.42 616.07 584.81 385.53 774.95 364.20 689.12 473.54 629.73 600.18 785.96 582.95
00003055 00000104 504.62 124.57 387.30 614.35 588.32 388.27 779.02 367.71 691.25 477.58 630.61 602.52 788.47 585.97
00003056 00000105 505.29 123.21 390.47 616.75 590.34 389.72 785.68 369.97 696.14 480.84 630.54 603.49 793.00 587.83
00003057 00000106 506.56 123.46 391.85 621.15 591.46 391.25 788.46 371.96 698.06 482.68 629.01 605.37 795.61 590.61
00003058 00000107 508.37 125.84 392.58 618.90 594.35 391.95 791.70 373.11 700.58 484.43 630.29 604.85 798.73 590.43
00003059 00000108 509.86 124.90 392.77 621.07 596.72 392.47 795.13 374.04 703.73 485.70 632.13 605.34 801.39 591.40
00003060 00000109 511.80 123.93 394.12 620.24 598.46 392.37 798.81 374.92 705.40 486.11 633.66 605.89 803.60 592.56
00003061 00000110 511.04 123.54 397.07 624.33 603.58 388.26 800.23 374.36 701.56 489.01 632.52 601.85 803.14 590.30
00003062 00000111 512.18 123.44 396.38 625.45 605.18 389.31 802.74 375.96 703.55 490.38 633.00 602.48 805.47 591.25
00003063 00000112 512.53 123.32 397.10 624.84 606.22 389.32 803.02 376.09 704.53 490.60 634.17 602.22 805.33 591.03
00003064 00000113 511.88 123.14 397.72 627.12 606.63 389.19 803.26 376.15 705.58 491.05 634.94 602.69 805.98 591.64
00003065 00000114 511.98 123.94 397.36 627.88 606.95 388.93 803.54 376.02 705.81 490.60 635.21 603.57 805.61 592.70
00003066 00000115 512.19 123.07 397.03 629.30 607.16 388.65 802.46 376.18 705.16 491.15 635.84 604.52 803.64 594.08
00003067 DELETE   607.64 205.54 460.69 671.70 764.27 502.61 987.23 513.23 890.86 639.67 771.08 738.84 947.74 747.46
00003068 00000117 609.96 206.82 458.72 671.30 763.43 504.00 986.96 514.44 888.83 640.75 769.21 740.65 946.66 749.10
00003069 00000118 608.41 205.39 458.82 673.02 763.99 506.42 988.14 517.17 889.07 641.86 767.93 740.72 945.55 749.41
00003070 00000119 609.31 204.16 453.12 669.63 766.24 506.69 988.03 521.00 887.82 641.51 767.27 738.64 940.49 751.54
00003071 00000120 605.71 207.56 458.11 670.93 757.92 505.92 985.63 517.84 884.52 643.59 763.05 742.71 941.63 752.43
00003072 00000121 602.88 209.33 460.38 671.34 757.14 503.99 984.46 517.26 885.31 644.40 761.99 742.91 940.98 753.92
00003073 00000122 603.03 209.58 460.63 669.36 756.09 502.98 981.95 515.05 884.14 642.87 765.04 745.31 939.14 755.03
00003074 00000123 602.05 209.78 461.36 670.99 756.45 501.07 981.46 514.02 884.60 642.30 765.63 744.31 939.06 754.75
00003075 00000124 601.47 211.40 459.82 667.20 753.33 498.38 978.61 512.10 881.44 639.54 761.00 739.61 936.97 750.94
00003076 00000125 598.94 209.13 461.88 663.11 750.69 494.92 978.38 508.56 874.37 636.71 760.83 735.31 934.91 746.85
00003077 00000126 598.31 208.57 460.08 660.84 749.67 493.17 977.95 507.21 873.99 635.66 761.36 735.57 932.27 747.67
00003078 00000127 595.37 206.57 460.63 659.39 745.69 492.68 974.55 504.96 869.94 633.90 757.61 733.27 928.64 744.34
00003079 00000128 593.46 203.42 460.74 662.84 743.17 492.23 969.90 501.88 867.94 629.45 755.65 729.63 927.83 738.53
00003080 00000129 591.80 205.14 460.79 660.11 741.51 490.01 967.89 498.85 866.82 626.51 755.19 727.23 927.34 735.49
00003081 00000130 591.89 203.25 459.09 661.48 740.77 488.26 967.24 496.49 866.53 625.06 755.46 726.30 926.48 734.13
00003082 00000131 591.87 203.82 457.39 658.33 740.10 488.76 965.85 496.24 865.70 624.14 757.54 726.44 925.59 733.62
00003083 00000132 591.85 203.24 455.71 662.00 739.42 488.16 964.37 494.94 865.20 622.82 758.05 728.15 924.90 734.76
00003084 00000133 592.27 203.16 455.17 665.07 738.35 488.05 963.57 493.40 865.69 624.03 759.91 731.05 926.53 736.48
00003085 00000134 590.54 200.90 456.46 670.71 737.91 486.15 962.91 491.60 866.28 622.54 760.10 731.81 926.22 737.33
00003086 00000135 590.16 201.37 456.85 669.78 737.99 485.66 963.06 490.49 867.12 621.98 760.77 732.31 926.29 737.36
00003087 00000136 589.81 198.46 456.53 672.34 737.88 485.43 963.03 490.05 867.00 621.12 761.30 732.51 925.05 737.47
00003088 00000137 590.46 198.53 455.43 671.22 737.86 484.88 963.22 489.06 867.15 620.94 761.58 732.11 925.33 736.73
00003089 00000138 588.70 199.28 456.70 669.21 737.14 485.17 964.08 490.34 866.54 622.42 756.99 729.39 925.74 734.78
00003090 00000139 585.09 198.30 459.07 678.21 735.63 485.32 965.04 492.53 866.17 622.06 746.03 722.53 931.93 728.98
00003091 00000140 582.57 198.24 462.21 683.11 736.65 484.81 964.94 493.18 866.22 621.99 741.14 717.75 935.45 724.98
00003092 00000141 582.99 196.95 463.21 680.37 738.35 485.55 965.50 493.55 867.76 620.33 741.26 715.02 935.68 721.96
00003093 00000142 582.02 197.93 464.68 678.38 740.81 483.52 966.93 491.98 871.35 617.17 745.51 716.35 933.70 724.05
00003094 00000143 586.60 196.24 462.93 675.74 742.68 482.09 969.38 490.61 872.98 618.03 750.28 719.55 932.14 727.62
00003095 00000144 591.92 198.04 460.81 669.87 745.69 484.49 974.28 492.15 875.75 621.62 755.96 724.15 934.24 731.28
00003096 00000145 593.62 197.30 460.98 667.81 749.17 485.00 978.42 491.88 880.70 622.43 759.62 722.82 940.12 728.99
00003097 00000146 597.06 194.47 459.99 672.59 756.00 485.54 983.99 492.46 888.54 624.41 768.43 725.28 946.28 731.33
00003098 DELETE   603.38 192.11 456.51 672.51 763.12 487.02 989.33 492.55 895.27 626.79 777.08 726.38 953.92 730.78
00003099 00000148 607.89 188.87 456.25 677.37 772.72 487.83 995.47 492.73 906.77 626.02 786.08 726.18 961.75 730.08
00003100 00000149 609.42 186.72 457.69 682.28 779.73 486.85 999.70 489.32 916.61 621.82 792.76 725.46 967.05 727.50
00003101 00000150 613.96 187.13 455.85 680.73 785.51 485.04 1003.60 488.20 923.58 619.10 797.77 722.96 970.78 725.78
00003102 00000151 618.24 193.34 461.29 678.29 793.06 486.12 1009.56 488.48 930.52 610.31 807.57 716.90 975.23 719.37
00003103 00000152 627.54 196.37 457.80 669.70 801.05 488.15 1017.64 490.89 937.24 612.96 815.20 715.57 981.80 718.66
00003104 DELETE   630.38 195.90 459.91 674.19 808.72 491.06 1027.73 496.24 945.58 619.81 820.30 721.41 987.48 726.75
00003105 DELETE   635.44 195.00 459.47 675.21 813.12 499.37 1035.17 502.65 951.98 621.56 824.48 724.98 995.75 728.84
00003106 DELETE   639.94 195.66 458.87 675.96 818.25 496.74 1041.04 499.28 959.56 619.95 833.15 726.69 1003.88 729.71
00003107 00000156 639.83 197.45 462.63 674.94 827.79 490.22 1039.93 498.70 969.04 624.73 837.29 726.42 1005.24 733.29
00003108 00000157 649.60 198.42 456.72 668.99 831.81 488.05 1047.73 493.36 972.10 617.59 847.45 721.90 1013.66 726.65
00003109 00000158 649.22 195.39 456.97 679.45 838.55 485.66 1044.67 496.62 978.73 621.44 845.43 721.36 1013.66 730.08
00003110 00000159 653.02 193.31 454.98 688.46 843.05 483.73 1048.07 496.09 985.04 619.52 845.88 722.20 1015.43 732.36
00003111 00000160 658.59 193.73 453.14 690.72 845.13 482.33 1051.32 494.99 987.82 616.88 847.15 722.41 1019.08 732.73
00003112 00000161 657.53 194.64 455.94 686.12 848.20 484.98 1054.44 496.55 990.77 619.56 847.54 720.48 1021.22 730.14
00003113 00000162 660.60 198.06 454.97 673.65 846.28 485.17 1059.24 495.18 988.25 618.35 852.54 717.83 1025.09 726.62
00003114 00000163 661.33 198.09 454.22 673.71 845.54 484.77 1059.05 495.54 986.66 618.72 851.07 717.63 1024.36 727.07
00003115 00000164 659.61 198.04 455.52 673.41 845.24 486.03 1058.48 496.42 986.07 620.41 851.35 719.31 1022.87 728.41
00003116 00000165 661.66 198.23 453.20 671.91 845.86 487.00 1059.42 497.30 985.46 621.45 852.15 721.40 1021.35 730.59
00003117 00000166 662.50 200.15 453.36 671.89 847.49 487.53 1060.54 497.79 986.48 623.29 853.81 723.06 1021.85 732.19
00003118 00000167 662.15 196.54 455.29 680.25 849.32 486.71 1061.29 498.34 988.14 622.11 854.49 723.32 1023.58 733.39
00003119 00000168 660.54 196.41 458.08 689.54 852.10 486.54 1059.48 501.15 992.24 622.11 848.50 721.70 1024.39 734.00
00003120 00000169 662.46 196.63 459.35 697.08 854.54 485.60 1060.55 500.56 993.93 621.45 845.18 722.09 1024.93 734.91
00003121 00000170 663.36 197.17 459.18 699.32 855.38 485.92 1061.04 499.85 995.42 622.63 840.77 720.15 1025.61 732.59
00003122 00000171 660.61 198.29 460.50 693.09 854.69 486.83 1061.75 498.99 996.25 623.66 837.97 718.43 1025.02 729.77
00003123 00000172 662.32 195.91 457.75 682.88 851.03 484.60 1063.25 501.11 989.13 621.22 843.96 714.14 1024.13 728.53
00003124 00000173 662.12 195.54 456.81 680.53 848.87 484.46 1061.75 499.87 987.42 620.01 843.86 712.41 1025.07 725.71
00003125 00000174 661.19 195.10 456.35 682.05 846.09 484.82 1059.60 498.22 985.72 619.98 842.10 712.24 1024.47 723.94
00003126 00000175 659.57 195.52 455.56 681.33 845.21 484.89 1057.96 498.52 984.47 620.85 839.81 711.78 1022.36 723.73
00003127 00000176 656.09 194.95 457.47 680.86 843.10 484.03 1056.04 497.86 982.85 620.20 839.19 711.68 1020.00 723.88
00003128 00000177 653.62 194.73 457.68 678.54 840.49 482.38 1053.12 496.80 979.77 620.05 837.91 710.26 1017.97 722.71
00003129 00000178 651.84 194.45 458.32 677.47 838.37 481.34 1051.19 495.70 977.10 618.95 838.29 710.57 1015.45 722.94
00003130 00000179 649.74 193.40 459.45 680.03 836.80 480.44 1049.45 495.98 974.31 618.54 837.27 711.20 1012.04 724.48
00003131 00000180 648.24 192.67 459.62 677.42 834.81 480.81 1047.95 495.68 972.22 618.36 836.28 710.94 1010.26 723.65
00003132 00000181 649.40 192.48 457.98 674.87 833.54 480.59 1048.66 495.11 971.41 617.82 833.58 709.54 1010.21 721.99
00003133 00000182 646.09 192.60 461.41 676.12 831.80 480.33 1047.74 495.46 970.58 618.12 831.93 709.53 1009.33 722.56
00003134 00000183 647.37 193.91 461.06 674.55 831.75 481.93 1048.43 496.12 970.59 618.46 833.12 710.72 1010.87 722.92
00003135 00000184 649.98 194.36 459.64 673.75 835.94 483.02 1050.28 497.10 974.31 620.20 837.46 711.97 1012.74 724.12
00003136 00000185 651.74 196.78 458.29 671.27 837.79 484.46 1051.47 496.94 977.10 620.43 840.93 713.31 1014.99 724.19
00003137 00000186 654.04 197.34 455.73 670.64 840.48 485.46 1053.26 497.21 979.94 620.98 842.88 714.00 1017.25 724.27
00003138 00000187 655.50 196.92 455.40 670.53 842.63 486.61 1054.45 497.78 981.73 621.65 846.01 716.10 1017.54 725.94
00003139 00000188 657.29 195.83 454.84 672.47 843.67 486.65 1056.65 497.63 982.87 621.40 846.69 716.96 1019.33 726.63
00003140 00000189 658.91 198.04 453.44 670.77 844.60 487.01 1057.27 498.26 983.80 621.36 848.08 717.04 1020.46 726.84
00003141 00000190 659.66 199.51 453.32 669.81 845.37 487.66 1058.37 497.58 985.33 621.45 850.09 718.69 1021.86 727.43
00003142 00000191 660.72 198.97 452.66 671.65 846.61 488.54 1058.53 497.99 986.46 621.67 850.53 718.87 1022.76 727.10
00003143 00000192 659.67 199.19 453.51 670.68 847.13 488.30 1058.39 497.92 986.99 621.21 852.01 718.86 1022.44 727.30
00003144 00000193 660.23 199.43 452.67 670.13 847.25 488.27 1058.00 497.66 986.82 621.36 852.96 719.13 1022.34 727.31
00003145 00000194 659.52 200.07 452.62 669.13 846.67 488.47 1057.34 497.63 986.08 621.70 852.60 719.28 1021.61 727.28
00003146 00000195 657.88 200.09 453.93 669.23 846.27 488.27 1056.75 497.86 985.68 621.79 852.07 719.07 1020.75 727.42
00003147 00000196 657.40 201.16 453.62 668.86 845.65 487.90 1056.75 497.74 985.16 621.44 851.57 719.26 1020.46 727.77
00003148 00000197 655.82 199.06 455.36 670.02 845.03 488.00 1056.00 497.59 984.52 621.56 851.20 719.29 1019.22 727.74
00003149 00000198 655.40 199.12 454.84 670.05 845.09 486.78 1055.86 497.37 984.37 621.01 850.12 718.22 1018.62 727.50
00003150 00000199 654.31 198.76 455.91 668.51 845.50 486.72 1054.64 497.66 983.90 621.76 850.22 717.16 1016.58 726.74
00003151 00000200 653.46 198.89 456.26 668.16 844.10 485.87 1053.88 497.22 982.56 621.63 848.83 716.74 1015.35 726.74
00003152 00000201 651.89 198.77 457.26 668.05 844.12 486.11 1053.17 497.03 982.75 621.90 849.00 716.27 1015.18 725.88
00003153 00000202 651.54 198.45 457.78 667.50 842.43 486.55 1051.90 497.33 980.28 621.92 847.24 715.66 1014.14 725.14
00003154 00000203 651.45 198.68 457.61 667.35 841.36 486.49 1051.45 496.73 979.46 621.70 846.76 716.03 1013.90 725.09
00003155 00000204 652.27 197.73 455.37 667.39 841.21 488.29 1051.89 498.44 979.23 621.46 845.51 715.78 1014.48 724.65
00003156 00000205 655.68 195.29 450.03 667.92 837.95 491.32 1053.54 502.99 976.12 620.78 841.82 715.87 1014.96 725.87
00003157 00000206 654.75 195.39 450.65 668.71 837.74 491.21 1053.09 502.42 976.30 621.06 841.46 715.85 1015.25 725.43
00003158 00000207 652.01 197.40 452.75 667.63 838.13 490.75 1051.43 499.09 978.71 620.93 843.59 716.29 1015.39 723.63
00003159 00000208 652.13 198.01 454.08 666.66 838.77 489.50 1050.46 498.20 977.79 620.74 844.06 715.53 1014.70 723.11
00003160 00000209 653.12 197.19 454.00 665.87 839.44 487.32 1050.34 497.31 976.70 620.68 844.08 713.85 1013.19 722.53
00003161 00000210 651.83 196.86 456.08 666.98 839.22 485.67 1049.42 496.35 976.48 620.61 843.80 713.12 1012.33 722.41
00003162 00000211 650.51 197.81 457.01 665.94 838.39 485.43 1048.90 496.64 975.62 620.77 843.14 712.73 1011.41 722.44
00003163 00000212 650.46 197.45 456.63 666.20 837.79 484.81 1047.81 497.00 974.80 620.14 841.85 711.16 1010.53 721.66
00003164 00000213 649.09 197.70 457.86 665.77 837.31 484.42 1047.37 496.68 973.98 620.50 841.51 711.35 1009.28 721.98
00003165 00000214 648.54 197.73 458.23 666.14 836.25 484.38 1047.23 496.89 973.18 620.18 840.19 711.40 1008.48 722.26
00003166 00000215 647.09 197.66 459.32 669.54 835.84 482.09 1046.28 496.48 971.79 619.27 838.20 710.59 1006.47 723.09
00003167 00000216 643.27 196.76 463.12 677.42 835.56 479.64 1046.06 497.23 972.10 618.67 835.31 711.14 1004.46 726.35
00003168 00000217 644.75 195.69 461.13 681.25 836.42 479.30 1046.64 497.80 973.33 618.61 834.49 711.62 1005.98 727.40
00003169 00000218 648.82 199.17 458.32 675.59 839.12 481.51 1050.06 499.81 976.17 620.94 832.66 711.51 1007.21 727.63
00003170 DELETE   656.99 199.35 452.58 670.56 846.30 484.00 1058.38 499.34 987.51 618.63 842.61 712.50 1017.57 726.27
00003171 DELETE   657.22 198.92 454.46 675.38 854.74 481.88 1060.93 498.02 996.41 619.08 848.85 712.68 1019.73 727.32
00003172 00000221 660.99 196.61 453.70 679.54 862.00 483.31 1064.21 499.95 1003.59 621.19 852.39 713.76 1022.79 728.61
00003173 DELETE   665.61 196.97 448.41 677.86 868.93 486.84 1066.20 500.93 1012.34 620.76 860.16 717.43 1024.32 730.51
00003174 00000223 665.42 199.74 454.07 680.87 868.71 482.90 1072.68 500.06 1021.20 620.23 863.25 720.48 1028.39 735.53
00003175 00000224 665.92 193.04 454.21 686.57 874.85 484.81 1074.05 499.78 1024.89 618.09 869.97 718.24 1029.41 731.57
00003176 00000225 663.60 193.88 457.55 688.13 876.90 482.29 1075.65 498.85 1026.95 615.24 874.38 717.47 1031.46 732.05
00003177 00000226 660.30 193.81 460.14 694.32 877.93 480.85 1074.77 500.57 1027.80 616.18 869.88 717.91 1028.27 735.09
00003178 DELETE   661.25 194.23 458.76 696.51 876.98 480.32 1074.38 502.69 1027.34 619.56 860.68 718.85 1024.27 738.54
00003179 00000228 661.99 196.99 458.69 693.44 874.09 480.00 1075.19 501.09 1025.04 621.13 858.27 719.14 1025.56 737.66
00003180 00000229 659.27 200.47 461.49 687.47 872.71 481.07 1074.31 500.56 1022.95 621.79 861.62 719.80 1025.78 736.82
00003181 DELETE   661.81 202.78 458.50 679.25 869.77 481.80 1073.54 501.07 1019.62 620.36 864.96 719.35 1027.50 735.92
00003182 00000231 665.71 201.95 457.00 675.31 868.36 483.61 1074.02 501.86 1015.47 618.89 866.41 719.52 1028.77 735.15
00003183 00000232 669.22 204.57 452.36 671.20 878.03 491.78 1068.91 501.71 1018.05 623.28 873.04 724.33 1026.76 733.61
00003184 00000233 670.60 203.79 454.75 672.19 881.36 490.83 1072.07 504.06 1018.55 623.35 876.73 725.77 1027.40 737.62
00003185 00000234 673.07 203.30 454.88 668.09 882.51 493.09 1074.60 506.35 1018.66 624.61 880.64 726.13 1030.77 737.82
00003186 00000235 674.75 206.53 454.90 668.14 885.92 494.87 1075.40 508.55 1021.01 626.85 882.43 728.16 1030.47 740.26
00003187 00000236 678.67 210.47 451.81 674.40 887.29 498.32 1075.18 509.35 1022.31 631.32 879.59 731.57 1031.96 741.56
00003188 00000237 677.80 210.75 460.99 684.29 884.91 488.49 1089.04 514.38 1027.81 630.99 867.40 725.37 1035.13 747.65
00003189 00000238 676.39 212.57 464.88 685.83 887.58 488.53 1091.50 514.82 1031.77 633.63 867.69 726.08 1038.31 748.83
00003190 00000239 680.43 215.15 464.03 677.95 888.53 490.15 1098.74 515.10 1033.50 634.22 868.25 725.05 1042.99 746.82
00003191 00000240 679.70 213.68 467.19 677.94 890.51 492.59 1099.96 516.10 1034.35 635.13 873.76 725.02 1048.22 745.21
00003192 00000241 681.03 213.66 469.76 680.05 893.19 493.69 1103.19 516.57 1040.26 637.20 876.64 727.16 1053.13 746.79
00003193 00000242 686.55 217.61 471.23 673.34 898.45 497.97 1107.49 520.10 1043.59 639.87 885.64 729.92 1057.15 749.08
00003194 00000243 693.62 219.97 471.26 670.96 905.30 500.70 1111.45 524.06 1045.48 642.79 893.72 734.76 1056.54 754.99
00003195 00000244 698.42 223.95 468.80 665.15 910.40 503.98 1117.19 525.38 1052.85 647.47 901.46 739.85 1062.38 758.95
00003196 00000245 703.52 222.42 467.51 670.70 914.80 505.42 1120.67 525.99 1057.29 648.99 904.63 742.27 1066.20 760.66
00003197 00000246 706.56 221.54 464.60 671.47 916.32 505.66 1122.08 525.40 1059.84 648.23 907.17 742.37 1069.09 760.05
00003198 00000247 706.47 221.46 465.10 673.92 916.91 505.95 1121.40 525.49 1060.13 648.69 906.94 743.02 1068.05 760.75
00003199 00000248 705.44 222.34 465.58 674.58 917.49 504.56 1119.17 524.86 1059.49 647.76 907.05 741.62 1066.86 759.97
00003200 00000249 705.62 221.96 465.56 675.67 916.63 504.49 1118.14 523.64 1058.44 647.66 904.56 740.17 1065.94 757.68
00003201 00000250 702.48 221.96 467.70 676.53 914.93 502.81 1115.88 522.93 1056.54 647.02 901.77 738.61 1063.87 756.81
00003202 00000251 697.69 221.66 470.51 679.39 911.74 500.67 1112.95 522.48 1053.94 646.26 897.66 737.45 1061.34 756.92
00003203 00000252 693.48 219.26 469.78 681.09 907.43 498.35 1109.29 520.75 1049.58 643.47 892.92 734.53 1058.42 754.11
00003204 00000253 685.31 216.97 471.49 678.29 901.67 494.83 1107.80 519.26 1045.20 640.55 886.62 730.21 1055.81 751.11
00003205 00000254 681.43 214.07 470.63 675.60 897.33 491.11 1106.42 516.66 1039.64 636.80 881.19 726.01 1051.96 747.65
00003206 00000255 678.72 211.85 468.82 677.30 894.15 488.81 1100.85 516.65 1032.42 635.26 876.50 723.77 1044.30 747.06
00003207 00000256 679.17 204.84 465.78 678.03 887.32 490.59 1094.57 512.27 1026.29 635.20 878.89 723.53 1042.52 742.26
00003208 00000257 679.13 205.65 459.39 682.30 890.34 494.74 1083.98 510.98 1023.47 635.45 877.07 727.59 1037.37 741.96
00003209 00000258 676.97 211.28 457.56 675.53 886.42 496.07 1080.11 509.70 1021.64 635.02 874.92 727.94 1035.24 740.36
00003210 00000259 425.54 165.69 400.31 610.90 557.89 438.10 754.31 424.73 686.98 537.26 590.34 644.56 754.12 633.03
00003211 DELETE   430.82 174.38 397.77 608.42 565.62 440.98 760.31 428.11 693.61 542.95 595.35 649.57 757.58 638.28
CROP_BBOX: 180 0 1336 1074
