Video ID: 	Xqq5VUe1Ic8
H: 	1080
W: 	1920
FPS: 	25.0

FRAME INDEX X0 Y0 W H [Landmarks (5 Points)]

00015480 00000000 950.55 178.01 453.19 608.11 1004.86 427.11 1189.09 445.89 1059.16 603.54 1053.85 630.37 1216.02 644.62
00015481 00000001 950.05 175.40 452.84 608.16 1003.50 424.10 1187.80 444.06 1056.65 601.30 1051.92 630.07 1211.13 645.36
00015482 00000002 948.15 171.67 453.15 606.02 998.77 419.89 1186.16 441.74 1052.50 598.35 1046.26 628.11 1203.11 644.97
00015483 00000003 944.22 168.61 454.65 610.00 994.57 416.65 1183.61 439.51 1046.42 594.70 1039.81 627.54 1194.83 645.13
00015484 00000004 941.38 163.27 452.16 612.77 991.46 420.71 1177.52 441.29 1043.04 592.63 1037.57 626.78 1191.56 642.11
00015485 00000005 938.32 169.25 449.02 606.24 989.42 424.97 1172.26 446.60 1039.00 592.98 1035.85 623.53 1188.48 638.91
00015486 00000006 933.31 173.59 450.12 600.08 986.62 423.95 1165.20 447.26 1031.93 589.29 1034.01 620.55 1183.24 636.99
00015487 00000007 924.76 174.14 453.09 597.01 982.38 419.55 1161.15 448.31 1026.16 587.39 1026.23 611.54 1183.39 631.63
00015488 00000008 918.59 172.76 453.46 602.05 977.43 421.83 1151.08 448.65 1019.88 588.58 1023.73 613.16 1180.57 631.06
00015489 00000009 913.49 173.81 453.29 602.16 972.31 422.90 1142.06 448.44 1013.11 590.25 1020.33 616.23 1173.81 632.72
00015490 00000010 905.82 185.06 455.27 586.90 966.14 420.45 1137.75 448.42 1008.05 588.86 1011.37 615.00 1163.18 633.60
00015491 00000011 901.83 178.55 454.57 595.72 960.26 418.40 1133.33 446.42 1000.34 588.19 1002.35 616.84 1153.84 635.31
00015492 00000012 902.70 165.80 449.86 602.50 951.19 418.02 1122.24 447.30 990.24 594.52 1000.89 615.95 1151.50 637.63
00015493 00000013 900.04 174.45 453.50 593.73 952.03 416.85 1128.35 444.52 993.44 587.47 994.11 618.96 1143.54 637.18
00015494 00000014 897.99 178.11 451.83 591.10 949.75 416.08 1126.61 444.46 991.40 587.66 992.50 618.48 1142.41 637.13
00015495 00000015 897.42 177.83 452.78 592.15 949.13 416.03 1126.54 444.17 989.71 586.87 990.84 617.87 1143.19 636.27
00015496 00000016 898.08 177.95 452.92 597.15 951.99 416.88 1127.08 444.60 991.74 588.80 995.40 619.26 1146.93 637.20
00015497 00000017 899.25 179.54 452.90 596.23 954.87 418.77 1128.25 445.35 994.47 590.22 1000.31 620.27 1151.53 637.28
00015498 00000018 902.97 177.61 450.40 595.06 953.60 422.32 1119.93 449.93 990.78 597.28 1008.23 618.42 1155.94 638.41
00015499 00000019 902.46 183.78 452.17 596.60 959.14 421.56 1129.31 448.19 997.53 591.26 1003.77 622.33 1153.62 639.59
00015500 00000020 904.13 187.10 450.31 593.47 960.71 422.40 1130.93 450.63 999.96 594.34 1006.03 622.12 1157.55 640.51
00015501 00000021 904.50 191.20 455.21 586.63 961.19 421.75 1133.36 450.11 1001.75 593.08 1008.57 621.91 1157.24 640.82
00015502 00000022 904.57 193.64 456.16 584.11 963.00 422.18 1136.89 450.21 1005.67 592.18 1009.28 619.93 1160.80 638.66
00015503 00000023 905.38 192.87 458.66 584.80 963.20 421.12 1138.31 449.51 1005.94 592.77 1010.62 619.59 1163.43 638.56
00015504 00000024 906.56 190.45 459.99 582.96 963.28 418.89 1138.95 447.62 1005.51 590.96 1011.44 618.38 1163.26 637.83
00015505 00000025 907.62 188.43 461.11 582.63 963.98 417.50 1140.24 446.05 1006.37 589.09 1011.05 617.77 1163.88 637.34
00015506 00000026 908.53 185.15 460.44 584.62 964.78 416.21 1140.68 445.03 1006.97 587.04 1011.14 616.00 1164.51 635.84
00015507 00000027 909.06 183.91 460.16 585.55 964.93 415.57 1140.34 444.66 1006.44 586.58 1010.87 615.77 1164.16 635.84
00015508 00000028 909.01 184.63 460.25 584.41 964.28 414.78 1140.48 444.85 1005.32 586.29 1009.29 615.39 1163.42 636.22
00015509 00000029 908.50 187.86 459.76 581.14 963.94 414.70 1139.92 444.28 1005.29 586.25 1009.47 615.24 1162.57 635.69
00015510 00000030 908.43 186.86 460.76 583.40 963.70 415.25 1139.09 443.75 1004.57 584.89 1009.55 615.82 1161.60 635.38
00015511 00000031 908.52 184.19 461.28 586.52 963.46 415.17 1137.82 443.28 1003.28 584.45 1009.95 616.28 1160.11 635.54
00015512 00000032 907.65 188.11 460.49 582.79 962.38 415.26 1137.83 445.00 1002.27 586.56 1009.03 617.66 1157.92 638.22
00015513 00000033 909.25 189.45 458.27 585.21 963.49 416.22 1139.16 447.70 1002.08 590.47 1008.23 619.74 1157.96 641.61
00015514 00000034 912.04 189.44 455.86 591.74 966.27 419.97 1140.95 451.90 1002.77 593.18 1010.30 622.42 1161.52 644.38
00015515 00000035 915.31 191.51 456.69 594.87 966.83 424.08 1142.96 456.19 1003.73 600.03 1013.52 628.82 1163.03 651.11
00015516 00000036 918.24 193.25 462.03 598.16 969.37 427.10 1147.65 460.73 1006.56 605.90 1017.11 633.87 1165.87 657.96
00015517 00000037 922.07 205.59 462.09 587.96 972.25 432.40 1150.37 466.62 1008.67 613.19 1022.34 641.23 1168.18 666.04
00015518 00000038 921.74 204.99 465.68 590.62 977.15 440.00 1144.76 475.31 1009.71 617.58 1031.34 639.80 1174.69 665.02
00015519 00000039 922.93 211.66 466.50 591.36 979.06 443.44 1145.83 479.08 1009.32 621.75 1030.77 643.60 1177.83 668.95
00015520 00000040 921.85 213.72 470.77 594.14 977.00 446.82 1146.50 479.95 1007.28 627.34 1030.44 649.61 1180.76 672.80
00015521 00000041 922.36 223.85 471.13 587.69 976.81 448.04 1145.89 482.78 1004.56 630.92 1029.20 654.65 1177.73 679.18
00015522 00000042 925.15 220.68 465.85 593.81 978.13 448.87 1147.41 486.42 1005.89 631.04 1025.67 658.85 1169.40 685.94
00015523 00000043 926.67 221.36 463.99 591.59 979.02 448.54 1148.57 486.92 1006.09 629.19 1023.35 660.89 1164.46 688.91
00015524 00000044 926.76 221.30 463.54 590.80 977.36 444.79 1148.39 484.61 1003.81 626.89 1020.17 659.15 1164.24 688.05
00015525 00000045 928.64 219.67 464.28 595.01 982.20 442.14 1151.43 482.42 1007.66 624.65 1025.99 657.62 1166.68 686.99
00015526 00000046 930.66 222.35 464.58 589.18 985.28 438.69 1154.84 481.41 1009.80 622.18 1027.63 650.73 1172.23 682.24
00015527 00000047 934.06 213.77 464.66 596.14 987.89 437.06 1158.55 479.64 1012.02 618.84 1027.88 648.20 1175.30 679.94
00015528 00000048 933.56 214.37 464.82 595.99 987.08 434.90 1158.83 478.15 1011.17 618.74 1027.62 646.91 1176.79 679.21
00015529 00000049 930.10 218.60 468.19 593.13 986.52 434.88 1157.72 477.43 1011.37 619.45 1029.69 647.68 1178.04 679.16
00015530 00000050 928.30 218.49 467.06 593.38 984.88 436.29 1157.41 477.89 1011.77 621.02 1028.64 648.15 1179.02 678.74
00015531 00000051 925.40 214.42 470.50 597.87 981.49 436.27 1155.98 476.54 1010.10 622.00 1028.47 648.96 1179.68 678.24
00015532 00000052 924.00 215.82 468.79 594.04 979.61 435.37 1154.39 475.92 1008.10 621.58 1026.16 647.00 1178.72 676.47
00015533 00000053 922.86 212.61 468.24 593.75 978.89 434.72 1153.40 474.19 1009.07 620.28 1025.57 645.07 1176.10 673.89
00015534 00000054 920.30 206.41 468.89 596.89 976.43 434.38 1152.81 473.66 1009.63 620.50 1023.53 644.16 1173.75 673.10
00015535 00000055 920.61 207.99 469.40 593.33 976.19 433.71 1152.68 472.90 1008.82 618.64 1021.34 642.65 1171.56 671.73
00015536 00000056 919.11 209.42 470.69 592.25 975.13 432.91 1153.54 472.62 1009.37 619.78 1021.12 643.51 1170.95 673.08
00015537 00000057 918.59 209.83 471.28 592.36 974.53 433.23 1153.26 473.12 1009.00 620.61 1020.40 643.98 1170.78 673.69
00015538 00000058 917.22 209.71 473.02 593.38 975.23 434.28 1153.80 474.51 1010.29 621.87 1021.85 644.55 1170.78 674.57
00015539 00000059 917.27 209.42 473.32 599.28 975.81 435.60 1154.47 474.59 1010.73 624.31 1025.75 646.39 1177.95 675.05
00015540 00000060 918.44 215.25 471.37 587.70 975.95 434.38 1155.82 474.81 1011.36 624.08 1024.04 644.18 1176.27 674.26
00015541 00000061 920.02 213.66 469.69 585.81 976.82 434.05 1159.49 474.14 1013.84 622.91 1022.15 642.31 1178.07 672.30
00015542 00000062 921.61 209.98 466.32 587.80 979.15 438.60 1159.23 474.30 1019.19 622.64 1025.83 640.65 1182.30 667.12
00015543 00000063 919.41 210.31 470.82 591.02 979.28 440.52 1159.68 476.36 1018.99 624.02 1027.27 640.72 1185.41 667.06
00015544 00000064 917.23 211.95 472.48 590.40 976.48 440.27 1156.25 476.43 1016.14 625.64 1026.80 642.56 1183.33 669.00
00015545 00000065 916.17 206.44 472.06 595.00 973.43 439.79 1151.17 474.75 1011.57 626.05 1025.95 643.75 1180.46 669.21
00015546 00000066 920.05 203.58 464.68 593.92 971.49 436.99 1157.24 473.44 1013.09 622.85 1017.75 647.62 1170.52 674.45
00015547 00000067 918.15 200.58 467.39 597.92 968.69 435.38 1154.64 470.33 1008.57 621.73 1015.08 652.02 1165.09 677.88
00015548 00000068 916.27 201.58 467.12 596.38 964.56 433.79 1152.74 468.73 1005.05 621.14 1011.06 652.07 1162.23 677.87
00015549 00000069 915.11 196.34 464.11 598.83 961.80 432.58 1149.08 468.70 999.55 616.44 1003.10 648.62 1155.43 674.96
00015550 00000070 911.78 193.65 463.22 602.42 957.95 431.39 1143.76 466.48 994.45 613.39 998.32 648.72 1148.38 674.09
00015551 00000071 910.16 200.33 460.28 592.11 955.17 428.84 1138.94 465.69 990.27 613.14 998.90 646.84 1145.30 673.65
00015552 00000072 908.28 196.99 460.97 594.59 953.94 429.78 1136.63 466.74 988.96 611.12 997.28 645.51 1142.70 672.42
00015553 00000073 905.11 194.54 461.21 597.35 952.16 429.34 1134.87 466.48 988.34 612.80 995.74 645.99 1142.50 672.87
00015554 00000074 902.37 198.50 459.07 593.43 951.13 426.82 1132.45 466.32 987.61 613.98 995.57 643.62 1142.71 672.22
00015555 00000075 899.65 195.90 460.84 597.74 949.19 426.86 1132.01 465.49 986.69 614.36 994.03 644.52 1143.03 672.44
00015556 00000076 896.62 196.67 463.08 597.08 946.62 426.48 1131.00 464.19 986.39 614.59 993.88 644.21 1143.97 671.35
00015557 00000077 895.01 196.53 463.78 597.23 945.58 425.87 1129.88 462.76 986.21 614.46 994.45 644.26 1144.31 670.80
00015558 00000078 894.15 196.71 463.44 597.52 945.53 425.17 1130.37 462.04 986.81 613.66 993.95 643.42 1144.93 669.90
00015559 00000079 895.53 193.14 462.50 601.70 946.64 424.65 1129.37 460.61 986.48 612.88 995.16 642.68 1146.77 668.22
00015560 00000080 896.31 192.03 461.42 601.72 947.29 423.10 1130.21 459.43 986.62 612.11 994.98 640.76 1147.79 666.55
00015561 00000081 894.96 195.93 460.94 596.24 947.07 422.33 1129.83 459.69 988.11 611.04 994.26 637.85 1145.86 664.61
00015562 00000082 894.91 193.98 459.73 595.85 946.48 419.97 1129.80 460.24 986.99 611.12 992.45 633.81 1146.13 662.64
00015563 00000083 895.74 190.93 459.78 597.62 946.85 418.44 1129.41 457.65 985.08 607.72 990.99 633.48 1142.41 661.71
00015564 00000084 896.04 186.97 464.77 599.82 942.52 424.68 1114.26 459.51 975.40 612.28 997.33 634.03 1141.02 660.23
00015565 00000085 896.57 187.19 462.12 595.02 942.82 422.31 1112.66 456.54 975.99 610.31 998.51 631.50 1139.52 657.42
00015566 00000086 897.55 187.07 460.28 591.18 944.04 420.78 1114.76 456.11 978.04 609.27 998.58 628.27 1141.64 655.08
00015567 00000087 897.83 181.86 456.19 598.84 949.52 417.57 1127.18 449.80 986.56 597.52 991.01 629.45 1138.56 651.94
00015568 00000088 898.37 180.11 455.88 598.39 948.28 415.94 1127.10 448.99 984.75 596.06 988.98 628.70 1135.63 651.90
00015569 00000089 897.68 177.06 456.00 602.27 946.78 414.48 1124.95 446.65 982.18 593.81 986.85 628.80 1131.64 651.36
00015570 00000090 899.49 173.72 453.92 602.99 943.38 416.97 1114.89 449.52 977.33 600.14 990.26 625.65 1135.70 650.77
00015571 00000091 899.92 174.03 455.06 601.48 943.70 417.03 1118.50 448.30 981.24 601.48 992.72 624.14 1141.29 647.99
00015572 00000092 897.07 174.25 459.22 601.09 946.86 414.33 1129.51 444.89 987.12 593.51 987.75 625.13 1139.00 646.06
00015573 00000093 896.40 173.64 458.34 600.05 946.19 413.62 1128.83 445.56 985.90 592.99 985.23 624.19 1136.22 646.24
00015574 00000094 897.07 174.01 458.00 597.01 946.37 413.25 1128.77 445.41 986.16 592.24 985.72 623.58 1135.61 645.84
00015575 00000095 896.89 174.30 457.98 596.70 946.64 413.62 1129.17 445.15 987.12 592.52 987.08 623.77 1137.27 645.46
00015576 00000096 896.59 174.18 456.91 598.18 948.15 414.97 1127.42 447.01 986.69 592.20 987.04 622.80 1136.42 644.68
00015577 00000097 894.73 174.60 455.53 601.14 949.41 415.85 1122.30 450.37 985.10 592.92 989.50 619.92 1136.69 643.42
00015578 00000098 894.33 176.17 454.10 601.96 948.62 414.98 1122.25 449.79 984.90 593.91 990.27 619.16 1139.71 642.81
00015579 00000099 893.31 174.31 455.60 600.73 947.20 415.13 1121.71 447.53 984.23 592.02 987.83 621.44 1135.95 643.27
00015580 00000100 893.80 168.77 453.97 599.74 939.67 414.72 1110.94 444.99 977.50 592.63 987.55 623.46 1130.54 646.93
00015581 00000101 892.49 166.69 453.29 602.87 939.64 413.69 1109.26 443.10 976.91 589.28 986.59 623.15 1127.91 646.01
00015582 00000102 891.53 167.85 453.85 606.45 939.26 413.63 1108.60 441.44 975.32 589.48 988.17 624.47 1129.06 646.04
00015583 00000103 891.37 167.30 452.59 602.58 937.68 412.86 1108.70 440.88 974.78 588.51 985.39 623.52 1128.26 645.31
00015584 00000104 890.63 168.73 451.90 600.60 935.59 412.46 1108.69 440.46 972.97 588.35 981.60 622.81 1126.99 644.52
00015585 00000105 892.35 168.33 452.52 603.65 936.31 411.18 1107.41 439.95 970.67 587.13 980.81 622.40 1126.60 644.80
00015586 00000106 892.99 173.82 453.46 600.56 936.72 410.12 1104.38 439.11 966.85 585.77 982.39 623.53 1124.05 645.93
00015587 00000107 894.20 176.98 454.24 599.98 936.48 408.63 1102.52 440.57 962.82 587.02 981.10 623.14 1122.24 647.87
00015588 00000108 893.05 178.55 456.04 599.64 936.03 409.22 1099.88 442.50 959.92 587.52 980.16 623.42 1119.73 649.17
00015589 00000109 893.41 178.35 453.19 600.85 934.08 409.39 1095.99 442.85 953.64 585.70 977.00 625.90 1113.65 651.62
00015590 00000110 891.19 177.70 453.00 600.34 932.37 409.04 1093.09 441.40 951.37 582.93 975.04 626.33 1109.11 651.25
00015591 00000111 886.04 180.59 456.31 598.11 928.00 407.25 1092.14 441.27 946.25 582.61 969.55 625.92 1105.53 652.13
00015592 00000112 884.46 175.23 457.19 603.02 924.80 404.56 1089.64 440.35 940.06 579.35 965.17 624.90 1099.76 652.24
00015593 00000113 886.57 176.56 455.39 603.43 924.99 404.54 1088.13 442.22 936.53 577.68 964.79 622.79 1102.50 651.44
00015594 00000114 888.10 180.07 450.41 606.76 926.45 406.45 1087.31 444.95 935.61 579.77 967.54 622.42 1107.22 651.67
00015595 00000115 887.31 179.26 447.14 608.33 925.56 407.74 1086.03 447.71 933.78 579.93 963.68 622.86 1102.46 653.28
00015596 00000116 884.51 191.65 448.11 594.77 923.24 412.12 1084.11 449.98 934.20 583.21 962.71 627.45 1099.07 656.22
00015597 00000117 881.95 187.97 451.52 602.22 921.76 414.55 1083.28 451.67 931.50 584.80 960.10 632.33 1093.21 660.30
00015598 00000118 878.29 187.68 453.76 599.54 919.66 416.28 1081.28 454.35 930.02 584.86 956.05 633.04 1086.67 661.52
00015599 00000119 875.08 190.18 453.73 594.76 918.22 418.82 1079.80 456.20 929.15 584.50 954.31 632.54 1085.09 660.35
00015600 00000120 871.04 192.58 456.94 594.12 914.09 419.20 1077.22 455.11 926.69 584.15 951.83 633.32 1083.29 659.99
00015601 00000121 867.89 192.79 456.23 595.98 910.86 417.81 1074.41 455.34 924.04 585.48 948.46 632.36 1081.80 660.14
00015602 00000122 865.31 193.50 453.89 595.96 908.83 416.85 1073.42 455.34 921.88 585.12 945.93 631.80 1079.40 659.89
00015603 00000123 859.66 192.08 459.48 596.20 903.96 413.14 1073.54 453.90 919.36 586.53 941.08 631.05 1078.70 661.18
00015604 00000124 857.69 188.83 460.42 598.67 901.13 413.45 1072.57 452.44 918.51 586.78 937.03 633.59 1071.81 662.65
00015605 00000125 857.73 192.00 458.11 592.67 900.52 412.57 1071.97 450.48 918.06 585.44 936.64 633.16 1071.06 661.39
00015606 00000126 856.55 192.48 458.25 592.58 900.58 412.65 1070.73 449.39 917.91 584.37 938.28 633.33 1071.91 660.54
00015607 00000127 855.20 195.69 458.18 591.16 901.02 414.57 1070.25 450.23 918.75 583.86 939.95 632.45 1075.22 658.48
00015608 00000128 853.81 193.44 459.53 596.36 900.36 417.17 1069.07 451.39 919.14 585.18 942.12 632.87 1078.72 657.31
00015609 00000129 853.09 194.54 459.51 596.27 897.95 417.39 1068.89 455.05 916.51 590.12 938.71 633.84 1076.49 660.96
00015610 00000130 852.56 195.12 457.45 597.08 896.46 417.69 1067.03 454.87 914.62 591.93 936.65 636.71 1072.26 663.40
00015611 00000131 851.43 193.72 459.16 595.74 895.86 422.39 1063.24 465.32 911.68 596.15 934.71 633.89 1070.56 665.16
00015612 00000132 854.25 193.14 455.08 593.24 898.50 426.12 1063.80 468.83 914.40 598.08 935.84 634.50 1070.32 665.51
00015613 00000133 850.36 196.33 458.45 590.82 895.59 424.10 1064.36 467.50 914.68 598.92 933.89 633.83 1069.63 665.69
00015614 00000134 850.79 201.37 456.59 584.89 895.34 422.03 1066.64 465.18 916.69 599.02 933.29 634.14 1070.04 665.93
00015615 00000135 852.22 204.51 455.69 583.38 895.42 421.60 1068.27 463.36 917.66 599.72 935.78 636.83 1073.45 667.15
00015616 00000136 851.52 211.12 458.31 575.20 896.53 420.72 1060.24 467.26 915.60 605.06 941.32 632.70 1077.86 666.79
00015617 00000137 851.60 207.97 459.47 576.82 896.20 420.43 1059.77 467.19 915.64 605.07 940.10 634.42 1075.08 668.79
00015618 00000138 851.79 206.47 459.73 580.69 897.12 420.86 1060.29 466.82 917.48 603.45 938.16 638.18 1068.78 672.25
00015619 00000139 853.74 203.63 458.49 581.41 898.70 420.60 1064.28 465.53 922.32 602.41 938.45 639.73 1070.09 673.23
00015620 00000140 856.50 204.52 459.88 584.41 898.14 423.67 1074.98 462.29 922.73 600.09 935.93 646.76 1072.32 675.51
00015621 00000141 858.28 205.82 457.28 585.53 898.53 426.55 1077.29 463.17 924.75 601.95 937.17 649.67 1074.04 676.80
00015622 00000142 854.73 203.24 458.75 588.30 901.12 423.46 1073.11 468.37 927.82 606.69 940.71 640.95 1079.12 674.62
00015623 00000143 855.64 205.03 460.98 586.34 902.06 423.92 1076.84 468.12 929.72 608.99 943.49 641.81 1083.54 674.79
00015624 00000144 857.25 205.80 459.65 587.87 903.67 426.99 1077.49 468.81 932.33 611.24 947.64 643.71 1087.00 674.83
00015625 00000145 859.40 204.86 461.71 591.25 903.26 430.83 1082.35 466.43 933.74 611.59 948.12 652.90 1087.32 679.55
00015626 00000146 858.94 206.13 461.91 590.42 903.14 430.55 1082.37 466.18 933.72 611.69 948.56 653.22 1086.89 679.91
00015627 00000147 855.35 204.26 459.84 587.78 903.15 427.67 1077.42 468.36 934.26 611.75 948.48 643.83 1087.62 674.17
00015628 00000148 857.89 208.17 461.39 585.75 901.93 430.49 1082.37 464.05 935.69 611.49 948.82 651.40 1088.99 676.40
00015629 00000149 855.82 207.71 464.51 587.07 901.42 429.81 1084.37 462.69 937.25 612.89 950.12 651.50 1092.49 676.04
00015630 00000150 854.86 205.89 465.13 588.13 901.04 430.53 1084.95 462.68 938.67 614.21 950.05 651.57 1092.95 675.60
00015631 00000151 853.34 204.76 467.34 589.19 899.03 430.87 1084.43 462.71 937.67 615.15 948.01 653.39 1091.26 677.21
00015632 00000152 852.36 202.82 468.19 591.10 896.08 432.35 1082.14 462.22 935.58 615.95 944.85 656.09 1089.01 678.30
00015633 00000153 850.68 203.25 466.69 593.59 893.51 432.17 1080.51 462.28 932.97 617.11 943.37 658.41 1088.54 680.41
00015634 00000154 849.92 201.28 466.28 595.04 892.03 434.40 1079.60 462.66 933.34 617.45 942.04 660.93 1085.46 681.52
00015635 00000155 850.24 199.75 465.32 597.34 892.34 435.39 1078.76 464.11 932.49 618.07 941.69 660.77 1084.86 681.65
00015636 00000156 851.06 197.88 462.43 602.43 895.27 440.76 1074.23 469.98 930.23 617.08 942.32 661.08 1081.34 682.26
00015637 00000157 850.54 195.80 461.13 611.03 896.29 443.38 1072.42 470.72 929.83 616.60 944.91 664.81 1081.78 684.38
00015638 00000158 849.74 196.26 460.38 619.47 896.84 442.55 1072.46 468.77 929.34 617.30 945.96 667.90 1084.06 686.54
00015639 00000159 845.45 201.41 465.12 615.94 899.79 444.23 1066.70 471.87 933.32 620.92 952.80 662.23 1086.81 682.01
00015640 00000160 850.02 196.60 462.13 620.73 897.04 441.21 1074.65 466.62 930.91 617.10 946.15 669.78 1084.50 688.03
00015641 00000161 852.26 197.35 461.59 621.48 899.08 441.54 1075.40 466.36 932.59 617.34 948.46 671.16 1085.99 689.04
00015642 00000162 854.31 204.58 460.89 613.55 902.37 440.71 1078.93 467.08 935.90 617.55 952.20 670.17 1089.24 689.37
00015643 00000163 857.16 204.76 459.15 614.87 905.02 440.31 1084.14 467.67 940.13 619.26 954.25 669.51 1094.34 689.46
00015644 00000164 860.20 202.49 458.58 619.83 908.47 438.47 1085.59 469.25 940.03 622.81 957.50 667.61 1100.39 690.18
00015645 00000165 862.05 206.55 457.69 608.21 912.33 437.77 1088.14 468.59 944.26 618.71 959.35 663.42 1101.22 686.10
00015646 00000166 864.58 209.26 456.77 600.58 915.40 436.69 1091.47 467.29 947.97 618.17 962.36 658.13 1107.98 680.60
00015647 00000167 865.82 213.41 458.14 593.72 915.87 436.24 1093.13 466.90 949.74 618.21 964.43 656.72 1110.28 679.32
00015648 00000168 867.79 211.28 457.81 596.29 917.68 436.01 1094.34 467.79 950.54 618.48 964.99 655.78 1110.95 679.38
00015649 00000169 869.32 210.44 458.01 595.52 919.18 436.94 1096.52 468.52 953.43 620.08 967.04 655.24 1113.75 678.74
00015650 00000170 869.55 212.94 460.88 591.69 919.23 436.07 1096.92 467.91 954.12 621.58 969.29 656.27 1114.95 680.04
00015651 00000171 869.47 207.94 461.72 598.92 920.58 435.81 1097.60 468.64 955.41 622.12 969.81 656.26 1115.75 680.79
00015652 00000172 869.64 210.00 461.16 600.22 921.72 436.69 1099.54 468.57 957.05 623.56 970.65 659.32 1117.29 683.25
00015653 00000173 869.52 209.69 462.24 603.20 922.28 436.27 1100.67 468.46 957.47 623.20 970.11 660.39 1116.83 684.72
00015654 00000174 869.42 207.74 462.65 605.17 923.75 436.53 1100.80 467.27 959.34 621.21 972.26 658.89 1117.81 682.08
00015655 00000175 868.75 205.42 463.68 608.05 923.08 435.77 1101.80 466.05 960.29 618.82 970.51 658.62 1116.01 681.64
00015656 00000176 866.57 199.28 465.68 615.59 921.39 435.40 1101.60 464.99 959.04 618.22 968.97 659.28 1115.86 681.74
00015657 00000177 865.32 204.96 465.11 609.35 919.05 434.66 1101.37 463.29 958.73 618.25 967.26 659.88 1114.42 681.66
00015658 00000178 865.06 203.42 466.02 609.86 917.69 435.15 1099.94 463.83 956.72 618.74 966.20 660.66 1112.87 682.47
00015659 00000179 864.45 203.83 465.33 608.66 917.29 434.90 1098.88 463.42 955.54 617.85 966.21 660.44 1112.06 682.12
00015660 00000180 865.03 208.44 464.26 603.58 917.26 435.50 1098.01 463.61 954.96 617.43 965.85 660.49 1110.74 681.90
00015661 00000181 864.76 205.11 461.59 609.32 916.13 436.14 1097.28 465.52 952.81 620.80 964.01 661.51 1111.80 683.68
00015662 00000182 864.24 213.15 460.81 603.51 915.36 437.21 1094.30 466.92 950.47 623.15 965.70 664.23 1110.52 686.27
00015663 00000183 863.10 213.14 460.66 603.01 913.69 439.82 1093.18 467.94 949.55 623.21 963.63 664.90 1109.41 685.34
00015664 00000184 861.46 212.41 460.70 598.86 911.36 440.52 1092.01 469.98 947.77 624.37 961.86 661.77 1109.89 682.92
00015665 00000185 856.81 214.55 464.43 595.83 912.88 438.09 1086.98 470.50 945.86 620.21 960.18 651.58 1107.96 675.04
00015666 00000186 855.38 213.31 464.47 597.40 911.34 438.04 1086.57 471.49 944.86 622.30 958.35 651.10 1108.68 675.33
00015667 00000187 860.05 212.46 461.59 595.49 908.30 439.52 1090.04 470.69 946.11 626.64 961.42 660.22 1108.10 682.77
00015668 00000188 860.97 211.77 461.27 594.73 909.79 440.54 1091.20 470.04 949.07 624.37 960.81 658.14 1107.78 679.55
00015669 00000189 856.66 210.54 465.46 596.02 913.54 436.22 1090.34 469.98 948.85 619.36 957.95 648.43 1107.18 673.39
00015670 00000190 860.70 212.52 464.07 596.08 912.41 437.46 1094.53 468.51 951.19 623.01 961.51 657.42 1108.89 680.45
00015671 00000191 860.98 213.89 465.08 594.56 912.13 438.82 1094.36 468.00 951.66 624.88 964.28 660.84 1111.31 682.32
00015672 00000192 861.83 214.07 464.66 593.14 912.68 438.21 1094.55 469.09 952.04 626.49 964.98 659.71 1112.26 682.63
00015673 00000193 862.74 214.88 463.22 593.67 913.74 438.22 1094.72 468.84 951.69 625.31 964.62 660.63 1110.42 683.43
00015674 00000194 862.54 212.00 464.98 600.84 913.85 437.71 1095.77 468.07 951.44 626.26 965.14 663.20 1111.81 685.94
00015675 00000195 862.05 211.75 466.50 600.80 913.46 437.13 1096.53 467.25 952.05 626.41 965.56 663.71 1112.55 686.30
00015676 00000196 862.66 209.70 466.37 597.50 914.35 436.75 1098.62 467.37 955.31 623.64 963.55 659.77 1111.02 683.13
00015677 00000197 861.69 206.21 469.15 598.53 913.77 434.61 1098.99 465.09 955.36 621.97 964.09 657.63 1112.23 680.99
00015678 00000198 862.35 207.44 467.87 598.14 915.16 434.89 1099.71 464.47 957.17 619.24 964.18 657.29 1110.79 680.12
00015679 00000199 862.08 207.23 468.50 599.18 914.42 435.29 1100.04 464.95 956.60 620.98 964.23 658.16 1112.83 680.80
00015680 00000200 862.20 206.28 466.89 601.85 914.72 437.09 1098.87 466.36 956.00 623.15 965.07 659.30 1113.04 681.56
00015681 00000201 861.07 212.83 466.58 598.98 913.70 438.15 1096.78 467.13 953.40 626.25 966.56 661.39 1115.36 682.94
00015682 00000202 860.46 215.83 464.99 596.13 912.72 440.14 1094.38 467.85 952.50 626.50 966.82 662.50 1114.13 682.70
00015683 00000203 859.00 215.78 464.19 595.48 910.58 440.21 1092.05 469.04 950.03 627.52 964.86 661.34 1112.31 682.20
00015684 00000204 858.83 217.35 462.12 595.90 910.69 440.74 1092.00 469.75 949.88 628.43 964.83 661.24 1113.47 682.04
00015685 00000205 858.41 218.43 461.30 593.78 908.75 441.66 1091.05 471.66 947.85 628.74 963.34 661.41 1110.99 682.86
00015686 00000206 855.06 217.91 462.81 588.65 905.52 441.90 1090.42 472.24 946.31 628.04 959.35 658.44 1109.93 679.89
00015687 00000207 854.08 219.31 461.94 588.68 904.74 441.14 1089.32 472.76 944.80 628.55 957.49 657.98 1108.73 680.41
00015688 00000208 849.90 217.16 469.86 594.19 907.82 440.43 1083.06 476.35 941.29 627.67 957.32 649.32 1110.61 675.22
00015689 00000209 848.96 217.09 470.71 590.39 907.61 439.73 1082.52 476.49 941.54 627.24 958.20 648.58 1108.17 675.22
00015690 00000210 853.60 215.09 463.29 587.55 902.07 436.12 1087.28 473.16 940.53 628.12 952.93 654.72 1102.94 681.89
00015691 00000211 854.96 211.67 463.25 588.93 900.92 435.68 1086.21 470.45 940.36 625.09 950.50 655.22 1099.22 680.78
00015692 00000212 853.67 205.11 462.34 595.07 901.83 437.83 1079.06 472.70 936.19 620.53 951.03 653.26 1093.97 678.67
00015693 00000213 852.40 203.48 460.12 594.24 899.93 438.51 1076.69 472.10 934.02 617.01 946.20 653.34 1087.50 677.80
00015694 00000214 852.31 200.89 457.47 600.03 897.81 436.40 1075.08 468.85 929.52 614.46 943.28 653.57 1084.54 677.02
00015695 00000215 852.38 200.03 456.56 602.26 898.44 434.46 1072.52 463.48 928.96 610.38 946.44 652.92 1085.08 673.59
00015696 00000216 846.07 202.42 462.48 600.87 895.82 435.13 1059.97 466.04 925.47 616.56 952.22 646.56 1086.95 668.67
00015697 00000217 845.02 205.00 463.37 592.13 892.79 433.23 1058.61 465.01 922.69 614.31 947.47 644.89 1082.39 667.88
00015698 00000218 845.64 210.94 462.58 586.18 889.30 433.15 1054.85 463.89 917.24 615.13 946.54 645.46 1081.18 667.34
00015699 00000219 844.86 209.37 460.01 587.72 886.06 431.17 1052.01 464.78 912.57 617.56 943.24 645.06 1080.36 669.37
00015700 00000220 844.10 206.74 459.16 587.83 886.97 433.73 1048.59 466.30 912.53 614.04 940.80 646.56 1072.27 670.36
00015701 00000221 843.26 207.46 458.18 587.50 885.43 434.31 1046.33 467.91 908.98 614.35 938.81 646.02 1070.92 670.77
00015702 00000222 840.82 205.21 459.49 589.75 883.14 433.18 1044.47 468.18 906.04 614.75 934.94 645.42 1068.13 671.52
00015703 00000223 839.80 198.42 452.58 595.52 881.34 426.13 1054.37 462.47 906.76 607.17 924.43 647.96 1061.32 673.90
00015704 00000224 839.69 197.40 452.00 595.81 880.33 427.43 1054.00 462.17 906.39 607.44 922.95 651.30 1057.34 676.08
00015705 00000225 837.16 197.34 454.28 594.59 877.86 425.74 1053.78 461.86 904.61 607.26 919.19 652.45 1053.84 678.45
00015706 00000226 836.07 198.31 454.26 592.53 878.02 425.37 1054.83 463.61 904.64 607.20 917.12 650.83 1052.26 678.72
00015707 00000227 835.10 199.79 453.12 591.22 877.74 425.37 1055.45 463.63 905.51 606.92 916.84 649.80 1053.58 677.63
00015708 00000228 834.29 200.89 453.15 592.69 880.26 425.39 1053.98 461.90 906.78 605.44 922.93 648.73 1058.84 674.86
00015709 00000229 832.99 200.01 453.45 594.46 879.23 424.58 1053.50 462.29 906.61 607.25 924.07 646.22 1064.03 673.01
00015710 00000230 831.35 200.19 454.57 594.15 879.16 424.32 1053.22 462.62 906.21 606.43 924.10 644.60 1063.65 671.94
00015711 00000231 833.94 210.59 460.27 585.10 876.31 435.24 1038.64 470.07 899.69 614.97 928.42 647.86 1060.74 673.69
00015712 00000232 835.88 210.99 457.74 586.16 877.19 436.97 1040.43 469.87 901.34 616.60 930.15 649.21 1064.11 673.32
00015713 00000233 836.68 208.50 457.13 589.38 879.12 436.65 1042.56 470.56 903.96 616.98 930.32 649.37 1063.86 674.53
00015714 00000234 838.62 207.69 458.76 594.97 880.72 437.42 1044.78 470.70 905.06 621.70 934.95 652.97 1070.12 677.33
00015715 00000235 838.82 207.15 463.29 596.62 883.28 439.20 1047.74 471.78 910.14 622.98 939.37 658.07 1070.85 681.86
00015716 00000236 841.12 206.73 464.77 598.44 886.22 439.55 1050.87 470.66 913.51 621.26 942.58 658.50 1074.12 680.93
00015717 00000237 843.36 206.20 464.37 599.56 888.97 438.92 1052.47 467.60 915.96 618.07 945.72 655.49 1077.97 675.97
00015718 00000238 842.93 205.10 465.14 600.54 889.69 436.93 1053.65 465.81 917.42 617.52 947.20 655.39 1078.26 676.08
00015719 00000239 843.01 207.57 465.33 596.63 889.97 436.03 1055.26 464.48 918.79 615.98 947.32 654.26 1078.89 674.62
00015720 00000240 842.81 206.69 465.34 597.16 889.81 434.72 1057.44 462.91 920.68 615.53 946.73 653.10 1080.41 673.34
00015721 00000241 842.69 203.02 464.18 602.84 890.59 434.95 1057.40 462.84 921.17 615.19 947.21 653.23 1081.45 673.25
00015722 00000242 842.59 202.92 463.98 604.55 890.87 435.77 1057.83 463.06 921.84 615.56 947.61 653.90 1082.08 673.43
00015723 00000243 841.98 203.76 463.84 604.13 890.83 436.38 1057.45 463.37 922.20 615.94 947.76 654.04 1081.79 673.38
00015724 00000244 841.95 202.64 464.48 604.69 890.72 435.99 1057.27 463.27 921.92 616.40 947.75 653.43 1082.11 673.00
00015725 00000245 841.79 201.24 464.31 604.41 891.66 435.59 1058.90 463.10 924.06 615.17 948.03 652.48 1081.61 672.30
00015726 00000246 842.44 202.05 463.76 601.04 890.86 434.85 1060.16 463.01 923.85 615.46 946.09 650.68 1082.48 671.04
00015727 00000247 842.39 201.34 465.12 601.84 891.36 435.23 1061.00 463.43 924.19 616.58 946.70 649.55 1086.41 669.86
00015728 00000248 842.88 202.59 465.53 602.84 892.91 436.77 1062.54 464.93 925.49 619.30 947.39 650.19 1089.29 670.44
00015729 00000249 844.27 201.42 459.98 603.66 892.28 433.56 1072.71 459.74 930.49 615.06 943.59 655.88 1089.57 674.08
00015730 00000250 843.67 201.15 460.85 604.60 893.32 435.47 1074.36 461.12 933.02 617.27 944.12 656.98 1091.64 674.83
00015731 00000251 841.25 205.64 467.52 600.93 895.15 440.60 1067.30 466.24 932.93 622.18 950.68 653.94 1094.52 672.20
00015732 00000252 841.17 204.07 468.19 602.59 895.58 438.87 1071.56 465.53 936.11 622.26 950.42 653.95 1097.50 673.10
00015733 00000253 841.31 204.21 472.03 602.72 896.82 437.94 1073.99 464.36 937.52 621.76 951.62 654.22 1098.16 673.27
00015734 00000254 841.52 204.09 472.53 600.75 896.82 436.68 1075.60 464.81 937.69 621.55 949.29 651.84 1098.35 672.39
00015735 00000255 845.56 205.26 463.06 595.67 894.91 435.08 1081.17 461.02 939.75 619.26 944.05 656.50 1095.76 675.10
00015736 00000256 844.58 203.79 461.64 596.44 893.61 435.39 1079.50 461.92 937.62 618.54 941.34 655.62 1092.60 674.51
00015737 00000257 845.55 202.84 459.87 591.86 891.73 434.88 1076.97 462.13 933.40 616.50 938.41 654.45 1088.04 673.72
00015738 00000258 845.45 203.43 458.04 591.65 890.72 433.01 1074.12 462.82 928.95 615.72 936.31 653.05 1084.36 674.28
00015739 00000259 844.17 199.33 457.95 595.95 889.05 432.45 1072.29 463.08 927.16 616.45 934.37 652.59 1083.15 674.28
00015740 00000260 843.64 198.96 458.60 597.41 889.34 432.20 1072.35 462.99 926.90 616.03 934.37 652.69 1082.40 674.55
00015741 00000261 843.79 202.42 458.64 592.74 890.74 432.12 1073.92 463.24 929.42 616.72 935.95 650.94 1085.62 673.16
00015742 00000262 841.97 202.60 461.33 593.08 891.04 433.50 1076.22 463.38 932.84 618.14 937.43 651.99 1087.83 673.41
00015743 00000263 843.13 203.53 461.84 593.19 892.26 434.94 1076.80 463.20 934.38 618.68 940.19 654.09 1089.75 674.21
00015744 00000264 844.90 205.55 459.87 592.45 893.28 436.18 1078.04 463.74 936.24 619.02 941.06 655.48 1091.00 675.09
00015745 00000265 844.90 205.11 460.24 593.15 892.99 436.40 1077.58 463.71 935.89 619.54 941.02 656.16 1090.48 675.57
00015746 00000266 844.53 205.80 460.41 592.19 892.50 436.18 1077.51 463.92 934.95 619.35 940.54 656.21 1089.89 675.92
00015747 00000267 843.97 203.14 461.00 595.37 891.78 436.83 1076.39 464.46 933.54 620.17 939.86 656.67 1089.37 676.29
00015748 00000268 844.49 205.88 460.51 592.85 891.59 437.07 1076.44 464.70 933.30 620.54 940.66 657.50 1089.57 677.00
00015749 00000269 844.18 208.30 460.41 590.48 891.58 437.08 1076.52 464.72 933.27 620.91 941.50 657.76 1089.99 677.28
00015750 00000270 844.05 208.20 461.06 590.80 891.29 437.70 1076.53 464.88 933.60 621.41 941.80 658.56 1090.14 677.70
00015751 00000271 844.48 207.96 461.33 591.87 891.29 437.56 1076.77 465.20 933.51 621.84 941.49 659.20 1089.77 678.78
00015752 00000272 845.40 205.82 458.16 595.74 892.56 439.38 1074.50 471.18 931.20 622.82 940.26 656.99 1088.55 679.63
00015753 00000273 842.98 203.87 459.51 599.47 891.44 441.11 1071.07 473.39 928.61 623.20 940.21 657.24 1088.15 679.95
00015754 00000274 842.51 207.36 459.32 595.49 891.18 439.29 1072.26 472.71 928.16 622.42 939.21 656.47 1087.37 680.16
00015755 00000275 841.86 205.23 460.61 598.15 889.72 438.49 1073.02 468.98 928.42 622.83 938.86 658.22 1088.31 679.73
00015756 00000276 840.58 206.19 461.49 597.44 889.04 438.59 1073.83 468.24 929.16 622.93 938.43 659.22 1088.93 680.07
00015757 00000277 840.18 206.28 462.99 598.53 887.91 439.15 1073.92 468.53 928.83 624.55 938.62 661.24 1089.64 681.87
00015758 00000278 838.72 204.62 463.48 600.77 887.08 439.87 1074.18 468.25 929.20 625.59 937.91 662.30 1089.73 682.19
00015759 00000279 837.09 206.00 464.74 599.09 885.14 438.79 1072.89 468.50 927.50 626.23 936.17 661.61 1088.60 682.50
00015760 00000280 837.53 208.39 461.19 595.15 885.74 438.06 1071.90 468.89 927.20 625.39 936.09 659.20 1088.51 680.77
00015761 00000281 838.23 209.11 459.17 593.71 885.69 436.99 1071.35 469.58 926.03 625.48 935.07 657.62 1087.04 680.50
00015762 00000282 838.06 212.36 458.21 589.71 885.15 435.78 1071.33 469.57 925.28 625.72 934.17 656.66 1086.83 680.41
00015763 00000283 838.39 212.61 458.66 589.45 885.30 436.57 1071.07 469.69 925.32 625.64 935.00 656.96 1087.49 680.19
00015764 00000284 838.27 210.10 459.30 592.64 884.99 437.00 1071.15 469.48 925.50 625.97 934.65 658.16 1086.76 680.99
00015765 00000285 838.78 208.63 459.30 595.32 885.95 437.79 1071.49 469.46 926.32 625.74 935.44 659.60 1086.62 681.90
00015766 00000286 838.60 207.91 460.52 595.43 885.75 437.49 1070.93 468.96 926.24 625.54 936.03 659.11 1085.92 681.34
00015767 00000287 839.08 208.20 460.94 593.56 885.95 436.97 1071.11 467.75 926.71 624.13 936.37 658.48 1085.69 680.17
00015768 00000288 838.51 208.80 460.96 590.65 886.06 435.12 1071.31 466.98 927.53 623.25 935.68 655.63 1085.22 678.18
00015769 00000289 838.11 207.77 462.31 591.51 885.16 434.93 1071.22 466.19 926.93 623.01 934.64 657.10 1082.96 679.31
00015770 00000290 837.66 206.91 463.49 592.58 883.57 434.86 1070.88 465.96 925.78 624.28 934.00 659.44 1081.73 681.59
00015771 00000291 837.47 206.14 461.44 593.03 882.71 434.07 1070.89 466.02 924.72 622.94 929.97 658.33 1078.72 681.22
00015772 00000292 837.97 204.31 458.96 593.57 883.60 432.53 1072.52 465.65 926.23 622.00 926.52 655.85 1076.29 679.86
00015773 00000293 837.77 205.78 454.87 591.62 885.22 429.68 1073.10 465.79 927.76 620.06 923.74 650.08 1075.43 676.61
00015774 00000294 837.23 205.03 453.65 592.87 885.12 427.95 1071.48 465.09 927.17 618.28 923.03 646.98 1076.09 674.13
00015775 00000295 837.84 197.31 452.51 601.75 886.48 432.43 1067.09 470.74 922.52 615.32 922.34 646.60 1072.99 674.46
00015776 00000296 837.11 200.92 451.01 595.61 885.88 433.46 1065.68 473.09 922.30 615.00 924.30 643.44 1075.24 672.11
00015777 00000297 835.19 202.37 453.38 593.72 884.05 431.53 1066.33 469.67 922.29 614.45 923.81 642.98 1076.14 670.52
00015778 00000298 837.43 201.06 451.75 596.20 885.02 430.42 1065.12 465.53 921.58 612.88 926.93 645.84 1075.28 671.22
00015779 00000299 837.87 202.12 454.11 594.12 885.07 428.70 1064.35 462.25 921.38 611.56 930.44 646.92 1074.88 671.03
00015780 00000300 836.79 199.96 452.88 597.05 884.32 426.84 1062.93 463.29 919.97 612.06 928.75 646.01 1072.84 672.35
00015781 00000301 836.07 202.22 458.61 595.73 881.01 432.71 1050.29 468.40 911.29 618.84 930.09 647.93 1070.35 675.03
00015782 00000302 834.76 202.30 452.43 588.14 880.78 424.07 1059.71 461.78 914.43 609.87 926.59 643.49 1069.57 670.44
00015783 00000303 833.02 204.66 458.69 587.74 875.75 429.32 1044.97 468.09 904.58 618.86 925.53 644.40 1066.94 673.74
00015784 00000304 832.60 204.86 460.98 590.40 875.02 430.72 1044.25 468.11 903.57 620.45 926.60 647.54 1068.06 675.62
00015785 00000305 831.12 203.21 461.28 593.09 875.13 430.62 1045.14 467.98 905.50 620.67 926.34 648.37 1066.55 676.79
00015786 00000306 832.76 201.51 453.25 588.79 879.32 423.75 1059.54 462.43 914.94 611.37 924.92 643.07 1069.29 670.83
00015787 00000307 831.90 201.02 462.73 593.24 876.89 431.71 1049.27 467.04 910.91 619.68 927.92 647.07 1069.21 674.05
00015788 00000308 830.88 204.48 462.44 590.73 877.34 433.51 1051.14 468.41 913.85 621.17 926.80 647.39 1070.26 674.09
00015789 00000309 831.32 203.28 453.41 591.75 880.69 426.57 1064.40 464.04 920.81 614.51 923.69 643.76 1073.20 670.78
00015790 00000310 829.40 204.55 455.04 588.73 879.67 426.52 1064.90 464.57 921.86 614.10 922.61 642.18 1073.82 669.64
00015791 00000311 829.03 207.30 454.08 586.15 879.30 427.06 1064.94 464.76 922.70 615.86 923.48 643.18 1075.12 670.29
00015792 00000312 829.41 207.97 454.31 588.18 878.24 427.23 1063.01 464.84 919.76 617.99 926.50 646.19 1076.51 672.97
00015793 00000313 827.99 214.58 464.34 584.11 874.38 438.76 1050.37 472.35 912.51 628.34 928.53 650.59 1075.58 675.68
00015794 00000314 827.48 213.02 464.40 587.74 874.09 441.02 1048.76 473.96 911.18 628.74 928.17 651.82 1075.56 676.23
00015795 00000315 824.57 216.90 466.77 585.81 871.26 441.40 1046.86 475.12 907.77 630.45 925.27 653.65 1073.25 678.64
00015796 00000316 822.97 216.88 467.31 587.38 870.32 441.35 1046.10 476.54 906.02 632.48 924.37 654.02 1072.81 680.12
00015797 00000317 822.40 216.60 466.86 588.45 870.61 441.27 1045.52 475.76 906.08 632.08 925.95 654.43 1073.62 679.95
00015798 00000318 822.84 215.04 468.78 587.76 871.20 442.45 1046.32 474.56 909.07 630.18 927.88 655.08 1073.73 678.78
00015799 00000319 825.42 216.75 465.99 582.83 872.34 441.81 1047.38 473.72 910.11 629.38 928.29 651.32 1076.42 674.72
00015800 00000320 826.66 213.26 465.49 586.30 873.85 441.19 1050.32 471.44 913.76 628.23 929.85 651.33 1078.26 673.54
00015801 00000321 826.07 214.94 466.75 585.51 874.47 441.18 1051.09 470.63 914.98 627.66 930.97 651.10 1079.15 672.75
00015802 00000322 826.06 213.47 467.06 587.72 873.84 441.61 1051.09 470.59 914.57 627.57 930.26 652.30 1078.55 673.59
00015803 00000323 826.29 212.72 466.38 589.99 873.55 441.95 1048.88 472.12 911.44 628.37 929.97 652.88 1077.86 674.94
00015804 00000324 824.24 210.33 466.47 593.66 872.96 441.05 1046.62 473.07 908.88 627.12 927.23 653.60 1072.04 677.46
00015805 00000325 823.47 212.54 465.45 590.04 872.44 439.95 1044.13 473.26 906.81 625.27 924.90 651.69 1067.96 676.72
00015806 00000326 824.33 209.13 463.19 592.38 872.72 438.26 1043.46 470.94 906.44 622.27 923.86 650.25 1066.62 674.91
00015807 00000327 825.11 205.78 456.46 589.98 876.48 426.98 1060.37 463.31 916.32 612.50 922.33 645.10 1072.64 670.98
00015808 00000328 830.32 205.81 454.01 587.89 879.66 428.36 1063.56 463.85 919.46 616.07 926.35 644.65 1079.77 669.41
00015809 00000329 832.74 209.76 453.33 583.85 883.08 431.33 1065.94 462.18 925.14 616.43 932.61 647.18 1083.77 668.24
00015810 00000330 833.35 210.86 455.94 582.80 884.09 431.29 1070.24 461.61 928.99 617.28 932.67 646.93 1086.45 667.80
00015811 00000331 832.09 208.43 460.15 587.27 884.40 430.97 1072.96 461.65 931.71 619.88 932.00 647.54 1089.07 668.97
00015812 00000332 832.72 205.16 460.94 595.64 884.84 432.45 1072.98 461.98 932.03 621.44 933.04 650.36 1090.22 671.03
00015813 00000333 834.09 208.07 460.50 593.93 884.85 433.86 1074.35 462.96 932.81 624.99 935.60 653.56 1092.46 673.91
00015814 00000334 833.91 208.15 461.94 595.40 884.65 433.73 1074.40 463.41 932.26 625.61 936.33 654.71 1092.29 675.63
00015815 00000335 834.05 207.30 462.86 595.65 885.15 434.07 1075.12 463.31 933.24 625.57 936.14 654.77 1092.14 675.48
00015816 00000336 833.65 207.72 463.05 595.54 885.74 434.53 1075.81 462.61 935.49 624.99 937.13 654.38 1093.11 674.25
00015817 00000337 832.94 209.24 462.73 591.82 885.15 433.83 1076.00 462.80 936.28 624.96 935.51 651.91 1092.58 672.52
00015818 00000338 833.00 205.70 460.14 593.68 884.62 431.52 1073.57 461.71 933.64 622.23 933.29 649.17 1090.21 670.60
00015819 00000339 830.64 208.05 457.69 587.41 881.91 429.68 1070.92 461.44 930.56 618.91 929.66 647.68 1083.87 670.29
00015820 00000340 830.02 209.41 457.01 583.91 879.97 430.18 1068.14 461.65 927.28 616.46 927.32 647.15 1079.58 669.47
00015821 00000341 828.64 209.49 455.58 584.23 878.70 429.16 1066.09 462.23 925.65 617.29 925.74 647.04 1077.37 670.57
00015822 00000342 828.69 209.46 454.51 583.39 878.30 429.56 1065.69 462.56 925.34 617.87 924.77 647.10 1076.72 670.49
00015823 00000343 827.15 212.37 454.44 579.68 876.98 429.86 1064.62 463.53 924.86 619.48 924.82 646.86 1077.08 670.64
00015824 00000344 825.32 209.87 455.40 581.15 874.67 429.02 1064.08 464.17 923.18 618.95 922.01 645.22 1075.48 670.06
00015825 00000345 824.15 208.97 455.43 581.91 874.44 426.87 1063.76 463.52 922.28 616.84 920.08 642.87 1074.52 668.90
00015826 00000346 822.55 205.77 457.66 582.70 872.73 426.19 1062.85 462.73 921.24 614.89 919.00 641.26 1073.58 667.24
00015827 00000347 821.97 205.03 456.46 582.80 871.80 423.86 1060.71 462.25 918.71 613.23 917.54 639.22 1070.58 666.61
00015828 00000348 823.39 206.01 460.69 583.06 868.08 433.27 1048.57 466.33 910.77 622.44 916.74 643.24 1069.95 668.39
00015829 00000349 823.78 207.15 458.49 579.71 867.07 431.25 1045.98 466.06 907.34 621.14 914.92 641.99 1066.41 668.67
00015830 00000350 823.48 204.98 457.96 582.44 866.83 429.99 1045.25 465.55 905.21 618.81 912.60 640.49 1063.48 668.01
00015831 00000351 824.22 205.43 457.96 585.62 869.35 430.19 1044.83 465.20 905.67 617.84 916.03 639.35 1063.98 666.35
00015832 00000352 825.75 204.15 457.35 583.80 870.51 428.53 1045.92 464.74 906.41 616.19 916.94 636.16 1066.73 663.98
00015833 00000353 827.29 206.17 456.99 577.62 870.42 427.79 1049.49 466.00 908.31 617.22 914.90 634.61 1067.87 663.93
00015834 00000354 827.83 204.52 451.95 580.86 878.41 420.69 1063.30 461.01 920.55 607.56 918.03 632.50 1069.91 661.52
00015835 00000355 829.32 204.92 452.94 584.34 880.33 421.53 1064.09 459.24 922.07 609.09 922.96 636.82 1072.67 663.93
00015836 00000356 830.67 202.73 454.52 588.54 880.89 422.75 1064.73 458.12 923.22 609.72 924.25 641.35 1071.63 666.99
00015837 00000357 830.83 201.50 453.66 589.27 882.13 422.06 1065.79 458.03 925.06 609.34 924.56 638.49 1073.68 664.39
00015838 00000358 830.58 197.92 455.16 593.26 882.07 421.22 1064.65 455.46 924.22 606.92 925.24 637.56 1075.82 661.92
00015839 00000359 829.83 193.14 455.06 598.61 883.14 424.12 1059.59 458.25 921.22 605.26 925.21 634.98 1074.52 658.95
00015840 00000360 830.11 191.29 455.39 597.46 882.91 426.26 1057.46 460.48 920.14 604.63 925.95 632.07 1076.32 655.89
00015841 00000361 826.98 192.12 456.35 595.87 881.20 425.84 1057.34 460.76 918.70 603.68 922.27 630.08 1074.78 654.51
00015842 00000362 822.34 193.58 457.82 591.87 876.35 423.08 1056.09 458.54 916.45 605.48 919.85 630.11 1072.37 655.15
00015843 00000363 824.10 195.44 457.99 589.24 869.23 427.88 1042.93 458.44 908.03 613.22 920.77 634.45 1066.31 657.68
00015844 00000364 820.56 193.74 459.31 593.06 865.21 425.22 1039.47 453.92 905.92 615.49 919.55 639.70 1061.41 662.12
00015845 00000365 816.97 190.53 457.82 593.99 861.40 425.30 1036.11 451.46 903.45 612.42 916.20 642.28 1055.08 662.91
00015846 00000366 813.89 189.63 455.31 595.31 859.23 427.51 1028.83 450.11 899.38 609.39 914.66 645.96 1047.08 663.65
00015847 00000367 809.43 193.49 457.33 593.91 855.27 428.69 1023.91 452.34 893.16 610.29 910.99 646.01 1043.63 664.23
00015848 00000368 803.43 195.71 461.01 592.06 848.80 428.41 1018.96 451.86 887.23 610.08 906.98 646.50 1040.80 664.35
00015849 00000369 800.61 194.20 461.95 596.66 844.64 431.04 1014.05 451.72 882.08 608.95 904.21 648.65 1037.13 663.99
00015850 00000370 798.01 190.45 462.49 601.65 843.41 434.07 1010.91 451.96 880.45 606.44 902.07 650.02 1034.56 662.99
00015851 00000371 795.16 190.97 461.63 601.86 841.34 434.16 1008.73 452.99 878.32 606.84 900.11 651.21 1030.15 664.91
00015852 00000372 790.82 198.10 461.26 595.48 837.47 432.61 1006.03 453.46 872.60 607.75 893.86 650.17 1025.20 665.12
00015853 00000373 789.72 198.49 456.22 594.42 835.68 431.91 1005.39 453.12 870.24 607.78 889.56 648.66 1024.28 663.60
00015854 00000374 787.19 195.59 457.05 595.88 833.88 432.20 1003.67 453.25 868.72 606.41 887.67 646.36 1023.71 661.01
00015855 00000375 785.62 192.26 456.83 601.28 832.78 432.85 1002.19 452.43 867.63 604.93 885.64 647.16 1022.87 660.39
00015856 00000376 784.86 195.72 452.86 595.35 831.10 434.12 999.89 453.92 864.58 601.68 882.96 645.88 1018.96 658.93
00015857 00000377 783.20 201.13 450.03 588.18 826.41 431.65 987.17 457.32 855.25 606.38 884.36 638.42 1016.89 656.12
00015858 00000378 780.77 198.49 446.73 588.56 823.25 431.92 984.06 456.50 853.03 603.04 878.40 637.43 1009.67 654.56
00015859 00000379 776.56 194.76 444.51 592.65 816.66 430.03 974.34 457.46 841.55 604.26 869.68 635.60 1002.87 654.95
00015860 00000380 768.80 197.18 444.54 591.81 809.19 430.56 963.88 459.68 832.45 604.14 861.37 635.86 991.88 657.27
00015861 00000381 760.58 195.46 445.95 591.57 801.23 428.85 955.77 460.30 822.44 600.27 847.14 635.93 978.68 659.69
00015862 00000382 752.52 196.16 446.77 593.43 792.71 425.92 952.26 457.86 813.38 598.64 835.47 637.88 971.64 661.95
00015863 00000383 751.74 195.47 447.10 594.14 793.53 427.48 950.79 459.07 812.89 595.30 833.44 637.60 968.44 661.29
00015864 00000384 751.87 188.09 445.99 601.61 796.03 434.74 947.78 467.05 811.61 596.30 833.34 637.27 967.41 661.30
00015865 00000385 752.26 189.66 447.78 601.40 796.07 434.21 949.71 469.42 811.03 596.78 830.00 636.60 964.96 663.15
00015866 00000386 752.76 201.24 445.77 585.26 798.64 433.54 949.74 468.89 814.49 594.67 830.07 633.78 958.72 660.36
00015867 00000387 755.75 202.23 443.66 583.41 798.75 433.71 950.28 467.55 815.67 595.74 831.21 635.00 959.13 660.49
00015868 00000388 757.58 207.61 443.23 581.54 800.66 433.21 953.80 467.57 817.87 595.86 834.12 636.11 964.44 661.82
00015869 00000389 757.95 208.92 447.87 583.63 801.60 432.00 956.48 468.95 818.55 598.11 837.45 637.86 969.01 665.77
00015870 00000390 761.53 202.91 449.03 593.56 805.07 433.07 960.37 472.15 821.69 602.80 843.50 639.49 978.19 669.20
00015871 00000391 765.68 206.77 448.97 592.91 809.40 435.05 965.44 474.60 826.19 606.68 849.51 641.78 984.87 671.62
00015872 00000392 771.94 203.06 451.00 593.45 815.69 432.30 971.72 470.15 834.60 604.38 858.73 638.36 992.11 666.86
00015873 00000393 782.97 197.34 452.58 592.36 826.43 425.25 983.06 461.53 845.47 596.81 874.72 630.43 1007.65 656.19
00015874 00000394 788.70 185.76 454.73 608.26 833.12 416.43 1000.21 451.92 848.94 584.91 870.12 631.89 1008.91 657.28
00015875 00000395 796.99 176.72 454.50 613.91 836.56 412.67 1002.45 447.06 850.60 582.82 875.01 630.12 1014.53 655.03
00015876 00000396 799.14 172.27 458.33 614.81 838.54 409.50 1004.14 444.32 851.23 578.82 876.56 628.01 1014.29 653.84
00015877 00000397 798.46 170.87 460.45 612.37 838.16 406.23 1003.21 443.85 850.71 578.27 877.02 625.38 1012.58 653.59
00015878 00000398 800.09 166.87 459.79 614.08 839.80 404.96 1004.51 442.90 852.00 578.67 879.69 624.54 1014.55 653.11
00015879 00000399 803.08 171.07 460.42 602.49 843.55 403.52 1007.55 437.53 858.56 572.33 883.42 621.47 1019.88 647.22
00015880 00000400 807.89 164.62 457.86 605.28 848.30 398.43 1011.76 434.96 861.42 570.11 886.58 616.06 1025.50 644.01
00015881 00000401 810.19 163.83 455.85 604.07 850.79 396.43 1013.38 433.75 863.94 567.33 887.89 613.03 1025.89 641.74
00015882 00000402 812.86 162.39 453.31 602.30 854.23 395.81 1016.07 432.70 868.23 563.85 889.52 609.80 1027.22 638.16
00015883 00000403 806.94 158.45 457.15 606.28 852.31 392.68 1018.63 432.37 872.01 568.35 892.87 607.73 1023.56 636.10
00015884 00000404 806.14 157.87 456.38 605.16 851.44 392.42 1015.94 432.09 869.87 568.05 892.51 606.91 1021.75 635.24
00015885 00000405 805.91 164.57 455.40 595.41 848.91 394.55 1010.50 428.78 862.75 560.65 888.94 607.49 1024.91 633.37
00015886 00000406 799.36 162.53 455.90 599.28 843.13 396.45 1003.15 429.56 855.86 559.71 885.10 606.75 1019.64 631.57
00015887 00000407 793.47 158.04 459.60 604.50 838.35 394.27 999.07 428.20 850.01 556.36 875.15 603.49 1011.94 628.77
00015888 00000408 782.54 163.81 463.77 594.62 826.58 392.28 994.88 426.12 843.11 558.63 863.98 605.62 1004.77 630.94
00015889 00000409 778.23 161.13 460.84 599.65 820.07 390.97 990.15 427.02 836.96 559.48 853.94 606.85 991.07 634.09
00015890 00000410 778.18 165.47 449.67 590.06 817.84 389.87 978.30 432.93 835.21 564.58 852.06 600.44 987.29 633.51
00015891 00000411 773.85 162.49 451.02 590.60 813.48 390.66 972.54 431.54 832.13 563.87 848.25 603.79 978.83 635.33
00015892 00000412 768.23 162.24 453.80 591.46 807.97 392.02 967.04 430.58 828.86 563.84 843.79 607.17 972.54 637.08
00015893 00000413 765.64 163.04 452.00 590.83 805.18 394.02 964.54 432.16 825.73 563.92 841.38 607.82 971.72 637.42
00015894 00000414 757.83 155.23 457.56 604.22 799.68 393.25 969.11 428.81 818.26 562.32 835.94 608.94 970.71 634.61
00015895 00000415 753.93 156.16 456.94 603.99 797.52 395.09 962.90 430.96 814.57 563.58 834.84 607.56 967.04 632.99
00015896 00000416 747.13 155.75 460.03 605.53 794.66 393.23 960.48 430.15 815.01 565.96 834.35 605.14 968.63 631.08
00015897 00000417 742.67 159.18 462.46 601.77 788.73 392.95 956.30 427.79 810.70 565.69 833.03 605.51 965.05 629.85
00015898 00000418 742.21 157.91 461.59 602.23 787.66 390.20 955.27 425.94 808.35 563.88 831.13 604.70 962.47 629.96
00015899 00000419 739.72 156.67 463.60 604.40 785.42 390.56 952.79 425.15 805.69 564.40 830.09 606.07 961.60 630.30
00015900 00000420 738.20 156.36 464.78 603.21 784.55 388.72 952.64 424.03 804.68 562.89 829.42 604.75 960.52 629.60
00015901 00000421 739.11 154.57 464.02 603.78 785.31 388.38 955.03 423.16 806.87 562.58 829.85 604.95 962.08 629.51
00015902 00000422 742.85 155.75 462.82 602.71 788.00 388.00 957.36 421.89 808.33 559.88 831.71 605.22 963.66 629.32
00015903 00000423 746.53 155.71 460.32 603.40 790.45 388.24 959.00 421.73 809.22 560.56 833.92 606.23 965.17 629.93
00015904 00000424 749.87 155.12 462.04 606.42 791.96 387.84 960.60 420.83 809.21 558.68 834.42 606.79 966.49 630.27
00015905 00000425 754.60 159.93 458.61 600.52 796.82 388.14 961.40 421.82 811.76 556.14 838.79 604.80 969.42 628.99
00015906 00000426 758.71 154.66 458.65 604.63 801.08 389.13 965.88 424.81 814.27 557.57 841.33 604.37 973.51 629.74
00015907 00000427 767.46 163.54 451.30 590.84 809.78 392.37 963.93 432.09 821.87 561.48 851.66 602.13 984.00 632.17
00015908 00000428 774.96 163.40 449.58 592.75 815.77 389.59 972.18 436.21 826.36 563.62 854.49 598.76 988.62 634.19
00015909 00000429 776.39 161.10 457.09 604.76 819.29 390.02 986.46 432.17 829.43 558.91 851.70 605.07 991.59 636.37
00015910 00000430 779.62 165.14 460.20 602.02 826.16 392.07 994.44 433.89 838.42 561.18 861.23 604.53 1002.71 635.60
00015911 00000431 791.34 163.20 458.78 602.95 834.54 392.99 1005.14 433.06 849.16 561.25 870.14 604.89 1013.03 635.12
00015912 00000432 800.65 158.39 458.15 608.68 844.73 393.72 1015.76 431.56 863.35 562.45 883.83 607.44 1023.65 636.08
00015913 00000433 812.58 155.54 455.38 613.17 856.56 396.27 1025.79 428.30 877.96 561.09 896.99 611.92 1033.59 636.27
00015914 00000434 822.08 159.52 454.09 600.53 868.25 397.56 1038.28 430.67 895.68 566.41 908.98 606.45 1045.87 631.99
00015915 00000435 828.24 159.71 457.69 593.44 874.65 395.96 1049.09 431.78 907.63 574.05 916.12 604.63 1058.17 632.38
00015916 00000436 832.13 161.30 461.45 590.41 882.08 392.38 1062.88 433.30 920.02 575.29 922.70 597.75 1068.32 629.21
00015917 00000437 838.44 164.39 470.82 594.94 891.36 395.53 1065.48 426.28 924.80 572.58 939.40 605.14 1084.12 627.58
00015918 00000438 840.34 168.64 468.97 593.37 898.98 397.95 1084.82 427.11 942.76 573.83 943.31 605.46 1093.22 627.09
00015919 00000439 841.49 165.75 473.22 598.91 900.25 395.70 1089.28 426.63 944.93 576.69 945.59 604.49 1099.95 627.51
00015920 00000440 846.26 165.95 468.94 598.14 904.31 396.47 1093.47 425.83 949.78 576.54 950.35 605.74 1103.75 627.87
00015921 00000441 853.16 165.25 464.20 597.48 907.91 396.94 1095.00 423.29 952.69 574.85 956.54 607.08 1107.18 627.06
00015922 00000442 853.92 163.22 463.54 597.24 907.94 394.62 1095.14 422.93 952.22 573.35 956.74 605.78 1106.84 627.35
00015923 00000443 854.68 160.92 463.19 601.39 908.02 394.06 1093.91 423.29 949.83 573.66 955.14 603.35 1108.01 625.43
00015924 00000444 852.02 163.17 471.46 598.67 906.38 388.95 1082.18 419.57 937.33 574.50 954.40 602.01 1108.65 623.96
00015925 00000445 850.63 158.82 472.62 602.84 904.25 386.28 1078.94 419.12 933.22 575.11 954.83 600.25 1107.75 623.75
00015926 00000446 850.30 157.53 466.68 604.51 904.05 392.94 1084.72 420.78 942.43 567.48 951.61 600.04 1101.05 620.55
00015927 00000447 845.66 157.72 469.70 597.48 896.74 392.25 1065.86 425.35 923.29 571.64 949.10 597.68 1096.13 621.14
00015928 00000448 842.31 150.77 462.02 606.41 898.26 396.68 1070.55 430.58 930.75 567.47 939.55 596.61 1082.59 620.79
00015929 00000449 836.51 166.26 456.22 583.02 891.88 394.93 1065.72 436.77 928.09 576.98 933.42 589.52 1077.62 621.53
00015930 00000450 831.07 163.53 457.67 586.39 884.55 395.09 1054.37 434.69 917.94 573.94 926.92 591.05 1069.38 621.47
00015931 00000451 828.18 158.89 454.47 592.54 877.52 396.18 1048.52 433.21 911.09 578.06 922.36 597.91 1064.52 626.54
00015932 00000452 821.67 157.24 454.21 595.40 870.29 399.12 1041.50 431.56 904.88 577.53 914.32 602.58 1055.16 627.75
00015933 00000453 817.93 155.27 452.78 596.87 864.52 399.16 1035.82 428.55 897.88 573.49 910.13 606.76 1047.67 629.44
00015934 00000454 815.32 160.06 454.48 593.01 860.09 396.31 1033.13 425.76 891.25 569.99 905.52 606.71 1042.55 629.34
00015935 00000455 809.38 161.90 458.62 586.74 853.61 393.80 1029.78 422.10 884.27 562.92 897.44 606.93 1035.27 628.51
00015936 00000456 808.08 160.64 456.93 590.05 850.24 392.96 1025.03 422.35 878.52 566.26 898.43 607.56 1035.63 629.83
00015937 00000457 805.44 161.27 459.89 594.55 848.36 394.51 1023.18 424.71 875.77 567.73 896.35 608.21 1036.05 631.08
00015938 00000458 802.16 160.45 461.36 598.20 845.65 396.32 1021.05 426.44 873.50 569.40 894.22 609.97 1034.54 632.74
00015939 00000459 801.64 160.46 460.01 599.65 845.85 398.71 1019.35 428.37 874.04 569.80 895.12 612.97 1031.71 635.42
00015940 00000460 801.43 160.71 460.11 601.65 846.30 400.87 1018.42 429.48 874.33 571.06 895.75 615.01 1032.19 636.66
00015941 00000461 800.85 162.25 461.29 600.60 847.25 400.98 1019.30 430.28 874.78 571.09 896.90 614.18 1034.37 636.36
00015942 00000462 800.67 166.89 461.24 594.74 847.89 401.26 1020.77 429.35 877.53 570.21 898.71 612.74 1035.96 633.95
00015943 00000463 802.58 166.53 458.17 595.69 848.99 399.64 1023.47 428.39 878.54 571.89 897.84 610.23 1040.22 631.85
00015944 00000464 803.75 165.70 459.80 595.97 849.12 399.87 1024.40 426.61 880.12 571.38 898.66 612.52 1040.56 632.66
00015945 00000465 804.71 169.66 458.31 589.16 850.27 399.63 1027.05 427.50 883.59 572.71 901.15 612.06 1041.22 633.19
00015946 00000466 806.22 167.20 458.82 592.63 852.49 399.25 1029.60 427.80 886.71 572.88 902.00 611.62 1043.08 633.35
00015947 00000467 806.83 167.16 458.34 591.98 853.19 399.58 1030.61 428.48 889.34 575.88 903.59 612.03 1045.56 634.09
00015948 00000468 809.42 164.18 458.14 596.16 856.58 399.04 1033.03 429.45 891.40 575.31 904.76 610.36 1048.32 633.65
00015949 00000469 812.45 163.45 457.04 595.16 858.68 400.30 1035.03 431.13 893.81 576.77 907.31 611.23 1050.38 634.90
CROP_BBOX: 600 0 1541 956
