Video ID: 	sGKzgl5ErX4
H: 	1080
W: 	1920
FPS: 	25.0

FRAME INDEX X0 Y0 W H [Landmarks (5 Points)]

00009146 00000000 592.35 163.22 336.47 510.46 731.54 360.47 880.90 370.44 838.11 455.52 737.35 539.89 861.33 550.61
00009147 00000001 583.55 157.38 338.91 517.19 727.88 359.45 873.41 367.72 834.14 458.47 732.72 541.01 852.16 549.81
00009148 00000002 583.04 160.79 335.45 515.76 726.19 371.99 875.01 379.60 833.86 460.76 733.28 539.23 858.96 546.50
00009149 00000003 581.94 161.47 337.26 513.72 726.64 365.46 871.68 374.25 832.18 464.44 730.26 543.32 849.64 552.76
00009150 00000004 581.66 163.36 336.87 514.21 726.21 374.95 876.61 384.73 833.48 465.35 730.12 539.96 857.76 548.94
00009151 00000005 578.60 160.94 339.95 516.09 725.74 363.69 870.71 374.77 829.10 464.65 725.43 542.98 845.25 554.19
00009152 00000006 575.77 159.55 339.48 517.53 723.62 371.17 873.08 382.60 828.44 466.44 726.44 539.74 851.43 550.20
00009153 00000007 573.76 154.72 341.22 516.09 720.62 372.37 872.41 382.25 823.94 470.40 725.82 539.90 848.99 549.02
00009154 00000008 574.33 154.67 339.91 515.32 720.82 374.46 872.23 383.37 824.60 470.80 726.71 540.24 850.81 548.54
00009155 00000009 575.59 156.57 339.05 513.60 722.57 374.71 872.91 383.87 825.54 471.31 728.27 540.24 851.47 548.68
00009156 00000010 576.55 155.97 338.31 515.70 724.74 372.63 872.25 384.10 825.36 469.56 727.62 539.26 848.43 549.61
00009157 00000011 577.32 155.89 337.94 515.06 726.07 369.06 873.02 382.59 827.91 465.00 729.80 538.32 848.87 550.30
00009158 00000012 578.12 156.98 338.03 513.08 726.38 369.36 872.66 381.52 827.82 465.04 731.39 538.81 849.51 549.57
00009159 00000013 577.72 154.71 338.56 515.23 726.90 369.46 872.15 380.66 828.49 463.04 734.25 540.50 849.93 550.35
00009160 00000014 577.54 156.07 339.66 515.42 727.06 368.97 873.52 379.97 829.83 463.88 735.04 540.91 851.64 550.48
00009161 00000015 578.38 154.54 340.16 518.96 726.67 369.52 874.05 380.27 829.55 464.68 734.16 541.69 852.51 551.14
00009162 00000016 579.27 152.47 341.36 525.47 727.90 370.62 874.18 381.23 830.59 466.41 733.42 543.86 852.27 553.21
00009163 00000017 579.31 155.76 345.50 527.11 729.85 358.50 875.03 372.09 831.10 463.61 730.10 545.52 846.59 558.21
00009164 00000018 579.53 155.26 347.74 528.94 730.90 357.24 877.13 372.75 833.07 463.08 728.84 544.03 848.01 558.50
00009165 00000019 579.74 152.22 349.41 532.88 731.85 356.80 878.25 373.67 834.52 463.33 728.35 542.89 849.29 558.52
00009166 00000020 581.06 153.02 348.30 529.35 732.66 356.81 879.44 373.03 836.09 462.87 729.01 541.65 850.93 557.06
00009167 00000021 582.33 148.30 345.77 529.02 732.38 369.27 880.16 381.24 837.19 463.73 732.68 538.26 857.08 549.14
00009168 00000022 582.87 147.65 346.24 523.90 731.18 368.38 881.69 379.57 836.86 462.79 732.31 535.65 858.39 546.08
00009169 00000023 582.34 145.27 347.71 525.63 730.94 367.72 881.72 378.74 836.60 462.50 732.63 535.14 859.01 545.30
00009170 00000024 583.49 147.15 347.65 523.40 731.98 366.39 882.58 378.98 837.36 461.57 733.14 534.15 859.32 545.65
00009171 00000025 585.89 143.45 348.53 529.31 735.91 363.56 882.99 380.76 838.85 460.93 732.59 531.61 857.72 547.02
00009172 00000026 587.84 140.19 348.85 534.55 738.01 362.30 883.52 381.68 839.35 461.05 732.34 531.43 857.29 548.77
00009173 00000027 588.36 139.57 348.86 535.78 738.86 362.09 883.18 381.41 839.69 461.10 733.35 531.80 857.55 549.06
00009174 00000028 588.63 138.71 349.47 536.33 740.24 361.47 884.33 381.69 841.07 461.12 733.50 531.32 857.42 549.39
00009175 00000029 589.02 138.75 350.15 536.80 741.84 361.25 884.21 382.13 841.49 461.33 734.06 531.16 856.57 549.80
00009176 00000030 588.02 137.21 351.36 540.19 742.21 360.24 883.50 382.43 840.87 460.68 733.38 530.73 855.62 550.30
00009177 00000031 587.82 136.00 352.59 541.81 742.19 360.32 883.73 382.28 841.29 460.50 733.91 531.58 856.13 550.93
00009178 00000032 588.54 132.91 352.42 545.45 743.70 359.52 883.99 381.90 842.13 460.42 734.74 531.69 855.99 551.41
00009179 00000033 589.10 133.34 351.63 544.37 744.00 359.44 884.50 381.68 842.92 460.49 734.60 531.18 856.29 550.78
00009180 00000034 588.75 133.96 352.35 541.42 743.49 358.10 884.82 380.36 842.62 459.83 733.98 529.53 856.17 549.33
00009181 00000035 589.66 133.71 351.77 538.64 743.88 357.32 886.34 379.58 843.42 459.49 733.92 528.32 856.70 548.41
00009182 00000036 589.24 134.33 352.12 536.12 744.40 356.31 887.23 377.90 844.49 457.92 734.78 527.46 857.55 547.00
00009183 00000037 589.68 132.96 352.36 535.50 746.44 354.37 888.86 375.93 846.97 457.73 736.13 525.89 858.46 545.59
00009184 00000038 590.25 133.51 352.14 533.83 749.59 350.48 891.07 374.16 850.56 458.33 738.28 524.76 858.41 546.39
00009185 00000039 593.85 139.28 353.87 529.90 759.13 346.96 899.18 375.36 859.96 457.23 741.91 523.46 860.58 549.23
00009186 00000040 600.22 138.26 355.65 530.30 769.02 343.01 910.20 377.76 870.22 458.00 746.95 522.59 863.89 553.71
00009187 00000041 608.90 143.06 357.96 529.83 783.98 343.04 924.72 384.08 885.92 459.07 754.89 522.00 874.53 558.53
00009188 00000042 607.98 138.99 360.52 528.55 791.06 345.14 927.03 387.40 885.82 461.18 761.56 519.88 871.55 556.44
00009189 00000043 612.89 139.85 362.89 524.35 799.41 348.95 933.50 388.17 890.51 465.65 768.03 522.03 874.93 555.79
00009190 00000044 613.57 137.37 366.51 525.83 804.94 350.08 938.73 390.84 895.88 466.09 775.10 524.02 879.93 558.57
00009191 00000045 617.95 138.51 365.60 525.14 808.50 354.15 940.29 393.28 896.81 468.40 782.97 527.75 883.99 560.38
00009192 00000046 620.84 144.61 364.75 522.94 814.54 356.03 943.85 393.77 902.79 470.46 790.83 531.30 889.55 562.31
00009193 00000047 626.91 150.93 364.02 525.03 818.43 359.68 941.02 387.15 902.85 468.31 796.56 540.73 886.30 563.56
00009194 00000048 630.21 153.51 366.01 523.94 822.57 356.98 943.68 387.27 904.42 466.39 800.81 540.91 886.45 565.79
00009195 00000049 635.26 154.81 365.31 526.75 827.30 354.72 945.99 388.96 907.54 464.52 803.93 538.05 889.85 566.44
00009196 00000050 638.01 153.29 365.34 531.01 829.87 354.76 949.01 386.27 911.12 468.52 804.64 539.86 893.53 566.49
00009197 00000051 636.94 155.78 365.45 527.43 829.18 356.47 948.56 385.22 912.43 468.61 804.91 539.76 895.16 564.28
00009198 00000052 633.78 150.82 363.96 528.02 825.47 355.80 947.64 380.53 914.19 465.76 803.44 537.75 898.01 559.31
00009199 00000053 630.98 141.92 356.85 528.96 825.54 352.49 951.42 380.35 923.18 461.01 803.05 529.76 901.06 553.63
00009200 00000054 624.28 134.69 356.82 531.75 824.05 344.79 948.73 372.02 927.31 452.59 801.95 524.38 899.47 547.91
00009201 00000055 620.39 137.53 354.52 523.56 819.67 343.77 944.60 364.02 927.97 451.59 804.13 524.61 899.95 542.15
00009202 00000056 618.41 133.58 348.54 522.27 814.15 340.50 939.53 357.05 926.72 447.84 805.86 522.57 900.51 536.97
00009203 00000057 615.70 140.04 347.95 514.62 813.41 339.55 940.27 353.69 920.45 437.01 805.18 521.87 900.05 537.31
00009204 00000058 613.11 139.22 347.78 512.08 812.24 338.68 936.12 352.96 917.21 434.94 802.76 518.85 897.62 534.59
00009205 00000059 617.67 130.50 346.00 524.38 816.89 327.30 945.55 350.43 932.49 432.21 803.55 514.06 905.27 535.11
00009206 00000060 615.10 130.38 346.09 519.10 814.53 325.13 944.97 347.45 930.82 427.54 804.64 510.74 907.46 531.03
00009207 00000061 612.40 128.57 343.27 519.45 810.75 326.48 940.66 349.89 926.34 423.74 800.48 506.89 905.45 528.12
00009208 00000062 609.40 127.34 340.71 523.33 807.92 323.58 935.98 347.29 923.36 421.48 797.94 506.12 902.44 527.46
00009209 00000063 605.16 127.91 341.92 522.99 800.29 318.54 929.23 343.13 916.93 417.35 795.69 507.27 898.79 529.38
00009210 DELETE   589.83 124.57 347.02 526.15 787.15 330.11 908.98 351.15 905.98 418.20 781.23 505.30 885.54 524.75
00009211 00000065 570.71 118.51 354.58 525.55 768.35 339.24 889.22 348.82 885.22 419.36 771.99 503.90 872.96 513.51
00009212 DELETE   557.47 118.86 356.11 527.03 750.10 341.12 876.58 345.93 868.22 420.68 756.99 505.00 862.43 510.83
00009213 00000067 546.03 111.80 352.06 527.75 724.85 339.00 862.26 341.35 844.11 423.35 739.40 506.18 849.84 510.01
00009214 DELETE   547.13 113.00 347.09 532.92 711.26 330.75 853.68 331.50 830.19 419.21 716.54 508.43 842.41 511.50
00009215 DELETE   535.55 113.06 346.88 535.37 681.22 333.88 826.07 331.15 796.47 424.69 699.17 514.42 819.68 513.82
00009216 00000070 524.36 116.86 349.08 535.99 662.38 340.71 807.85 334.87 774.08 431.32 681.92 516.81 805.87 513.83
00009217 00000071 515.71 118.50 348.12 534.70 647.73 348.16 796.64 338.85 758.55 438.30 670.18 521.57 796.20 515.60
00009218 00000072 513.75 121.27 347.92 529.42 642.66 346.39 793.11 336.61 751.01 440.21 666.90 522.66 790.78 516.23
00009219 00000073 513.80 119.71 345.54 526.34 643.35 345.00 792.11 334.51 751.39 442.95 669.40 519.49 791.99 512.14
00009220 00000074 513.37 118.24 346.17 528.85 642.71 346.21 790.84 334.72 751.01 442.65 669.81 520.25 792.54 512.03
00009221 00000075 512.96 117.76 347.92 537.48 640.64 350.40 792.69 337.64 752.51 447.88 668.05 527.49 795.91 518.21
00009222 00000076 512.53 119.25 348.87 547.45 645.45 352.57 791.63 342.00 753.56 447.76 672.12 535.48 792.07 528.02
00009223 00000077 515.48 124.52 347.40 550.89 648.20 361.91 796.83 351.38 758.68 452.62 668.26 540.09 796.33 532.65
00009224 00000078 521.14 125.59 347.65 549.30 652.48 365.13 803.45 355.98 763.62 456.79 670.02 541.76 800.55 535.61
00009225 00000079 523.08 120.27 349.55 546.87 652.67 362.82 804.94 355.18 762.27 452.54 669.17 535.26 801.13 530.41
00009226 00000080 525.06 117.85 351.08 537.16 654.39 352.58 807.53 345.78 765.27 444.23 674.55 525.85 803.73 521.88
00009227 00000081 525.08 111.70 354.43 539.35 657.90 345.42 811.17 340.28 769.22 441.22 677.51 520.98 806.36 518.18
00009228 00000082 524.48 107.50 355.77 544.15 662.41 341.85 813.07 338.36 773.89 439.54 680.23 519.64 807.01 518.23
00009229 00000083 525.61 108.49 354.40 546.34 665.28 343.86 812.88 339.23 776.68 440.86 682.11 520.75 807.86 518.47
00009230 00000084 529.32 111.85 352.22 542.93 667.18 343.62 815.53 340.34 777.00 441.93 683.93 522.93 807.29 521.72
00009231 00000085 533.85 110.12 350.06 546.87 666.34 347.33 819.37 343.91 776.54 451.64 684.55 529.47 809.64 527.96
00009232 00000086 536.62 110.98 353.07 548.94 670.11 351.14 823.83 349.10 779.00 456.41 686.97 534.70 811.65 534.29
00009233 00000087 539.17 115.12 353.15 550.27 673.46 353.05 826.79 349.97 782.97 459.55 689.85 538.52 815.59 537.03
00009234 00000088 540.62 116.96 349.98 548.03 676.62 346.14 823.47 345.70 782.61 451.02 692.53 534.37 811.47 535.12
00009235 00000089 543.93 117.74 348.55 545.73 676.95 337.02 827.55 338.60 785.14 439.42 689.08 523.84 817.10 526.65
00009236 00000090 544.66 113.16 350.76 550.58 680.77 333.28 831.28 336.07 789.82 435.05 691.18 520.19 821.59 524.02
00009237 00000091 544.09 113.04 351.59 550.12 682.56 332.78 834.21 337.13 792.33 437.87 691.45 520.61 821.69 525.71
00009238 00000092 542.21 113.53 352.45 547.14 682.19 339.38 835.60 342.59 793.66 445.30 691.96 524.37 821.12 528.43
00009239 00000093 542.73 116.13 353.21 544.33 683.14 340.62 837.69 343.19 795.64 446.62 693.81 525.89 823.49 529.26
00009240 00000094 543.63 114.19 352.95 542.75 684.33 335.21 839.56 338.81 796.69 440.09 693.66 520.71 824.90 525.01
00009241 00000095 543.51 105.65 353.11 550.40 686.97 332.78 840.26 338.36 799.48 437.27 695.54 518.03 825.49 524.21
00009242 00000096 543.93 103.87 354.17 551.89 686.36 332.17 839.02 338.39 796.89 439.03 694.45 518.06 822.51 524.75
00009243 00000097 543.74 107.89 354.82 547.01 683.87 332.84 838.46 341.50 792.80 443.38 692.49 520.30 818.23 528.83
00009244 00000098 544.56 108.29 358.00 546.58 685.63 334.41 842.75 343.54 795.27 448.04 694.64 523.38 820.47 531.94
00009245 00000099 547.80 103.69 359.06 548.93 688.30 334.76 850.81 342.39 799.59 448.96 697.76 524.65 828.80 531.71
00009246 00000100 552.35 103.43 357.80 548.54 692.44 334.40 855.14 341.34 803.53 448.78 700.24 521.12 836.11 527.95
00009247 00000101 553.75 100.26 358.93 551.54 695.59 333.75 856.92 339.28 805.89 448.51 701.52 520.53 837.59 526.29
00009248 00000102 553.70 98.92 359.34 551.19 694.41 333.75 858.13 339.64 805.07 449.56 700.79 521.57 837.44 527.68
00009249 00000103 553.98 100.49 359.19 551.68 695.88 334.02 856.14 341.93 803.41 449.77 701.76 524.03 832.25 531.52
00009250 00000104 555.42 103.42 359.15 554.32 699.10 333.51 855.70 341.76 804.20 448.36 704.13 526.42 830.61 533.86
00009251 00000105 552.91 101.81 354.51 550.76 704.21 329.39 851.87 343.63 803.91 451.97 708.68 524.36 821.10 537.32
00009252 00000106 552.43 104.64 355.34 548.28 706.34 330.80 851.82 344.96 806.38 451.91 711.33 524.84 822.42 537.86
00009253 00000107 552.26 105.03 355.32 547.26 705.73 331.74 852.40 345.60 806.96 451.16 711.97 524.94 823.99 537.72
00009254 00000108 551.83 105.93 356.24 546.42 706.48 330.78 852.99 344.75 808.07 449.99 712.56 523.71 824.73 536.60
00009255 00000109 551.78 106.22 355.98 546.56 708.48 328.87 853.65 342.97 810.26 449.03 713.18 522.12 824.92 535.14
00009256 00000110 552.98 102.67 355.29 551.46 711.19 330.40 854.09 343.17 813.19 451.14 713.56 523.61 824.59 535.79
00009257 00000111 554.10 102.47 355.10 553.18 713.14 331.66 854.11 343.76 814.49 451.07 714.09 523.64 824.99 535.37
00009258 00000112 554.76 101.48 355.03 553.50 713.89 333.20 854.88 343.88 815.15 452.32 714.55 524.33 825.06 534.95
00009259 00000113 554.58 101.46 356.20 550.80 713.40 334.71 856.41 344.63 816.63 450.02 713.71 523.34 827.31 533.41
00009260 00000114 556.71 101.72 355.07 548.95 711.47 336.73 857.68 345.06 814.97 450.27 714.78 521.77 831.46 530.44
00009261 00000115 557.93 102.14 355.03 549.97 712.47 337.54 858.22 345.91 816.40 450.38 715.57 521.90 832.56 530.67
00009262 00000116 559.69 101.77 353.45 553.90 720.08 337.84 856.95 349.74 818.26 451.08 719.50 523.70 827.01 535.26
00009263 00000117 559.04 105.34 354.53 555.12 719.58 341.64 859.82 352.32 821.00 456.28 716.94 526.88 829.82 537.56
00009264 00000118 558.76 107.54 357.27 553.96 721.92 343.45 862.98 355.80 822.24 459.76 718.66 529.49 831.18 541.01
00009265 00000119 565.38 111.81 354.53 545.93 722.61 348.57 868.14 359.62 823.40 460.46 722.52 529.75 837.30 540.31
00009266 00000120 569.93 110.82 352.94 546.93 722.89 352.18 871.47 360.43 825.93 459.63 726.46 530.77 845.29 539.05
00009267 00000121 571.04 111.55 354.47 546.37 728.29 349.03 869.58 360.11 827.04 456.90 730.16 528.81 841.65 539.53
00009268 00000122 570.73 111.40 355.43 544.72 728.77 345.61 869.88 358.28 827.07 453.42 729.90 528.52 839.44 540.60
00009269 00000123 572.22 111.13 356.17 546.26 730.22 348.18 873.51 363.33 829.43 455.80 728.42 525.61 844.45 539.70
00009270 00000124 580.43 114.42 357.49 545.09 740.68 354.16 884.28 372.21 838.49 460.00 731.04 526.82 848.83 543.75
00009271 DELETE   591.40 129.29 355.88 537.51 758.98 359.63 898.06 381.60 856.14 472.27 741.82 533.09 855.14 553.46
00009272 DELETE   601.02 141.70 359.19 538.05 779.71 365.47 915.30 402.94 870.84 490.10 759.69 547.74 861.90 579.27
00009273 00000127 609.92 133.09 355.52 552.14 798.58 374.99 925.24 405.62 885.36 497.06 769.43 548.12 866.64 576.91
00009274 00000128 613.50 130.31 354.41 556.62 804.07 375.42 928.68 408.74 890.70 495.67 773.99 549.55 867.64 580.62
00009275 00000129 612.48 130.71 352.26 554.67 805.24 369.29 928.12 401.27 895.46 491.76 775.15 543.43 872.17 573.49
00009276 00000130 610.00 141.34 359.54 534.76 805.93 366.17 927.09 399.14 893.12 487.62 779.48 539.21 872.07 567.64
00009277 00000131 616.22 130.64 354.57 553.26 809.80 369.49 932.28 396.24 903.49 492.48 776.87 539.72 877.87 566.08
00009278 00000132 619.08 131.82 353.33 557.24 808.00 374.99 933.76 402.45 904.56 494.65 776.21 544.78 879.74 572.08
00009279 00000133 618.41 136.78 356.22 552.84 807.12 376.39 934.68 405.44 904.02 495.94 774.32 546.66 879.73 574.95
00009280 00000134 618.68 130.42 354.35 556.56 809.03 376.42 934.36 401.01 907.49 493.67 776.95 541.82 882.71 567.00
00009281 00000135 618.51 126.58 355.20 559.11 810.38 376.54 933.98 400.27 908.88 493.52 778.13 539.97 883.09 564.39
00009282 00000136 619.01 129.02 354.16 557.62 808.87 376.49 934.39 400.49 907.55 493.66 775.33 540.91 882.03 565.63
CROP_BBOX: 323 0 1201 851
