Video ID: 	N6qCtnXxg88
H: 	1080
W: 	1920
FPS: 	29.97002997002997

FRAME INDEX X0 Y0 W H [Landmarks (5 Points)]

00000906 00000000 532.37 187.22 382.87 529.63 689.93 387.17 852.16 434.20 779.26 524.82 646.03 539.90 819.19 582.39
00000907 00000001 531.51 188.21 382.44 528.81 689.67 388.29 851.52 435.86 778.63 527.27 644.81 539.52 818.14 582.59
00000908 00000002 531.02 190.77 380.64 529.09 689.99 388.31 850.37 436.13 778.17 528.57 643.88 539.56 816.85 582.93
00000909 00000003 528.64 192.53 381.55 526.43 688.63 387.65 848.94 435.57 777.21 527.96 641.87 538.74 814.46 582.31
00000910 00000004 527.62 191.74 382.48 528.05 688.82 387.26 848.22 435.30 777.21 527.57 641.95 538.96 813.89 582.58
00000911 00000005 527.13 192.29 382.28 526.73 687.60 387.43 847.30 435.46 776.00 527.46 641.03 538.49 813.54 582.12
00000912 00000006 526.82 193.44 383.31 526.17 687.38 387.33 847.63 435.89 775.27 527.76 640.79 538.26 813.95 582.23
00000913 00000007 526.23 193.65 382.33 525.87 686.60 387.07 846.69 435.96 774.31 527.10 640.17 537.96 812.98 582.22
00000914 00000008 526.02 193.53 382.29 526.14 687.44 387.42 846.19 436.14 774.84 527.16 641.57 538.72 812.39 582.74
00000915 00000009 525.29 195.24 385.35 523.74 684.52 387.96 848.09 425.81 768.02 523.30 641.00 546.15 806.59 580.09
00000916 00000010 526.61 193.76 385.42 522.97 685.44 388.34 849.12 426.40 768.80 522.64 642.84 547.30 806.49 581.22
00000917 00000011 529.40 190.78 382.31 527.31 689.97 387.65 848.77 436.48 778.43 525.64 644.78 540.65 813.80 584.87
00000918 00000012 529.50 190.00 382.96 532.31 690.79 388.58 848.83 436.35 781.12 523.03 650.00 546.68 814.60 589.87
00000919 00000013 529.52 187.76 384.60 543.79 690.87 390.53 846.51 432.03 783.50 519.89 659.27 559.53 812.65 597.05
00000920 00000014 529.01 183.65 387.07 542.91 688.08 391.45 847.16 428.94 784.66 514.78 663.97 562.99 814.88 596.70
00000921 00000015 532.18 183.19 384.61 532.34 688.22 387.27 850.25 425.72 785.58 508.71 666.49 557.68 818.39 591.67
00000922 00000016 530.22 180.70 389.80 534.36 689.40 381.66 851.95 417.42 782.65 496.14 667.81 559.11 811.24 588.91
00000923 00000017 533.22 178.69 384.65 533.32 692.90 373.78 854.00 414.32 786.86 487.18 671.52 553.29 812.64 586.74
00000924 00000018 535.63 177.50 384.40 533.00 695.74 373.14 855.85 415.63 787.03 484.40 673.54 551.63 810.51 586.44
00000925 00000019 536.43 179.81 383.90 530.97 697.98 376.39 856.87 416.35 787.96 490.19 674.88 554.62 810.84 587.45
00000926 00000020 535.76 181.54 385.73 534.00 698.95 381.17 857.45 420.06 787.10 500.77 675.48 560.46 809.98 592.62
00000927 00000021 536.16 180.50 382.11 538.40 696.40 389.05 855.10 425.59 783.95 510.97 675.36 568.13 807.24 598.60
00000928 00000022 536.99 179.99 382.81 546.02 696.98 390.96 854.49 426.92 782.97 515.75 676.41 574.31 805.54 604.38
00000929 00000023 536.11 181.06 384.64 547.09 697.00 385.79 853.57 423.01 782.49 511.07 680.13 574.95 802.89 605.83
00000930 00000024 536.17 177.08 385.49 552.06 697.86 379.51 852.53 417.63 783.54 501.37 682.17 572.23 802.05 603.66
00000931 00000025 536.45 171.26 385.79 558.85 698.58 374.66 852.33 415.76 782.87 496.79 681.83 569.16 800.81 602.84
00000932 00000026 536.39 171.75 385.97 561.64 696.61 377.45 850.40 418.12 780.17 497.82 680.89 573.34 797.93 606.81
00000933 00000027 534.04 177.00 389.03 563.42 694.40 381.56 849.05 422.09 777.94 505.00 673.63 575.80 799.46 609.72
00000934 00000028 533.84 180.71 386.82 562.93 692.34 393.95 846.72 429.03 783.94 512.53 672.03 576.66 813.44 607.31
00000935 00000029 533.72 184.54 384.81 559.82 691.64 396.16 846.19 430.91 782.89 517.86 670.24 576.70 813.51 607.16
00000936 00000030 533.59 182.66 384.26 558.19 689.91 397.83 847.55 432.37 782.59 521.44 669.06 576.58 815.15 606.74
00000937 00000031 533.86 184.46 383.67 552.99 689.78 398.35 849.14 433.57 783.13 525.26 668.22 575.42 815.59 606.34
00000938 00000032 534.87 184.88 383.94 551.45 688.75 399.36 849.56 434.06 782.05 527.16 667.75 575.09 816.77 605.54
00000939 00000033 536.52 185.02 382.43 545.83 687.71 400.59 850.94 435.23 781.87 527.80 666.27 571.73 819.90 602.40
00000940 00000034 537.74 186.74 381.58 541.13 687.69 399.94 852.23 434.48 781.79 527.69 666.27 569.66 821.87 600.27
00000941 00000035 538.00 183.86 382.10 543.05 688.04 399.09 853.24 433.70 782.25 527.79 666.42 568.64 823.36 599.37
00000942 00000036 538.44 185.12 383.39 541.93 689.42 398.60 853.59 434.31 782.41 528.04 666.09 566.65 823.90 598.43
00000943 00000037 539.47 187.42 382.86 540.94 689.92 399.03 854.07 434.91 783.15 528.53 665.73 565.71 825.43 597.66
00000944 00000038 536.84 188.30 383.35 535.25 687.86 396.67 855.23 429.07 775.19 525.22 663.10 566.92 814.78 595.38
00000945 00000039 537.66 189.19 382.83 533.40 688.85 397.11 856.52 429.30 775.97 526.74 664.17 566.30 816.06 594.72
00000946 00000040 537.14 189.11 382.25 534.45 688.70 397.68 857.03 429.51 776.95 526.52 664.20 565.91 817.84 594.06
00000947 00000041 537.89 187.84 382.27 536.48 689.19 397.64 856.83 429.92 776.84 526.96 664.35 565.51 817.43 594.05
00000948 00000042 538.42 187.74 381.65 534.79 689.70 397.60 857.35 429.60 777.28 527.05 665.42 564.59 818.55 592.89
00000949 00000043 538.43 188.74 382.02 534.06 689.96 397.01 858.12 430.70 777.61 526.49 665.25 564.17 818.60 593.81
00000950 00000044 539.10 185.67 381.69 536.77 690.43 396.56 859.32 431.44 777.97 526.36 665.13 562.78 820.01 593.37
00000951 00000045 539.78 188.00 379.96 533.60 691.60 396.48 859.76 432.02 779.23 526.57 665.95 561.69 820.25 592.87
00000952 00000046 539.35 187.93 380.05 533.96 692.19 396.19 859.54 431.20 780.69 526.75 666.85 561.96 821.12 592.74
00000953 00000047 539.09 184.87 381.54 537.36 692.49 396.68 859.90 432.14 780.91 526.00 668.23 562.43 821.36 593.39
00000954 00000048 539.90 186.81 381.08 534.41 693.19 396.73 860.32 432.76 780.74 526.00 668.01 560.66 821.44 592.12
00000955 00000049 541.31 184.51 378.86 537.02 694.01 396.18 860.90 433.23 781.13 526.40 667.71 560.33 821.24 592.68
00000956 00000050 541.34 186.93 380.14 534.10 694.57 395.95 862.09 433.81 780.98 527.14 666.67 559.40 821.20 592.52
00000957 00000051 541.12 188.45 380.99 533.45 694.57 396.00 862.44 433.83 780.67 528.06 665.04 558.38 821.62 591.67
00000958 00000052 541.91 189.48 380.70 532.39 695.06 395.45 862.58 433.87 780.57 528.28 664.43 557.77 821.47 591.64
00000959 00000053 542.32 189.10 379.02 532.42 695.03 395.23 862.65 433.79 780.82 528.22 664.60 557.43 821.79 591.50
00000960 00000054 542.43 188.52 377.54 531.45 695.33 394.57 863.01 434.25 781.57 526.88 663.90 556.62 821.53 591.53
00000961 00000055 541.89 188.43 379.37 531.43 695.28 394.61 863.37 433.72 781.70 526.13 664.17 556.86 821.69 591.28
00000962 00000056 541.48 188.15 380.30 530.71 695.03 394.98 863.32 434.59 781.08 525.96 664.00 556.79 821.22 591.48
00000963 00000057 541.10 188.58 378.40 528.42 694.29 395.02 862.35 434.23 779.87 526.18 662.99 556.62 819.40 590.97
00000964 00000058 539.66 187.55 379.91 530.03 692.76 395.26 861.31 433.89 778.30 526.64 661.96 556.79 818.97 590.66
00000965 00000059 539.85 189.81 378.46 529.38 690.61 393.19 860.88 432.37 776.05 526.95 658.85 555.93 819.51 590.44
00000966 00000060 538.39 189.31 380.61 528.75 689.81 392.25 860.56 431.82 775.03 525.95 657.46 555.58 817.74 590.24
00000967 00000061 537.84 191.07 381.69 529.54 690.01 391.61 860.80 431.47 775.25 526.05 655.84 557.51 816.12 592.43
00000968 00000062 537.18 188.78 383.14 532.49 690.82 391.33 861.30 431.16 776.09 524.91 656.70 559.51 814.22 594.18
00000969 00000063 537.92 188.47 383.47 535.18 692.78 390.38 861.33 431.38 777.33 524.23 658.95 563.63 809.72 598.93
00000970 00000064 537.57 186.29 384.82 543.19 692.60 392.46 858.74 432.58 776.58 523.09 663.37 571.42 805.33 605.48
00000971 00000065 536.30 185.07 386.14 547.87 691.15 391.07 857.94 432.23 776.18 521.96 661.39 570.95 806.57 606.02
00000972 00000066 538.83 185.20 385.92 551.24 694.35 393.07 857.62 434.02 784.02 523.25 665.74 568.40 820.88 604.50
00000973 00000067 539.05 185.57 385.54 550.76 694.30 392.86 856.73 433.51 783.63 523.23 665.34 567.75 820.14 603.61
00000974 00000068 537.25 186.38 387.35 550.47 693.76 392.35 855.80 432.99 783.00 523.17 663.82 567.46 818.72 603.40
00000975 00000069 535.83 186.90 387.95 549.91 692.16 392.64 853.98 433.87 781.72 523.13 661.48 566.67 817.10 603.12
00000976 00000070 534.96 187.54 389.24 548.16 691.75 392.25 853.73 433.65 781.41 522.99 660.76 566.11 815.93 602.65
00000977 00000071 535.16 186.45 389.54 548.33 691.47 392.33 853.65 433.72 780.94 523.08 660.82 566.07 815.80 602.55
00000978 00000072 534.77 186.81 389.26 549.27 692.71 392.26 853.26 434.31 781.85 523.39 660.99 565.34 815.72 602.42
00000979 00000073 534.56 187.37 387.98 544.96 689.68 390.53 855.08 430.95 772.66 522.95 656.29 568.23 803.68 602.83
00000980 00000074 534.66 188.12 387.73 545.02 690.28 391.21 854.88 430.80 773.00 523.29 657.34 569.24 803.60 603.21
00000981 00000075 534.65 188.24 387.15 545.75 690.05 390.91 854.33 430.68 772.78 523.08 657.31 569.79 803.26 603.88
00000982 00000076 534.44 187.00 387.54 549.24 689.66 390.56 853.37 430.78 772.50 522.70 657.37 571.24 802.39 605.67
00000983 00000077 533.59 187.59 388.52 552.84 688.48 389.63 851.20 429.52 771.59 522.07 656.61 573.50 801.26 607.74
00000984 00000078 533.83 186.15 387.56 552.98 690.74 391.31 849.49 433.02 779.13 518.48 663.63 569.85 811.98 606.25
00000985 00000079 535.56 186.09 383.77 539.92 687.83 387.01 852.01 426.30 772.49 513.93 661.80 568.90 803.62 602.08
00000986 00000080 536.32 184.16 381.79 539.06 686.95 383.84 852.57 423.21 775.05 507.11 664.96 567.39 808.01 600.31
00000987 00000081 538.57 181.70 380.86 544.19 687.27 380.96 852.07 420.55 775.40 503.17 666.94 568.29 808.43 601.38
00000988 00000082 538.27 182.53 382.79 547.52 687.74 380.70 851.21 419.06 774.42 502.87 668.20 569.32 809.02 601.35
00000989 00000083 538.40 181.88 382.49 549.03 686.65 380.81 850.71 418.34 773.73 502.71 668.20 569.78 810.08 601.15
00000990 00000084 539.00 183.57 380.16 546.86 684.46 384.62 850.89 420.60 773.69 505.59 669.36 572.43 812.33 602.62
00000991 00000085 538.89 184.21 384.29 547.47 684.34 390.84 853.31 424.96 772.27 511.82 670.28 574.27 813.50 602.91
00000992 00000086 541.19 181.77 379.32 549.70 684.27 396.38 851.91 431.22 770.00 516.21 668.96 575.16 810.89 604.45
00000993 00000087 541.99 184.42 382.69 547.82 685.88 394.33 853.59 428.75 770.19 518.40 669.41 576.63 808.73 605.66
00000994 00000088 545.37 184.74 380.34 551.05 684.09 393.17 851.35 428.50 767.02 518.91 669.20 576.78 810.78 606.50
00000995 00000089 545.26 187.78 383.54 554.97 687.22 390.35 853.62 426.68 768.77 519.47 671.02 577.38 812.84 607.78
00000996 00000090 549.91 185.63 383.18 560.61 691.12 386.67 858.05 423.61 772.27 515.29 674.73 578.09 817.63 608.64
00000997 00000091 555.14 179.26 382.70 571.63 695.99 382.64 862.80 421.38 777.79 507.85 679.49 577.04 823.81 608.66
00000998 00000092 559.88 177.73 384.59 574.28 700.31 379.96 869.29 420.35 782.13 507.26 682.59 576.77 826.53 609.80
00000999 00000093 565.29 181.34 385.32 568.86 703.48 380.83 875.63 420.86 784.15 506.70 687.26 576.28 833.08 609.22
00001000 00000094 573.91 183.38 383.99 557.90 710.69 382.87 882.36 421.63 792.43 506.29 695.57 573.18 838.91 605.51
00001001 00000095 580.68 182.71 388.63 554.55 721.49 383.42 889.03 421.16 805.84 509.55 705.49 573.07 848.10 605.02
00001002 00000096 589.47 186.83 387.86 547.98 728.09 384.88 894.72 421.39 813.85 509.76 711.88 568.81 860.85 600.39
00001003 00000097 594.46 186.87 388.25 548.00 733.63 386.46 902.50 421.54 823.32 513.14 717.06 569.33 869.64 600.16
00001004 00000098 597.54 190.10 388.00 540.23 736.15 386.81 906.93 418.09 827.93 511.27 721.42 568.99 874.90 596.71
00001005 00000099 599.17 185.72 388.55 539.87 738.99 382.80 907.94 415.16 829.28 506.25 722.10 563.59 875.73 592.02
00001006 00000100 600.86 181.23 388.85 540.05 737.98 375.94 908.28 406.45 830.44 499.97 723.36 559.11 879.07 585.52
00001007 00000101 601.37 174.04 387.48 542.78 733.03 370.37 907.68 397.52 827.67 493.54 724.86 558.81 879.07 581.95
00001008 00000102 601.42 160.65 385.73 556.69 728.68 365.16 904.71 390.03 824.58 488.59 725.05 559.30 877.77 579.94
00001009 00000103 600.84 162.26 382.41 554.49 724.56 360.93 898.80 382.70 819.15 484.49 723.63 559.00 872.64 576.91
00001010 00000104 598.19 161.78 381.22 553.68 720.38 359.92 892.09 380.40 814.01 483.05 723.73 558.90 866.21 575.33
00001011 00000105 594.49 166.82 381.26 548.48 715.16 359.00 887.16 377.94 807.98 481.25 719.04 558.25 858.65 573.64
00001012 00000106 591.33 176.39 379.56 537.90 711.27 357.66 882.58 377.02 801.41 482.84 713.91 557.97 850.25 573.88
00001013 00000107 589.04 168.30 379.03 545.01 707.68 358.29 878.10 376.67 796.88 487.21 712.34 558.47 847.28 573.22
00001014 00000108 580.33 166.49 382.09 547.85 699.06 359.98 872.62 375.01 789.26 489.82 707.37 561.60 841.32 573.19
00001015 00000109 575.55 173.24 380.75 536.82 688.13 363.22 864.18 376.90 776.24 490.37 700.40 562.71 834.27 573.33
00001016 00000110 569.65 172.84 379.83 535.79 676.22 362.34 854.36 377.10 763.52 489.36 689.21 561.37 826.20 573.06
00001017 00000111 563.43 178.30 381.52 527.47 670.15 362.11 848.46 376.80 757.01 487.02 680.51 557.82 821.84 569.79
00001018 DELETE   558.09 182.92 379.57 522.14 663.13 363.94 842.67 377.53 751.09 487.87 672.83 556.42 820.49 567.89
00001019 DELETE   545.47 179.38 388.72 528.74 651.54 369.63 829.00 375.42 748.18 490.75 667.45 559.83 823.69 564.89
00001020 00000114 541.44 180.49 388.70 531.60 649.04 372.36 825.39 380.66 743.23 493.36 663.75 565.46 815.61 572.45
00001021 DELETE   534.68 182.51 390.75 537.68 647.76 375.71 823.09 387.74 740.15 496.83 657.28 568.81 809.46 579.01
00001022 DELETE   531.43 190.17 387.16 533.10 646.79 379.30 818.56 392.60 735.59 498.83 655.46 572.90 801.22 584.54
00001023 DELETE   529.80 202.83 381.08 524.21 639.17 382.38 814.43 396.58 725.44 501.90 646.82 574.76 799.98 587.06
00001024 00000118 525.71 216.59 374.94 518.49 630.52 387.51 805.61 397.24 716.35 507.32 638.66 578.07 784.61 586.01
00001025 00000119 522.62 202.05 370.70 529.02 625.42 382.08 801.78 393.12 708.40 499.98 635.78 576.33 787.56 586.14
00001026 00000120 516.61 194.83 369.87 531.16 618.73 376.64 796.09 388.14 701.81 491.52 629.90 571.82 778.29 581.65
00001027 00000121 513.48 189.50 373.43 533.36 614.92 369.68 793.39 379.30 700.04 482.82 627.70 566.70 776.40 575.04
00001028 00000122 514.08 191.41 375.16 528.28 614.46 366.56 792.22 374.29 700.35 476.80 629.20 562.17 776.89 568.89
00001029 00000123 514.31 193.11 375.68 523.50 612.67 365.62 790.09 371.26 699.48 472.22 630.56 559.98 778.02 564.93
00001030 00000124 513.85 193.52 379.02 523.41 612.46 366.60 791.30 372.03 700.86 473.96 630.19 559.90 780.27 564.72
00001031 00000125 515.54 191.98 381.13 523.84 613.49 368.23 793.89 373.70 701.68 476.02 630.22 561.25 783.29 566.01
00001032 00000126 515.79 188.67 382.21 524.64 613.74 370.42 794.33 374.78 702.61 477.59 630.97 562.36 785.08 566.00
00001033 00000127 515.28 187.82 382.56 515.36 613.57 371.32 793.74 373.92 704.09 478.81 631.52 557.81 788.83 560.12
00001034 00000128 513.33 184.31 383.57 509.96 612.68 370.59 788.79 369.72 703.63 474.64 633.30 551.88 786.00 551.22
00001035 00000129 511.97 183.09 383.23 507.67 611.41 362.92 789.49 364.80 701.05 469.57 630.86 546.05 782.20 547.41
00001036 00000130 510.68 168.79 379.95 517.76 608.83 353.38 790.72 356.59 699.56 458.50 627.25 540.70 777.50 542.57
00001037 DELETE   509.61 170.37 381.29 516.86 609.10 343.72 782.93 342.48 697.08 444.07 632.81 538.18 764.96 536.66
00001038 DELETE   509.79 169.58 376.79 519.42 607.98 334.31 782.91 331.63 696.27 432.95 630.69 533.44 763.32 531.56
00001039 00000133 507.21 164.69 376.49 520.46 607.04 334.28 781.88 331.11 696.46 433.23 629.93 529.76 766.06 526.97
CROP_BBOX: 307 0 1157 873
