Video ID: 	C8XGxXqOScE
H: 	1080
W: 	1920
FPS: 	25.0

FRAME INDEX X0 Y0 W H [Landmarks (5 Points)]

00000567 00000000 683.91 72.44 378.54 553.02 779.78 293.74 944.06 257.88 885.93 373.85 852.54 490.00 984.18 459.77
00000568 00000001 689.09 69.71 375.44 557.07 783.75 295.43 946.31 260.70 889.90 374.59 855.26 491.79 985.93 462.30
00000569 00000002 691.63 68.05 376.22 558.77 787.35 295.50 948.67 260.24 894.37 375.05 859.50 491.79 989.78 461.78
00000570 00000003 808.30 71.23 384.14 592.29 910.50 292.73 1090.39 278.38 1015.39 404.39 946.31 509.98 1095.24 495.83
00000571 00000004 811.01 75.17 388.38 595.97 916.82 294.49 1097.14 281.35 1020.69 407.00 949.18 512.03 1102.11 499.13
00000572 00000005 811.76 73.85 387.42 605.75 917.46 296.36 1098.31 284.16 1020.39 409.76 949.35 518.37 1102.41 506.26
00000573 00000006 809.97 76.33 388.10 604.34 914.57 299.76 1098.99 288.21 1018.00 414.03 945.76 522.12 1100.14 510.64
00000574 00000007 805.40 76.24 390.96 601.88 910.45 299.70 1097.76 288.09 1016.18 416.49 943.09 522.74 1096.64 510.90
00000575 00000008 800.61 75.45 394.54 606.07 905.19 301.39 1092.63 289.48 1011.15 418.19 935.94 520.59 1094.58 508.59
00000576 00000009 793.03 74.83 397.92 613.86 899.90 299.31 1086.00 288.52 1007.12 417.50 934.34 525.23 1087.85 513.75
00000577 00000010 787.41 80.94 398.40 614.56 890.43 296.57 1078.66 282.73 997.29 418.36 929.22 529.55 1085.82 515.23
00000578 00000011 779.49 64.91 402.55 632.95 882.43 301.98 1069.49 286.50 984.27 423.25 921.16 533.39 1075.15 517.46
00000579 DELETE   775.83 58.73 401.99 639.30 866.60 298.57 1056.54 283.95 962.20 422.10 906.38 534.05 1061.75 519.31
00000580 DELETE   771.76 57.83 403.29 636.14 850.24 296.75 1041.51 281.47 938.66 416.06 885.67 529.13 1048.85 514.62
00000581 DELETE   763.57 59.07 403.11 639.19 836.32 284.41 1029.49 273.81 911.91 407.18 869.25 525.97 1029.08 515.89
00000582 00000015 757.67 62.81 402.43 632.04 828.80 278.84 1016.49 271.64 897.26 400.11 863.16 519.06 1011.91 512.00
00000583 00000016 751.76 73.94 405.66 616.66 821.94 273.65 1008.42 268.69 886.83 394.82 855.00 515.57 1001.30 510.50
00000584 00000017 745.31 67.53 409.58 624.63 818.17 273.15 1003.16 266.94 880.78 394.40 851.91 518.27 996.14 512.29
00000585 00000018 744.84 70.97 411.31 622.51 808.38 282.37 997.73 269.01 868.72 397.27 844.61 524.28 990.22 513.05
00000586 00000019 740.92 65.01 412.47 631.97 803.57 286.35 993.47 273.37 861.72 399.33 840.71 529.79 983.61 518.82
00000587 00000020 739.13 62.92 411.53 629.20 801.94 290.27 990.42 277.78 858.20 399.88 838.05 530.84 976.13 520.38
00000588 00000021 737.72 70.06 412.13 616.26 797.25 291.89 986.29 277.00 854.81 399.00 837.61 529.48 974.64 516.73
00000589 00000022 736.31 74.84 414.28 613.07 796.73 295.34 984.01 279.12 852.82 399.61 838.27 532.48 971.75 518.67
00000590 00000023 737.17 75.47 414.88 616.80 796.56 297.43 982.03 279.03 849.61 398.23 837.07 533.76 971.79 518.46
00000591 00000024 737.51 79.59 415.47 609.35 794.18 300.01 981.61 279.68 848.34 400.18 835.81 533.11 975.65 516.06
00000592 00000025 736.16 78.58 417.16 613.41 795.46 299.90 979.33 277.86 847.33 398.10 838.68 533.25 974.92 514.85
00000593 00000026 734.28 73.19 417.88 627.48 803.71 295.36 978.28 279.13 855.74 397.68 837.27 531.48 970.78 518.08
00000594 00000027 741.19 74.39 412.78 622.64 796.85 294.04 981.84 274.13 845.65 388.19 831.96 526.86 974.55 510.55
00000595 00000028 740.22 71.07 415.00 615.23 795.33 291.88 981.25 271.72 846.42 383.00 828.45 519.84 970.88 503.36
00000596 00000029 740.05 65.26 418.19 611.28 792.86 292.25 983.13 269.56 847.68 384.39 825.01 514.65 975.43 496.21
00000597 00000030 740.83 63.10 419.97 614.30 794.12 296.63 984.13 271.83 848.36 385.14 826.22 517.29 978.21 497.20
00000598 00000031 747.70 65.54 414.28 632.27 809.05 297.14 992.15 277.57 856.27 387.63 843.07 528.24 982.76 512.25
00000599 00000032 746.58 61.72 417.98 652.44 819.05 292.16 1002.28 278.33 875.97 399.81 848.97 537.69 996.86 525.74
00000600 00000033 755.37 61.42 413.00 650.56 828.38 293.17 1021.02 281.00 893.40 403.06 859.39 537.00 1017.95 526.42
00000601 00000034 759.38 63.47 416.73 641.68 837.68 294.84 1039.16 278.15 918.35 403.70 870.75 534.74 1040.57 519.76
00000602 00000035 763.20 64.69 415.13 645.36 846.83 295.19 1041.39 276.59 930.24 403.87 886.00 537.06 1048.43 519.93
00000603 00000036 764.72 68.02 415.15 652.92 852.82 294.36 1046.62 279.04 939.63 408.11 891.35 542.41 1051.90 527.34
00000604 00000037 766.64 70.15 412.46 645.42 854.96 296.81 1050.02 280.81 945.72 409.86 895.14 543.04 1057.43 527.34
00000605 00000038 764.48 66.42 415.34 647.46 855.60 297.21 1052.61 280.56 952.33 409.16 896.42 542.52 1060.13 526.42
00000606 00000039 763.39 68.21 416.62 645.06 856.07 298.10 1053.16 281.04 955.75 408.30 896.51 540.67 1062.66 524.34
00000607 00000040 761.43 67.01 416.29 637.20 855.00 295.85 1055.25 278.64 958.98 405.56 900.76 538.63 1063.31 522.16
00000608 00000041 762.46 68.11 410.35 618.30 854.48 294.63 1058.10 280.87 961.55 400.73 897.32 535.09 1056.83 522.88
00000609 00000042 763.07 72.24 404.40 597.96 856.21 293.41 1056.43 283.54 959.22 400.07 896.91 530.99 1048.27 522.06
00000610 00000043 764.69 74.94 403.65 594.63 859.30 296.22 1055.80 281.44 962.08 394.94 901.46 529.13 1053.94 516.34
00000611 00000044 766.72 77.08 406.13 600.40 861.63 292.59 1061.36 278.89 968.60 393.30 905.92 530.70 1060.97 518.06
00000612 00000045 767.03 71.19 409.87 610.18 864.24 293.01 1066.59 279.76 971.47 393.36 907.07 530.89 1066.89 518.38
00000613 00000046 769.34 74.94 408.68 605.84 864.95 293.99 1068.50 280.17 972.45 394.04 908.62 532.36 1068.74 519.62
00000614 00000047 771.91 73.43 407.64 606.10 867.33 296.03 1072.30 281.58 975.75 396.39 912.45 534.58 1072.65 521.25
00000615 00000048 771.75 70.28 409.94 605.02 869.52 295.94 1072.54 282.49 976.92 396.43 914.13 533.14 1072.69 520.50
00000616 00000049 772.39 72.95 410.46 604.69 870.86 294.89 1073.55 281.48 978.85 394.70 914.91 532.88 1073.69 520.29
00000617 00000050 772.07 70.38 411.49 609.90 870.93 294.61 1073.98 280.29 979.70 393.63 915.18 533.42 1074.81 520.07
00000618 00000051 772.29 71.97 411.88 609.91 870.70 293.53 1073.87 279.23 979.46 393.15 914.40 532.37 1075.19 518.80
00000619 00000052 771.80 71.23 411.73 611.87 871.00 292.67 1073.80 279.45 979.06 393.57 913.72 531.84 1073.30 519.16
00000620 00000053 771.74 71.95 412.67 616.79 871.05 291.56 1072.76 277.71 979.03 394.73 913.29 531.71 1072.54 518.09
00000621 00000054 772.14 70.97 411.56 620.06 871.69 291.25 1071.86 277.91 978.51 395.40 913.12 532.27 1070.76 519.07
00000622 00000055 771.54 71.71 412.66 622.10 871.04 291.55 1071.63 278.27 978.79 398.10 912.66 533.90 1071.56 520.45
00000623 00000056 772.30 72.76 411.20 619.99 869.23 294.91 1070.60 280.15 977.87 400.97 912.79 536.04 1074.40 521.24
00000624 00000057 771.43 74.67 410.00 623.14 866.73 297.89 1067.86 282.68 976.64 407.74 911.70 540.65 1074.10 525.46
00000625 00000058 768.22 69.66 414.01 642.17 867.77 304.14 1064.12 288.71 974.83 415.31 911.56 548.78 1073.96 533.41
00000626 00000059 769.99 71.18 413.41 644.76 872.09 309.23 1066.67 296.48 978.80 418.03 910.19 548.53 1077.90 535.43
00000627 00000060 767.83 73.10 416.47 628.64 870.18 314.41 1068.27 298.28 980.31 419.06 913.75 546.71 1079.99 531.17
00000628 00000061 767.42 74.47 418.52 627.20 869.67 314.96 1069.06 298.18 980.27 420.85 914.32 547.50 1081.26 531.33
00000629 00000062 767.37 78.02 416.93 627.06 868.59 313.57 1065.76 294.47 978.94 422.62 919.70 553.09 1079.69 534.80
00000630 00000063 765.77 77.53 418.85 636.24 867.61 309.16 1064.62 291.20 977.66 422.26 917.31 553.73 1076.99 536.49
00000631 00000064 764.97 76.47 419.47 632.76 864.91 308.85 1064.78 289.63 976.27 421.69 915.48 552.70 1077.76 534.43
00000632 00000065 763.57 82.88 422.18 620.79 863.65 310.20 1064.14 289.86 975.77 423.70 915.23 549.75 1077.89 530.79
00000633 00000066 763.34 77.32 423.36 629.25 863.57 311.31 1064.51 290.15 975.74 424.56 915.68 550.92 1079.76 531.06
00000634 00000067 762.78 75.75 423.16 630.24 863.02 311.89 1064.57 291.07 975.88 425.80 916.25 551.96 1079.37 532.44
00000635 00000068 761.70 77.77 421.07 627.65 862.72 311.84 1064.21 291.83 975.97 426.68 915.67 552.79 1076.52 534.05
00000636 00000069 761.22 79.59 419.39 626.52 861.56 313.06 1063.11 292.82 974.77 427.68 915.19 554.27 1075.25 535.49
00000637 00000070 761.03 78.75 418.32 626.70 860.94 312.73 1062.43 292.78 974.09 426.50 914.16 554.27 1073.45 535.74
00000638 00000071 759.77 83.32 418.15 622.82 859.39 312.12 1061.38 292.11 973.24 426.19 913.56 554.87 1071.92 536.53
00000639 00000072 759.14 79.41 418.48 626.96 859.06 312.13 1061.16 292.01 972.82 425.23 913.45 554.46 1072.26 535.85
00000640 00000073 715.52 108.92 426.25 656.68 809.22 362.60 1010.36 329.69 912.88 481.13 866.06 603.16 1032.04 573.37
00000641 00000074 713.61 110.52 428.07 661.95 810.95 361.22 1011.46 330.29 916.50 480.63 866.54 604.82 1031.42 576.78
00000642 00000075 720.98 97.81 429.15 664.10 813.64 347.75 1018.98 326.45 927.98 471.69 863.92 591.41 1038.13 575.05
00000643 00000076 717.40 96.66 435.43 651.14 814.84 345.72 1020.23 321.35 934.64 468.64 869.28 583.72 1040.58 564.22
00000644 00000077 720.82 100.08 435.89 640.49 814.08 339.94 1025.20 311.17 937.42 463.64 874.23 579.57 1049.81 555.94
00000645 00000078 721.81 101.94 438.85 640.22 817.63 335.37 1026.72 305.05 939.96 458.50 881.70 578.51 1053.75 553.42
00000646 00000079 724.63 108.56 436.70 635.20 820.44 334.08 1028.52 302.52 943.24 456.27 887.75 579.77 1057.38 553.81
00000647 00000080 725.37 97.87 437.25 639.71 821.45 331.80 1031.91 301.09 944.79 455.83 885.77 577.11 1057.74 551.48
00000648 00000081 727.69 101.76 436.84 631.90 822.15 332.59 1033.56 300.63 945.63 455.22 885.96 574.76 1060.29 548.00
00000649 00000082 726.97 103.18 438.06 631.74 824.22 332.82 1033.20 301.39 948.02 455.53 890.23 576.84 1059.28 550.90
00000650 00000083 727.16 102.08 438.46 639.02 825.10 333.61 1032.74 301.92 950.84 456.92 893.03 580.77 1062.07 554.77
00000651 00000084 729.38 107.14 435.45 632.62 826.17 333.03 1032.90 301.63 950.92 456.13 893.78 580.34 1061.93 554.64
00000652 00000085 730.07 104.38 434.98 632.12 826.40 332.76 1033.85 301.04 950.38 455.01 892.96 578.96 1061.42 552.94
00000653 00000086 729.50 101.87 436.76 633.17 826.11 333.23 1033.86 300.45 949.85 455.03 891.50 575.40 1063.63 548.23
00000654 00000087 729.81 102.25 436.09 628.97 825.40 333.42 1033.85 300.82 949.02 454.65 889.56 571.94 1063.02 544.70
00000655 00000088 730.54 102.68 434.56 624.92 826.03 331.27 1035.27 298.72 949.30 454.15 888.67 568.89 1065.35 541.34
00000656 00000089 730.38 99.77 434.22 627.51 824.07 328.82 1033.01 296.20 944.81 453.02 885.47 566.15 1063.54 538.31
00000657 00000090 728.71 91.87 436.03 636.80 823.11 325.65 1031.23 295.97 938.27 451.37 881.01 564.91 1057.33 539.58
00000658 00000091 732.70 85.24 429.92 643.21 819.64 321.27 1026.40 292.25 926.85 445.05 877.35 564.97 1050.84 540.30
00000659 00000092 733.02 79.74 425.66 652.47 817.73 309.03 1014.33 282.25 913.68 433.22 871.98 557.53 1039.82 533.68
00000660 00000093 734.58 67.20 419.98 665.16 813.51 303.03 1009.52 280.49 899.34 424.24 859.04 552.60 1032.17 531.91
00000661 00000094 733.30 74.67 426.05 649.34 809.26 301.77 1007.45 279.44 890.44 418.64 855.42 547.85 1026.55 527.43
00000662 00000095 740.74 84.40 425.48 636.97 813.20 293.56 1007.95 277.77 884.23 414.94 852.99 542.07 1020.81 527.13
00000663 00000096 753.79 78.98 418.92 644.39 821.37 293.12 1011.43 278.93 880.51 414.14 856.32 541.96 1023.02 528.25
00000664 00000097 767.77 66.53 415.22 653.80 833.44 300.85 1019.90 285.31 890.71 416.93 867.73 542.88 1037.31 527.46
00000665 00000098 776.30 77.41 419.07 647.37 846.34 309.00 1036.37 285.61 915.60 423.63 887.34 551.45 1054.18 529.91
00000666 00000099 795.62 95.80 419.04 635.00 867.77 322.43 1064.15 298.78 940.77 435.52 905.96 557.14 1069.24 535.72
00000667 DELETE   805.83 89.41 423.75 644.47 892.98 323.40 1095.61 304.66 978.57 436.20 927.65 560.29 1096.19 541.83
00000668 00000101 813.13 69.80 423.34 675.06 909.52 315.09 1104.18 303.08 994.79 434.69 939.13 560.81 1104.43 550.08
00000669 00000102 819.72 72.61 425.84 670.66 918.30 316.48 1117.81 303.84 1014.66 434.63 951.13 561.53 1122.64 549.96
00000670 00000103 827.34 87.08 422.17 653.43 922.97 315.63 1124.20 302.44 1021.14 438.09 957.33 561.55 1128.67 549.37
00000671 00000104 835.40 92.41 422.93 661.23 928.91 320.24 1129.93 301.99 1027.51 442.00 971.59 569.67 1129.76 552.27
00000672 00000105 828.51 85.25 429.61 671.46 928.18 315.33 1128.22 300.00 1033.11 442.92 968.96 573.28 1136.52 559.05
00000673 00000106 831.21 85.94 431.43 686.77 928.92 320.69 1134.72 299.34 1033.24 445.45 975.04 583.12 1137.70 562.87
00000674 00000107 827.41 85.92 434.14 694.43 923.45 323.08 1128.45 299.17 1025.07 448.94 969.40 587.95 1136.18 565.53
00000675 00000108 816.27 59.52 453.49 717.70 912.29 318.20 1111.96 305.24 1005.21 454.40 957.75 584.06 1124.67 572.24
00000676 00000109 808.52 78.09 447.55 693.17 899.32 317.82 1107.95 304.34 990.19 456.76 937.45 580.48 1112.53 568.54
00000677 00000110 816.45 93.91 449.02 676.38 902.34 319.54 1106.98 308.21 984.86 453.50 939.32 577.84 1106.73 568.65
00000678 00000111 818.57 97.47 447.79 675.07 901.71 318.67 1107.57 307.26 982.99 454.07 938.76 579.89 1106.47 570.60
00000679 00000112 818.52 93.95 441.13 688.91 902.97 318.76 1112.20 310.77 984.46 457.58 934.61 583.20 1106.28 575.02
00000680 00000113 822.17 94.55 439.09 688.23 904.80 319.77 1114.37 314.03 985.91 460.51 933.75 583.59 1105.29 577.48
00000681 00000114 824.95 83.94 439.64 699.76 908.47 317.59 1118.93 312.83 986.99 459.35 935.53 583.92 1106.24 578.61
00000682 00000115 830.65 83.10 441.17 699.77 911.64 317.35 1123.34 313.00 987.20 457.28 937.43 583.71 1108.47 578.61
00000683 00000116 837.91 89.14 440.98 693.25 914.95 316.50 1125.18 313.25 985.27 454.98 939.84 582.96 1109.23 578.42
00000684 00000117 843.75 90.80 440.92 687.83 919.65 319.75 1127.62 315.64 986.52 453.40 942.71 581.65 1111.36 575.99
CROP_BBOX: 450 0 1466 928
