Video ID: 	FwLnl2T5z4A
H: 	1080
W: 	1920
FPS: 	29.97002997002997

FRAME INDEX X0 Y0 W H [Landmarks (5 Points)]

00091690 00000000 758.42 204.73 375.00 548.44 894.82 426.98 1071.32 439.90 1008.86 507.02 889.90 593.55 1060.31 605.98
00091691 00000001 759.34 203.44 375.34 546.64 897.00 427.98 1073.07 439.93 1012.50 506.08 895.66 595.66 1062.40 607.09
00091692 00000002 757.70 202.22 383.69 549.25 893.03 428.57 1075.94 444.77 1005.61 505.52 893.49 594.38 1059.84 608.20
00091693 00000003 758.56 205.19 384.79 546.89 894.23 430.51 1079.49 446.68 1008.04 507.67 892.76 595.22 1062.17 609.04
00091694 00000004 759.22 206.21 385.44 544.36 896.51 432.99 1081.75 448.28 1010.49 511.41 893.79 595.92 1063.61 609.13
00091695 00000005 759.42 209.95 386.03 540.83 898.39 432.88 1083.72 449.49 1012.45 513.05 892.37 595.08 1064.22 609.35
00091696 00000006 759.01 211.85 386.55 539.89 899.43 433.36 1083.23 451.05 1011.48 514.03 891.26 594.04 1062.39 609.28
00091697 00000007 757.82 212.38 387.37 540.73 899.66 432.53 1082.02 451.41 1010.43 514.98 889.83 593.05 1060.58 609.24
00091698 00000008 756.63 211.58 386.54 546.97 900.52 431.78 1077.79 450.29 1009.61 514.18 889.91 592.87 1056.22 609.07
00091699 00000009 755.23 209.67 385.68 553.78 900.51 429.48 1075.93 450.14 1007.89 514.31 885.79 592.29 1051.75 610.35
00091700 00000010 754.19 209.79 386.12 554.35 900.36 427.73 1076.24 450.53 1006.82 515.60 881.74 590.88 1049.85 610.84
00091701 00000011 753.95 209.39 386.37 552.46 899.96 427.82 1077.03 451.13 1006.49 515.29 881.38 590.08 1050.33 610.51
00091702 00000012 755.02 212.04 377.81 546.15 901.90 424.62 1075.69 449.86 1014.32 519.30 879.86 586.20 1056.31 609.74
00091703 00000013 753.02 212.78 379.43 545.16 899.91 424.85 1076.38 452.03 1013.10 519.80 877.73 586.66 1056.07 611.66
00091704 00000014 750.32 213.57 379.06 542.04 895.51 424.17 1073.71 451.80 1007.25 519.15 872.80 584.73 1052.97 610.15
00091705 00000015 746.69 211.71 380.49 542.97 893.98 422.12 1070.20 451.44 1003.45 518.75 868.79 582.57 1047.43 609.42
00091706 00000016 742.66 213.20 382.86 541.61 891.65 421.86 1067.91 451.53 1001.29 517.19 866.31 582.12 1044.73 609.06
00091707 00000017 742.41 215.22 381.28 542.49 890.10 424.33 1066.19 452.78 999.59 517.03 865.14 585.11 1043.04 611.08
00091708 00000018 744.80 215.03 376.67 545.96 890.06 424.73 1068.43 451.44 998.83 515.36 862.90 586.64 1043.88 611.41
00091709 00000019 744.32 213.33 375.75 549.27 889.83 422.37 1067.71 449.79 998.62 513.16 862.41 585.65 1043.54 610.98
00091710 00000020 740.80 206.77 379.74 558.03 888.34 418.37 1066.75 444.84 998.70 509.02 862.44 586.16 1043.19 610.58
00091711 00000021 739.18 205.04 382.23 557.40 886.50 413.04 1064.26 439.77 996.54 503.33 860.16 580.54 1042.10 605.14
00091712 00000022 738.41 204.07 382.77 553.28 885.37 409.72 1062.99 438.34 994.03 499.72 859.86 575.73 1040.84 601.77
00091713 00000023 736.94 200.59 384.25 554.41 884.96 407.41 1060.19 435.62 992.89 498.55 859.14 572.57 1038.78 598.50
00091714 00000024 737.09 197.68 384.47 555.55 883.77 406.87 1059.46 433.67 991.62 498.25 858.99 571.36 1040.12 596.20
00091715 00000025 737.15 198.57 385.45 553.53 883.08 407.64 1059.81 433.21 991.01 498.18 858.90 571.41 1041.01 595.19
00091716 00000026 739.22 201.78 380.77 549.42 881.76 413.01 1059.74 434.03 989.57 500.68 859.24 574.38 1042.40 594.54
00091717 00000027 740.76 204.00 379.72 547.71 882.18 416.30 1060.62 435.82 989.14 502.87 859.49 575.77 1043.32 594.70
00091718 00000028 739.89 200.97 382.05 551.24 881.57 415.46 1062.17 434.93 990.51 503.41 859.48 576.63 1045.01 595.47
00091719 00000029 739.85 203.28 383.47 549.58 881.90 413.86 1064.84 434.36 992.32 503.09 859.85 577.29 1046.76 596.86
00091720 00000030 742.46 206.06 382.69 547.66 884.23 415.81 1065.24 437.58 993.05 505.83 862.62 578.28 1047.81 598.74
00091721 00000031 742.54 209.44 383.40 544.47 885.01 417.15 1064.32 437.76 993.80 507.65 863.31 578.76 1047.36 598.33
00091722 00000032 743.77 209.00 382.64 542.94 886.07 418.71 1063.95 440.00 994.50 511.19 865.32 579.30 1047.03 599.50
00091723 00000033 744.75 211.18 382.68 540.55 886.97 419.62 1065.09 440.74 995.67 513.25 865.62 579.34 1048.44 599.54
00091724 00000034 746.96 210.20 381.34 540.90 888.66 420.50 1066.17 440.40 998.10 514.76 868.12 579.87 1050.43 599.11
00091725 00000035 748.04 209.77 381.56 540.36 889.78 421.45 1067.92 440.90 1000.48 514.32 870.35 579.94 1052.96 598.76
00091726 00000036 750.50 209.12 379.64 539.37 891.29 422.02 1069.53 441.04 1002.56 514.34 873.16 579.92 1055.46 598.36
00091727 00000037 752.58 208.35 378.35 539.93 892.19 421.37 1070.83 439.28 1004.50 513.23 875.51 579.89 1058.62 597.50
00091728 00000038 754.60 207.34 376.88 540.35 893.65 420.18 1072.48 438.08 1005.86 511.85 876.90 579.30 1060.57 597.07
00091729 00000039 756.25 207.69 375.65 538.72 894.32 419.88 1073.65 437.81 1006.49 511.20 878.61 578.95 1062.59 596.72
00091730 00000040 757.92 206.37 374.96 539.07 895.24 418.67 1074.89 437.00 1006.97 509.82 878.46 576.91 1064.15 595.20
00091731 00000041 760.08 207.53 373.96 536.95 896.86 417.70 1075.53 435.87 1007.99 509.36 878.87 575.28 1064.96 593.64
00091732 00000042 760.46 206.66 374.59 536.97 897.90 417.03 1076.41 435.78 1009.24 507.53 880.04 574.06 1065.69 592.87
00091733 00000043 760.81 206.73 374.87 536.46 898.57 416.77 1076.72 435.48 1010.11 507.19 881.13 573.91 1066.26 592.74
00091734 00000044 761.70 206.70 374.13 537.04 899.08 416.70 1077.58 435.65 1011.08 506.44 881.64 573.75 1067.40 592.82
00091735 00000045 761.75 206.75 374.83 537.59 899.64 416.72 1078.33 436.21 1011.58 507.61 881.47 574.23 1067.05 593.77
00091736 00000046 761.51 207.14 375.74 538.09 899.11 417.63 1079.03 437.43 1011.36 509.16 881.65 575.44 1067.78 594.99
00091737 00000047 756.00 204.05 387.67 544.58 892.53 417.80 1082.54 436.54 1006.68 503.58 878.86 579.94 1065.98 596.22
00091738 00000048 756.41 205.31 388.05 544.68 893.42 419.03 1083.45 438.51 1007.17 505.47 879.93 582.23 1065.87 599.05
00091739 00000049 756.68 205.15 387.86 546.06 894.66 420.57 1084.05 440.06 1008.95 507.82 880.48 583.67 1065.70 600.67
00091740 00000050 756.32 205.49 388.54 547.57 894.82 420.90 1084.16 440.33 1009.45 507.88 880.79 584.43 1065.95 601.35
00091741 00000051 756.89 204.43 388.22 547.40 895.20 420.08 1084.62 439.92 1009.63 506.83 881.56 583.68 1066.31 600.83
00091742 00000052 757.98 203.64 387.35 546.42 894.50 418.86 1084.30 438.62 1008.76 504.56 882.89 582.67 1067.45 599.54
00091743 00000053 757.09 204.04 387.33 545.30 893.84 417.83 1083.71 437.15 1008.23 502.74 882.30 581.03 1067.85 597.54
00091744 00000054 756.64 202.57 386.94 546.47 893.76 415.54 1083.63 434.88 1009.10 500.20 881.99 579.12 1068.37 595.64
00091745 00000055 763.47 207.05 373.60 538.91 901.13 416.03 1078.32 435.96 1013.29 504.13 884.61 574.29 1068.62 594.01
00091746 00000056 755.17 201.26 386.02 547.88 892.17 408.36 1078.26 427.38 1005.79 492.88 881.12 573.17 1066.07 589.27
00091747 00000057 752.63 196.17 386.90 556.59 891.61 403.26 1073.01 422.37 1004.79 487.61 882.36 572.77 1062.59 588.49
00091748 00000058 757.70 193.66 376.84 560.52 897.90 405.89 1068.90 423.28 1009.33 488.50 881.50 569.06 1063.79 586.57
00091749 00000059 758.20 195.48 371.44 560.63 894.00 404.58 1065.25 418.66 1004.37 485.89 878.05 570.43 1061.09 585.75
00091750 00000060 756.54 194.19 370.42 562.19 891.19 403.46 1060.57 413.93 999.42 484.02 874.51 569.14 1057.28 581.73
00091751 00000061 752.48 191.07 371.81 564.65 888.34 401.04 1057.85 413.88 994.98 482.47 871.53 568.01 1054.12 582.08
00091752 DELETE   746.33 187.15 375.03 567.47 882.42 398.78 1053.38 409.53 990.79 480.05 865.77 566.26 1050.49 578.67
00091753 00000063 744.45 185.64 375.63 570.67 878.41 394.70 1051.36 405.63 988.77 473.26 864.79 568.18 1048.04 580.29
00091754 00000064 743.28 181.39 373.22 578.61 870.90 393.03 1047.31 401.83 986.93 464.07 868.43 577.23 1045.72 586.92
00091755 00000065 740.73 183.85 371.35 576.20 866.98 396.32 1045.42 401.36 985.73 462.64 870.92 582.86 1045.28 588.93
00091756 00000066 740.50 190.70 368.13 564.01 867.55 402.41 1043.77 403.85 986.55 467.70 875.81 585.71 1046.24 588.36
00091757 00000067 735.19 193.19 373.33 550.11 865.74 408.71 1041.43 410.07 985.58 473.90 877.09 585.51 1042.04 587.43
00091758 00000068 731.04 195.16 378.25 535.61 863.46 415.53 1040.46 413.98 984.33 476.90 880.76 583.94 1043.37 582.87
00091759 00000069 726.36 193.49 382.15 536.85 859.72 418.22 1038.47 416.61 982.21 479.08 878.28 585.22 1042.02 584.05
00091760 00000070 725.10 192.93 381.82 540.12 856.94 417.37 1036.81 417.57 978.49 480.45 873.81 587.36 1037.43 587.81
00091761 00000071 724.05 193.55 380.99 536.52 856.03 414.62 1037.92 418.11 977.67 480.39 868.95 583.11 1036.20 586.64
00091762 00000072 725.34 190.56 380.03 534.55 856.11 411.08 1038.72 417.86 976.99 478.52 868.69 580.26 1035.59 586.55
00091763 00000073 724.30 188.88 380.80 536.16 856.66 407.63 1039.48 418.29 975.54 478.07 865.48 577.27 1033.65 586.77
00091764 00000074 726.67 188.43 378.32 536.96 861.74 406.94 1044.06 421.22 978.15 478.78 863.79 575.15 1032.51 588.16
00091765 00000075 726.66 189.85 380.31 540.45 867.61 408.60 1044.02 423.52 981.08 479.91 866.81 576.84 1030.28 590.29
00091766 00000076 731.89 189.90 378.19 547.69 874.40 405.88 1048.14 424.75 984.89 478.01 870.63 579.70 1029.60 596.46
00091767 DELETE   734.31 192.01 378.15 545.51 879.71 407.74 1054.31 430.76 991.12 480.25 875.09 579.19 1035.45 599.34
00091768 00000078 737.47 192.03 379.14 544.60 884.04 408.38 1061.81 433.53 997.05 483.09 877.44 578.23 1041.55 600.31
00091769 00000079 740.40 193.36 378.30 543.21 887.05 409.34 1068.34 434.62 1003.85 484.75 881.24 579.76 1048.24 602.42
00091770 00000080 742.02 193.85 377.87 546.19 888.71 413.34 1070.20 438.44 1006.13 489.86 882.64 583.92 1050.01 606.70
00091771 DELETE   744.53 199.71 374.89 547.62 891.61 417.28 1071.52 443.92 1007.88 493.38 883.53 590.20 1047.74 614.17
00091772 00000082 747.79 203.00 373.52 547.62 892.93 421.46 1072.46 448.00 1009.04 497.69 885.03 594.24 1048.74 618.09
00091773 00000083 748.55 202.36 375.52 548.99 892.87 422.91 1073.91 449.80 1009.44 498.97 886.62 596.17 1051.38 620.04
00091774 00000084 749.45 202.08 378.10 547.82 894.58 423.88 1075.85 450.58 1011.59 499.66 888.87 595.00 1054.34 618.70
00091775 00000085 751.48 200.03 378.86 549.03 897.85 418.79 1081.26 448.10 1016.04 497.65 889.01 589.96 1058.06 616.20
00091776 00000086 754.84 199.88 379.44 547.29 902.49 412.64 1083.36 444.40 1019.00 491.39 892.86 583.11 1062.04 611.41
00091777 00000087 754.86 200.85 381.15 547.74 903.99 409.70 1082.30 445.71 1018.57 488.66 891.79 579.33 1059.88 610.93
00091778 00000088 752.37 202.66 384.41 553.45 905.27 407.81 1082.50 450.04 1017.46 489.12 886.08 579.04 1054.10 615.59
00091779 00000089 748.33 203.38 396.37 553.06 905.85 407.02 1088.14 454.47 1008.34 496.89 878.80 577.30 1044.00 616.80
00091780 00000090 747.66 205.60 401.07 550.89 907.31 410.64 1092.41 465.26 1007.87 502.43 874.60 579.97 1041.86 625.40
00091781 00000091 746.66 215.30 407.74 537.35 909.99 415.67 1094.89 472.21 1005.63 509.56 874.43 582.19 1040.04 629.47
00091782 00000092 748.80 217.06 409.26 534.09 912.99 415.55 1103.50 478.55 1011.01 509.83 874.41 584.15 1043.06 636.76
00091783 00000093 753.13 215.81 409.54 536.17 917.00 414.60 1105.79 480.26 1013.48 509.08 878.22 582.96 1044.03 637.76
00091784 00000094 756.38 215.26 408.99 536.92 920.75 414.20 1105.13 480.38 1016.85 507.80 884.06 582.03 1044.77 636.97
00091785 00000095 760.11 211.09 407.56 537.49 924.33 413.69 1107.51 481.83 1020.80 504.85 890.47 580.50 1047.80 637.07
00091786 00000096 761.91 212.34 407.31 534.76 927.79 413.73 1111.52 484.09 1026.52 502.58 894.67 580.24 1052.97 638.69
00091787 00000097 768.00 207.90 403.74 537.49 932.00 412.23 1112.66 485.50 1030.35 502.09 899.92 577.49 1054.98 638.47
00091788 00000098 772.79 205.35 399.47 536.65 935.33 410.63 1115.18 481.73 1035.28 499.53 907.35 576.34 1060.52 635.39
00091789 00000099 776.64 202.63 395.90 540.11 936.67 409.67 1118.00 475.38 1040.55 497.07 912.83 578.03 1067.71 632.71
00091790 00000100 779.13 200.41 394.42 543.71 938.59 408.73 1118.41 471.00 1042.74 495.80 915.98 577.95 1070.87 629.79
00091791 00000101 781.50 198.60 393.08 545.65 941.24 407.69 1119.55 466.98 1044.78 495.64 918.70 576.99 1074.31 626.34
00091792 00000102 782.79 199.08 391.01 544.79 941.83 408.70 1119.98 465.54 1045.38 496.23 919.90 577.44 1076.07 624.78
00091793 00000103 782.51 200.48 391.35 543.95 942.35 409.96 1121.92 468.25 1047.92 496.83 919.98 578.61 1076.97 627.13
00091794 00000104 782.14 205.43 390.97 542.76 942.81 413.53 1122.17 472.76 1049.68 501.13 919.83 581.55 1077.50 630.86
00091795 00000105 783.36 208.94 390.62 540.49 941.68 417.33 1123.27 476.99 1048.64 505.45 918.69 584.69 1078.46 634.33
00091796 00000106 783.45 214.52 391.12 536.89 940.63 420.36 1122.33 477.40 1047.08 508.67 917.41 587.68 1078.41 635.13
00091797 00000107 782.70 216.91 391.47 536.08 940.13 421.49 1121.89 478.23 1046.56 510.03 916.66 589.12 1078.06 636.20
00091798 00000108 782.33 218.06 391.43 534.59 938.82 422.90 1120.40 479.21 1044.51 510.58 916.11 589.26 1077.67 635.85
00091799 00000109 780.85 215.71 391.49 535.42 937.38 421.99 1119.20 479.77 1043.74 510.32 915.40 588.59 1076.28 636.35
00091800 00000110 780.84 211.55 391.67 537.47 936.79 418.33 1119.48 476.88 1043.15 506.60 915.14 586.38 1075.54 634.95
00091801 00000111 778.17 210.48 391.40 536.02 935.25 416.60 1118.52 473.25 1042.46 503.82 913.65 584.30 1074.44 631.56
00091802 00000112 775.80 207.43 392.30 536.54 933.89 415.54 1117.27 474.19 1040.45 502.30 912.49 581.89 1072.60 630.69
00091803 00000113 774.51 206.21 393.73 536.43 932.96 415.94 1117.30 476.02 1040.13 502.23 911.84 580.97 1072.58 630.74
00091804 00000114 772.85 205.31 394.06 539.97 931.86 415.21 1115.10 471.98 1038.65 501.35 911.22 581.91 1071.13 628.84
00091805 00000115 772.19 203.39 394.39 549.00 931.88 415.53 1111.15 470.51 1038.19 502.69 911.04 584.68 1067.72 630.15
00091806 00000116 770.92 206.22 395.38 543.10 930.46 420.37 1113.28 474.20 1040.03 503.56 911.93 587.73 1070.07 632.22
00091807 00000117 770.15 202.69 395.51 543.86 927.85 419.64 1113.59 471.57 1039.76 500.32 912.60 587.18 1072.94 629.91
00091808 00000118 771.85 203.72 393.00 543.99 928.99 420.41 1113.17 470.32 1040.08 501.75 913.22 587.63 1073.21 628.76
00091809 00000119 773.00 206.80 391.69 542.31 930.47 421.20 1112.73 468.98 1040.57 504.01 914.54 590.21 1072.13 629.80
00091810 00000120 774.50 208.13 390.69 543.13 930.77 422.71 1111.64 467.28 1039.96 506.29 915.53 592.02 1072.77 628.96
00091811 00000121 774.85 209.12 390.22 541.93 931.97 422.47 1112.52 465.06 1041.92 507.28 916.14 592.52 1073.69 628.01
00091812 00000122 775.38 210.17 388.70 537.18 932.64 424.07 1113.67 466.75 1042.50 508.13 917.17 591.83 1074.91 627.45
00091813 00000123 775.25 209.67 387.68 534.39 932.40 422.88 1114.39 466.12 1042.74 506.37 917.51 590.28 1075.48 626.47
00091814 00000124 774.88 209.13 388.79 533.67 932.45 423.09 1114.26 466.70 1042.45 505.64 917.52 588.94 1075.89 625.27
00091815 00000125 775.36 206.69 389.01 540.43 933.60 418.06 1113.46 464.19 1042.90 502.14 916.78 586.32 1074.54 624.78
00091816 00000126 774.45 204.10 391.30 549.64 937.08 408.69 1112.07 455.15 1044.83 497.66 915.92 582.72 1071.56 621.54
00091817 00000127 772.92 200.03 392.76 547.57 936.18 405.13 1114.32 452.44 1045.07 493.63 916.50 579.98 1072.96 619.53
00091818 00000128 773.63 197.85 390.54 541.46 935.63 404.34 1115.03 449.76 1045.26 490.67 917.38 576.54 1074.61 614.53
00091819 00000129 773.17 197.95 391.00 541.37 935.12 405.15 1115.10 449.52 1045.86 491.09 917.54 576.42 1076.40 613.37
00091820 00000130 772.94 199.72 391.51 539.68 935.98 407.01 1115.36 451.76 1046.43 493.03 918.35 578.81 1074.91 616.19
00091821 00000131 773.91 200.77 390.94 539.29 936.62 407.27 1115.30 452.31 1046.36 493.23 919.23 580.07 1074.30 617.83
00091822 00000132 776.48 201.23 389.03 538.79 937.54 411.27 1116.14 459.54 1046.82 494.40 922.09 581.34 1076.09 621.65
00091823 00000133 781.16 207.22 383.47 536.34 939.98 419.11 1113.53 466.53 1046.60 501.20 925.03 585.00 1075.21 624.75
00091824 00000134 782.15 206.79 384.73 539.81 943.16 417.68 1114.92 467.36 1049.32 500.35 925.59 584.62 1074.38 626.31
00091825 00000135 781.63 208.45 386.87 541.87 947.51 413.70 1120.23 468.58 1055.96 497.95 926.46 584.20 1075.02 630.20
00091826 00000136 781.94 208.16 388.99 543.10 949.40 412.40 1121.54 468.38 1057.14 500.06 928.17 584.87 1076.45 631.69
00091827 00000137 782.52 209.27 388.95 543.70 949.31 411.15 1121.60 468.10 1057.44 499.68 927.29 585.27 1076.20 633.12
00091828 00000138 782.19 209.71 388.64 543.08 949.66 412.47 1120.64 468.12 1057.19 501.52 927.40 586.18 1074.64 632.99
00091829 00000139 781.40 208.93 388.99 542.35 949.83 412.48 1120.79 468.38 1057.78 501.45 927.37 585.60 1074.34 632.65
00091830 00000140 780.72 208.13 389.66 542.44 949.97 412.32 1120.88 469.30 1057.79 501.56 927.07 584.66 1073.85 632.52
00091831 00000141 780.65 208.04 389.75 541.55 950.73 412.40 1121.64 470.03 1058.82 501.80 928.01 584.54 1074.24 632.86
00091832 00000142 780.58 207.69 389.81 540.63 951.07 411.86 1122.52 470.54 1059.47 501.49 928.28 584.28 1074.31 633.46
00091833 00000143 780.49 209.40 390.06 539.66 951.38 412.06 1122.85 472.12 1059.52 502.06 927.97 584.59 1074.02 634.89
00091834 00000144 779.40 209.65 391.35 542.00 951.56 412.42 1122.81 473.20 1059.87 503.30 927.16 585.39 1073.62 636.25
00091835 00000145 779.63 209.90 391.25 541.89 952.16 412.10 1123.24 474.02 1060.22 503.34 926.83 584.89 1073.08 636.77
00091836 00000146 779.97 209.96 391.50 541.01 952.43 411.56 1124.20 474.20 1060.24 503.35 926.61 584.35 1073.59 636.84
00091837 00000147 780.00 209.82 391.94 540.26 953.31 411.05 1125.08 475.03 1061.06 503.29 926.82 583.75 1073.49 637.40
00091838 00000148 779.61 210.27 392.74 540.14 953.53 411.06 1125.26 475.62 1061.20 503.77 926.01 584.08 1072.40 638.31
00091839 00000149 778.94 208.57 393.72 541.40 953.18 410.90 1124.87 475.68 1060.81 504.37 925.12 583.81 1071.72 638.31
00091840 00000150 778.66 209.29 393.80 540.49 952.96 411.23 1124.81 476.51 1060.60 504.56 924.52 583.55 1071.26 638.46
00091841 00000151 777.13 208.90 394.75 540.23 952.74 411.32 1124.47 476.85 1060.77 504.16 924.10 583.42 1070.23 638.57
00091842 00000152 776.52 209.70 394.94 539.56 952.43 411.65 1124.14 477.03 1060.67 504.14 923.46 583.50 1069.58 638.51
00091843 00000153 775.70 209.48 395.20 539.74 951.49 411.59 1124.00 477.30 1060.02 503.64 922.33 583.29 1069.01 638.57
00091844 00000154 774.14 208.88 396.28 540.39 950.15 411.71 1123.09 476.26 1058.92 503.82 921.29 583.88 1068.10 638.18
00091845 00000155 773.32 209.71 396.74 538.83 949.05 411.31 1123.28 476.07 1057.68 503.73 919.67 583.31 1068.06 637.80
00091846 00000156 771.80 209.26 397.24 538.63 948.28 411.23 1122.62 475.48 1057.14 503.90 918.20 583.18 1066.75 637.34
00091847 00000157 770.54 211.40 397.88 537.26 947.73 411.80 1122.38 476.46 1056.66 503.89 916.90 583.38 1066.14 637.87
00091848 00000158 769.45 213.90 398.58 535.25 946.83 413.75 1121.72 477.97 1055.59 505.36 916.07 584.41 1065.68 638.42
00091849 00000159 770.18 212.27 396.13 536.24 945.42 415.39 1120.50 482.44 1054.00 506.79 916.27 584.37 1065.81 640.70
00091850 00000160 770.92 213.58 393.55 533.75 939.59 421.95 1117.96 484.42 1047.98 511.62 913.18 587.81 1066.54 640.23
00091851 00000161 771.37 214.79 392.02 532.77 938.64 423.06 1116.21 484.24 1045.89 512.71 911.94 588.24 1064.98 639.67
00091852 00000162 771.46 214.54 391.87 534.70 939.94 420.81 1116.49 482.73 1047.52 510.77 912.05 587.08 1064.91 639.23
00091853 00000163 771.03 214.70 392.74 534.27 942.47 417.50 1117.68 481.86 1050.42 509.18 913.08 585.33 1063.94 639.52
00091854 00000164 769.52 214.41 394.14 534.31 941.90 417.42 1117.01 481.39 1049.88 508.84 912.78 585.04 1063.40 638.83
00091855 00000165 768.06 214.09 394.80 534.21 941.05 416.11 1116.20 479.87 1048.49 507.73 911.70 584.30 1062.40 637.92
00091856 00000166 766.98 213.17 395.92 535.52 940.54 415.48 1115.92 479.02 1048.33 507.68 911.08 584.45 1061.84 637.90
00091857 00000167 767.23 214.01 396.08 534.78 940.10 415.90 1115.62 478.41 1047.82 508.05 911.19 585.14 1061.92 637.70
00091858 00000168 767.53 215.46 395.65 533.91 940.26 416.47 1115.63 478.46 1047.69 508.90 910.99 585.84 1061.86 638.00
00091859 00000169 766.75 215.92 395.71 533.60 940.31 417.88 1115.42 479.23 1048.64 509.06 911.70 586.47 1062.07 638.08
00091860 00000170 766.66 215.87 396.13 534.16 940.51 418.30 1115.63 478.96 1048.97 509.85 912.15 587.28 1062.40 638.30
00091861 00000171 767.45 216.13 395.36 533.82 940.57 418.70 1115.86 478.65 1049.16 510.03 912.50 587.73 1062.81 638.17
00091862 00000172 767.62 215.27 394.99 535.05 940.61 419.31 1115.22 478.77 1049.03 510.73 912.77 588.13 1062.36 638.21
00091863 00000173 767.15 215.16 395.29 535.87 939.93 419.61 1114.45 478.56 1048.60 510.65 911.99 588.18 1061.76 637.89
00091864 00000174 767.07 215.68 395.15 535.89 939.85 419.95 1114.27 478.19 1048.56 510.96 912.37 588.81 1062.11 637.94
00091865 00000175 767.07 214.98 395.01 536.49 940.02 419.89 1114.14 477.83 1048.66 511.34 912.76 589.00 1062.15 637.89
00091866 00000176 768.53 214.82 393.97 536.44 939.93 419.47 1114.66 477.58 1048.47 511.01 912.79 588.71 1062.89 637.71
00091867 00000177 768.29 214.47 394.48 537.01 940.20 419.62 1114.85 477.71 1049.00 511.10 912.90 588.88 1062.95 637.87
00091868 00000178 768.71 215.13 394.05 536.29 940.45 419.93 1114.79 477.71 1049.08 511.16 913.20 588.81 1063.09 637.53
00091869 00000179 768.78 216.56 394.15 534.11 940.99 420.09 1115.38 477.59 1049.54 511.43 913.75 589.03 1063.58 637.48
00091870 00000180 769.13 216.20 393.71 534.57 941.01 420.25 1115.28 477.63 1049.54 511.63 913.90 589.17 1063.64 637.54
00091871 00000181 768.97 214.98 394.17 536.13 941.22 420.85 1115.02 477.90 1049.88 512.18 914.40 589.37 1063.92 637.40
00091872 00000182 769.38 214.97 393.81 536.62 941.20 420.87 1114.65 477.37 1049.52 513.09 914.41 589.69 1063.86 637.27
00091873 00000183 769.38 215.70 393.52 536.23 940.86 421.21 1114.84 477.44 1049.45 512.90 914.15 590.03 1064.04 637.38
00091874 00000184 769.88 216.19 392.79 535.72 941.06 421.20 1114.76 477.36 1049.39 513.24 914.46 590.36 1064.16 637.70
00091875 00000185 770.57 216.60 391.73 534.51 940.87 421.06 1115.20 476.41 1049.27 513.20 914.59 590.58 1064.81 637.26
00091876 00000186 770.39 217.33 392.00 534.23 940.78 421.26 1115.33 476.77 1049.23 513.38 914.41 590.84 1064.99 637.64
00091877 00000187 770.44 218.09 391.71 533.46 940.34 421.75 1115.76 476.26 1049.30 513.54 914.56 591.56 1066.11 637.46
00091878 00000188 770.30 218.47 391.70 533.98 940.08 422.43 1115.16 476.56 1048.46 514.58 913.87 592.13 1065.44 637.75
00091879 00000189 771.51 218.34 391.03 535.30 940.36 423.60 1115.06 477.00 1048.58 515.73 914.34 592.65 1066.12 637.62
00091880 00000190 771.27 219.13 391.29 536.14 940.64 424.74 1115.44 477.76 1048.99 517.33 914.00 593.25 1066.71 637.83
00091881 00000191 771.17 219.15 391.45 536.59 941.56 425.20 1115.77 478.29 1049.76 518.25 913.98 592.92 1066.80 637.55
00091882 00000192 770.87 220.39 391.81 535.86 941.99 426.39 1117.09 479.06 1051.32 518.55 913.98 593.42 1067.97 637.70
00091883 00000193 771.28 221.29 391.47 536.36 941.80 427.23 1117.59 479.45 1052.24 519.18 913.85 594.00 1069.55 637.91
00091884 00000194 772.05 222.03 391.31 535.09 942.22 426.83 1118.45 479.75 1052.58 518.96 913.80 593.60 1070.11 638.08
00091885 00000195 772.55 222.68 390.64 535.39 942.62 427.43 1117.84 480.04 1052.75 519.77 914.12 593.83 1069.87 638.06
00091886 00000196 773.14 221.41 390.53 536.85 943.18 427.98 1118.20 480.98 1053.35 519.99 914.69 593.84 1070.34 638.42
00091887 00000197 774.39 223.35 387.44 536.13 940.87 431.71 1117.12 482.22 1051.28 521.54 914.06 596.21 1071.10 638.66
00091888 00000198 776.06 223.89 385.19 534.15 939.03 437.56 1116.57 490.51 1047.96 523.48 911.35 595.25 1071.22 639.65
00091889 00000199 776.13 226.18 385.18 532.98 939.45 438.27 1116.33 490.39 1048.03 524.52 911.46 596.12 1071.17 639.81
00091890 00000200 775.91 226.26 385.87 532.78 939.03 438.40 1116.35 489.65 1047.93 524.39 911.94 596.94 1071.80 639.84
00091891 00000201 775.49 226.61 386.63 532.52 939.57 437.86 1116.86 487.46 1049.36 524.51 912.92 597.94 1072.50 639.68
00091892 00000202 775.37 226.01 387.91 533.55 942.07 434.89 1118.64 485.51 1051.89 524.14 913.65 596.74 1072.27 639.58
00091893 00000203 775.28 227.52 387.79 532.61 942.19 435.65 1119.19 486.55 1052.04 524.80 913.08 597.12 1072.49 640.17
00091894 00000204 777.00 227.86 384.69 531.66 938.53 439.80 1116.73 489.47 1047.17 524.62 911.34 597.22 1073.08 638.83
00091895 00000205 775.78 226.02 386.12 533.55 937.74 438.24 1116.58 487.54 1047.96 523.35 912.17 597.59 1073.53 638.88
00091896 00000206 774.79 222.15 389.91 536.96 940.86 430.60 1120.07 482.78 1052.23 520.17 913.49 594.98 1073.87 638.84
00091897 00000207 777.37 221.99 388.14 536.64 943.62 426.79 1119.67 477.73 1054.08 519.17 916.18 593.79 1074.28 636.84
00091898 00000208 777.74 220.14 389.16 536.78 945.48 423.82 1121.45 478.16 1055.86 518.04 916.23 591.22 1074.01 637.12
00091899 00000209 777.12 220.14 389.53 536.24 945.76 423.04 1121.72 477.59 1056.16 516.82 916.69 590.81 1074.07 636.79
00091900 00000210 777.30 220.77 389.34 536.29 945.15 422.74 1121.05 476.45 1055.29 516.74 916.40 591.00 1074.10 636.29
00091901 00000211 776.61 221.50 390.16 535.63 944.59 422.97 1121.12 476.65 1054.84 516.94 915.66 591.36 1073.98 636.58
00091902 00000212 775.62 221.31 390.83 535.92 943.86 423.46 1120.90 476.64 1054.58 517.29 915.16 591.79 1073.88 636.59
00091903 00000213 775.87 221.79 390.83 535.72 943.87 423.39 1121.17 476.99 1054.13 517.71 914.75 591.60 1073.90 636.77
00091904 00000214 776.20 222.02 390.58 536.46 944.05 423.95 1120.97 477.35 1054.10 518.36 914.41 591.56 1073.99 636.55
00091905 00000215 775.25 222.01 391.60 536.68 943.73 424.00 1120.79 477.76 1053.50 519.20 913.21 591.03 1073.90 636.42
00091906 00000216 775.21 222.16 391.24 537.54 943.62 423.61 1120.28 478.68 1053.04 519.70 912.16 590.27 1073.41 636.82
00091907 00000217 774.52 223.46 391.92 537.06 943.00 424.02 1119.91 478.46 1052.24 520.22 910.96 590.70 1073.01 636.72
00091908 00000218 773.74 222.75 392.25 536.21 942.16 424.43 1119.09 477.80 1050.80 520.42 910.78 590.63 1072.35 635.80
00091909 00000219 773.98 223.59 392.35 535.20 941.11 424.17 1119.12 477.64 1049.47 520.09 909.75 590.93 1072.37 636.16
00091910 00000220 773.03 223.52 392.72 534.79 939.52 423.87 1118.47 476.71 1047.59 520.04 908.36 590.43 1072.25 635.13
00091911 00000221 770.73 221.44 393.88 535.77 937.55 422.44 1117.23 473.97 1046.39 518.69 906.67 590.28 1070.35 633.97
00091912 00000222 769.70 221.21 394.93 535.63 936.61 420.18 1116.70 471.93 1045.92 517.22 905.65 589.92 1069.03 633.82
00091913 00000223 769.41 221.21 394.46 534.55 934.89 419.34 1115.52 470.33 1043.35 516.08 904.15 589.49 1067.75 632.76
00091914 00000224 769.47 221.77 393.74 533.73 933.97 418.18 1114.80 469.34 1041.51 515.16 903.43 588.80 1067.57 632.15
00091915 00000225 768.52 220.45 394.49 533.95 932.98 417.55 1113.58 467.92 1040.14 514.86 902.69 588.29 1066.58 631.06
00091916 00000226 767.72 219.48 394.81 534.65 931.98 417.14 1113.00 467.73 1038.93 514.96 901.44 588.01 1065.80 630.99
00091917 00000227 766.84 218.12 395.01 535.20 930.72 416.81 1112.14 466.86 1037.91 515.10 900.39 587.30 1065.54 629.88
00091918 00000228 766.58 215.17 394.61 537.12 930.08 416.07 1111.50 466.39 1037.47 514.39 900.15 586.06 1065.10 628.84
00091919 00000229 764.85 215.80 395.69 536.09 929.40 415.11 1110.79 465.93 1036.58 514.62 898.42 584.41 1064.61 627.67
00091920 00000230 765.38 218.53 394.49 533.05 928.70 414.88 1109.95 465.86 1034.59 515.40 896.46 582.83 1064.68 626.42
00091921 00000231 764.97 217.53 394.61 535.63 927.97 413.65 1108.90 464.92 1033.15 515.69 894.51 581.46 1064.16 625.25
00091922 00000232 762.96 217.13 395.99 546.46 928.31 411.73 1104.47 462.78 1032.06 514.71 893.72 582.80 1060.22 626.10
00091923 00000233 761.27 217.85 396.55 554.55 928.16 408.14 1102.11 459.93 1032.62 512.34 891.35 583.91 1056.88 627.38
00091924 00000234 759.02 213.89 398.27 557.73 925.25 410.31 1101.53 461.22 1029.85 512.39 889.99 583.35 1057.54 625.98
00091925 00000235 761.51 214.82 393.17 553.51 923.37 417.41 1103.36 469.32 1027.28 514.07 888.71 582.39 1060.18 625.56
00091926 00000236 762.11 217.53 393.32 550.50 923.42 418.24 1103.24 469.75 1027.03 512.35 889.00 580.98 1061.94 623.74
00091927 00000237 763.57 217.98 391.76 550.01 924.99 418.38 1102.45 468.47 1028.62 511.57 891.25 581.21 1062.05 622.83
00091928 00000238 764.74 214.40 391.12 552.57 925.45 419.12 1102.40 465.80 1030.53 510.67 894.59 582.02 1063.96 620.65
00091929 00000239 767.96 213.68 388.85 553.96 927.02 418.23 1102.98 464.25 1033.11 508.67 897.88 582.23 1066.30 620.43
00091930 00000240 769.66 212.65 389.20 554.90 927.51 417.57 1104.23 461.97 1034.83 507.13 899.63 582.89 1068.74 619.73
00091931 00000241 766.70 211.39 390.77 552.58 928.29 417.24 1104.69 461.93 1035.14 505.63 900.94 582.10 1066.57 619.02
00091932 00000242 765.63 209.87 389.25 549.16 926.94 418.17 1105.06 461.50 1037.39 505.05 905.24 585.78 1066.50 621.72
00091933 00000243 763.86 206.42 389.81 542.99 926.22 415.00 1104.66 458.10 1036.77 501.06 908.11 583.47 1065.09 619.24
00091934 00000244 762.16 204.70 390.86 542.31 924.28 413.01 1104.56 456.00 1035.62 498.78 907.05 582.14 1065.27 617.80
00091935 00000245 760.07 204.54 391.21 543.15 921.42 414.18 1104.08 457.42 1033.36 498.70 903.77 582.46 1064.35 618.39
00091936 00000246 760.88 206.39 390.29 540.01 920.79 415.83 1101.09 460.57 1027.98 500.85 901.40 580.33 1062.02 617.60
00091937 00000247 760.27 205.63 390.93 539.80 919.70 414.73 1100.61 459.26 1026.13 500.28 900.07 579.21 1062.06 616.27
00091938 00000248 759.77 205.57 390.52 538.50 919.10 411.98 1102.59 457.31 1026.62 497.25 898.56 577.98 1062.80 615.75
00091939 00000249 760.36 205.90 389.81 538.39 919.44 410.80 1102.52 456.90 1026.64 496.95 898.01 576.97 1061.96 615.51
00091940 00000250 759.63 205.51 390.55 542.71 919.42 409.97 1100.52 456.13 1026.46 498.09 898.15 577.86 1060.55 616.22
00091941 00000251 757.82 204.37 391.46 546.15 920.14 411.07 1099.19 456.99 1027.25 499.41 897.95 579.14 1058.12 617.42
00091942 00000252 758.11 206.89 389.79 540.91 920.04 418.19 1100.12 463.17 1028.70 502.88 900.14 581.18 1060.20 618.70
CROP_BBOX: 535 0 1363 890
