Video ID: 	MettdyE3W2w
H: 	1080
W: 	1920
FPS: 	25.0

FRAME INDEX X0 Y0 W H [Landmarks (5 Points)]

00002060 00000000 376.26 127.56 443.78 583.16 488.19 364.03 702.62 347.44 602.12 461.68 516.79 559.89 713.51 546.80
00002061 00000001 374.14 121.36 443.79 585.58 484.34 359.51 702.89 343.33 598.89 454.66 512.69 555.43 713.15 542.70
00002062 00000002 373.35 120.75 443.38 583.09 483.80 357.17 702.40 341.62 597.82 450.70 511.78 553.15 712.20 540.75
00002063 00000003 372.92 120.39 442.20 582.28 483.44 357.19 702.50 341.61 598.06 449.87 511.81 552.91 712.29 540.54
00002064 00000004 373.09 121.73 441.45 582.95 483.49 357.70 701.22 342.25 597.53 450.41 512.17 553.60 711.85 541.36
00002065 00000005 371.99 121.88 442.91 585.64 482.68 358.60 700.25 342.57 597.00 451.47 512.89 556.07 711.54 543.42
00002066 00000006 373.80 129.31 439.28 576.54 483.72 362.43 701.11 346.16 597.77 455.80 515.45 559.79 710.92 546.48
00002067 00000007 372.83 135.77 439.80 575.33 484.25 370.21 697.54 350.42 598.62 465.62 518.80 566.86 709.97 550.64
00002068 00000008 372.72 140.14 439.33 576.67 485.00 376.77 694.52 354.79 599.39 472.28 521.76 571.58 709.84 553.72
00002069 00000009 370.66 141.66 442.08 581.61 486.19 380.96 693.66 358.27 600.66 476.09 524.08 576.22 707.98 558.02
00002070 00000010 370.35 145.66 443.66 589.23 484.91 384.44 691.86 360.53 599.18 479.96 525.23 583.66 707.04 564.55
00002071 00000011 376.89 150.97 437.03 587.87 490.44 384.36 694.17 367.66 607.05 473.68 524.96 585.23 704.18 570.48
00002072 00000012 379.23 150.33 434.60 579.35 493.62 378.07 696.43 362.00 609.23 463.98 527.93 579.35 702.42 564.64
00002073 00000013 381.92 145.64 435.13 581.11 496.01 373.64 696.20 357.79 610.66 458.58 530.22 574.13 702.92 559.18
00002074 00000014 379.82 129.52 440.01 582.93 491.43 362.76 699.06 346.01 602.74 457.94 530.98 569.37 706.43 556.19
00002075 00000015 381.46 123.45 440.18 583.12 494.61 357.57 703.05 342.36 606.85 453.57 534.00 565.08 707.34 553.40
00002076 00000016 385.70 124.42 438.01 577.40 498.23 356.08 706.63 341.41 610.86 450.98 536.78 562.56 709.72 551.00
00002077 00000017 392.83 129.04 437.12 573.66 505.79 357.30 708.55 342.68 618.30 445.71 543.36 565.77 704.41 551.71
00002078 00000018 394.14 129.87 437.54 577.08 507.77 359.22 711.48 343.14 622.53 447.75 547.99 570.09 708.61 554.62
00002079 00000019 395.40 130.69 438.01 573.15 509.90 364.48 712.47 346.58 625.34 454.76 552.47 573.07 715.10 556.14
00002080 00000020 396.27 138.26 440.66 571.45 512.84 369.50 715.54 351.80 629.16 461.57 556.50 581.06 715.50 564.22
00002081 00000021 401.18 149.88 434.34 574.91 515.56 376.13 712.99 356.91 632.29 467.76 561.66 589.77 714.67 571.89
00002082 00000022 402.32 156.43 432.18 577.09 518.86 383.99 714.68 362.79 636.50 480.17 570.34 600.75 717.23 581.53
00002083 00000023 403.15 162.00 432.94 581.76 522.82 393.10 718.82 374.30 640.51 491.11 568.78 607.45 721.88 590.64
00002084 00000024 401.67 166.38 437.19 581.55 524.10 398.51 719.51 380.84 640.76 497.85 569.02 611.17 723.99 595.58
00002085 00000025 402.43 166.72 437.23 580.21 524.24 397.71 719.22 380.03 640.20 496.96 568.67 609.49 723.66 593.76
00002086 00000026 402.74 163.51 435.72 579.15 522.79 392.19 719.04 373.04 639.99 490.54 569.65 606.41 721.94 589.17
00002087 00000027 401.38 158.95 436.12 578.08 520.79 384.50 719.25 365.86 638.96 482.90 569.52 602.82 718.43 585.71
00002088 00000028 400.98 153.06 437.11 576.19 517.49 378.73 714.09 360.80 633.34 472.83 564.05 593.01 714.17 576.17
00002089 00000029 400.40 143.11 442.07 576.07 519.83 369.57 720.63 354.36 636.20 464.62 563.46 586.25 716.13 571.34
00002090 00000030 401.31 130.00 443.13 578.66 519.55 359.32 722.00 343.41 635.67 457.29 564.00 576.43 717.25 560.47
00002091 00000031 400.42 127.54 443.43 574.58 520.25 354.57 724.88 339.22 636.58 448.61 564.01 570.48 719.59 554.71
00002092 00000032 400.93 122.70 444.47 575.26 521.18 352.10 726.32 337.49 637.59 444.28 565.19 566.79 721.69 551.36
00002093 00000033 400.91 123.06 444.56 574.12 521.41 351.32 726.86 337.02 638.07 443.80 565.89 566.72 722.13 551.51
00002094 00000034 401.53 122.98 444.04 575.12 521.44 352.57 726.63 337.74 637.61 444.33 565.75 567.33 722.40 551.70
00002095 00000035 402.04 124.98 443.38 573.31 522.36 353.46 726.77 338.16 638.25 444.51 567.67 568.88 722.52 552.88
00002096 00000036 402.63 124.54 442.76 574.49 522.51 354.73 727.47 339.69 638.95 445.48 567.45 569.53 723.87 553.70
00002097 00000037 402.39 126.89 443.18 577.25 522.79 356.56 727.81 341.81 639.09 448.83 566.33 571.62 723.27 556.30
00002098 00000038 402.94 130.35 442.20 577.88 523.08 358.95 727.21 344.05 639.78 452.08 565.57 574.03 723.69 558.89
00002099 00000039 401.37 135.47 444.11 578.55 522.39 359.32 725.95 344.87 639.17 452.07 565.39 576.28 721.40 561.73
00002100 00000040 401.28 136.66 444.02 579.04 522.90 359.73 725.46 345.47 638.95 452.76 565.32 576.37 720.49 562.07
00002101 00000041 402.07 136.11 442.88 577.43 523.04 359.76 726.06 345.90 639.13 453.52 564.83 575.93 720.92 561.97
00002102 00000042 402.63 134.97 441.89 576.29 523.10 360.92 726.53 346.83 639.81 454.94 564.79 575.69 722.67 561.46
00002103 00000043 404.02 134.00 440.76 576.86 524.16 362.13 727.60 348.79 641.03 456.76 565.14 575.98 724.42 562.33
00002104 00000044 403.96 134.84 441.09 577.17 524.56 363.31 727.89 349.86 641.87 458.34 565.44 576.70 726.03 562.91
00002105 00000045 404.38 134.10 440.95 577.59 524.72 363.76 727.50 349.10 641.93 457.98 566.56 576.41 726.57 561.55
00002106 00000046 403.91 134.65 441.35 576.05 524.57 364.03 727.59 349.07 641.95 458.15 566.65 576.50 726.51 561.39
00002107 00000047 403.93 133.74 441.20 576.55 524.32 364.60 727.90 349.97 641.73 457.83 565.75 576.06 727.37 561.17
00002108 00000048 403.83 133.93 441.32 576.10 523.97 364.69 727.91 349.99 641.39 456.25 564.66 575.16 728.70 560.19
00002109 00000049 403.36 132.67 440.98 575.11 524.04 363.98 727.88 349.78 641.02 454.80 563.58 573.11 728.55 558.73
00002110 00000050 403.22 133.41 440.11 574.37 522.75 362.96 727.73 348.71 639.26 452.26 559.56 570.25 729.72 555.92
00002111 00000051 401.68 130.35 440.69 574.11 520.69 361.91 726.94 348.87 637.24 450.18 553.31 565.65 729.85 552.53
00002112 00000052 400.51 127.96 441.59 575.75 518.23 359.77 726.00 347.26 634.30 448.17 548.39 562.00 729.09 549.28
00002113 00000053 399.33 128.16 440.07 572.12 516.03 359.31 722.69 347.54 630.35 447.83 541.77 557.81 725.56 546.00
00002114 00000054 395.20 125.81 439.02 574.26 509.24 351.81 722.53 344.25 621.64 444.77 532.80 549.06 724.23 542.67
00002115 00000055 392.91 122.16 437.00 576.95 501.26 350.46 714.80 340.82 613.48 441.56 524.24 544.84 721.05 537.06
00002116 00000056 387.17 120.00 437.52 576.58 495.34 348.46 707.36 338.39 605.80 437.92 515.92 538.11 716.48 530.34
00002117 00000057 381.91 117.29 439.41 576.17 488.51 344.43 701.83 334.46 596.90 429.09 508.47 533.21 711.22 525.34
00002118 00000058 379.39 116.24 440.04 571.97 483.94 340.52 700.01 332.24 590.49 422.61 500.92 527.64 708.38 520.56
00002119 00000059 381.93 113.73 438.32 572.29 483.43 336.98 699.08 330.05 587.15 418.87 498.04 524.84 705.14 518.61
00002120 00000060 384.99 111.99 438.33 573.89 484.27 333.56 701.02 327.00 587.76 415.55 498.53 523.92 705.95 518.00
00002121 00000061 389.17 111.06 437.44 573.86 486.52 331.57 703.56 325.23 590.40 412.27 502.45 524.55 706.80 518.94
00002122 00000062 392.86 109.69 438.72 576.23 492.82 329.15 710.86 325.00 598.66 409.75 508.94 523.50 712.74 519.53
00002123 00000063 397.44 108.52 442.53 579.31 498.58 327.97 718.49 326.15 606.11 411.10 514.44 524.68 720.14 522.60
00002124 00000064 399.82 108.63 446.46 580.67 506.82 326.01 725.93 327.91 615.52 412.24 521.87 524.58 726.20 525.21
00002125 00000065 404.34 107.39 446.62 585.23 513.13 326.19 733.40 330.78 621.17 415.47 524.57 526.40 728.84 529.20
00002126 00000066 404.05 111.94 449.16 581.79 518.38 330.04 736.18 336.16 624.11 419.98 528.64 528.99 728.15 533.02
00002127 00000067 402.50 113.10 448.72 583.79 520.96 337.30 737.12 342.53 628.21 429.44 532.11 535.17 729.54 538.79
00002128 00000068 401.23 115.23 447.57 586.62 522.42 343.62 737.48 349.66 627.90 441.92 532.64 542.34 726.50 547.18
00002129 00000069 399.02 119.42 449.73 584.80 524.42 346.82 735.61 353.33 626.95 447.23 535.20 545.12 721.11 550.54
00002130 00000070 402.69 128.34 445.97 581.36 524.67 355.94 733.75 359.57 632.67 457.14 536.94 552.98 722.40 554.12
00002131 00000071 403.14 141.01 444.49 579.51 525.15 362.88 731.57 364.93 633.65 464.69 538.00 561.97 720.14 562.22
00002132 00000072 403.37 146.62 442.11 580.53 524.15 370.27 727.82 371.13 632.86 472.03 538.61 569.04 719.39 568.24
00002133 00000073 401.46 150.03 444.03 583.96 523.61 374.27 726.30 375.59 632.67 477.05 535.22 572.92 717.76 572.52
00002134 00000074 399.86 155.50 445.49 582.78 523.52 377.04 726.16 377.85 632.83 478.43 536.54 577.04 716.75 576.43
00002135 00000075 399.70 158.78 443.97 588.23 524.54 381.02 722.30 381.42 632.53 481.56 535.87 581.11 715.71 580.51
00002136 00000076 398.87 158.54 445.28 590.92 521.75 378.38 723.20 379.47 630.60 482.41 535.30 583.22 715.40 583.17
00002137 00000077 399.46 157.04 445.98 595.01 522.11 379.92 725.33 383.75 630.68 485.27 534.19 587.04 713.74 589.02
00002138 00000078 399.36 157.53 447.67 594.33 523.02 383.42 725.95 387.03 629.94 489.50 535.11 589.36 712.04 591.15
00002139 00000079 400.57 159.82 445.77 592.69 524.41 388.07 724.68 389.02 630.87 494.59 539.11 593.58 711.49 593.29
00002140 00000080 400.06 160.99 446.24 592.61 525.83 392.24 725.99 392.27 633.01 499.36 541.87 597.27 713.76 596.36
00002141 00000081 400.54 163.24 446.65 591.91 527.07 394.81 728.20 395.18 634.05 506.46 542.18 598.54 717.08 597.94
00002142 00000082 401.54 161.26 444.22 594.44 528.89 397.16 730.82 398.15 636.98 508.16 543.71 600.65 720.37 600.58
00002143 00000083 403.91 164.54 444.29 592.69 530.55 397.65 733.79 398.78 637.26 509.52 545.32 602.23 722.32 602.24
00002144 00000084 404.58 166.02 443.65 592.40 531.45 399.25 736.22 400.00 639.26 513.06 548.05 605.17 726.74 604.88
00002145 00000085 405.47 169.81 441.97 589.23 532.83 402.20 737.26 402.78 640.96 515.01 549.05 606.63 729.43 606.51
00002146 00000086 405.57 169.42 443.41 589.66 533.82 403.30 738.49 404.18 641.87 515.71 548.73 606.31 730.48 606.47
00002147 00000087 405.27 166.82 445.27 591.91 534.09 401.63 739.41 403.89 641.58 514.28 546.76 603.98 729.80 605.11
00002148 00000088 405.33 164.89 449.06 592.21 533.13 400.24 739.14 403.81 639.83 512.12 545.30 602.34 727.66 604.34
00002149 00000089 406.38 164.21 450.33 594.47 534.33 398.73 739.40 403.11 639.30 508.77 544.70 600.35 726.48 602.83
00002150 00000090 406.22 162.92 452.93 596.56 533.80 395.83 739.37 399.71 639.08 506.06 545.20 598.77 727.59 600.67
00002151 00000091 407.55 160.56 452.61 598.05 536.38 394.02 741.00 398.18 641.63 504.22 546.54 597.30 728.37 599.45
00002152 00000092 408.94 159.68 452.31 598.35 538.56 393.19 742.92 397.57 644.74 504.18 547.53 595.27 730.61 597.55
00002153 00000093 409.51 159.20 454.50 598.62 540.32 391.80 744.17 395.86 647.30 503.56 548.84 594.24 731.14 596.31
00002154 00000094 411.05 157.80 454.64 600.00 541.36 391.22 745.03 395.06 647.97 502.76 550.86 595.22 731.89 596.97
00002155 00000095 411.32 156.23 455.06 601.29 541.43 390.82 745.45 395.37 648.04 502.37 551.12 596.20 731.18 598.48
00002156 00000096 412.74 154.53 453.42 602.11 541.58 389.23 746.00 394.74 647.59 499.80 550.38 595.36 731.00 598.38
00002157 00000097 413.79 149.98 452.02 606.19 539.75 387.62 744.48 393.16 646.05 493.73 549.44 594.52 729.89 597.87
00002158 00000098 412.96 147.51 453.05 604.37 538.27 383.67 744.57 389.47 645.55 486.30 549.81 592.76 728.68 595.84
00002159 00000099 411.60 147.43 451.03 600.25 536.01 377.09 744.51 382.09 645.52 482.40 550.18 592.50 727.25 594.75
00002160 00000100 409.70 143.78 451.55 597.42 532.54 370.66 747.12 376.86 643.25 476.26 548.50 589.41 726.39 592.58
00002161 00000101 409.59 142.26 448.31 593.93 531.63 367.35 746.73 374.19 641.37 470.72 546.31 586.36 724.39 590.17
00002162 00000102 407.31 140.28 447.57 594.72 531.21 362.33 745.71 371.57 640.88 464.64 546.31 580.66 722.61 586.46
00002163 00000103 404.44 136.95 450.59 598.33 528.45 358.06 742.50 366.52 639.04 460.27 546.02 577.42 721.23 582.30
00002164 00000104 402.36 132.04 449.89 600.15 526.79 355.67 739.21 362.85 636.13 453.84 543.79 572.58 719.86 576.35
00002165 00000105 401.39 128.76 448.70 597.50 525.20 353.24 737.55 360.92 633.95 450.54 540.59 566.80 718.56 571.21
00002166 00000106 399.51 124.99 448.79 594.48 523.06 351.11 736.42 359.20 632.16 448.24 538.22 562.22 717.28 567.16
00002167 00000107 394.84 118.15 450.26 594.01 519.63 346.37 735.39 356.06 623.22 445.13 532.20 554.94 714.01 563.29
00002168 00000108 394.24 116.99 448.98 589.97 517.93 342.73 733.67 353.74 622.12 440.42 530.15 550.36 713.70 559.40
00002169 00000109 394.21 115.61 447.01 585.37 516.27 337.19 731.64 350.09 620.12 433.47 527.98 545.86 709.87 556.39
00002170 00000110 396.51 113.39 444.08 584.04 516.77 330.47 730.13 345.53 618.86 424.22 525.98 538.41 706.95 550.50
00002171 00000111 395.95 110.32 443.58 582.59 516.33 324.31 728.72 340.18 619.50 415.39 524.26 532.12 703.17 544.68
00002172 00000112 394.35 110.47 443.26 577.05 513.53 318.28 728.22 332.62 617.96 408.13 523.74 529.19 701.18 540.66
00002173 00000113 395.77 107.08 442.23 580.11 513.22 317.10 726.87 331.34 616.22 405.72 522.05 526.61 700.30 537.83
00002174 00000114 394.73 104.30 442.42 580.49 511.29 316.66 726.40 329.87 615.59 404.58 519.49 524.69 702.20 534.91
CROP_BBOX: 159 0 1076 890
