Video ID: 	_Pd22yOcqdQ
H: 	1080
W: 	1920
FPS: 	29.97002997002997

FRAME INDEX X0 Y0 W H [Landmarks (5 Points)]

00023016 00000000 768.56 183.49 404.96 655.06 813.96 460.07 987.79 451.47 857.49 574.57 845.18 681.30 994.60 674.25
00023017 00000001 762.93 188.40 404.73 652.54 809.12 466.98 980.97 460.55 848.90 582.73 839.03 685.11 986.50 679.59
00023018 00000002 760.38 196.55 405.50 652.94 807.35 470.88 975.90 464.65 844.98 589.90 839.27 692.58 982.08 687.13
00023019 00000003 759.34 201.64 401.90 645.83 804.38 475.24 971.55 468.08 843.45 594.25 839.28 696.86 977.35 690.49
00023020 00000004 753.79 191.59 403.47 663.74 797.25 474.61 967.04 458.86 836.29 587.98 835.37 708.04 974.71 693.84
00023021 00000005 752.53 193.21 401.76 661.30 796.94 475.39 968.99 460.54 839.60 591.53 834.04 708.75 974.57 695.27
00023022 00000006 752.96 197.68 401.25 660.23 797.15 477.45 971.21 461.05 841.67 593.21 832.51 710.00 977.54 695.46
00023023 00000007 752.87 198.26 402.55 661.77 798.90 477.81 972.75 462.26 842.36 593.45 832.72 708.60 980.95 694.60
00023024 00000008 753.03 197.12 402.19 662.87 800.09 477.36 973.67 463.06 844.22 595.29 834.47 707.30 986.50 694.05
00023025 00000009 753.27 199.30 404.76 658.84 801.25 478.26 976.45 462.00 847.75 594.71 837.33 708.12 989.83 693.15
00023026 00000010 752.37 194.96 405.98 659.88 803.87 477.70 978.26 461.67 850.91 593.20 841.33 706.25 991.77 691.41
00023027 00000011 753.75 201.80 408.27 651.34 813.92 483.11 986.81 468.15 860.94 589.27 848.10 702.02 991.08 689.92
00023028 00000012 754.96 190.86 408.26 657.71 814.71 476.43 989.47 465.12 861.21 585.98 847.39 694.94 994.31 685.81
00023029 00000013 758.88 185.51 408.83 656.10 815.77 470.65 993.45 458.22 864.81 577.06 848.33 690.24 997.52 680.28
00023030 00000014 762.09 182.79 405.64 650.39 816.19 462.45 992.98 448.06 865.04 566.60 849.13 682.95 995.76 671.63
00023031 00000015 767.20 171.10 401.19 652.22 816.86 449.84 990.99 433.16 862.83 550.50 850.67 671.12 998.59 657.37
00023032 00000016 767.42 168.13 406.45 640.45 815.33 436.14 992.24 417.83 857.94 533.49 842.61 657.75 994.42 642.70
00023033 00000017 768.36 160.27 406.27 628.01 814.21 425.89 988.00 407.63 854.65 517.16 840.19 644.74 987.71 629.00
00023034 00000018 769.82 147.81 403.60 624.07 818.78 411.21 990.28 395.27 859.44 500.05 843.88 633.50 988.19 619.51
00023035 00000019 771.71 141.49 399.01 621.43 822.19 400.32 997.79 381.76 865.50 481.09 843.65 624.00 991.06 608.73
00023036 DELETE   776.47 139.37 397.90 613.74 828.46 388.62 1001.18 369.31 867.51 463.50 845.36 614.26 991.25 598.55
00023037 00000021 788.00 125.57 393.83 612.09 829.72 380.76 1006.61 363.13 864.37 450.06 845.50 596.80 983.44 583.50
00023038 00000022 789.34 120.14 396.88 611.23 834.32 375.44 1010.08 356.33 865.84 439.13 847.79 585.66 989.93 571.08
00023039 00000023 793.16 117.12 399.56 614.97 838.56 370.64 1015.16 351.58 869.83 437.39 850.39 579.60 998.72 564.64
00023040 00000024 796.52 111.13 402.53 627.63 841.10 369.99 1019.45 348.99 873.22 437.82 852.30 578.92 1004.79 562.27
00023041 00000025 798.29 105.98 403.88 640.48 844.49 371.22 1021.56 349.79 875.74 439.90 856.23 581.62 1007.13 564.53
00023042 00000026 800.96 109.93 402.72 640.27 849.28 374.11 1021.93 350.24 883.84 438.91 864.95 585.24 1007.77 565.99
00023043 00000027 800.46 130.71 393.67 610.14 846.45 376.61 1015.82 356.58 879.04 444.37 864.31 593.76 1005.57 577.06
00023044 00000028 800.12 130.30 395.16 612.09 845.40 379.49 1016.08 359.92 878.97 452.26 863.98 597.26 1009.83 580.53
00023045 00000029 798.99 134.89 396.69 609.31 844.32 381.39 1014.89 361.31 877.02 458.25 865.72 602.71 1010.73 585.69
00023046 00000030 796.79 131.87 400.86 618.74 841.83 385.05 1013.56 364.84 873.88 465.51 863.00 609.85 1009.93 592.67
00023047 00000031 795.87 127.73 400.41 629.64 840.82 389.83 1011.77 371.13 872.45 472.58 861.84 615.31 1010.17 599.24
00023048 00000032 792.68 128.49 402.07 636.98 838.87 394.17 1009.84 375.65 870.57 476.64 859.84 619.83 1010.36 603.65
00023049 00000033 789.66 136.83 404.90 635.42 836.26 399.70 1006.20 381.43 868.63 483.37 858.98 623.31 1010.46 607.13
00023050 00000034 785.31 141.83 400.56 635.93 833.33 404.81 1002.35 389.81 868.86 494.87 857.65 627.71 1006.76 614.11
00023051 00000035 786.35 147.45 395.29 638.56 831.93 412.19 994.03 393.40 866.15 501.37 860.54 638.74 997.42 622.42
00023052 00000036 783.37 156.33 397.91 633.46 830.27 416.86 994.92 398.65 866.10 506.28 858.25 646.00 992.26 630.83
00023053 00000037 777.61 163.23 403.35 636.07 823.40 423.39 995.57 405.54 864.14 520.56 852.71 653.19 996.24 638.49
00023054 00000038 776.01 165.03 404.34 640.56 820.06 431.58 994.23 415.53 856.92 532.00 847.80 657.92 995.29 644.60
00023055 00000039 776.24 169.53 402.00 644.83 818.93 440.08 989.92 425.66 856.07 543.95 847.68 665.65 991.08 653.91
00023056 00000040 770.49 177.16 405.93 641.71 816.39 452.51 987.44 433.91 856.29 549.75 848.14 675.42 988.47 660.59
00023057 00000041 765.83 180.75 409.34 640.48 815.04 461.79 983.79 442.41 857.31 559.67 851.20 681.18 987.77 665.67
00023058 00000042 760.37 189.95 410.68 636.72 813.17 465.02 985.69 450.85 859.41 568.94 848.37 685.49 985.90 674.69
00023059 00000043 758.77 192.28 409.78 639.36 812.07 468.52 984.57 455.39 858.32 575.56 848.90 690.33 986.68 680.23
00023060 00000044 758.63 188.23 407.97 643.14 812.89 468.83 984.24 456.95 858.13 575.68 849.18 690.64 984.99 681.50
00023061 00000045 758.67 188.38 408.69 638.50 812.32 467.66 984.38 455.66 858.68 574.39 848.32 687.89 985.22 678.66
00023062 00000046 759.31 188.24 411.85 638.62 812.33 464.74 986.05 448.98 860.48 568.47 848.54 684.11 989.40 671.87
00023063 00000047 763.49 178.91 409.96 651.74 812.06 460.10 987.45 440.81 859.36 566.49 848.66 682.34 997.24 666.50
00023064 00000048 766.27 175.89 408.77 661.11 813.69 454.93 991.53 435.07 859.15 559.28 847.00 679.63 1001.07 663.10
00023065 00000049 768.46 174.52 409.04 659.17 817.93 448.99 993.20 428.62 860.45 552.61 852.87 676.44 1001.64 659.39
00023066 00000050 772.05 173.86 408.64 653.99 822.79 443.17 993.44 423.27 862.69 544.85 856.82 672.29 999.51 655.96
00023067 00000051 775.67 175.16 403.31 648.81 825.36 440.71 995.09 421.60 865.71 543.23 858.40 667.81 1002.87 652.34
00023068 00000052 778.31 174.47 400.59 650.67 827.32 440.91 996.47 422.12 867.90 543.67 859.37 666.54 1006.01 651.27
00023069 00000053 779.44 175.26 400.93 656.26 827.77 441.89 997.29 421.48 867.87 545.00 860.35 669.58 1009.31 652.87
00023070 00000054 778.42 174.73 401.96 660.57 828.28 443.96 998.13 422.25 869.22 545.29 861.43 673.11 1009.29 655.36
00023071 00000055 772.56 178.55 399.54 658.97 825.69 451.92 997.67 431.33 872.70 549.71 863.57 686.41 1010.82 668.22
00023072 00000056 771.32 182.50 400.67 660.35 823.80 456.70 994.12 434.42 870.09 555.63 863.46 693.54 1007.77 673.97
00023073 00000057 766.96 185.28 405.82 664.65 818.12 464.28 989.85 438.96 866.33 565.80 861.45 699.25 1009.89 676.56
00023074 00000058 761.33 187.04 411.35 671.00 816.07 471.39 985.49 445.28 867.29 571.63 861.97 704.49 1010.28 681.09
00023075 00000059 756.28 187.25 415.68 675.83 813.00 474.68 984.90 451.79 863.29 581.94 860.77 707.18 1011.32 686.09
00023076 00000060 754.04 196.42 416.58 667.86 808.64 476.48 982.69 456.12 858.80 590.83 856.87 709.67 1008.12 690.95
00023077 00000061 753.90 208.85 414.74 658.91 806.12 483.93 980.16 463.17 858.90 600.51 854.06 714.93 1003.84 696.24
00023078 00000062 751.15 210.12 416.39 662.59 804.34 488.34 977.57 472.12 856.63 610.95 848.09 719.72 995.19 705.25
00023079 00000063 744.45 217.05 422.24 654.45 801.63 502.77 977.15 481.77 855.45 618.14 845.45 722.94 992.89 705.33
00023080 00000064 744.11 218.02 416.61 655.48 799.40 508.99 973.98 491.39 850.41 622.22 840.00 725.14 989.64 710.28
00023081 00000065 741.01 222.33 418.03 661.28 798.60 519.22 969.67 501.18 848.83 625.22 842.70 734.43 985.58 719.23
00023082 00000066 740.38 224.60 413.60 665.54 799.03 523.46 965.91 501.05 848.86 625.40 848.13 739.01 986.73 720.14
00023083 00000067 742.09 227.05 410.71 663.31 798.95 523.21 966.94 501.29 847.21 624.97 848.04 738.75 987.67 720.33
00023084 00000068 741.42 222.48 411.82 660.53 798.91 516.64 967.55 497.35 845.88 619.21 844.65 735.16 983.77 718.96
00023085 00000069 742.71 218.31 413.07 651.00 799.22 505.25 971.22 487.13 847.42 612.02 839.73 724.04 981.33 708.87
00023086 00000070 745.48 207.47 413.37 645.69 799.58 493.92 969.50 472.53 845.81 598.42 844.45 716.61 981.49 698.25
00023087 00000071 751.79 202.60 403.07 640.68 805.72 482.58 970.84 469.43 851.42 591.57 846.88 704.58 973.10 693.77
00023088 00000072 757.91 196.11 404.24 634.17 808.37 472.24 974.51 458.74 851.63 576.61 844.84 693.17 974.44 682.37
00023089 00000073 763.72 184.30 402.26 637.38 810.47 462.48 974.47 446.47 849.36 560.36 843.67 682.78 973.59 670.26
00023090 00000074 764.17 175.18 402.33 633.75 809.82 450.68 974.45 435.19 846.77 547.23 841.33 668.59 973.50 655.98
00023091 00000075 767.60 163.39 405.78 634.21 810.55 437.17 979.27 425.09 846.61 537.09 836.70 656.05 975.52 646.05
00023092 00000076 767.58 154.82 407.23 636.40 810.72 427.07 982.33 410.92 844.56 521.63 834.35 646.31 979.52 632.24
00023093 00000077 769.23 151.13 404.22 632.02 813.62 416.47 983.87 398.57 847.95 507.02 837.20 638.57 979.87 622.78
00023094 00000078 771.67 148.10 401.22 616.52 815.99 406.06 988.06 388.88 855.84 495.20 839.77 630.23 983.75 615.22
00023095 00000079 773.37 142.56 399.58 614.17 822.01 399.88 994.00 382.51 860.17 480.64 841.87 620.79 988.93 606.17
00023096 00000080 777.65 141.12 400.33 611.64 827.54 391.97 998.43 375.32 863.95 471.25 844.99 613.97 991.19 600.43
00023097 00000081 781.37 142.71 398.64 608.94 832.44 385.87 1003.13 368.45 868.04 463.50 849.18 609.50 994.83 595.28
00023098 00000082 782.14 143.93 398.10 613.07 835.42 381.60 1006.32 362.79 871.13 457.31 853.51 607.12 1000.96 591.41
00023099 00000083 783.28 143.86 398.96 615.49 836.61 378.86 1008.13 359.90 872.46 454.60 856.01 605.02 1006.86 588.76
00023100 00000084 783.76 141.78 397.45 615.71 837.21 379.27 1010.08 358.93 873.88 451.57 856.32 604.04 1007.58 586.64
00023101 00000085 784.69 140.21 395.08 615.76 838.16 377.00 1011.58 359.21 875.83 444.98 854.74 599.26 1007.32 584.05
00023102 00000086 784.88 138.07 396.67 609.97 839.49 374.10 1015.09 355.85 878.06 435.98 854.15 593.18 1007.73 577.57
00023103 00000087 786.47 128.55 396.73 606.27 840.63 367.88 1018.67 354.88 878.11 432.76 852.04 580.66 1007.51 569.35
00023104 00000088 787.61 122.48 401.47 606.31 841.32 363.70 1022.21 346.63 879.00 423.93 854.63 576.94 1005.62 562.76
00023105 00000089 789.00 111.43 408.27 614.97 839.66 362.36 1018.73 346.42 872.50 429.67 847.32 569.22 1005.54 556.21
00023106 00000090 790.83 109.43 407.11 614.86 841.76 361.82 1020.99 347.23 874.83 429.01 848.26 566.80 1005.69 555.19
00023107 00000091 792.50 110.48 405.89 615.04 842.92 360.79 1022.62 349.76 877.36 431.76 848.87 565.65 1007.13 556.94
00023108 00000092 792.37 116.94 404.43 610.43 844.93 364.42 1020.71 351.59 878.34 433.84 851.80 568.57 1005.43 558.72
00023109 00000093 789.31 112.69 406.80 617.27 842.05 367.44 1022.83 359.83 879.05 443.36 848.11 570.22 1006.09 564.28
00023110 00000094 789.83 130.72 401.88 607.87 841.13 374.19 1023.09 362.80 881.65 446.33 851.41 584.34 1013.52 573.99
00023111 00000095 791.36 131.53 396.39 620.36 841.38 381.58 1021.55 371.41 882.50 461.55 853.04 593.98 1015.81 584.44
00023112 00000096 787.24 133.50 402.52 627.65 841.20 388.45 1014.26 380.18 880.93 477.66 856.05 605.87 1014.78 597.49
00023113 00000097 778.44 143.41 406.17 626.58 838.35 396.75 1014.56 389.28 884.88 489.26 857.09 616.73 1015.29 609.04
00023114 00000098 778.15 144.99 405.09 635.03 834.20 409.40 1009.35 401.81 879.69 508.43 855.81 629.04 1012.07 620.92
00023115 00000099 780.00 158.01 403.86 628.12 834.60 419.20 1011.96 416.17 883.40 526.67 855.41 636.96 1012.11 632.97
00023116 00000100 779.46 159.32 404.21 639.02 829.16 429.42 1011.59 425.02 880.21 542.00 855.72 649.75 1016.22 644.95
00023117 00000101 776.02 168.21 406.18 643.76 828.58 438.13 1006.51 433.58 878.05 555.02 859.15 659.48 1017.51 654.74
00023118 00000102 774.11 171.46 407.50 652.33 824.84 448.19 1005.75 441.72 875.04 564.62 854.92 669.14 1016.12 663.18
00023119 00000103 769.19 181.46 411.96 650.60 820.35 455.32 1002.64 449.33 872.92 575.75 851.15 675.30 1013.62 669.97
00023120 00000104 764.58 184.25 413.73 653.76 817.30 461.82 1000.59 456.02 871.29 583.01 848.32 681.52 1009.32 676.58
00023121 00000105 761.51 186.47 412.45 652.97 817.47 469.18 998.00 461.71 871.21 584.54 849.10 685.68 1006.67 679.69
00023122 00000106 759.98 186.58 410.94 649.42 817.08 470.14 995.64 463.52 869.62 583.94 848.35 684.72 1002.97 679.51
00023123 00000107 760.43 185.97 408.42 646.56 816.90 469.75 992.70 464.52 866.90 584.41 848.66 685.80 997.74 681.81
00023124 00000108 758.97 186.30 409.46 645.18 815.97 469.36 993.32 464.48 866.91 583.00 846.79 683.94 998.41 680.18
00023125 00000109 759.26 187.36 408.74 643.96 816.63 469.24 993.29 464.74 866.84 583.25 847.34 683.66 997.82 680.22
00023126 00000110 760.63 190.21 407.81 639.88 818.74 468.39 993.40 464.22 868.38 580.47 849.74 683.36 996.69 680.49
00023127 00000111 763.93 187.89 406.32 641.54 821.57 463.19 994.55 460.24 867.36 575.61 851.47 682.06 993.64 680.17
00023128 00000112 770.17 189.09 400.28 633.88 825.55 453.55 995.18 449.99 868.61 561.12 852.76 674.00 992.02 671.84
00023129 00000113 778.18 176.92 391.94 636.73 826.90 439.80 1001.20 437.06 867.30 545.32 848.02 660.68 991.84 659.19
00023130 DELETE   774.03 169.27 399.18 615.86 830.63 419.05 1005.16 418.85 871.21 518.12 843.48 634.13 994.36 633.25
00023131 DELETE   776.51 163.46 399.61 599.06 837.29 396.50 1010.04 394.50 877.42 476.98 845.48 614.05 992.30 612.58
00023132 DELETE   782.10 149.93 398.31 596.90 846.11 372.79 1020.31 377.19 883.23 451.05 845.33 585.49 996.32 589.76
00023133 00000117 789.97 132.90 396.34 596.17 850.11 359.16 1024.76 359.58 882.82 430.38 847.89 568.48 1000.67 570.14
00023134 00000118 790.86 123.98 401.66 594.35 849.77 353.62 1029.53 346.69 886.01 415.40 852.75 559.96 1008.99 555.59
00023135 00000119 794.62 114.03 407.94 603.70 857.62 347.52 1037.79 342.88 893.64 414.63 853.81 556.21 1008.99 553.58
00023136 00000120 793.85 114.89 411.50 598.45 859.61 343.61 1043.46 334.80 893.74 403.43 853.86 551.69 1011.92 545.61
00023137 00000121 795.75 108.75 413.62 599.51 862.34 336.24 1047.39 329.40 894.98 396.54 855.66 544.32 1015.62 539.59
00023138 00000122 798.99 107.10 410.98 591.92 863.38 332.62 1049.65 324.65 898.74 391.14 858.96 539.52 1019.05 533.83
00023139 00000123 801.33 109.58 410.38 581.31 866.31 328.07 1051.69 323.88 898.90 388.87 858.26 532.88 1018.03 530.40
00023140 00000124 803.11 108.60 410.65 575.69 866.81 324.22 1052.97 322.40 900.03 384.58 859.77 528.84 1019.79 528.32
00023141 00000125 802.13 109.32 411.20 572.25 867.16 323.32 1053.21 322.04 900.59 381.14 857.93 527.16 1016.77 527.25
00023142 00000126 802.99 106.83 413.42 574.55 868.48 322.00 1055.31 319.68 900.18 378.59 857.52 524.82 1017.27 524.11
00023143 00000127 803.74 108.09 414.50 569.78 869.58 320.23 1055.98 318.56 898.41 376.29 855.61 521.22 1015.70 521.04
00023144 00000128 805.32 110.91 412.17 566.18 872.75 317.26 1056.72 317.19 899.15 374.89 855.19 518.36 1014.25 519.70
00023145 00000129 805.78 107.87 410.25 568.23 872.14 315.58 1056.38 313.74 899.20 373.12 855.67 519.31 1013.24 519.35
00023146 00000130 805.41 107.47 411.01 570.21 870.47 317.13 1054.21 315.94 897.30 375.44 855.64 520.60 1012.93 521.01
00023147 00000131 802.81 106.37 409.50 574.64 868.07 319.91 1049.74 318.47 896.12 376.48 855.08 525.53 1009.19 525.55
00023148 00000132 799.33 108.91 414.01 576.73 864.26 325.28 1047.43 321.91 892.51 381.49 852.44 531.66 1006.62 529.70
00023149 00000133 795.75 110.95 415.75 574.73 860.87 331.38 1044.47 331.39 888.08 389.16 848.01 533.15 1002.50 533.84
00023150 00000134 792.44 111.82 414.60 578.50 855.42 337.91 1038.79 341.37 885.47 399.26 843.04 538.30 996.73 541.82
00023151 00000135 791.05 110.07 412.12 587.33 851.84 346.91 1034.61 352.24 884.47 413.76 843.10 547.23 996.66 552.07
00023152 00000136 791.82 119.97 404.99 590.31 849.31 356.12 1032.89 358.70 882.87 429.29 843.75 562.47 996.51 565.20
00023153 00000137 791.72 136.33 399.02 601.84 850.32 365.92 1028.43 362.17 893.24 435.48 855.78 581.39 1005.17 579.41
00023154 00000138 790.67 136.43 399.21 630.11 858.12 379.07 1033.18 368.15 907.08 454.26 875.24 606.34 1019.50 597.99
00023155 00000139 791.35 139.29 403.72 647.10 865.16 386.45 1045.67 373.44 921.51 469.12 886.97 620.64 1038.32 609.59
00023156 00000140 794.00 141.58 403.53 648.16 869.20 394.28 1052.00 381.77 932.31 476.67 890.73 626.26 1044.95 616.06
00023157 00000141 789.88 143.56 405.95 647.60 865.85 397.94 1047.67 388.78 930.10 488.06 889.09 628.47 1041.91 621.08
00023158 00000142 785.25 147.96 406.35 637.74 860.51 403.87 1039.76 395.96 920.89 494.47 881.07 627.37 1033.16 620.63
00023159 00000143 784.24 147.06 403.34 640.94 849.84 405.23 1028.65 403.25 901.92 504.66 862.46 626.58 1022.13 624.24
00023160 00000144 783.36 145.74 401.42 649.82 845.64 407.57 1024.23 406.62 893.69 510.71 855.21 628.69 1018.53 626.73
00023161 00000145 783.70 152.81 401.19 639.76 843.69 410.06 1024.26 411.93 891.16 517.33 854.12 631.67 1015.03 632.15
00023162 00000146 785.89 159.89 399.98 634.46 846.72 417.91 1023.50 415.13 897.19 521.42 865.09 638.20 1018.35 635.37
00023163 00000147 787.30 159.34 402.87 646.64 847.69 428.52 1024.93 420.50 901.33 532.16 871.81 651.08 1023.64 643.93
00023164 00000148 786.84 156.48 405.74 659.27 849.50 435.88 1026.73 424.47 905.44 542.22 880.14 662.16 1029.46 652.15
00023165 00000149 785.38 162.39 409.11 661.92 848.81 439.38 1028.76 429.66 906.49 550.64 878.74 667.24 1032.53 658.65
00023166 00000150 785.95 163.96 407.26 666.65 843.23 442.92 1029.23 434.75 901.06 557.97 869.62 670.47 1033.20 663.00
00023167 00000151 783.54 169.55 408.83 658.02 843.04 444.74 1025.21 439.44 898.79 563.26 870.09 672.47 1027.47 667.50
00023168 00000152 782.52 169.43 407.93 658.78 841.64 448.81 1023.29 445.50 897.28 570.99 870.43 677.19 1025.32 673.98
00023169 00000153 781.10 174.11 412.09 662.91 840.05 453.91 1023.97 447.06 898.23 576.86 871.24 686.76 1025.79 680.79
00023170 00000154 777.06 180.38 414.68 667.06 833.93 461.03 1023.10 454.60 894.72 591.51 864.27 688.18 1031.89 682.16
00023171 00000155 775.75 183.87 415.12 661.90 832.94 467.10 1022.01 462.81 892.70 599.65 864.13 691.52 1030.27 687.14
00023172 00000156 771.04 188.86 418.39 660.15 830.02 474.16 1018.40 464.99 891.51 605.88 865.94 698.22 1029.26 689.92
00023173 00000157 769.77 195.34 409.37 655.98 825.69 479.45 1008.16 467.00 891.75 605.11 874.63 708.95 1026.58 696.79
00023174 00000158 769.89 204.60 407.46 654.75 825.84 485.05 1004.47 473.37 892.03 614.07 875.51 718.27 1024.21 707.04
00023175 00000159 768.66 205.68 408.82 663.77 825.34 493.32 1003.09 484.80 890.30 626.18 873.94 727.31 1020.68 719.02
00023176 00000160 763.45 216.31 417.42 661.67 822.21 504.55 1001.07 493.31 887.40 636.25 876.31 736.95 1024.90 726.76
00023177 00000161 760.93 232.10 420.04 650.92 816.76 514.39 998.09 501.28 883.49 647.23 874.41 744.71 1026.45 733.10
00023178 00000162 758.86 238.07 418.44 645.13 814.74 525.62 995.10 516.19 882.36 661.93 869.65 748.21 1022.50 739.40
CROP_BBOX: 430 0 1528 1047
