Video ID: 	rH5q0OBRDzI
H: 	1080
W: 	1920
FPS: 	24.0

FRAME INDEX X0 Y0 W H [Landmarks (5 Points)]

00000683 00000000 610.45 312.57 463.10 578.55 660.96 524.85 819.52 492.78 710.72 666.61 767.06 764.27 894.83 734.36
00000684 00000001 608.41 311.56 464.33 583.11 657.82 525.39 813.71 496.71 706.67 673.64 769.63 766.45 893.02 739.52
00000685 00000002 612.75 302.32 459.28 593.23 658.28 527.75 807.27 500.75 700.20 674.12 770.42 767.81 889.96 742.14
00000686 00000003 612.90 302.83 460.15 591.28 659.05 525.80 806.47 499.14 698.03 671.28 770.09 765.92 888.81 740.43
00000687 00000004 610.42 311.15 457.15 575.67 663.29 522.59 813.36 493.80 708.07 657.68 771.26 753.71 878.52 727.41
00000688 00000005 613.97 308.11 457.68 571.45 663.40 511.97 810.56 482.74 698.43 645.83 764.63 747.85 886.47 719.77
00000689 00000006 626.20 287.46 460.23 572.58 669.53 495.43 821.23 473.15 701.19 642.19 758.12 727.09 873.30 706.28
00000690 00000007 625.81 266.42 462.17 588.44 668.34 493.38 828.16 466.39 708.04 637.25 757.17 724.93 878.64 700.45
00000691 00000008 628.23 273.43 463.45 587.72 671.85 496.02 832.00 468.85 711.85 640.08 761.88 730.52 880.42 705.72
00000692 00000009 627.89 276.82 468.69 591.55 674.93 499.33 832.40 468.76 714.08 641.15 768.98 737.76 882.22 710.13
00000693 00000010 628.85 278.89 467.95 596.71 678.00 502.47 835.66 468.79 716.43 641.01 771.12 742.04 886.39 711.99
00000694 00000011 627.03 276.70 469.38 597.39 677.43 501.01 840.05 467.71 720.92 641.03 769.28 741.51 888.68 711.91
00000695 00000012 631.64 277.43 466.50 594.62 682.13 499.99 847.15 464.00 726.90 635.43 773.27 740.82 896.52 708.62
00000696 00000013 632.49 275.41 469.78 599.59 685.81 498.94 851.78 460.93 734.39 632.35 777.34 741.49 901.85 707.42
00000697 00000014 633.12 270.33 469.49 599.24 686.46 498.80 855.93 461.04 739.23 633.20 778.64 740.32 905.01 706.40
00000698 00000015 633.03 270.41 469.17 598.60 686.31 498.87 856.02 460.87 739.43 632.91 778.44 740.49 904.68 706.41
00000699 00000016 635.13 256.41 466.99 612.15 690.57 498.29 860.73 461.20 745.93 632.76 780.35 736.67 911.40 703.25
00000700 00000017 637.57 261.30 462.77 604.20 693.69 495.61 866.49 459.78 753.73 630.13 784.35 733.43 915.87 700.95
00000701 00000018 637.06 252.17 462.09 615.41 695.40 495.97 870.35 458.32 759.65 627.02 784.71 733.12 919.87 699.46
00000702 00000019 633.33 248.61 467.00 617.87 695.67 491.03 873.55 454.21 764.79 621.67 787.87 731.24 921.36 698.34
00000703 00000020 636.26 253.12 464.50 615.93 697.41 489.84 877.86 451.25 769.78 619.55 787.10 730.92 925.23 696.49
00000704 00000021 637.98 245.70 463.47 622.07 698.08 490.61 880.94 450.59 773.00 619.34 786.89 732.57 926.78 697.38
00000705 00000022 639.40 246.53 467.24 623.23 700.51 491.19 881.79 449.04 775.24 619.26 792.14 732.58 932.91 695.90
00000706 00000023 641.65 244.10 465.61 629.91 704.19 491.18 887.07 447.73 780.47 617.87 796.19 733.50 941.56 695.87
00000707 00000024 638.52 245.74 471.75 633.19 703.32 493.00 886.83 447.73 782.85 620.25 799.43 736.25 945.81 697.08
00000708 00000025 637.30 244.16 475.24 632.91 702.15 493.09 886.20 447.01 782.02 620.53 800.02 735.16 946.40 695.13
00000709 00000026 635.28 245.36 472.55 628.24 698.92 493.08 885.61 448.67 780.84 622.63 794.06 732.88 942.02 694.05
00000710 00000027 635.26 247.07 471.46 624.10 698.08 491.70 884.98 450.03 778.73 621.60 789.37 730.88 933.22 694.42
00000711 00000028 636.56 244.07 466.80 621.85 697.87 491.58 887.77 452.01 779.24 621.84 786.49 731.68 928.93 697.11
00000712 00000029 633.45 244.09 470.05 625.53 696.24 493.46 886.86 453.81 777.87 624.70 785.82 734.69 928.26 700.16
00000713 00000030 629.60 249.85 476.75 622.36 694.63 495.43 885.10 455.77 775.47 627.07 784.50 735.68 927.95 701.01
00000714 00000031 631.77 253.38 472.42 619.00 696.05 496.97 883.66 458.04 775.89 629.65 785.87 734.89 929.16 700.83
00000715 00000032 631.42 256.69 469.70 621.85 697.47 498.98 882.53 458.79 779.25 632.46 791.32 738.56 935.04 703.49
00000716 00000033 631.65 255.63 470.15 622.43 698.87 498.62 883.29 457.82 780.97 632.98 795.30 737.78 941.45 702.12
00000717 00000034 632.10 259.53 470.38 618.15 698.71 498.74 885.32 458.21 781.20 633.84 793.82 737.81 943.41 702.36
00000718 00000035 631.94 260.29 469.96 618.22 697.81 499.13 886.08 458.35 780.86 633.31 791.17 738.93 941.86 703.20
00000719 00000036 633.29 261.13 467.21 618.28 698.30 499.67 885.89 459.43 780.97 633.97 790.51 739.00 941.71 703.83
00000720 00000037 633.54 262.03 465.55 617.57 697.49 501.35 885.07 461.22 780.50 637.44 791.43 740.86 941.45 705.75
00000721 00000038 632.37 261.57 467.05 619.12 696.41 502.58 883.69 462.11 779.21 639.18 791.54 741.92 939.71 706.45
00000722 00000039 632.14 262.26 466.75 618.89 696.35 502.68 883.50 461.90 779.20 639.18 791.71 742.16 940.01 706.42
00000723 00000040 632.95 256.99 465.50 627.40 696.52 504.57 883.18 462.83 779.02 640.13 791.58 744.02 939.92 707.56
00000724 00000041 633.31 267.33 466.74 618.85 697.36 505.58 883.30 464.01 778.60 640.63 792.11 744.81 940.20 708.46
00000725 00000042 632.98 258.57 468.05 624.69 696.68 505.39 882.21 463.79 778.24 641.07 792.31 743.60 939.93 707.19
00000726 00000043 633.01 253.36 466.74 625.77 696.48 503.39 883.34 462.91 779.27 640.89 792.43 741.02 940.03 705.55
00000727 00000044 633.79 260.08 466.47 620.47 697.32 503.19 883.84 462.21 780.08 638.52 791.93 739.95 940.61 704.10
00000728 00000045 632.38 263.36 467.34 614.82 696.40 501.51 884.57 462.09 778.91 637.69 788.74 738.16 937.91 703.47
00000729 00000046 631.23 261.10 469.16 617.17 696.31 500.87 883.51 461.45 778.31 637.38 788.71 737.48 937.40 702.75
00000730 00000047 631.78 261.12 467.84 617.81 696.34 501.67 884.11 461.61 779.07 637.21 788.33 737.89 938.54 702.61
00000731 00000048 633.30 259.01 463.33 620.24 697.64 506.89 883.07 465.81 781.28 639.89 790.86 739.77 939.33 703.83
00000732 00000049 638.00 260.26 458.88 621.65 702.07 515.09 885.83 469.84 786.77 639.17 794.21 742.98 944.19 704.06
00000733 00000050 639.35 256.11 460.69 625.37 702.75 512.69 887.50 469.81 786.94 639.95 794.50 741.87 945.37 704.98
00000734 00000051 639.42 263.21 464.53 616.48 704.05 508.88 892.71 467.38 789.86 638.04 795.94 739.94 948.96 704.19
00000735 00000052 640.49 266.14 465.99 607.84 705.40 504.87 896.84 464.47 793.37 636.27 800.33 737.99 952.45 703.14
00000736 00000053 641.24 258.43 466.23 615.57 708.19 504.20 900.37 462.66 799.62 634.38 805.21 737.01 957.45 701.55
00000737 00000054 645.18 254.97 465.10 613.20 712.13 501.40 905.23 459.59 807.64 632.56 812.39 735.28 960.58 699.84
00000738 00000055 647.82 259.28 465.71 602.03 715.16 501.46 912.48 456.52 816.20 631.33 817.32 733.42 969.71 695.52
00000739 00000056 646.19 261.09 468.59 601.12 716.61 501.04 914.59 455.39 819.41 628.73 818.22 733.06 970.38 694.76
00000740 00000057 645.82 258.25 469.25 603.27 716.43 500.61 914.34 454.65 818.87 628.18 817.72 731.86 970.08 693.32
00000741 00000058 646.65 250.45 464.44 611.52 715.52 500.14 911.99 456.71 816.96 629.10 816.42 733.05 965.15 696.71
00000742 00000059 645.85 250.22 464.70 616.76 714.72 501.13 909.17 457.51 814.92 631.60 817.52 736.83 962.72 700.38
00000743 00000060 646.84 259.42 464.78 606.48 715.63 502.08 910.38 459.09 814.79 633.11 817.89 736.43 963.45 700.47
00000744 00000061 649.02 262.98 465.45 601.88 716.68 503.85 912.64 460.48 815.95 634.06 817.76 736.29 966.80 700.11
00000745 00000062 648.47 261.02 465.51 605.94 715.42 504.57 912.34 460.06 815.12 634.26 815.59 736.20 969.16 699.02
00000746 00000063 648.79 261.53 465.30 605.66 715.57 504.40 912.19 460.06 815.10 634.39 815.72 736.16 969.29 699.09
00000747 00000064 647.88 260.42 467.55 607.49 714.67 503.21 910.86 460.64 812.51 635.15 814.71 736.17 966.25 700.51
00000748 00000065 648.73 258.43 464.16 609.68 714.40 502.47 909.05 460.82 811.18 636.13 814.47 735.99 964.77 701.17
00000749 00000066 646.73 257.69 467.91 615.14 713.08 503.37 907.29 461.87 808.72 638.22 813.61 738.38 963.58 703.78
00000750 00000067 648.63 253.50 464.38 617.05 713.17 502.38 906.86 461.74 808.26 637.98 814.20 737.57 963.43 703.55
00000751 00000068 648.90 262.25 465.79 610.73 714.03 502.89 908.32 462.48 809.25 637.95 814.42 738.90 963.90 705.07
00000752 00000069 649.19 258.21 467.52 613.97 714.14 501.76 908.05 462.25 808.28 637.74 813.80 738.14 963.01 705.04
00000753 00000070 650.04 255.94 466.02 617.19 714.27 501.96 907.42 462.26 807.78 636.63 812.72 737.67 962.94 704.35
00000754 00000071 649.99 258.23 465.93 614.55 713.63 501.22 906.85 461.87 805.90 635.94 810.40 737.26 961.35 704.15
00000755 00000072 648.15 250.98 465.38 617.55 710.38 500.74 905.27 460.66 802.22 633.15 805.15 735.15 958.07 701.12
00000756 00000073 646.29 248.62 466.78 617.70 709.82 500.77 905.00 460.60 800.94 630.97 802.12 733.53 955.08 699.43
00000757 00000074 643.62 241.22 468.56 623.16 708.58 499.20 903.22 458.90 799.08 628.37 800.52 731.94 952.79 697.48
00000758 00000075 642.60 245.77 468.76 619.25 708.24 498.13 902.58 457.92 798.65 627.36 798.80 731.04 950.80 696.76
00000759 00000076 642.29 247.90 468.93 617.95 707.93 496.69 902.19 457.04 797.67 627.19 797.77 730.55 949.78 696.75
00000760 00000077 643.42 242.91 467.46 619.49 707.35 496.86 900.85 456.94 795.49 626.38 797.06 728.95 948.72 694.71
00000761 00000078 642.39 244.06 468.39 617.72 706.28 496.64 899.62 456.36 794.00 626.36 795.88 728.50 947.46 693.93
00000762 00000079 642.34 240.16 468.25 620.94 705.86 496.93 898.78 456.57 793.20 626.31 795.97 728.92 946.42 694.18
00000763 00000080 642.29 240.75 467.28 619.59 704.84 496.26 898.93 456.27 792.24 626.12 794.58 728.18 945.54 693.69
00000764 00000081 642.52 235.77 467.49 623.47 705.61 496.07 897.81 455.33 792.51 625.13 795.80 727.82 945.26 692.64
00000765 00000082 641.83 240.47 467.89 619.45 704.97 495.71 898.27 454.93 792.73 625.29 795.14 727.67 945.78 692.53
00000766 00000083 642.57 239.81 467.44 619.17 705.13 495.52 898.30 454.80 792.68 625.06 795.49 727.55 945.48 692.43
00000767 00000084 643.84 239.76 465.32 616.41 706.83 494.77 899.53 455.05 794.22 623.48 796.82 725.71 946.57 691.31
00000768 00000085 644.41 241.70 467.45 617.87 708.54 495.14 901.14 454.98 796.25 622.36 797.63 726.45 949.10 691.81
00000769 00000086 645.17 250.03 466.82 607.91 709.57 493.53 902.39 452.66 797.56 620.43 799.33 725.38 950.82 690.19
00000770 00000087 646.56 246.21 465.62 611.84 711.96 491.55 903.74 450.93 800.49 618.42 802.13 725.05 951.14 690.19
00000771 00000088 646.60 246.80 465.35 611.11 711.98 491.36 903.96 451.03 800.67 618.71 801.96 724.91 951.05 690.31
00000772 00000089 649.68 243.53 464.05 614.34 714.76 491.99 904.13 450.05 803.77 617.19 806.74 725.01 952.90 689.18
00000773 00000090 650.88 250.53 462.50 598.83 716.14 494.49 908.14 451.81 805.11 615.49 806.82 723.56 953.28 687.13
00000774 00000091 653.83 261.58 460.74 591.02 719.92 496.12 911.90 454.38 808.73 614.51 807.06 723.03 957.08 687.47
00000775 00000092 654.33 257.11 461.71 597.88 721.69 497.00 913.38 452.36 812.13 613.92 809.81 722.98 963.97 685.00
00000776 00000093 654.63 257.12 461.40 596.27 723.22 496.08 914.72 450.90 814.64 613.11 810.92 721.22 964.66 682.86
00000777 00000094 656.58 265.84 460.58 589.24 724.83 495.04 913.37 447.96 814.67 609.69 812.99 721.02 964.28 681.19
00000778 00000095 656.39 263.27 465.72 588.25 724.39 492.46 914.77 445.45 815.12 609.99 814.90 719.75 964.41 680.07
00000779 00000096 658.83 254.38 464.07 594.00 726.90 488.94 914.66 441.39 816.92 605.60 819.36 716.10 964.11 675.92
00000780 00000097 660.77 249.45 462.67 597.27 727.65 488.08 915.73 440.15 817.79 605.39 820.22 715.17 967.39 674.58
00000781 00000098 660.17 248.42 465.06 598.10 726.91 488.92 916.37 440.38 817.73 605.90 819.58 715.63 967.66 674.51
00000782 00000099 660.00 247.44 463.67 597.20 726.81 488.10 916.56 439.75 818.58 606.87 820.45 714.72 968.76 673.73
00000783 00000100 659.39 246.02 464.51 597.24 726.71 488.84 917.74 440.18 819.58 608.16 820.70 714.57 971.02 673.17
00000784 00000101 659.05 251.27 465.23 594.93 726.24 490.54 918.35 443.29 818.30 609.81 818.09 715.54 970.05 675.47
00000785 00000102 658.10 252.23 467.10 594.50 726.05 491.17 919.29 444.96 818.23 611.55 818.44 715.62 970.75 676.34
00000786 00000103 657.26 251.41 467.43 599.10 726.35 492.70 919.23 447.29 818.70 613.07 817.08 717.24 969.85 678.85
00000787 00000104 657.60 257.58 468.04 595.74 725.29 495.59 918.95 450.69 817.51 615.22 813.49 720.27 966.53 682.65
00000788 00000105 657.55 252.98 466.93 601.27 724.67 496.86 918.70 453.13 816.42 616.78 811.97 721.39 965.64 684.73
00000789 00000106 657.05 253.27 466.61 600.91 723.93 498.35 919.11 454.90 816.89 618.01 812.23 722.61 965.63 686.22
00000790 00000107 656.39 258.25 470.46 604.26 723.58 498.90 919.87 457.35 816.90 621.01 811.09 727.10 965.23 692.65
00000791 00000108 656.38 255.98 472.15 607.64 723.14 499.27 921.07 460.70 816.43 625.78 809.19 730.00 964.37 697.86
00000792 00000109 657.19 260.62 471.19 600.66 723.16 500.39 923.19 461.55 817.32 628.90 811.05 734.04 966.31 701.69
00000793 00000110 656.72 259.25 472.59 603.52 723.27 500.02 922.95 462.95 816.96 632.29 812.45 736.11 964.96 705.38
00000794 00000111 657.03 262.81 469.36 597.39 724.14 500.36 922.74 463.24 817.85 632.24 813.14 735.24 964.83 704.49
00000795 00000112 657.16 261.79 469.54 599.13 724.06 500.40 922.73 463.21 817.94 632.22 813.11 735.61 964.98 704.83
00000796 00000113 658.75 247.86 469.13 607.86 725.84 497.04 921.27 457.92 818.22 626.01 817.68 734.51 963.41 701.67
00000797 00000114 661.32 255.67 466.57 608.84 725.41 500.48 923.08 461.81 818.30 630.69 812.75 736.26 967.05 704.25
00000798 00000115 661.81 256.50 467.37 608.00 726.48 500.43 923.77 461.91 819.31 629.67 813.52 735.70 967.34 703.86
00000799 00000116 661.38 256.82 469.83 608.24 728.06 500.29 925.16 461.59 821.28 628.98 814.83 734.70 969.05 702.66
00000800 00000117 662.39 255.06 468.69 610.79 728.25 501.01 926.18 461.76 821.67 629.88 814.65 735.48 970.91 703.07
00000801 00000118 663.43 257.12 469.68 610.57 729.85 500.94 926.78 461.57 822.32 628.96 815.08 735.27 971.20 702.68
00000802 00000119 664.46 258.21 469.94 610.79 731.03 500.24 928.11 459.95 824.21 628.09 816.83 735.26 973.87 701.86
00000803 00000120 663.96 256.47 471.00 609.95 731.52 499.81 928.91 457.71 825.61 624.62 818.43 733.61 975.47 698.61
00000804 00000121 664.31 249.12 470.32 611.70 732.43 496.78 930.54 453.85 827.46 620.88 820.59 728.77 978.31 692.73
00000805 00000122 662.77 251.15 470.72 609.18 731.45 494.52 930.31 451.51 827.25 620.23 820.32 728.38 977.72 692.29
00000806 00000123 663.15 251.50 468.18 606.25 732.15 491.44 930.47 448.52 827.81 618.19 821.48 726.45 977.92 690.41
00000807 00000124 663.59 255.50 465.72 600.86 732.24 492.18 930.44 448.40 829.06 617.58 821.24 725.56 978.47 688.91
00000808 00000125 663.33 253.03 469.23 603.62 731.93 491.24 931.04 447.34 828.35 617.12 821.99 726.26 979.23 689.37
00000809 00000126 662.44 251.97 471.99 607.69 732.09 493.65 931.01 449.09 829.41 619.13 822.54 728.25 980.54 690.94
00000810 00000127 664.24 250.56 469.69 608.73 734.33 494.96 932.27 452.35 830.76 622.64 823.93 728.82 981.48 693.03
00000811 00000128 665.37 254.39 471.80 607.78 734.58 496.42 932.90 454.81 829.49 624.87 822.89 731.43 979.41 696.67
00000812 00000129 666.09 251.69 471.86 611.67 734.23 496.30 933.09 455.77 828.23 625.08 820.95 731.55 978.83 697.64
00000813 00000130 665.89 253.20 472.18 609.69 735.48 496.10 932.83 455.16 829.41 624.52 822.20 730.19 978.75 696.04
00000814 00000131 667.11 253.12 469.44 606.86 736.57 494.54 933.15 453.46 831.32 623.11 824.04 728.76 980.22 694.31
00000815 00000132 666.44 254.84 471.49 604.40 737.05 494.33 933.76 452.16 832.55 622.72 825.73 728.53 981.53 693.05
00000816 00000133 667.91 257.67 467.74 599.32 739.10 494.23 934.94 450.43 836.27 619.51 827.16 726.82 982.58 690.11
00000817 00000134 669.06 262.73 470.64 594.23 741.06 493.04 937.56 450.21 836.68 618.47 827.46 725.71 982.45 689.79
00000818 00000135 669.54 256.85 470.71 599.70 740.77 492.01 937.11 450.19 836.35 619.13 828.51 725.57 982.87 690.37
00000819 00000136 669.74 257.91 470.91 598.68 740.82 491.80 937.68 450.36 836.30 619.19 828.27 725.52 982.74 690.66
00000820 00000137 671.31 259.74 468.90 596.91 742.39 490.73 938.97 450.04 837.85 618.35 829.14 725.11 982.79 690.90
00000821 00000138 671.09 264.97 469.51 591.78 741.70 491.23 938.83 451.08 837.12 619.65 828.51 726.22 982.02 692.45
00000822 00000139 671.90 259.99 467.20 595.86 741.90 490.78 938.72 450.88 837.68 620.01 829.81 726.28 982.75 692.57
00000823 00000140 672.04 257.14 467.84 598.26 743.99 489.51 940.19 450.42 839.61 619.62 831.62 725.08 983.61 692.07
00000824 00000141 672.30 257.41 468.00 598.44 744.37 490.20 939.97 450.61 839.57 619.19 831.51 725.17 983.29 691.77
00000825 00000142 671.87 258.51 469.14 596.98 744.05 489.77 939.66 449.66 839.29 618.13 831.25 724.46 983.92 690.53
00000826 00000143 671.80 255.45 470.04 599.41 743.65 489.48 939.36 449.44 839.22 617.72 831.16 723.63 984.32 689.65
00000827 00000144 671.01 251.31 468.53 602.67 741.28 487.92 937.33 448.02 836.93 617.38 829.75 722.98 983.68 689.09
00000828 00000145 670.66 250.42 465.82 601.93 740.32 487.90 934.95 447.44 836.17 616.73 829.79 721.98 982.46 687.67
00000829 00000146 667.70 248.78 469.75 606.09 737.79 487.75 933.68 446.82 833.58 617.51 828.53 723.60 981.12 689.02
00000830 00000147 666.83 250.36 469.30 603.48 735.52 487.65 932.76 445.42 831.17 616.14 826.57 723.72 979.85 687.96
00000831 00000148 666.15 247.07 472.69 605.31 735.23 485.99 931.74 444.21 830.53 615.44 827.65 722.31 979.56 686.66
00000832 00000149 665.36 248.29 473.17 601.67 735.59 484.45 932.23 443.85 830.06 615.30 827.53 720.38 979.58 685.60
00000833 00000150 666.02 248.84 471.99 600.36 735.90 483.89 931.95 443.02 830.46 614.88 827.98 720.06 979.18 685.02
00000834 00000151 665.78 246.96 472.65 601.75 736.01 483.98 932.24 443.04 831.00 614.94 828.35 719.91 979.88 684.77
00000835 00000152 665.98 245.78 472.34 602.63 735.61 483.24 932.36 441.98 831.36 614.44 828.12 720.10 980.01 684.81
00000836 00000153 667.01 243.23 472.81 606.84 734.46 482.13 931.62 440.21 828.36 613.07 826.40 719.97 979.81 683.88
00000837 00000154 666.79 239.87 471.98 607.75 734.49 480.40 931.65 438.31 828.90 611.52 827.39 719.04 980.04 682.66
00000838 00000155 667.76 233.38 471.32 611.96 733.91 477.99 930.85 436.04 827.23 610.31 827.99 717.72 980.56 681.09
00000839 00000156 667.82 238.37 472.26 608.51 733.98 477.09 931.34 434.40 827.42 608.08 827.77 717.27 980.69 680.11
00000840 00000157 668.81 238.99 468.25 605.00 735.70 481.50 932.52 437.18 830.95 608.07 830.38 718.27 982.09 680.00
00000841 00000158 669.68 242.89 470.29 595.93 742.44 478.75 938.21 434.70 837.82 602.35 834.21 712.57 986.54 674.98
00000842 00000159 673.59 228.56 471.59 612.09 747.06 466.72 946.69 424.87 844.28 593.87 832.46 707.02 989.49 671.00
00000843 00000160 673.94 229.24 470.91 611.22 747.44 466.73 946.90 424.83 844.40 593.89 832.60 707.07 989.34 671.04
00000844 00000161 677.22 234.88 467.27 605.28 751.76 457.41 950.46 414.84 850.23 583.11 838.19 701.70 992.30 665.04
00000845 00000162 681.34 230.17 470.25 612.82 759.10 454.25 958.53 409.50 858.99 577.59 845.69 696.52 1006.63 656.91
00000846 00000163 691.51 229.33 475.33 616.79 772.60 455.81 978.09 415.87 871.15 580.57 854.51 688.95 1017.62 651.85
00000847 00000164 704.29 219.83 459.74 615.41 785.55 446.47 985.26 405.43 886.81 568.02 860.33 685.85 1024.33 647.61
00000848 00000165 712.42 204.82 463.17 633.91 794.11 437.62 1004.35 392.43 901.30 556.49 858.23 679.90 1033.59 642.01
00000849 00000166 725.92 201.13 459.81 635.81 807.72 430.05 1020.95 390.84 919.79 548.93 879.07 676.11 1058.20 640.38
00000850 00000167 733.83 201.75 465.02 634.90 821.27 425.35 1036.98 383.93 937.45 542.49 896.45 675.32 1075.73 637.92
00000851 00000168 751.59 190.56 463.63 632.29 843.89 421.76 1058.66 387.17 958.99 543.57 913.17 670.81 1085.21 638.91
00000852 00000169 755.44 198.77 464.26 623.01 850.06 424.05 1065.10 391.03 967.89 548.92 917.76 672.48 1089.16 641.79
00000853 00000170 756.32 206.32 463.59 618.04 852.97 426.42 1067.19 393.64 971.58 552.50 919.07 673.89 1093.17 642.94
00000854 00000171 757.31 200.37 462.47 623.38 856.25 427.66 1070.33 395.72 975.88 553.22 921.76 674.73 1096.35 644.00
00000855 00000172 759.23 203.46 460.94 621.84 860.07 426.14 1074.36 395.20 981.66 552.45 924.54 674.46 1099.24 644.33
00000856 00000173 758.41 200.56 462.16 622.45 863.26 425.63 1077.53 394.20 987.80 551.02 927.83 671.94 1103.77 641.33
00000857 00000174 759.93 195.75 461.98 625.67 867.17 425.19 1081.53 396.02 991.73 553.02 928.87 671.31 1103.84 642.72
00000858 00000175 762.01 199.34 460.92 622.67 870.13 426.23 1086.44 397.41 997.55 555.50 932.52 673.55 1107.80 645.30
00000859 00000176 762.26 204.70 458.71 618.75 870.35 428.57 1086.47 401.63 998.19 561.15 933.22 677.78 1104.87 651.35
00000860 00000177 761.26 216.65 457.28 611.27 869.89 432.83 1086.85 404.41 1001.48 565.29 934.45 680.84 1106.35 653.48
00000861 00000178 758.25 220.02 459.55 611.43 869.96 435.83 1086.75 406.57 1002.58 566.41 936.39 683.68 1106.34 655.44
00000862 00000179 757.38 222.22 460.55 607.75 870.49 434.75 1088.15 405.61 1004.19 567.12 936.65 682.93 1107.20 654.86
00000863 00000180 761.34 208.27 458.52 620.92 874.00 431.02 1092.49 399.85 1007.40 562.92 939.26 681.53 1112.16 651.46
00000864 00000181 761.32 212.70 459.37 618.34 875.16 430.25 1095.24 398.35 1011.10 562.97 942.91 684.00 1114.00 653.37
00000865 00000182 759.52 213.12 458.42 618.99 874.62 429.55 1093.97 397.70 1010.61 562.77 944.08 685.62 1112.38 655.14
00000866 00000183 759.41 217.88 454.96 618.47 874.56 431.33 1091.96 398.65 1011.61 564.04 944.42 687.30 1110.46 656.34
00000867 00000184 759.29 218.28 455.25 617.93 874.53 431.37 1091.97 398.77 1011.42 564.31 944.43 687.39 1110.36 656.54
00000868 00000185 756.29 219.79 458.56 620.78 873.18 435.80 1089.98 404.03 1010.10 567.14 942.40 690.30 1108.58 660.31
00000869 00000186 756.23 216.78 459.52 620.84 872.43 433.99 1088.49 403.15 1008.89 566.00 941.80 688.55 1106.81 659.14
00000870 00000187 756.91 210.22 458.28 623.50 871.65 428.63 1089.44 397.95 1007.22 561.04 939.84 684.93 1106.73 655.49
00000871 00000188 758.13 197.54 456.57 631.17 873.07 423.72 1090.88 394.20 1006.53 555.41 938.79 680.99 1106.48 652.30
00000872 00000189 756.37 192.27 460.05 630.31 871.71 418.66 1090.09 388.10 1006.03 550.87 939.89 676.42 1106.67 646.81
00000873 00000190 756.57 187.04 460.57 633.74 872.71 417.37 1089.64 386.30 1006.08 546.75 940.29 672.47 1107.59 642.22
00000874 00000191 754.53 187.04 460.91 636.89 869.87 417.84 1087.30 387.31 1003.76 551.04 937.39 675.29 1104.83 645.64
00000875 00000192 749.72 200.81 459.62 626.01 861.84 422.92 1078.99 395.83 993.33 558.57 926.51 678.04 1094.46 651.89
00000876 00000193 747.39 204.61 459.59 625.59 857.64 425.52 1073.43 396.03 989.34 560.09 923.77 679.65 1091.12 651.94
00000877 00000194 743.85 208.23 457.94 624.34 853.68 424.73 1070.74 394.76 987.04 560.19 920.91 681.26 1086.58 653.47
00000878 00000195 741.14 209.12 455.56 623.06 852.20 423.30 1066.56 394.09 986.20 560.48 921.85 681.74 1080.98 654.78
00000879 00000196 739.64 208.55 454.90 622.82 849.32 424.96 1064.71 394.81 983.83 561.04 919.97 681.62 1082.69 654.06
00000880 00000197 739.29 207.10 453.73 618.94 847.48 425.98 1063.55 397.13 980.47 560.84 914.71 677.26 1082.89 651.08
00000881 00000198 739.91 205.91 449.95 616.86 846.71 426.56 1061.21 398.68 978.33 561.16 911.72 675.26 1079.51 650.21
00000882 00000199 740.81 209.81 447.72 615.47 842.92 428.86 1058.37 401.87 972.46 564.54 905.72 677.76 1076.90 653.59
00000883 00000200 739.39 206.26 440.54 619.61 837.54 429.21 1051.92 405.50 963.08 566.32 902.64 683.07 1063.75 661.35
00000884 00000201 739.26 204.12 439.41 623.17 832.45 431.39 1046.63 408.16 953.59 568.10 897.34 686.69 1056.84 665.78
00000885 00000202 734.08 208.47 442.74 619.29 825.66 431.25 1042.87 407.07 946.25 568.04 893.43 685.92 1055.76 664.04
00000886 00000203 730.36 206.28 444.47 620.45 821.52 431.14 1040.08 405.25 943.35 566.40 889.76 685.85 1055.08 662.25
00000887 00000204 725.88 203.71 443.49 622.06 817.77 429.94 1036.70 402.33 940.97 562.49 887.96 683.87 1055.01 658.66
00000888 00000205 728.25 225.98 441.30 595.48 820.91 435.71 1031.48 407.85 937.17 560.36 883.73 675.61 1049.34 649.00
00000889 00000206 725.40 223.78 442.97 598.24 818.57 434.12 1028.35 405.99 934.21 556.58 881.99 674.16 1045.97 647.31
00000890 00000207 721.39 218.14 441.36 603.87 814.68 434.39 1021.80 406.32 928.39 557.26 877.56 675.15 1038.02 648.34
00000891 00000208 721.38 217.91 441.36 604.21 814.75 434.40 1021.93 406.40 928.35 557.24 877.32 675.09 1037.74 648.36
00000892 00000209 714.50 211.02 445.19 612.83 809.57 435.19 1016.62 406.70 922.67 558.63 872.05 677.70 1030.84 650.62
00000893 00000210 710.45 210.74 444.86 614.59 804.01 434.73 1011.21 404.68 916.85 560.65 867.62 678.70 1029.57 650.05
00000894 00000211 706.44 211.82 444.97 615.45 800.07 433.30 1006.36 401.54 914.10 559.89 866.22 678.10 1030.28 647.68
00000895 00000212 700.03 215.05 448.21 613.57 795.44 431.54 1002.47 397.94 912.22 559.77 864.63 678.41 1030.30 646.53
00000896 00000213 697.22 215.52 448.82 612.94 792.84 432.15 998.61 396.56 909.68 558.72 863.36 678.65 1028.57 645.04
00000897 00000214 690.89 215.18 453.00 614.69 787.83 434.05 993.75 395.35 907.08 559.74 861.38 680.02 1026.94 643.85
00000898 00000215 688.08 212.99 454.02 618.86 783.43 435.65 989.19 395.90 900.49 560.15 858.16 681.64 1024.38 644.54
00000899 00000216 679.24 208.69 454.49 631.89 774.32 446.33 980.43 401.71 893.56 566.30 852.92 686.90 1024.82 645.93
00000900 00000217 678.45 219.98 453.49 619.68 772.21 451.15 977.70 405.25 891.47 568.57 851.10 686.65 1025.71 644.91
00000901 00000218 680.64 223.34 453.04 612.76 773.46 452.84 977.90 406.34 890.98 570.29 853.11 686.75 1027.35 644.39
00000902 00000219 685.81 225.03 449.29 610.89 775.75 454.84 979.71 410.00 892.46 572.47 853.85 687.96 1027.63 647.05
00000903 00000220 690.49 230.40 446.02 606.28 777.43 459.45 981.32 413.80 894.03 575.28 855.31 691.99 1027.76 650.98
00000904 00000221 690.02 235.53 449.59 601.25 780.18 458.90 984.80 414.18 897.85 576.29 858.86 692.45 1029.80 651.91
00000905 00000222 696.06 238.49 443.99 595.75 784.21 461.22 986.99 416.36 903.56 577.04 863.71 693.30 1031.39 652.72
00000906 00000223 700.06 243.61 442.30 587.98 786.95 460.54 989.65 415.05 906.15 574.60 866.48 692.79 1033.41 651.62
00000907 00000224 702.05 243.91 440.11 587.41 788.78 460.78 989.54 415.42 905.38 573.89 866.22 691.26 1033.29 650.01
00000908 00000225 700.56 240.30 440.25 581.69 787.21 460.60 988.22 415.35 903.74 574.11 865.51 689.82 1031.13 648.56
00000909 00000226 699.57 235.32 439.38 585.99 785.97 459.65 986.98 413.59 903.02 572.55 864.56 689.04 1032.12 646.98
00000910 00000227 697.78 239.06 441.52 583.15 787.00 460.71 985.89 414.04 903.89 571.92 864.50 688.38 1030.26 646.06
00000911 00000228 697.93 242.04 442.31 577.38 788.76 461.19 985.36 414.56 905.29 572.23 867.85 688.85 1028.69 647.13
00000912 00000229 699.43 243.46 440.51 574.12 788.98 462.29 983.68 415.90 904.16 570.88 868.83 687.76 1028.24 646.40
00000913 00000230 701.07 246.88 435.80 569.93 788.15 464.19 981.77 417.70 903.91 569.62 869.10 686.91 1027.24 645.56
00000914 00000231 701.58 250.25 431.95 567.65 787.87 467.10 979.19 419.04 902.01 571.73 868.65 688.78 1024.96 646.53
00000915 00000232 701.26 250.53 432.37 566.91 787.63 467.27 979.02 419.11 901.52 572.02 868.48 688.80 1024.90 646.48
00000916 00000233 703.62 253.31 429.61 565.43 788.43 469.61 978.66 422.96 901.41 574.06 867.16 688.13 1023.62 647.18
00000917 00000234 699.73 262.15 427.68 559.13 786.71 473.96 975.90 426.25 899.38 578.53 865.60 693.35 1019.62 651.92
00000918 00000235 692.25 266.15 428.59 564.95 787.26 484.53 971.18 431.45 902.48 581.73 867.33 701.42 1018.20 653.84
00000919 00000236 696.24 270.46 422.62 568.40 787.07 489.29 971.04 437.97 899.99 584.54 864.35 706.36 1018.35 659.99
00000920 00000237 692.74 273.64 420.59 571.70 781.95 492.38 971.47 440.74 898.69 588.14 861.22 715.46 1015.79 670.00
00000921 00000238 691.98 266.09 419.45 579.66 773.08 499.57 963.75 447.79 885.78 598.72 851.31 717.37 1007.65 673.43
00000922 00000239 683.95 267.29 425.44 577.02 769.32 500.21 960.54 450.89 880.84 601.09 847.83 717.57 1003.65 675.40
00000923 00000240 679.72 270.31 421.50 571.88 759.71 496.98 952.84 446.50 871.16 599.37 840.49 716.70 998.37 673.35
00000924 00000241 676.16 261.51 420.46 579.45 754.75 497.14 946.92 444.17 867.96 595.44 837.42 713.96 995.53 668.94
00000925 00000242 673.18 266.32 418.38 573.84 749.35 498.24 942.55 446.26 861.62 596.25 829.62 713.27 990.08 669.59
00000926 00000243 667.48 270.94 418.07 573.47 743.52 501.38 934.39 448.61 854.74 596.37 827.43 717.45 983.43 673.50
00000927 00000244 661.82 271.67 417.31 573.88 739.27 501.59 930.62 449.36 849.84 596.31 822.19 717.22 978.51 673.67
00000928 00000245 660.31 270.03 417.05 574.01 737.64 500.66 929.94 448.94 849.11 596.86 821.42 716.00 978.01 672.61
00000929 00000246 654.60 278.15 421.69 566.87 744.01 509.35 928.43 458.44 852.46 596.84 820.64 720.17 971.23 673.53
00000930 00000247 653.20 273.37 416.74 564.48 740.48 505.55 924.04 454.43 845.37 593.76 816.26 714.13 966.88 667.56
00000931 00000248 657.50 273.36 407.67 558.14 736.62 499.50 915.66 451.40 836.90 595.91 814.06 709.50 955.03 667.54
00000932 00000249 651.37 265.04 408.24 565.26 731.69 501.01 907.24 451.51 833.08 593.41 809.85 706.38 950.92 663.62
00000933 00000250 647.84 266.37 408.91 563.55 728.43 497.46 906.26 446.74 831.31 591.44 808.72 705.22 952.01 661.56
00000934 00000251 648.61 264.18 407.09 564.12 729.00 494.51 905.27 443.65 830.83 589.43 809.29 703.58 951.53 659.60
00000935 00000252 649.52 267.34 406.82 556.64 730.43 491.94 904.46 440.19 833.00 587.16 812.05 700.07 952.68 655.34
00000936 00000253 645.92 266.11 412.33 553.84 729.58 487.88 902.45 434.26 832.73 583.17 811.98 696.89 951.59 650.73
00000937 00000254 643.65 251.54 419.79 567.19 727.62 478.82 904.54 425.56 832.07 575.71 809.16 690.58 955.72 644.85
00000938 00000255 646.99 250.41 420.56 563.26 727.82 472.01 906.43 418.70 831.52 566.13 806.61 685.40 953.73 639.92
00000939 00000256 647.39 251.50 420.30 562.12 728.03 471.85 905.91 419.33 830.60 565.96 806.83 685.35 952.86 640.43
00000940 00000257 645.54 250.01 419.93 564.55 725.51 470.35 902.02 418.31 824.77 564.52 802.48 684.68 948.59 639.88
00000941 00000258 642.13 248.34 422.25 567.93 722.57 472.24 896.72 419.59 819.37 564.56 799.13 683.93 946.41 638.62
00000942 00000259 639.85 245.93 421.66 571.08 720.24 474.06 893.72 421.45 815.74 564.41 797.41 684.48 945.81 638.97
00000943 00000260 639.08 243.51 419.82 573.06 717.47 477.74 888.00 424.50 809.31 564.85 793.28 684.40 941.99 638.73
00000944 00000261 636.66 244.27 421.60 574.15 715.75 478.45 886.61 424.70 808.68 563.93 792.38 684.48 941.28 638.66
00000945 00000262 636.75 247.31 422.44 571.29 715.72 478.63 885.75 424.79 807.67 564.07 793.09 685.36 941.28 639.22
00000946 00000263 638.37 250.96 421.56 567.86 716.16 479.32 884.78 424.54 807.06 564.79 794.00 685.81 941.29 638.73
00000947 00000264 640.49 254.86 414.84 563.35 713.50 482.29 881.21 428.38 802.94 570.36 791.15 687.29 938.67 640.86
00000948 00000265 639.16 257.29 414.00 561.19 712.54 484.30 880.11 429.91 802.48 571.20 791.29 688.53 937.71 641.96
00000949 00000266 637.62 256.40 413.44 565.17 709.41 488.00 877.30 431.02 799.99 574.38 789.34 691.47 936.97 642.92
00000950 00000267 640.24 256.45 410.72 564.38 710.76 488.87 877.39 431.42 800.31 574.04 789.38 691.40 936.82 642.49
00000951 00000268 641.52 258.30 409.58 560.86 711.29 488.92 878.56 431.67 802.06 574.02 788.96 690.48 936.82 642.20
00000952 00000269 642.62 259.16 408.64 559.55 712.10 489.29 878.64 432.55 801.95 574.46 789.67 690.30 936.67 642.46
00000953 00000270 644.78 258.20 406.87 560.67 712.78 488.59 879.46 432.23 802.70 575.49 788.87 689.36 937.61 641.79
00000954 00000271 642.24 255.80 407.78 565.21 709.61 492.05 878.19 433.62 801.44 577.44 784.97 691.05 936.99 641.53
00000955 00000272 641.31 258.19 407.10 560.68 708.20 494.11 877.54 436.98 800.50 581.25 782.87 691.23 934.80 642.95
00000956 00000273 644.00 258.32 402.55 558.62 708.82 494.98 876.58 438.07 800.54 582.63 783.66 690.44 935.14 641.96
00000957 00000274 640.33 256.99 405.58 558.96 707.43 493.74 874.13 436.64 798.66 580.97 783.23 688.61 933.69 640.25
00000958 00000275 642.50 257.68 405.19 551.67 709.44 488.73 877.07 433.30 798.74 573.86 783.07 681.87 935.62 635.10
00000959 00000276 644.57 254.26 408.64 550.76 711.61 483.65 878.63 427.28 798.65 567.31 786.00 679.05 936.85 631.57
00000960 00000277 645.98 251.26 410.56 545.53 713.10 479.66 879.71 423.37 798.17 561.72 786.76 673.30 938.10 625.53
00000961 00000278 645.75 243.65 410.81 546.50 713.17 477.20 882.64 419.99 801.36 556.36 785.35 669.47 938.65 621.46
00000962 00000279 644.38 240.45 415.26 548.88 713.57 473.92 886.15 418.16 803.33 553.05 784.32 667.61 940.27 620.94
00000963 00000280 644.39 240.88 415.10 548.41 713.48 473.79 886.16 418.00 803.28 553.11 784.25 667.69 940.13 620.97
00000964 00000281 642.90 240.63 417.28 549.04 712.24 472.70 886.06 417.39 801.99 552.82 783.28 667.76 939.52 621.17
00000965 00000282 643.43 242.27 414.68 550.76 711.72 473.06 883.50 418.19 798.94 554.87 783.05 669.56 938.00 623.05
00000966 00000283 645.38 242.79 411.92 554.78 712.29 475.97 880.38 419.53 796.75 558.88 787.51 674.39 938.96 625.92
00000967 00000284 646.61 244.18 410.58 555.23 712.07 477.06 879.12 421.70 794.77 561.26 786.51 676.61 936.66 629.20
00000968 00000285 648.51 245.22 409.09 554.49 712.17 477.34 878.67 422.38 793.70 561.74 786.59 677.21 935.62 630.34
00000969 00000286 648.66 246.90 410.78 552.91 713.45 476.50 879.79 422.77 794.22 560.94 786.93 675.90 935.61 629.96
00000970 00000287 647.09 245.68 412.27 555.69 710.40 476.01 878.37 422.00 792.23 560.60 783.41 676.24 934.03 630.30
00000971 00000288 650.55 246.44 408.98 557.31 711.79 476.93 877.92 423.06 790.26 561.75 782.89 677.36 932.20 631.46
00000972 00000289 648.00 251.65 410.04 554.16 711.41 474.98 877.50 423.05 788.92 560.39 781.39 677.39 927.01 633.34
00000973 00000290 646.19 250.24 408.98 555.25 707.01 474.28 874.91 422.80 788.94 560.63 779.85 678.14 926.59 634.81
00000974 00000291 651.29 250.98 403.80 553.35 706.06 473.36 872.28 423.36 785.20 558.82 778.77 677.35 925.53 634.66
00000975 00000292 651.37 250.21 402.83 553.47 705.73 472.12 874.10 424.29 785.77 561.85 779.28 678.73 923.53 638.41
00000976 00000293 650.22 258.19 402.29 547.73 708.96 474.16 876.55 424.45 787.31 560.23 782.65 678.56 925.86 636.68
00000977 00000294 653.26 254.57 400.97 547.24 714.73 477.16 881.03 425.66 792.81 558.38 788.66 676.61 929.82 633.17
00000978 00000295 650.04 255.86 403.03 549.78 714.11 479.57 881.00 426.14 793.62 560.33 789.65 680.67 930.20 635.27
00000979 00000296 649.37 259.21 403.46 547.12 713.17 480.29 882.46 427.48 795.88 565.81 789.87 683.37 932.92 638.62
00000980 00000297 652.64 261.25 399.05 548.53 714.45 482.30 880.60 429.25 796.03 569.21 789.44 684.71 932.01 639.67
00000981 00000298 653.30 273.23 396.35 538.27 713.04 485.89 879.95 432.31 797.89 574.82 788.73 687.03 930.14 641.45
00000982 00000299 649.63 273.04 398.64 544.12 709.88 488.10 877.55 433.15 795.94 577.24 785.36 690.34 927.88 643.48
00000983 00000300 654.21 273.96 394.32 545.55 712.93 488.28 878.94 431.08 797.78 576.56 789.81 691.53 930.73 642.51
00000984 00000301 653.36 273.78 394.28 546.72 712.43 488.04 876.16 431.99 794.51 575.91 789.10 692.97 926.41 644.81
00000985 00000302 652.45 272.90 396.11 546.00 712.82 486.45 879.01 430.35 796.12 573.52 789.09 691.74 928.22 643.67
00000986 00000303 653.43 272.03 394.43 541.96 714.33 485.74 881.14 429.11 799.01 571.62 790.68 688.51 930.78 640.03
00000987 00000304 653.70 271.88 394.08 541.99 714.65 486.24 880.98 429.09 799.36 570.84 791.43 688.80 930.98 639.88
00000988 00000305 656.04 270.69 392.97 542.48 715.91 485.11 883.31 428.06 801.38 568.08 792.05 686.03 932.67 637.34
00000989 00000306 656.39 270.22 395.09 543.17 716.15 486.75 884.83 427.62 803.72 569.12 792.51 686.18 934.50 635.90
00000990 00000307 657.72 271.97 394.54 537.37 718.62 485.49 886.91 429.92 807.27 571.43 794.37 682.75 936.44 635.62
00000991 00000308 655.84 272.23 400.23 538.59 719.16 484.41 887.96 428.67 810.34 571.37 796.10 681.29 939.46 633.99
00000992 00000309 654.50 271.00 403.71 541.15 719.09 483.64 890.39 427.61 811.47 572.22 796.60 681.52 943.52 633.52
00000993 00000310 652.51 268.33 409.34 545.68 725.13 488.68 894.70 434.73 818.76 574.41 800.95 682.60 943.84 636.72
00000994 00000311 653.85 266.99 414.74 546.10 732.11 491.77 897.68 440.60 826.62 578.33 808.22 681.78 943.95 638.28
00000995 00000312 663.61 265.85 417.54 550.00 743.81 490.27 912.72 439.56 840.23 582.77 818.96 686.56 954.81 643.55
00000996 00000313 663.81 257.23 419.23 555.13 738.59 493.27 920.77 430.32 843.77 574.21 821.02 689.96 975.57 636.69
00000997 00000314 665.80 254.27 421.61 555.05 741.29 489.91 925.21 424.27 848.36 570.42 826.30 689.82 981.89 634.02
00000998 00000315 668.21 253.22 424.63 552.11 745.28 484.91 928.04 417.40 853.50 562.94 834.36 686.49 987.46 628.94
00000999 00000316 671.62 246.47 424.06 552.86 749.96 477.96 932.51 413.69 859.22 558.09 838.18 679.43 990.98 624.53
00001000 00000317 677.45 243.86 422.41 553.99 757.44 469.07 937.22 408.04 866.25 551.47 843.61 672.42 995.62 620.14
00001001 00000318 678.24 232.30 417.94 561.07 757.24 465.32 934.06 401.58 866.94 550.07 850.74 666.97 997.16 613.55
00001002 00000319 680.15 229.29 420.91 561.30 759.56 464.14 937.19 400.23 868.70 550.30 852.22 665.17 1000.15 611.48
00001003 00000320 683.49 232.94 421.68 564.38 763.77 461.50 945.37 401.79 873.42 552.10 850.80 670.44 1004.38 619.25
00001004 00000321 682.55 237.85 421.90 563.03 761.16 466.20 942.54 405.44 870.00 555.73 849.93 674.79 1005.25 622.19
00001005 00000322 684.51 238.95 418.20 562.25 762.48 469.10 943.17 407.61 871.32 558.71 852.51 676.69 1006.46 623.52
00001006 00000323 684.03 237.02 417.62 564.60 762.98 473.52 944.54 409.01 872.58 561.31 854.97 681.68 1006.99 626.52
00001007 00000324 682.37 238.47 420.55 567.12 760.58 473.65 943.74 409.44 871.56 559.70 853.81 682.86 1007.10 627.51
00001008 00000325 682.32 239.39 420.26 566.44 759.73 474.80 942.96 410.57 870.90 560.18 853.46 683.85 1006.51 628.54
00001009 00000326 681.65 241.20 419.66 566.29 756.99 479.48 941.90 411.93 870.37 563.03 853.62 688.81 1006.31 630.71
00001010 00000327 683.23 248.03 417.90 562.05 757.93 483.02 940.91 415.14 870.59 568.96 853.88 691.00 1007.44 632.49
00001011 00000328 683.28 247.88 417.80 562.24 758.07 482.98 941.04 415.24 870.75 569.12 853.75 690.97 1007.32 632.57
00001012 00000329 683.04 249.23 419.29 566.16 758.29 486.80 940.40 419.31 870.92 575.17 851.43 693.54 1007.00 635.45
00001013 00000330 680.33 244.99 420.81 573.10 756.38 487.49 938.76 420.55 870.36 578.38 850.10 695.45 1005.02 637.86
00001014 00000331 680.73 245.73 418.10 572.64 755.96 490.10 936.90 423.20 869.75 580.20 849.76 697.55 1002.79 640.34
00001015 00000332 676.57 253.18 418.68 565.32 752.63 495.76 933.30 427.31 865.89 582.52 846.71 700.86 998.41 642.57
00001016 00000333 670.60 251.18 423.43 571.10 748.26 497.59 929.76 429.05 862.68 585.76 841.84 702.86 993.81 644.77
00001017 00000334 666.21 254.29 422.56 565.81 741.58 497.93 925.39 428.97 855.79 586.40 838.16 702.90 990.70 644.18
00001018 00000335 659.05 256.15 426.75 568.02 737.30 498.34 921.41 432.48 850.83 586.70 831.55 702.72 983.09 646.95
00001019 00000336 650.68 249.79 430.70 565.77 730.63 490.60 917.78 424.58 844.38 578.48 824.65 694.65 977.66 638.47
00001020 00000337 650.04 257.52 426.16 558.40 731.95 484.80 905.67 427.34 838.70 578.89 820.45 691.13 961.62 641.56
00001021 00000338 647.22 254.19 423.65 560.34 726.31 480.35 901.62 421.36 834.44 575.16 816.21 689.73 959.90 639.07
00001022 00000339 644.49 256.58 416.80 560.42 721.18 480.99 895.58 419.39 829.51 572.50 811.14 692.28 954.70 639.05
00001023 00000340 641.70 257.91 414.43 559.45 718.38 484.67 891.97 423.31 826.29 574.08 807.86 694.50 950.20 641.57
00001024 00000341 641.12 261.08 412.73 559.93 716.52 490.00 888.99 428.83 824.11 579.05 806.55 697.96 947.48 645.21
00001025 00000342 638.11 263.41 415.03 561.12 716.07 494.41 888.91 432.46 825.88 580.84 806.74 701.60 947.37 648.23
00001026 00000343 641.05 264.09 412.64 560.03 717.85 496.12 890.53 434.34 827.19 582.36 808.43 702.44 948.19 648.98
00001027 00000344 641.48 262.01 415.23 560.00 719.53 491.23 892.87 431.97 828.76 581.81 809.27 699.63 949.38 648.16
00001028 00000345 637.93 258.54 423.01 563.04 720.13 485.17 894.46 425.02 829.53 577.96 811.09 695.69 952.60 643.12
00001029 00000346 642.59 256.63 420.02 558.65 720.55 480.45 895.52 420.20 829.17 574.47 810.57 691.97 954.34 639.62
00001030 00000347 642.74 248.03 423.08 560.40 722.43 476.63 897.93 414.03 832.80 568.60 815.81 688.84 955.96 634.48
00001031 00000348 644.44 247.04 422.69 558.56 723.07 476.35 897.58 412.89 832.83 566.83 816.97 688.63 955.25 633.68
00001032 00000349 648.19 249.87 419.21 553.79 724.72 475.57 899.33 414.81 832.98 567.78 817.23 686.91 954.42 634.46
00001033 00000350 650.94 253.76 419.86 551.00 725.88 478.11 900.46 417.01 832.62 570.98 818.63 687.00 957.16 634.42
00001034 00000351 653.09 259.34 420.55 550.79 728.72 481.56 902.96 422.82 831.99 577.02 819.25 690.48 957.78 639.93
00001035 00000352 652.98 259.20 420.83 551.13 728.73 481.65 902.95 422.78 832.11 576.88 819.28 690.53 957.79 639.87
00001036 00000353 654.40 265.85 420.41 546.76 733.10 484.47 903.79 427.74 833.19 578.80 821.61 690.77 955.16 641.89
00001037 00000354 654.71 265.71 418.56 547.07 735.35 486.10 905.30 431.07 835.63 583.51 823.66 691.57 954.07 644.19
00001038 00000355 656.61 266.99 423.05 547.33 740.10 486.99 909.26 434.18 838.52 585.39 825.81 690.42 955.13 644.62
00001039 00000356 658.82 268.68 423.03 544.95 742.30 485.08 913.00 434.84 840.43 585.56 826.29 688.85 956.35 645.15
00001040 00000357 658.60 267.22 422.62 550.14 741.78 487.34 912.69 436.38 840.10 587.36 825.03 691.92 956.37 647.62
00001041 00000358 655.07 264.97 425.55 547.81 739.62 488.91 912.24 436.40 839.99 586.26 825.45 692.22 957.04 646.74
00001042 00000359 655.67 264.60 428.21 546.47 741.19 486.45 915.66 435.78 839.76 583.32 824.76 687.87 959.02 643.86
00001043 00000360 658.86 265.28 427.31 544.10 741.02 482.00 913.46 433.50 838.78 581.04 824.94 684.22 957.94 642.00
00001044 00000361 658.33 263.78 426.11 542.67 743.23 483.78 914.05 437.06 839.52 581.96 825.39 681.96 957.74 641.11
00001045 00000362 659.19 262.50 424.13 544.14 741.76 484.39 912.42 436.61 838.48 582.44 825.13 683.33 957.70 641.59
00001046 00000363 661.41 263.48 424.40 545.70 739.70 481.18 911.57 433.13 835.29 579.97 823.39 682.55 958.73 640.28
00001047 00000364 659.87 263.50 423.52 546.69 737.88 479.15 908.72 429.67 834.02 577.46 822.52 682.47 957.44 639.03
00001048 00000365 662.49 263.28 425.46 545.37 738.47 479.28 912.39 429.70 834.51 576.83 822.53 683.53 959.00 639.90
00001049 00000366 661.90 245.16 424.63 566.18 735.10 478.30 925.20 417.42 842.68 568.79 825.15 692.37 978.12 640.81
00001050 00000367 673.54 249.75 412.63 556.83 743.44 470.54 931.47 414.80 847.27 559.69 828.81 687.02 976.96 639.70
00001051 00000368 676.74 244.70 418.25 567.37 750.39 465.80 941.72 414.97 856.60 558.94 833.51 685.25 986.57 641.75
00001052 00000369 681.18 238.70 423.07 579.75 756.85 463.59 950.05 418.33 861.13 559.98 835.07 686.04 989.85 647.07
00001053 00000370 689.06 244.47 417.57 574.42 764.79 457.52 956.56 419.09 862.96 560.07 839.73 683.79 988.56 650.56
00001054 00000371 702.91 253.58 411.36 567.31 775.40 453.53 960.71 418.96 862.92 558.79 844.98 682.92 985.68 653.48
00001055 00000372 709.32 255.97 409.30 570.23 782.29 450.79 967.63 420.70 866.17 560.14 846.91 685.49 986.15 659.81
00001056 00000373 719.96 247.30 409.42 576.52 795.21 449.40 981.01 423.07 877.96 559.02 849.83 682.11 991.11 659.22
00001057 DELETE   738.70 259.92 397.52 561.59 816.48 452.70 1005.35 435.21 904.58 562.83 866.29 680.70 1002.78 664.68
00001058 00000375 749.62 250.37 403.84 576.99 831.68 443.92 1037.16 425.46 933.54 560.61 881.59 685.11 1034.17 669.54
00001059 00000376 768.61 244.41 397.29 582.58 849.35 444.86 1048.41 425.96 947.50 559.45 897.53 684.76 1047.73 668.66
00001060 00000377 768.67 244.15 397.19 582.80 849.35 444.83 1048.44 425.87 947.59 559.49 897.60 684.83 1047.81 668.68
00001061 00000378 775.13 250.30 399.86 575.56 853.67 441.04 1053.45 423.35 947.55 559.11 899.73 682.41 1049.03 667.21
00001062 00000379 777.11 245.75 400.94 574.83 855.25 437.04 1051.64 420.83 944.74 556.24 898.09 678.01 1043.87 664.35
00001063 00000380 777.54 247.38 400.15 571.62 853.29 432.34 1049.07 418.95 937.03 551.48 893.46 674.15 1038.69 662.83
00001064 00000381 777.73 250.86 398.60 564.42 849.07 430.77 1043.41 417.24 929.25 546.65 889.53 670.64 1033.61 659.30
00001065 00000382 774.25 252.99 401.55 561.24 840.68 430.05 1036.16 416.22 920.16 545.87 880.82 671.53 1024.99 660.09
00001066 00000383 766.54 255.94 404.20 561.94 833.19 430.62 1029.29 417.66 912.98 549.98 874.54 673.91 1018.58 663.09
00001067 00000384 765.58 272.36 410.32 563.06 828.28 445.12 1021.69 431.81 902.46 563.91 874.90 684.88 1014.46 675.07
00001068 00000385 764.73 269.87 412.15 567.54 826.22 447.73 1018.59 435.33 897.77 566.44 872.80 686.64 1013.60 677.57
00001069 00000386 762.78 269.49 414.36 569.62 824.71 450.50 1014.80 439.86 895.52 570.13 870.33 687.23 1011.82 679.66
00001070 00000387 761.57 270.92 417.99 569.86 824.26 456.37 1013.50 445.25 893.51 572.91 866.25 690.63 1011.24 682.21
00001071 00000388 757.81 274.88 421.17 568.53 821.74 463.19 1010.91 450.49 891.35 580.86 863.78 696.45 1011.91 685.77
00001072 00000389 759.05 289.79 423.85 561.67 816.47 469.64 1009.16 452.81 892.25 590.78 861.79 705.78 1003.11 691.34
00001073 00000390 755.03 286.27 427.11 573.63 813.82 478.00 1006.11 460.54 891.74 600.57 858.28 715.29 998.84 700.99
00001074 00000391 750.96 288.64 427.67 581.53 811.22 485.22 1003.60 465.80 889.60 606.85 856.59 724.04 998.19 708.38
00001075 00000392 750.21 297.03 427.52 580.36 813.09 489.95 1004.05 469.86 892.53 611.54 864.42 730.99 1000.02 714.48
00001076 00000393 751.16 299.03 427.95 579.42 814.03 491.72 1004.91 471.71 894.32 613.58 865.94 733.61 1000.39 717.22
00001077 00000394 751.71 296.25 429.41 583.00 815.64 493.49 1007.15 472.93 896.67 616.13 866.68 735.46 1004.45 718.70
00001078 00000395 753.36 292.74 430.66 587.80 819.34 494.69 1008.94 473.49 900.10 613.74 870.76 734.27 1006.44 717.22
00001079 00000396 754.77 283.19 429.55 597.06 822.38 495.40 1012.03 473.09 903.98 613.30 876.43 735.15 1009.54 717.00
00001080 00000397 754.86 298.78 424.34 584.88 819.29 492.22 1015.49 470.94 903.88 611.60 875.70 740.10 1022.32 722.56
00001081 00000398 756.45 299.38 428.85 591.98 817.52 496.09 1015.69 471.62 901.34 618.62 876.81 749.99 1028.32 729.55
00001082 00000399 758.39 295.89 428.34 598.54 820.17 497.37 1017.80 470.01 905.23 619.29 884.34 751.83 1034.15 729.17
00001083 00000400 759.15 295.08 436.49 605.06 823.11 500.88 1020.68 468.46 910.28 619.22 892.30 752.90 1046.30 725.18
00001084 00000401 759.10 295.30 436.55 604.72 823.15 500.82 1020.70 468.45 910.27 619.03 892.35 752.76 1046.24 725.07
00001085 00000402 761.25 297.19 441.30 608.10 826.10 501.93 1023.83 466.34 912.22 619.68 896.58 754.06 1055.19 722.45
00001086 00000403 761.50 294.48 438.35 614.69 827.44 503.24 1026.03 465.97 914.42 622.31 900.50 756.21 1062.15 722.57
00001087 00000404 760.34 294.68 438.96 617.54 828.12 504.32 1026.55 466.98 914.80 623.20 903.18 757.87 1064.10 723.77
00001088 00000405 760.87 297.15 441.02 614.77 828.71 505.33 1028.16 466.84 915.43 623.66 905.06 759.70 1064.59 724.86
00001089 00000406 761.95 298.14 441.67 612.09 830.01 505.16 1027.67 469.77 916.40 626.35 903.19 761.75 1056.19 730.20
00001090 00000407 759.80 293.19 444.48 616.95 826.57 503.14 1023.72 469.73 913.91 626.88 899.07 762.71 1049.58 732.97
00001091 00000408 754.54 284.04 443.70 630.87 822.76 503.43 1021.85 467.69 914.56 625.84 898.43 764.19 1051.88 732.75
00001092 00000409 751.50 282.46 446.36 633.34 820.90 505.14 1023.37 466.71 914.61 624.77 897.58 763.55 1057.41 729.38
00001093 00000410 746.68 281.07 452.50 631.91 824.99 508.37 1031.54 468.45 924.39 621.78 901.14 758.85 1067.40 723.49
00001094 00000411 745.65 280.84 455.58 631.41 829.84 511.20 1037.33 467.08 933.51 619.45 905.85 757.25 1078.28 718.13
00001095 00000412 751.52 286.96 448.88 622.67 839.33 512.01 1044.19 469.29 946.57 621.14 910.72 751.04 1087.42 712.13
00001096 00000413 750.66 286.05 455.43 622.98 842.53 506.38 1048.04 462.12 952.67 615.41 914.72 745.92 1092.97 705.92
00001097 00000414 749.85 283.70 459.35 623.02 842.56 505.95 1050.90 459.52 957.54 616.55 917.29 745.21 1098.75 703.33
00001098 00000415 749.81 284.94 462.71 611.82 842.59 505.37 1051.73 459.33 959.70 613.38 915.55 740.22 1098.79 699.16
00001099 00000416 750.41 280.08 466.29 612.21 846.93 502.47 1055.24 455.61 968.16 608.39 919.83 735.51 1101.21 693.49
00001100 00000417 750.27 276.10 467.95 611.70 847.70 498.89 1058.88 452.39 972.67 604.56 920.21 733.05 1101.99 691.40
00001101 00000418 748.49 278.36 470.45 616.04 849.74 497.85 1059.79 452.27 974.41 604.95 923.27 734.95 1101.67 693.49
00001102 00000419 747.77 280.10 471.25 622.39 850.34 501.08 1060.59 453.86 976.30 609.75 926.79 743.94 1104.79 700.64
00001103 00000420 746.83 280.41 467.87 626.82 849.54 503.54 1058.96 454.91 975.33 613.33 930.67 750.40 1104.22 706.11
00001104 00000421 747.60 280.20 468.95 624.46 849.66 505.30 1060.59 455.35 977.40 614.18 932.34 752.22 1107.23 706.95
00001105 00000422 748.96 278.91 467.47 622.67 852.14 507.02 1062.38 457.79 980.52 617.05 934.47 753.49 1106.47 708.56
00001106 00000423 751.71 283.04 466.42 617.29 855.43 507.92 1064.93 457.58 985.77 617.70 938.52 755.20 1109.16 709.15
00001107 00000424 748.67 284.36 470.09 619.79 856.76 509.05 1066.28 457.39 990.21 620.80 942.46 758.32 1110.81 711.09
00001108 00000425 748.74 284.93 469.97 619.12 856.78 509.04 1066.29 457.40 990.26 620.69 942.48 758.26 1110.78 711.07
00001109 00000426 745.81 291.39 471.06 616.34 853.25 513.03 1064.64 459.00 989.93 626.79 942.42 762.70 1112.16 713.60
00001110 00000427 746.21 294.72 466.89 614.97 851.36 514.84 1063.20 461.15 987.89 629.79 939.99 764.85 1110.38 716.36
00001111 00000428 745.90 290.55 462.80 620.83 849.08 516.92 1060.87 462.93 984.42 631.64 937.31 767.41 1107.69 719.03
00001112 00000429 743.22 287.01 460.27 624.33 847.02 518.70 1058.51 464.92 982.23 633.30 935.35 767.56 1104.65 719.88
00001113 00000430 740.12 285.29 455.13 626.36 843.18 518.50 1053.71 467.90 977.61 636.14 931.87 768.19 1099.11 723.57
00001114 00000431 734.31 281.61 455.52 632.54 838.32 515.14 1049.78 467.73 973.26 636.77 926.61 769.28 1091.83 726.99
00001115 00000432 727.75 282.88 456.78 624.88 830.77 506.18 1044.89 459.77 966.72 631.10 924.35 764.55 1085.88 722.97
00001116 00000433 727.26 279.00 454.28 627.08 830.60 502.74 1044.81 458.72 967.59 630.29 923.94 763.14 1082.79 723.66
00001117 00000434 723.76 274.66 459.81 628.11 831.84 500.75 1047.40 456.73 970.43 629.29 926.02 761.45 1082.31 722.20
00001118 00000435 726.12 273.65 458.87 626.97 834.26 498.81 1049.44 454.21 973.87 625.90 927.76 758.69 1085.05 718.98
00001119 00000436 729.88 273.87 458.28 624.67 838.19 497.75 1052.39 454.81 976.10 624.28 928.63 755.95 1086.22 717.72
00001120 00000437 730.53 272.99 459.40 623.96 839.55 498.28 1054.08 455.06 977.68 624.58 929.21 754.24 1088.43 715.82
00001121 00000438 730.38 273.57 462.17 623.93 839.52 500.84 1055.45 457.55 976.99 625.43 927.94 754.39 1089.64 715.85
00001122 00000439 732.07 272.56 463.28 628.04 842.49 500.05 1056.01 455.76 979.66 622.74 929.29 752.58 1093.09 712.73
00001123 00000440 736.21 268.54 460.63 635.38 847.40 500.03 1057.69 454.35 985.65 620.63 932.00 753.20 1094.90 712.27
00001124 00000441 735.76 272.47 461.87 635.05 848.66 500.75 1058.60 452.30 988.85 621.10 935.52 756.99 1098.93 713.50
00001125 00000442 733.42 270.29 468.76 634.63 847.71 499.20 1060.12 449.63 989.90 620.30 935.53 753.56 1101.65 709.04
00001126 00000443 736.77 271.21 473.44 627.51 851.66 496.49 1063.83 445.70 993.49 615.70 938.29 746.37 1106.38 700.08
00001127 00000444 739.65 263.47 474.07 627.85 855.00 492.56 1067.18 441.72 996.79 612.11 942.35 743.24 1109.45 696.95
00001128 00000445 742.17 264.78 474.18 625.15 859.14 491.30 1069.66 442.07 999.73 611.91 946.27 742.80 1110.58 697.70
00001129 00000446 742.28 264.67 474.53 627.53 862.15 490.61 1072.00 442.56 1002.26 612.62 950.35 744.88 1109.74 700.62
00001130 00000447 741.58 265.63 474.97 626.99 860.63 490.44 1071.41 443.70 1000.21 614.63 948.82 746.72 1107.91 703.63
00001131 00000448 740.97 262.72 475.09 634.43 859.08 492.34 1070.09 444.68 999.11 615.96 947.69 750.18 1106.12 706.61
00001132 00000449 740.90 262.92 475.06 634.25 859.00 492.27 1069.94 444.55 999.11 615.93 947.75 750.24 1106.07 706.62
00001133 00000450 738.37 261.72 474.84 639.10 855.74 496.71 1066.52 448.22 995.96 620.64 945.87 754.58 1104.75 710.53
00001134 00000451 738.33 268.19 470.34 636.27 852.79 500.05 1062.09 450.83 991.26 623.12 943.45 757.47 1103.10 713.21
00001135 00000452 737.36 264.82 468.44 639.34 851.42 500.65 1058.13 452.69 987.73 623.13 941.66 756.36 1099.22 713.05
00001136 00000453 737.09 266.44 469.72 637.30 848.14 501.04 1056.94 453.66 983.79 625.13 936.89 756.15 1096.87 713.75
00001137 00000454 733.38 259.33 474.74 640.08 841.35 500.50 1055.87 457.30 975.29 627.85 925.90 754.45 1091.81 716.16
00001138 00000455 734.41 257.10 471.58 639.92 839.30 500.13 1052.75 457.36 971.87 627.98 922.14 751.69 1090.54 713.81
00001139 00000456 728.31 266.14 468.48 637.31 835.44 501.92 1046.83 460.27 967.43 632.31 921.62 756.77 1082.42 719.80
00001140 00000457 729.11 271.01 465.71 633.87 832.60 503.92 1043.66 462.11 962.77 633.39 918.94 758.39 1079.95 721.35
00001141 00000458 730.84 272.81 462.62 634.22 831.97 504.50 1041.75 463.23 960.23 634.64 917.48 760.51 1077.40 723.67
00001142 00000459 731.33 275.01 460.77 631.81 829.40 504.84 1040.05 464.41 955.05 634.90 915.42 762.33 1074.34 726.17
00001143 00000460 733.01 273.88 458.28 633.51 828.56 505.76 1038.57 466.17 952.25 635.26 913.54 762.61 1072.29 727.23
00001144 00000461 733.30 275.35 457.30 633.76 826.81 506.71 1038.31 467.03 949.19 634.75 911.35 764.18 1072.50 728.72
00001145 00000462 733.36 275.31 458.04 634.42 826.14 506.99 1037.19 468.26 945.49 633.47 908.58 764.11 1070.39 729.51
00001146 00000463 734.79 273.11 454.98 636.23 825.51 506.28 1036.21 468.89 942.38 632.25 906.51 763.47 1067.01 730.21
00001147 00000464 735.10 275.32 453.36 634.46 822.71 505.76 1033.38 468.57 937.17 631.46 902.80 763.80 1063.48 730.77
00001148 00000465 735.19 278.26 450.82 630.40 819.78 504.54 1031.58 468.76 932.70 630.07 897.59 762.97 1059.06 731.20
00001149 00000466 735.33 276.84 449.13 631.66 818.20 503.31 1030.01 468.45 929.39 628.38 893.73 761.61 1056.66 730.81
00001150 00000467 734.90 275.38 447.99 631.35 817.35 500.81 1029.16 467.62 928.08 626.98 890.49 759.33 1053.86 730.15
00001151 00000468 733.88 271.16 447.21 635.15 817.13 497.47 1028.21 465.53 928.56 623.83 889.43 756.11 1050.75 728.04
00001152 00000469 733.06 269.66 448.73 635.13 817.31 494.55 1027.76 464.00 927.87 620.81 888.14 751.59 1048.86 724.74
00001153 00000470 732.72 271.39 449.03 631.11 817.31 491.65 1027.82 462.38 927.92 618.54 887.80 747.88 1047.15 722.25
00001154 00000471 732.26 270.48 448.11 630.37 816.90 490.51 1027.48 461.52 927.75 616.27 886.96 745.17 1046.15 719.92
00001155 00000472 732.90 271.75 449.53 628.64 816.22 487.39 1026.82 458.55 926.52 614.30 887.30 743.79 1046.27 718.66
00001156 00000473 732.81 271.85 449.85 628.58 816.09 487.41 1026.68 458.53 926.33 614.38 887.20 743.85 1046.18 718.68
00001157 00000474 731.40 266.25 456.77 632.56 816.04 487.81 1026.30 455.85 924.58 616.26 884.67 739.82 1041.40 713.17
00001158 00000475 728.69 264.43 458.78 633.58 815.29 486.49 1024.87 455.87 922.86 615.19 881.70 739.13 1037.11 713.77
00001159 00000476 726.68 261.98 460.81 636.89 812.67 486.81 1022.86 454.98 920.23 615.90 879.50 739.52 1036.85 713.15
00001160 00000477 726.01 261.97 462.95 636.27 812.45 485.80 1022.02 453.78 919.54 614.47 880.17 738.50 1036.08 711.84
00001161 00000478 725.49 263.78 464.66 634.23 812.38 483.93 1021.96 452.54 919.40 612.87 880.12 737.51 1035.54 711.27
00001162 00000479 725.80 256.62 465.60 640.65 813.26 483.09 1022.79 451.04 920.02 611.52 881.16 736.75 1036.66 709.98
00001163 00000480 727.35 251.59 465.32 645.47 814.87 479.88 1025.01 448.20 921.35 608.43 883.01 734.43 1038.78 707.90
00001164 00000481 727.88 252.61 465.99 641.43 816.52 478.31 1026.85 447.42 923.23 606.22 883.38 731.85 1037.95 706.01
00001165 00000482 730.19 255.46 455.96 632.72 811.54 475.91 1025.64 445.43 923.38 605.83 879.11 732.93 1041.60 708.16
00001166 00000483 731.73 250.44 464.89 642.08 817.44 474.82 1031.53 444.32 924.92 603.82 882.33 730.12 1040.79 704.47
00001167 00000484 729.67 249.98 468.56 640.85 817.26 476.23 1031.97 446.82 925.79 607.57 881.10 731.18 1039.91 706.64
00001168 00000485 731.18 250.73 469.64 638.20 819.42 476.84 1035.26 447.03 928.69 607.40 882.92 729.01 1043.24 704.15
00001169 00000486 728.46 262.52 467.11 634.66 818.31 476.96 1037.10 451.33 933.69 609.60 884.85 736.49 1046.70 714.63
00001170 00000487 729.35 264.98 470.17 632.80 820.14 479.34 1038.28 452.64 934.72 609.50 887.51 737.44 1049.05 714.60
00001171 00000488 731.49 263.67 471.54 632.76 822.78 480.99 1041.61 455.01 937.94 613.27 892.79 740.94 1051.90 718.38
00001172 00000489 733.49 260.69 467.58 633.63 826.59 489.69 1044.43 464.13 942.35 621.17 897.33 746.90 1056.11 724.19
00001173 00000490 743.50 245.45 466.62 644.86 835.34 496.73 1049.70 471.22 942.29 628.75 901.58 749.17 1053.34 728.68
00001174 00000491 744.09 265.33 455.63 625.06 840.21 493.61 1052.14 472.60 953.47 627.50 906.65 753.04 1055.72 734.36
00001175 00000492 743.79 266.53 456.50 630.08 846.46 490.80 1058.62 469.16 965.71 626.93 915.76 756.46 1061.10 737.02
00001176 00000493 745.49 273.56 456.81 630.00 852.31 487.24 1063.47 464.12 973.48 623.46 923.28 756.13 1068.26 734.20
00001177 00000494 749.47 271.48 461.03 629.72 855.52 485.33 1073.28 461.52 978.63 622.94 923.56 753.82 1083.05 730.66
00001178 00000495 751.45 271.75 466.36 628.46 859.16 484.01 1080.11 456.80 985.87 619.89 928.71 752.13 1094.16 725.34
00001179 00000496 753.82 268.24 464.95 634.22 863.65 484.67 1083.64 455.89 991.68 619.88 934.40 754.91 1098.41 726.72
00001180 00000497 753.83 268.95 465.04 633.30 863.69 484.73 1083.81 455.88 992.03 619.65 934.33 754.86 1098.42 726.63
00001181 00000498 755.76 268.41 465.68 637.50 869.57 487.34 1087.66 452.97 1000.65 617.44 943.19 755.65 1106.37 722.73
00001182 00000499 757.32 265.51 466.00 636.30 873.14 489.41 1091.39 454.89 1007.18 618.78 946.51 754.93 1111.20 721.94
00001183 00000500 759.00 263.08 470.24 631.44 877.15 491.00 1096.24 453.88 1013.85 618.53 949.88 750.05 1119.91 714.93
00001184 00000501 761.49 258.12 471.56 629.39 881.72 489.06 1100.15 450.18 1019.05 615.60 954.30 743.86 1126.06 706.92
00001185 00000502 765.11 263.69 470.76 623.36 882.56 486.29 1101.82 447.21 1019.57 614.80 955.11 743.45 1126.39 706.36
00001186 00000503 764.29 266.19 467.64 622.14 880.96 484.15 1099.43 446.89 1016.92 611.47 953.70 743.07 1122.16 707.45
00001187 00000504 761.46 256.32 467.68 630.89 872.15 485.30 1090.53 454.34 998.45 608.03 938.71 737.88 1111.72 708.18
00001188 00000505 756.08 251.26 468.18 635.36 860.83 483.14 1083.80 456.65 985.02 608.34 926.51 736.24 1102.96 710.54
00001189 00000506 748.08 253.18 471.21 637.06 851.33 480.65 1075.39 455.76 974.19 609.54 915.84 737.60 1090.26 714.01
00001190 00000507 744.89 254.83 470.91 632.81 845.91 480.81 1070.45 457.37 968.34 615.57 911.26 739.17 1083.95 717.16
00001191 00000508 741.19 260.11 469.27 631.70 840.41 483.85 1064.52 461.07 960.74 625.43 904.49 746.51 1074.98 725.32
00001192 00000509 735.27 251.14 478.16 641.21 831.70 492.55 1057.47 466.81 953.05 636.24 899.35 750.79 1069.02 730.16
00001193 00000510 724.96 250.63 483.10 644.59 823.60 492.62 1050.23 466.91 944.88 637.95 892.45 754.66 1059.02 733.76
00001194 00000511 720.46 244.87 481.49 647.24 818.67 495.63 1043.06 470.04 938.32 635.53 886.30 755.38 1050.39 734.44
00001195 00000512 719.76 251.56 468.16 645.83 814.02 487.31 1041.29 464.64 935.15 630.65 880.54 756.22 1045.96 738.19
00001196 00000513 715.55 254.31 464.21 645.65 810.12 487.11 1034.90 464.62 932.75 629.18 875.39 755.63 1040.16 737.66
00001197 00000514 710.21 252.06 464.36 645.53 804.28 481.95 1031.01 461.76 929.05 626.63 869.66 749.78 1036.74 733.62
00001198 00000515 701.61 243.84 470.61 646.86 797.91 476.44 1024.73 455.14 920.68 621.90 864.39 741.54 1033.97 724.44
00001199 00000516 706.55 240.71 471.12 646.00 801.02 475.15 1021.67 446.43 918.41 612.88 867.25 738.46 1033.20 714.56
00001200 00000517 704.33 231.25 470.91 647.87 794.89 471.09 1016.61 440.80 910.96 607.41 862.38 734.16 1030.08 708.72
00001201 00000518 703.54 231.56 466.91 638.62 791.18 470.49 1016.07 446.26 903.76 613.47 858.51 727.85 1028.41 705.62
00001202 00000519 701.16 233.42 467.04 638.63 788.86 470.86 1012.52 446.38 900.54 612.14 856.58 728.43 1024.75 706.00
00001203 00000520 700.37 237.75 468.96 641.29 787.56 473.32 1011.67 448.16 898.88 616.20 857.13 733.77 1025.08 710.49
00001204 00000521 700.23 237.35 469.29 641.66 787.58 473.22 1011.80 448.46 898.72 616.47 857.24 733.88 1024.64 710.93
00001205 00000522 699.96 237.70 473.53 645.20 789.87 473.47 1009.94 443.04 902.81 607.05 855.61 734.33 1020.31 709.08
00001206 00000523 700.83 237.78 475.95 651.37 791.97 475.41 1011.59 444.72 903.07 609.25 857.19 736.59 1023.35 711.11
00001207 00000524 705.07 240.52 472.74 646.84 793.96 478.04 1012.39 446.74 904.53 610.76 859.51 736.34 1025.18 710.37
00001208 00000525 709.93 237.66 468.29 653.46 797.37 478.22 1013.39 446.32 906.27 610.27 865.59 738.12 1028.81 711.37
00001209 00000526 719.42 240.63 464.17 651.67 801.69 475.43 1017.65 443.10 907.95 609.12 870.59 736.45 1036.53 709.25
00001210 00000527 721.75 239.00 463.61 659.72 803.64 473.33 1019.52 442.05 908.34 608.01 872.11 736.91 1037.72 710.51
00001211 00000528 730.89 239.09 463.49 653.95 811.30 471.19 1025.07 438.96 914.97 603.70 879.00 732.61 1044.30 705.29
00001212 00000529 733.65 237.90 464.46 654.98 814.36 470.20 1027.80 438.56 917.57 602.74 881.28 731.92 1046.44 705.01
00001213 00000530 734.12 238.22 465.67 651.61 814.64 471.03 1028.17 439.60 917.58 602.53 881.22 730.90 1045.77 704.28
00001214 00000531 737.16 245.52 459.65 631.78 813.62 469.13 1028.59 438.77 919.71 602.71 880.89 726.42 1047.81 700.85
00001215 00000532 738.83 245.14 461.75 631.29 815.97 470.69 1032.64 439.84 921.97 603.79 884.37 728.19 1050.82 702.14
00001216 00000533 738.22 246.61 463.59 634.07 815.77 472.93 1033.08 441.53 922.12 609.62 886.65 733.32 1051.96 706.94
00001217 00000534 737.98 242.90 464.09 637.57 816.40 473.59 1033.83 442.77 922.73 610.84 888.59 735.07 1051.94 709.23
00001218 00000535 738.00 246.19 468.16 633.98 817.53 473.59 1036.83 443.31 923.93 609.71 887.65 732.97 1052.38 707.59
00001219 00000536 737.91 245.72 471.21 634.78 819.47 472.69 1038.08 441.27 927.12 607.13 889.88 731.37 1054.47 704.75
00001220 00000537 740.32 241.39 470.19 637.43 823.55 469.54 1042.20 439.13 931.31 603.44 890.66 727.56 1056.30 701.51
00001221 00000538 741.61 239.69 469.76 641.17 826.08 465.67 1044.70 437.93 933.39 601.75 892.68 727.81 1054.31 703.94
00001222 00000539 743.18 238.47 470.25 645.92 830.11 466.98 1045.92 438.48 935.97 604.63 898.74 730.41 1058.05 705.75
00001223 00000540 747.25 240.01 467.12 644.84 832.43 469.36 1045.72 440.32 936.31 608.67 904.30 735.01 1058.33 709.89
00001224 00000541 748.09 235.30 472.48 654.10 835.39 477.30 1050.35 449.12 940.98 614.87 903.05 737.63 1060.16 714.11
00001225 00000542 747.65 249.58 467.01 637.38 834.18 479.93 1049.79 452.29 942.52 614.49 905.33 739.80 1065.99 715.15
00001226 00000543 748.63 248.51 468.94 637.18 835.83 478.56 1052.48 451.66 944.07 614.13 905.89 739.10 1066.25 715.10
00001227 00000544 749.58 248.84 468.90 635.13 839.01 476.95 1055.48 450.17 947.92 612.01 909.24 737.19 1067.16 713.35
00001228 00000545 749.74 248.97 469.05 635.09 838.78 477.07 1055.17 450.03 947.44 612.05 909.35 737.25 1067.40 713.18
00001229 00000546 754.04 245.90 464.37 637.45 842.99 474.73 1057.60 447.78 951.21 608.62 911.47 736.15 1068.55 712.00
00001230 00000547 755.38 243.04 463.07 639.37 844.98 473.81 1058.70 447.37 952.52 608.25 913.08 736.31 1067.05 712.79
00001231 00000548 757.55 241.91 462.08 638.83 845.44 471.88 1059.66 446.19 951.90 607.26 912.59 734.66 1067.71 711.93
00001232 00000549 757.63 236.32 462.00 645.97 846.60 468.46 1059.81 442.60 952.08 603.08 913.89 733.91 1066.96 710.85
00001233 00000550 763.33 232.67 452.92 655.00 844.36 460.12 1056.31 432.18 946.89 599.60 911.47 735.64 1064.68 710.48
00001234 00000551 760.93 234.48 453.24 654.63 843.13 458.17 1055.85 429.05 947.72 597.88 910.95 734.37 1065.70 708.26
00001235 00000552 760.10 229.88 457.11 641.34 854.13 453.89 1071.01 426.79 965.71 581.95 916.10 717.98 1074.78 693.66
00001236 00000553 760.67 224.60 453.95 638.11 855.64 448.31 1071.29 423.02 968.61 574.15 916.30 708.13 1078.97 684.96
00001237 00000554 761.19 224.85 453.33 637.88 856.42 441.96 1072.23 416.42 972.98 570.43 919.32 706.02 1081.21 682.46
00001238 00000555 760.46 225.66 454.20 642.80 856.70 441.95 1071.18 414.43 974.56 572.31 923.63 710.45 1081.55 685.18
00001239 00000556 758.78 230.34 456.00 638.78 855.79 443.86 1071.80 417.16 973.21 574.21 922.02 711.02 1081.70 686.34
00001240 00000557 758.35 235.69 454.16 626.82 855.63 449.02 1073.06 422.64 972.79 575.85 917.21 707.07 1082.00 683.08
00001241 00000558 757.31 237.46 454.47 622.56 856.63 452.46 1073.10 427.65 973.56 576.93 913.60 703.42 1083.30 680.79
00001242 00000559 754.12 238.44 456.10 622.12 853.20 454.83 1070.47 428.76 972.31 579.09 911.22 705.57 1081.20 681.95
00001243 00000560 753.79 242.58 454.04 617.47 851.81 458.57 1070.20 430.09 972.66 582.37 912.15 708.47 1082.35 682.96
00001244 00000561 753.83 246.12 453.16 616.74 852.18 460.44 1069.42 433.00 973.12 584.68 912.81 712.02 1079.84 687.61
00001245 00000562 749.54 257.04 455.06 613.42 852.30 466.93 1069.88 439.35 974.61 589.05 916.46 718.97 1084.80 693.36
00001246 00000563 748.29 257.62 456.78 615.06 851.67 468.73 1068.73 439.89 974.41 590.07 917.08 720.26 1086.06 693.53
00001247 00000564 748.12 257.53 455.73 616.59 851.04 472.04 1066.76 442.53 974.35 594.52 917.68 724.00 1083.26 697.27
00001248 00000565 744.51 258.06 456.21 615.73 846.92 473.22 1063.63 443.79 970.43 595.61 913.57 724.81 1077.42 698.73
00001249 00000566 743.55 256.81 454.15 619.45 846.69 473.95 1061.83 445.10 971.18 597.46 913.21 726.04 1075.89 700.65
00001250 00000567 741.73 261.03 454.00 617.40 845.78 474.92 1061.67 446.33 971.30 599.89 911.99 728.95 1075.68 703.73
00001251 00000568 736.86 260.24 453.82 622.38 840.80 478.68 1057.41 449.27 967.16 606.58 908.34 734.36 1071.76 708.68
00001252 00000569 736.97 260.64 453.69 621.87 840.74 478.54 1057.50 449.10 967.35 606.67 908.40 734.21 1071.80 708.49
00001253 00000570 731.43 249.44 458.64 627.77 833.99 479.85 1053.25 450.18 960.95 610.52 904.97 733.59 1069.42 709.11
00001254 00000571 730.22 253.50 454.91 624.45 832.67 484.74 1048.42 454.89 958.52 614.97 904.29 735.52 1068.47 711.17
00001255 00000572 725.32 263.67 455.17 618.56 828.13 491.40 1045.45 458.95 957.23 622.19 902.36 741.16 1069.61 714.89
00001256 00000573 724.53 261.57 451.80 620.02 826.97 494.75 1044.12 460.75 958.28 624.85 903.65 744.50 1068.58 716.92
00001257 00000574 722.78 263.45 455.95 621.11 826.35 493.68 1044.83 459.60 959.31 626.62 905.26 746.82 1070.04 719.12
00001258 00000575 718.90 270.19 458.80 616.68 823.86 494.57 1044.12 461.35 957.61 628.87 902.22 749.31 1066.19 722.38
00001259 00000576 715.68 258.21 458.14 632.66 818.82 494.44 1039.43 461.78 951.59 627.04 895.99 751.29 1062.76 724.78
00001260 00000577 711.04 262.45 457.69 627.71 815.23 496.48 1034.48 462.90 948.08 625.58 890.56 750.41 1057.45 723.14
00001261 00000578 708.79 260.47 459.68 624.78 812.19 494.37 1034.38 460.36 945.69 621.57 886.69 745.53 1058.77 717.68
00001262 00000579 708.46 251.83 460.73 627.32 812.24 490.25 1034.15 456.61 944.89 615.38 886.00 738.90 1058.82 711.18
00001263 00000580 708.83 251.02 460.93 624.16 808.53 486.32 1032.09 451.64 941.85 613.44 882.61 735.81 1058.62 706.93
00001264 00000581 713.31 259.67 457.65 604.19 813.77 486.82 1030.73 449.91 940.51 615.37 885.49 732.05 1053.09 698.14
00001265 00000582 714.12 256.42 458.92 609.04 815.75 483.16 1032.43 444.01 944.10 610.28 887.33 727.92 1056.52 692.06
00001266 00000583 710.95 251.25 459.68 612.16 813.81 482.44 1030.82 443.94 942.57 610.97 885.85 727.19 1054.82 691.97
00001267 00000584 711.57 255.81 459.92 607.84 814.41 483.01 1030.70 443.97 943.53 609.86 886.76 727.18 1055.35 691.44
00001268 00000585 713.81 257.97 459.50 608.26 814.93 484.69 1031.50 443.69 944.96 610.85 887.53 729.65 1057.90 692.39
00001269 00000586 712.50 258.76 462.73 608.29 814.08 486.26 1032.55 445.67 944.54 612.68 887.82 731.27 1059.20 694.19
00001270 00000587 714.63 262.79 461.71 603.08 815.12 485.85 1033.70 445.45 945.13 612.71 889.40 731.41 1060.37 694.34
00001271 00000588 711.20 246.63 461.67 619.64 808.98 482.10 1032.67 440.35 943.69 606.42 887.54 727.29 1069.89 692.13
00001272 00000589 711.07 241.99 459.82 624.55 808.14 481.82 1031.02 438.39 943.55 605.98 887.91 727.59 1069.78 691.05
00001273 00000590 711.56 241.02 458.80 622.93 809.09 480.67 1027.83 437.62 942.49 603.42 888.01 723.85 1066.98 687.67
00001274 00000591 712.20 255.07 459.63 607.76 815.48 482.66 1029.65 441.35 945.67 605.86 889.61 725.51 1057.50 687.63
00001275 00000592 708.87 254.57 460.31 605.49 812.55 481.86 1026.14 442.02 941.74 606.37 887.37 723.50 1053.89 686.94
00001276 00000593 708.90 253.98 460.04 605.78 812.53 481.99 1026.13 442.07 941.80 606.39 887.46 723.45 1053.93 686.81
00001277 00000594 706.01 254.43 459.10 604.88 809.62 481.00 1021.16 440.51 938.22 604.70 884.90 721.04 1051.35 683.75
00001278 00000595 702.69 254.18 458.77 604.31 806.47 482.98 1017.52 441.99 934.94 606.20 883.75 722.74 1049.12 684.94
00001279 00000596 698.62 254.57 459.21 606.09 803.09 483.23 1013.41 441.12 931.64 606.01 881.04 723.48 1046.25 684.61
00001280 00000597 697.55 254.41 459.22 604.25 800.46 484.03 1010.16 441.97 927.24 606.79 879.44 723.51 1044.62 684.48
00001281 00000598 693.11 261.29 461.45 600.41 794.43 487.09 1002.53 445.19 919.46 609.35 875.31 726.58 1040.65 687.35
00001282 00000599 688.19 262.01 462.38 603.40 788.82 488.64 995.80 446.73 911.78 608.48 868.24 727.43 1036.04 688.74
00001283 00000600 682.96 267.47 458.48 600.73 781.93 491.55 989.88 448.92 905.74 608.99 860.22 730.35 1029.68 692.01
00001284 00000601 680.41 268.22 455.00 601.25 779.24 492.61 987.87 450.58 904.10 611.14 858.00 732.15 1027.38 694.42
00001285 00000602 678.66 270.48 452.79 599.07 775.54 497.08 984.34 455.41 899.51 614.69 855.36 735.76 1022.68 698.60
00001286 00000603 675.55 271.78 452.06 597.86 771.27 499.84 981.18 458.31 895.23 617.96 852.07 737.89 1020.93 701.02
00001287 00000604 674.47 273.01 451.78 598.58 769.39 500.09 979.56 459.09 893.07 618.89 850.22 738.60 1019.91 702.29
00001288 00000605 673.12 275.02 450.76 595.99 767.11 500.71 978.55 460.59 890.18 618.59 846.42 738.69 1018.35 703.11
00001289 00000606 673.18 277.25 449.20 592.20 767.27 499.45 977.86 459.39 889.67 616.51 846.22 737.53 1016.93 702.15
00001290 00000607 672.65 276.60 447.90 592.26 767.01 499.05 977.10 458.96 889.23 615.81 845.43 737.03 1015.93 701.82
00001291 00000608 670.92 280.51 449.97 591.21 764.44 500.93 975.34 461.64 885.75 618.91 843.22 738.78 1016.49 703.80
00001292 00000609 671.10 278.79 449.50 593.15 763.60 502.33 973.64 462.88 884.63 621.57 843.15 739.47 1016.17 704.10
00001293 00000610 671.51 277.57 448.84 592.24 763.34 502.50 972.93 463.04 884.05 621.36 843.17 739.26 1016.10 703.88
00001294 00000611 671.27 277.40 448.38 593.43 762.70 502.36 972.23 462.57 883.40 622.13 842.98 739.49 1015.89 703.77
00001295 00000612 672.49 279.20 446.80 592.06 763.03 502.80 971.76 463.09 882.89 622.22 842.77 739.27 1015.53 703.71
00001296 00000613 672.66 278.57 445.78 592.17 763.54 502.42 971.80 462.59 883.10 621.32 842.98 737.96 1015.27 702.42
00001297 00000614 673.28 277.73 444.09 591.25 764.56 500.85 972.45 461.07 883.71 618.04 843.52 736.34 1015.21 701.02
00001298 00000615 675.66 280.46 442.52 588.57 766.22 500.44 973.49 460.19 884.43 616.34 844.46 735.62 1015.66 700.05
00001299 00000616 673.87 282.75 443.37 586.72 765.07 499.84 973.25 460.09 883.50 615.78 843.42 735.44 1015.22 700.27
00001300 00000617 673.74 282.18 443.72 587.25 764.91 499.87 973.31 460.36 883.49 615.66 843.08 735.35 1015.34 700.41
00001301 00000618 676.31 277.97 440.89 590.10 765.50 501.91 971.64 461.26 882.55 616.56 843.25 735.53 1014.71 699.64
00001302 00000619 675.80 284.75 440.65 584.45 766.86 502.72 972.29 462.39 884.56 618.73 845.92 736.95 1014.61 701.20
00001303 00000620 674.81 284.42 443.08 586.40 766.35 501.95 972.67 461.39 884.74 618.59 846.02 737.59 1015.32 701.69
00001304 00000621 677.38 280.34 444.32 589.44 769.50 501.26 974.78 460.10 887.46 616.63 848.51 735.87 1016.58 699.46
00001305 00000622 676.86 277.81 444.95 590.77 769.23 500.14 975.10 459.17 887.20 615.60 848.37 735.48 1016.29 699.19
00001306 00000623 678.72 278.41 442.57 589.23 770.36 499.45 974.39 458.29 887.55 613.67 849.14 733.20 1016.64 696.93
00001307 00000624 679.84 278.12 444.13 587.70 772.74 498.55 975.74 456.60 890.17 612.39 851.56 731.82 1018.31 694.67
00001308 00000625 681.55 278.23 442.38 586.75 773.81 497.12 976.09 454.88 891.23 610.75 852.43 730.53 1019.05 693.07
00001309 00000626 680.37 277.95 444.91 586.92 773.68 497.92 976.69 455.25 892.02 610.99 852.34 730.18 1021.19 692.17
00001310 00000627 682.48 273.55 443.94 589.73 775.89 499.92 976.51 455.28 893.93 610.47 853.87 729.16 1022.41 689.47
00001311 00000628 680.91 270.36 447.93 592.28 775.25 496.64 977.63 451.71 895.16 609.30 855.24 728.36 1023.97 688.17
00001312 00000629 677.86 269.18 449.14 593.52 773.08 491.94 976.18 447.82 893.28 606.10 854.50 726.76 1020.14 687.26
00001313 00000630 677.77 262.35 447.37 595.18 772.36 487.67 975.28 443.02 892.92 602.39 854.70 724.01 1017.20 684.29
00001314 00000631 675.06 267.37 447.14 594.98 770.07 486.50 973.94 442.18 890.90 602.23 852.26 723.95 1016.65 684.87
00001315 00000632 673.05 273.19 444.39 590.20 766.78 487.74 970.90 445.57 884.88 604.55 848.61 724.83 1013.55 687.37
00001316 00000633 672.56 270.87 443.56 592.37 765.58 487.65 969.85 445.21 883.61 603.75 847.47 725.18 1012.46 687.61
00001317 00000634 669.76 263.57 447.88 593.04 759.95 489.18 966.06 441.33 881.54 609.14 845.01 723.71 1011.21 682.96
00001318 00000635 669.29 264.73 447.34 593.51 758.83 491.44 964.31 442.97 880.65 610.33 844.10 725.08 1010.89 683.92
00001319 00000636 671.15 272.69 444.60 592.71 764.43 491.17 969.39 447.31 883.46 606.32 847.73 728.71 1015.33 689.53
00001320 00000637 673.28 274.02 446.64 592.12 769.19 489.78 972.79 444.19 889.70 604.12 853.27 727.78 1019.01 687.00
00001321 00000638 678.44 267.20 444.99 594.27 773.99 490.41 974.67 443.11 894.55 602.48 857.48 726.38 1019.77 684.55
00001322 00000639 684.11 261.46 442.21 595.69 779.63 487.99 978.56 441.05 899.90 596.77 862.02 722.93 1022.42 680.74
00001323 00000640 685.81 259.61 445.68 597.68 782.34 485.66 982.75 439.27 902.98 596.25 865.21 721.48 1025.55 679.53
00001324 00000641 686.04 259.42 445.79 597.98 782.59 485.57 982.99 439.40 902.92 595.97 864.93 721.16 1025.47 679.36
00001325 00000642 688.92 259.14 441.78 595.11 785.13 484.51 984.63 440.11 904.52 596.22 866.98 719.31 1025.28 678.67
00001326 00000643 692.92 259.26 441.93 591.34 787.89 481.99 986.96 437.93 906.24 595.62 870.32 715.52 1026.95 674.96
00001327 00000644 693.29 258.81 442.14 589.55 789.15 482.08 987.40 437.62 907.91 595.70 872.15 715.36 1026.84 674.60
00001328 00000645 695.20 259.12 441.97 590.32 790.68 482.27 988.84 438.11 909.24 595.42 873.28 715.51 1028.10 675.02
00001329 00000646 695.41 257.08 442.89 592.87 791.68 482.70 990.56 438.71 911.28 595.57 874.81 716.86 1029.81 676.52
00001330 00000647 697.33 257.74 443.80 591.90 793.54 483.27 992.85 438.90 913.30 594.90 875.62 716.49 1031.45 676.09
00001331 00000648 698.46 256.92 437.95 587.11 792.50 481.85 990.24 438.06 910.13 595.03 873.90 712.58 1028.57 672.67
00001332 00000649 695.21 257.06 439.74 590.22 790.34 482.10 987.82 438.05 907.39 595.90 871.99 713.59 1026.45 673.29
00001333 00000650 692.43 249.17 442.08 598.53 780.99 474.67 984.17 427.07 903.86 592.67 866.88 712.20 1027.26 670.51
00001334 00000651 692.25 253.76 438.99 594.25 785.78 482.69 983.11 435.93 902.43 595.51 867.78 712.26 1024.47 669.80
00001335 00000652 688.38 247.98 442.42 599.64 777.23 473.98 980.78 424.33 899.90 590.48 863.96 710.62 1026.59 667.47
00001336 00000653 685.71 248.36 440.11 598.49 773.30 474.31 977.66 423.06 896.44 590.23 861.00 710.59 1024.70 666.17
00001337 00000654 685.14 247.81 439.15 599.03 771.24 474.02 974.87 423.14 892.54 591.18 859.08 710.55 1021.69 666.37
00001338 00000655 681.65 247.53 441.12 601.24 768.37 474.95 972.66 424.86 890.02 594.16 856.83 712.34 1018.28 669.07
00001339 00000656 677.64 249.39 442.66 600.00 763.59 477.75 967.39 428.03 883.37 596.96 853.04 714.17 1012.62 671.25
00001340 00000657 677.07 248.43 442.30 601.20 762.09 478.36 965.50 429.30 880.76 597.92 851.13 714.01 1010.52 671.71
00001341 00000658 675.05 254.31 443.11 597.70 761.46 481.73 963.80 433.20 879.53 600.07 849.05 716.27 1007.98 674.66
00001342 00000659 674.65 257.97 440.24 593.04 759.96 486.40 960.70 437.06 876.96 602.55 846.74 717.57 1007.07 675.41
00001343 00000660 675.16 257.32 438.34 592.78 760.67 487.06 960.39 437.83 877.84 602.66 847.22 716.32 1007.42 674.30
00001344 00000661 674.97 255.87 438.52 595.63 760.16 486.96 960.61 437.35 877.36 602.86 847.12 717.24 1008.11 674.81
00001345 00000662 672.50 257.23 442.05 595.59 758.41 489.18 958.98 438.45 875.85 603.95 845.20 718.81 1007.80 675.62
00001346 00000663 676.64 258.98 439.38 591.87 761.22 490.22 959.88 440.70 878.04 604.53 846.71 718.10 1007.54 675.98
00001347 00000664 676.78 258.67 441.73 592.68 762.77 488.46 962.70 439.09 880.11 603.61 849.13 717.32 1010.14 675.16
00001348 00000665 676.21 260.56 442.60 590.93 762.86 490.62 962.83 441.39 880.33 604.68 848.36 718.51 1009.85 676.64
00001349 00000666 676.16 260.54 442.57 591.04 762.79 490.60 963.03 441.27 880.65 604.69 848.54 718.66 1010.11 676.68
00001350 00000667 679.18 261.65 440.57 590.20 765.77 491.80 963.31 442.66 881.99 605.28 849.81 718.48 1009.94 676.62
00001351 00000668 676.57 265.09 444.04 589.32 763.34 494.56 962.72 444.07 880.24 606.68 848.01 721.02 1010.82 678.19
00001352 00000669 676.34 265.27 444.03 589.48 763.50 496.19 962.79 445.18 881.63 608.06 848.87 722.17 1011.49 679.03
00001353 00000670 685.96 271.88 437.16 587.36 774.66 499.22 969.42 453.01 887.42 606.84 857.47 726.43 1015.97 684.88
00001354 00000671 687.57 275.54 438.66 587.57 777.56 499.88 972.89 453.77 891.80 608.05 859.33 728.21 1019.64 686.52
00001355 00000672 691.96 274.65 436.98 589.50 781.86 501.57 975.45 455.52 895.26 609.14 861.73 728.25 1021.95 686.43
00001356 00000673 692.90 274.87 437.92 590.29 782.56 503.90 975.53 456.83 895.52 611.27 862.24 730.16 1023.48 687.63
00001357 00000674 692.90 275.20 438.83 588.92 783.08 503.81 975.80 456.87 895.95 610.93 862.77 729.85 1023.40 687.37
00001358 00000675 696.74 276.15 434.24 587.42 785.87 502.02 977.38 455.26 897.94 607.33 864.17 727.94 1022.44 685.93
00001359 00000676 697.70 276.24 432.27 584.07 786.30 500.70 977.33 454.65 897.90 605.31 863.84 725.60 1021.84 683.97
00001360 00000677 698.02 273.66 428.48 584.40 784.30 492.63 974.79 447.52 894.96 598.21 861.27 719.73 1016.75 679.12
00001361 00000678 696.73 248.65 428.85 594.26 777.13 477.07 974.84 429.92 893.73 590.37 862.28 708.82 1021.39 667.58
00001362 00000679 698.60 250.35 428.47 583.89 778.54 473.40 974.33 424.14 895.05 582.93 864.86 701.85 1022.31 658.53
00001363 00000680 694.67 251.07 431.79 583.23 775.94 471.44 972.95 421.15 892.87 581.71 863.80 700.89 1022.50 656.56
00001364 00000681 694.43 250.74 432.34 587.39 775.70 472.14 973.73 422.30 892.68 582.98 863.12 703.68 1022.27 659.87
00001365 00000682 690.90 251.58 431.70 591.52 771.96 475.22 974.25 428.23 888.60 591.91 859.58 710.27 1017.75 669.23
00001366 00000683 685.88 249.75 437.39 598.92 769.02 475.29 972.27 427.59 885.61 593.00 856.02 713.08 1014.84 671.64
00001367 00000684 689.88 248.16 434.42 599.21 771.16 475.00 974.23 427.77 889.13 592.34 857.68 712.28 1017.84 671.08
00001368 00000685 689.76 248.48 434.59 598.80 771.47 474.16 975.26 427.19 889.83 591.69 857.91 711.45 1018.70 670.48
00001369 00000686 689.17 251.51 436.75 592.18 772.76 473.18 975.49 423.62 891.99 587.00 861.09 708.05 1022.55 664.63
00001370 00000687 691.85 249.48 436.96 587.74 775.97 469.25 975.73 419.19 896.14 580.14 864.27 701.99 1023.90 657.84
00001371 00000688 691.04 247.45 437.77 590.22 775.20 468.00 975.64 418.16 895.24 579.81 863.71 701.71 1023.88 657.69
00001372 00000689 689.38 248.13 439.35 590.50 773.60 468.05 974.79 417.86 893.22 580.17 862.59 702.10 1023.20 657.83
00001373 00000690 689.61 249.23 438.60 589.54 773.60 468.20 974.80 418.06 893.12 580.48 862.45 702.16 1023.31 657.93
00001374 00000691 689.64 252.69 437.18 588.17 771.48 471.54 972.91 421.13 889.28 584.30 859.86 704.72 1022.09 660.35
00001375 00000692 683.15 250.30 441.82 596.87 767.70 479.47 970.79 432.30 884.46 590.63 853.14 710.70 1014.86 669.97
00001376 00000693 679.29 251.67 444.26 595.96 766.60 483.75 966.74 437.91 880.71 595.49 850.52 712.40 1009.19 673.24
00001377 00000694 681.75 254.72 442.13 591.76 766.34 484.10 965.51 437.59 878.36 596.14 850.17 712.63 1008.56 672.70
00001378 00000695 681.16 259.38 441.43 589.30 763.93 483.68 965.41 436.49 876.60 598.32 848.40 715.09 1007.83 674.56
00001379 00000696 684.55 258.51 436.92 587.08 764.32 482.83 964.08 435.63 873.78 596.02 847.28 713.27 1005.63 672.62
00001380 00000697 687.03 262.84 433.40 583.21 765.29 486.35 963.09 439.26 873.86 598.47 846.80 713.95 1005.33 673.47
00001381 00000698 684.26 265.34 435.73 581.89 763.66 488.59 963.05 441.05 872.99 600.80 844.28 715.14 1005.28 674.44
00001382 00000699 686.88 265.90 433.25 581.77 764.70 489.91 962.98 442.12 872.91 601.44 844.03 715.53 1004.82 674.65
00001383 00000700 688.35 264.38 433.71 584.99 766.83 493.00 963.69 445.89 874.22 601.65 844.32 716.54 1005.23 676.33
00001384 00000701 689.94 265.24 434.20 586.48 769.97 498.57 963.25 453.14 874.30 602.53 845.30 718.39 1003.16 680.17
00001385 00000702 693.00 271.65 429.13 583.12 770.29 502.20 960.87 457.24 870.40 604.36 843.47 721.31 998.20 683.76
00001386 00000703 705.71 282.71 418.20 573.03 778.25 501.45 969.80 461.91 872.99 602.24 844.08 722.31 997.16 689.34
00001387 00000704 713.91 280.77 417.82 573.54 784.44 494.49 978.01 461.13 875.68 600.23 845.07 719.73 995.95 691.67
00001388 00000705 720.09 280.55 418.70 571.75 793.16 486.51 984.26 461.94 878.72 598.89 849.75 715.35 994.35 693.66
00001389 00000706 734.76 290.32 423.49 564.40 817.52 474.24 1008.41 460.71 899.61 587.64 864.96 706.97 1001.58 693.84
00001390 00000707 757.09 253.99 419.00 599.98 832.61 461.96 1032.21 448.28 913.61 582.03 869.27 703.05 1019.79 692.32
00001391 00000708 777.12 263.91 412.85 586.05 856.73 465.63 1053.97 454.29 940.52 582.28 895.01 702.52 1043.91 692.61
00001392 00000709 784.02 256.57 414.82 590.17 865.05 461.00 1062.71 449.31 951.97 579.36 903.63 698.05 1052.01 687.11
00001393 00000710 785.46 257.94 415.92 593.04 862.73 459.33 1060.80 448.24 945.79 579.87 901.40 698.20 1049.66 688.24
00001394 00000711 780.67 261.52 416.35 592.28 854.62 458.99 1053.88 448.29 934.97 578.22 889.90 699.83 1041.45 690.88
00001395 00000712 774.26 261.88 416.47 591.98 844.15 462.20 1041.64 451.42 919.19 578.82 876.57 698.44 1028.44 690.58
00001396 00000713 768.38 262.99 418.35 590.80 834.49 459.52 1033.16 451.65 906.97 583.30 868.12 701.13 1021.35 694.71
00001397 00000714 768.32 263.27 418.11 590.47 834.43 459.48 1033.01 451.74 906.80 583.30 867.99 701.14 1020.95 694.86
00001398 00000715 766.00 269.49 420.81 584.84 831.62 460.53 1029.92 451.56 902.84 581.79 866.41 700.58 1019.54 693.02
00001399 00000716 767.62 269.53 419.53 585.86 833.52 460.73 1031.42 450.53 906.18 582.12 869.92 700.81 1022.84 692.60
00001400 00000717 769.74 266.84 418.23 587.64 835.94 461.53 1033.65 449.68 910.67 582.42 873.24 700.03 1026.06 690.88
00001401 00000718 771.85 263.36 421.44 592.70 838.35 460.51 1036.10 446.31 914.28 579.46 878.10 697.49 1030.78 686.75
00001402 00000719 774.77 263.25 422.61 592.90 841.00 459.67 1035.89 445.78 915.34 579.80 882.39 698.82 1028.51 688.36
00001403 00000720 775.05 266.79 429.53 601.24 839.39 465.40 1035.64 450.10 911.25 583.23 880.74 709.81 1028.30 697.81
00001404 00000721 775.47 263.56 430.88 604.21 839.24 467.43 1035.27 451.23 912.14 585.67 881.23 711.78 1028.87 698.80
00001405 00000722 775.04 264.99 432.09 606.71 839.33 469.80 1035.89 452.33 914.16 589.42 883.33 716.61 1030.92 702.01
00001406 00000723 774.96 267.74 431.42 604.25 838.61 472.06 1035.70 454.11 915.50 593.68 885.79 720.93 1033.74 705.77
00001407 00000724 774.91 273.71 432.18 598.22 839.32 474.83 1036.19 456.28 917.78 596.23 887.22 722.78 1038.24 706.90
00001408 00000725 773.93 275.06 432.55 600.01 838.35 476.68 1036.50 455.93 919.24 598.62 889.95 727.55 1040.34 709.79
00001409 00000726 772.40 277.08 432.24 599.37 836.11 477.69 1035.34 456.86 918.27 602.02 888.75 730.01 1040.43 712.06
00001410 00000727 771.14 274.56 432.92 602.24 835.08 477.96 1034.83 456.77 918.10 603.13 888.43 731.08 1040.84 712.91
00001411 00000728 769.21 279.14 431.96 601.54 833.25 481.98 1033.73 460.58 916.82 606.22 886.38 733.15 1042.47 714.93
00001412 00000729 764.98 283.75 436.51 605.07 832.17 483.52 1034.98 462.49 916.71 608.46 884.68 735.88 1045.06 717.38
00001413 00000730 760.82 286.27 435.55 610.23 827.89 489.03 1031.36 465.40 913.08 615.24 884.89 742.24 1047.81 721.23
00001414 00000731 760.74 285.52 434.79 616.91 828.20 497.13 1029.47 472.64 914.53 622.86 884.83 749.06 1048.24 727.83
00001415 00000732 758.82 296.71 435.44 609.03 824.87 500.86 1028.44 477.05 914.46 628.94 882.84 753.57 1049.66 731.64
00001416 00000733 758.13 302.90 436.22 608.61 822.26 510.66 1030.47 479.28 917.48 638.96 888.38 762.70 1060.78 734.14
00001417 00000734 757.19 300.28 439.93 621.65 828.09 518.36 1036.76 487.72 922.72 644.27 893.13 767.50 1065.94 739.47
00001418 00000735 754.97 304.68 445.35 627.02 833.99 525.09 1042.89 496.27 929.23 651.25 893.36 771.28 1069.85 745.30
00001419 00000736 756.12 300.64 445.91 635.80 835.80 526.81 1048.13 497.68 935.02 657.10 894.15 775.36 1074.21 749.08
00001420 00000737 754.93 300.15 447.94 637.53 836.77 527.23 1051.47 498.10 938.19 659.82 894.41 777.21 1075.16 750.99
00001421 00000738 754.92 298.94 447.38 638.48 836.79 527.40 1051.41 498.05 938.36 659.67 894.68 777.38 1075.24 750.98
00001422 00000739 752.82 298.98 448.95 640.54 835.56 528.67 1052.11 498.78 939.80 661.53 893.98 779.94 1075.13 753.15
00001423 00000740 751.66 297.92 449.89 641.66 835.56 529.34 1051.08 498.56 940.56 661.82 894.47 780.83 1074.11 753.38
00001424 00000741 752.04 298.37 449.14 640.64 835.55 529.24 1050.50 497.47 941.20 661.09 895.47 780.69 1074.41 752.30
00001425 00000742 752.07 297.31 446.66 638.99 836.25 528.22 1050.23 496.17 943.29 659.34 897.06 778.93 1074.78 750.31
00001426 00000743 750.67 299.40 449.70 636.74 835.12 527.72 1050.86 496.08 942.98 658.78 895.91 778.87 1074.09 750.54
00001427 00000744 746.06 309.50 452.37 631.32 829.11 531.36 1050.49 499.95 941.81 667.34 894.12 786.65 1069.93 759.29
00001428 00000745 742.14 310.29 456.59 635.69 827.87 535.79 1049.18 503.49 943.06 671.76 895.86 793.66 1067.56 766.06
00001429 00000746 741.34 311.04 456.12 637.95 828.55 541.91 1047.91 506.80 946.12 676.33 900.07 800.68 1068.85 771.03
00001430 00000747 739.66 314.47 458.16 638.78 828.80 544.95 1047.46 510.48 946.41 680.76 903.08 804.94 1070.47 775.86
00001431 00000748 740.31 327.10 456.90 634.27 834.40 554.35 1051.71 520.70 953.89 681.86 908.20 810.92 1076.07 781.21
00001432 00000749 740.34 338.60 456.26 626.71 835.04 557.05 1051.16 524.91 953.66 684.34 907.07 813.37 1075.55 784.72
00001433 00000750 740.39 337.85 455.74 626.66 834.63 557.92 1050.75 525.67 952.59 684.73 907.27 813.48 1075.92 784.79
00001434 00000751 738.84 333.30 458.03 630.75 833.23 555.51 1049.57 523.99 951.52 684.03 906.09 812.73 1071.40 785.01
00001435 00000752 736.62 331.31 458.36 631.43 830.51 555.24 1047.30 523.77 950.09 685.23 903.89 813.89 1067.90 786.28
00001436 00000753 736.28 331.39 457.97 631.41 830.52 555.19 1047.22 523.90 950.80 686.60 904.94 814.41 1066.87 786.99
00001437 00000754 734.89 331.52 457.40 634.31 833.38 554.51 1050.75 521.64 956.57 685.09 909.64 815.79 1070.79 786.84
00001438 00000755 738.24 330.82 454.53 635.18 839.17 554.85 1056.66 520.36 965.50 684.94 916.62 815.68 1078.14 785.08
00001439 00000756 739.44 330.66 458.50 634.11 843.96 557.27 1061.03 519.02 976.23 686.92 924.99 817.59 1089.92 783.39
00001440 00000757 739.54 332.60 464.48 632.61 850.20 557.83 1066.24 517.28 984.78 687.36 933.44 818.63 1096.82 781.63
00001441 00000758 742.42 330.79 467.15 634.70 856.36 558.24 1069.82 518.91 991.05 688.51 940.02 820.26 1100.81 783.62
00001442 00000759 744.33 338.17 467.01 631.01 860.39 559.47 1073.88 519.66 998.95 693.38 946.03 826.12 1102.46 789.06
00001443 00000760 747.09 343.33 466.33 631.21 866.30 561.77 1079.14 521.23 1006.87 694.05 951.17 828.86 1107.83 790.79
00001444 00000761 752.85 335.85 465.70 633.08 872.31 563.08 1088.15 524.15 1012.86 697.90 952.58 825.03 1117.34 788.34
00001445 00000762 752.80 337.61 465.55 631.33 872.34 563.09 1087.96 524.15 1012.70 697.99 952.82 825.10 1117.24 788.41
00001446 00000763 753.96 335.11 468.20 631.92 875.24 563.47 1092.36 523.94 1016.74 698.76 951.67 819.99 1123.49 782.83
00001447 00000764 757.45 332.96 467.93 630.68 878.70 561.00 1096.84 519.14 1020.51 693.14 951.37 811.75 1130.04 772.34
00001448 00000765 761.50 327.67 468.59 634.55 882.07 553.70 1102.15 513.58 1022.38 685.29 950.75 803.32 1133.86 765.25
00001449 00000766 765.73 323.35 467.21 643.31 884.09 550.45 1106.57 510.10 1024.57 682.73 951.11 802.38 1137.16 764.24
00001450 00000767 766.50 325.37 467.12 641.35 885.26 548.26 1106.67 506.91 1026.39 679.44 952.76 799.65 1137.79 760.81
00001451 00000768 758.22 318.21 473.74 637.79 884.81 543.26 1103.58 502.09 1028.80 674.97 961.29 799.41 1131.42 760.66
00001452 00000769 756.54 308.32 471.00 633.12 886.10 540.37 1103.19 500.95 1030.63 671.92 962.57 791.53 1130.29 754.40
00001453 00000770 756.70 306.90 470.67 629.55 886.49 538.26 1102.75 498.96 1030.55 668.42 962.95 787.77 1130.12 750.85
00001454 00000771 759.65 298.22 462.84 633.63 878.70 532.63 1095.86 489.15 1023.80 661.46 960.84 789.48 1126.86 750.18
00001455 00000772 758.77 299.03 459.86 632.02 875.38 532.01 1090.15 488.12 1017.54 658.17 955.08 786.32 1122.18 746.82
00001456 00000773 758.33 294.90 458.23 635.34 874.25 529.58 1088.18 486.02 1015.16 656.00 952.43 784.45 1119.11 745.19
00001457 00000774 752.98 309.14 457.10 617.97 865.18 525.46 1081.06 485.75 1003.02 656.25 941.91 781.01 1109.06 745.66
00001458 DELETE   740.88 297.31 461.41 625.02 854.38 526.31 1067.41 485.96 987.86 651.15 929.82 774.57 1096.84 738.66
00001459 DELETE   739.73 295.11 453.64 622.39 844.22 515.82 1058.00 479.55 970.52 639.12 917.07 766.58 1086.97 733.90
00001460 00000777 734.18 281.19 449.25 635.11 830.49 508.35 1045.20 475.40 951.64 634.36 896.93 762.21 1072.51 732.70
00001461 00000778 722.82 279.56 446.80 635.29 813.28 499.88 1033.28 472.01 930.59 629.73 873.83 757.28 1054.52 731.78
00001462 00000779 714.84 271.16 451.32 631.23 803.37 503.26 1015.95 475.21 914.61 633.51 855.03 750.45 1025.32 727.13
00001463 00000780 707.06 280.27 443.82 620.00 796.96 498.59 1005.37 475.54 899.85 636.51 858.97 749.00 1023.32 726.40
00001464 00000781 706.81 284.13 446.44 610.44 796.04 495.32 1003.47 472.39 896.66 627.17 855.83 739.86 1022.79 716.94
00001465 00000782 708.60 288.35 443.27 602.94 796.76 489.43 1004.28 465.20 897.57 620.44 857.48 733.47 1025.03 709.18
00001466 00000783 708.21 280.89 452.18 605.21 794.87 486.58 1005.44 461.21 896.63 617.26 858.86 732.32 1024.93 706.84
00001467 00000784 709.60 268.88 451.82 615.39 794.45 483.87 1005.95 457.98 894.84 614.22 858.16 731.32 1023.70 705.61
00001468 00000785 714.13 283.01 446.79 607.58 798.77 485.15 1008.87 460.91 898.91 617.41 859.76 732.69 1026.79 708.39
00001469 00000786 714.22 283.35 446.90 606.96 798.73 485.11 1008.84 461.01 898.79 617.80 859.85 732.43 1027.13 708.22
00001470 00000787 716.62 285.48 437.20 608.17 801.68 491.75 1010.80 467.80 900.18 625.02 862.75 741.22 1026.73 717.84
00001471 00000788 719.92 265.26 439.11 639.11 800.99 493.98 1011.94 470.63 908.15 626.79 857.86 745.27 1029.21 726.02
00001472 00000789 725.48 266.11 438.28 635.84 807.07 495.06 1015.75 471.74 912.04 626.48 864.87 745.31 1033.68 726.07
00001473 00000790 723.58 277.84 445.77 619.50 807.11 493.66 1017.17 466.38 910.40 626.38 860.56 743.01 1029.72 720.18
00001474 00000791 724.55 273.00 449.41 621.01 809.02 490.27 1020.57 463.74 914.89 624.34 865.07 740.66 1034.91 718.36
00001475 00000792 729.43 273.61 451.04 619.51 813.62 489.63 1026.35 461.68 922.97 626.94 872.41 737.48 1043.94 713.96
00001476 00000793 735.64 275.94 440.35 624.72 815.80 489.52 1029.84 468.23 920.83 625.07 877.43 743.34 1049.97 723.37
00001477 00000794 737.22 277.52 439.12 621.87 818.15 489.19 1031.68 468.60 922.90 624.55 880.04 743.04 1051.60 723.51
00001478 00000795 737.89 278.21 442.14 620.54 819.45 488.87 1034.16 467.56 925.05 622.79 880.50 742.72 1053.48 722.50
00001479 00000796 738.26 281.20 443.74 617.76 819.05 488.60 1035.06 466.38 924.93 621.55 879.90 742.38 1055.23 721.32
00001480 00000797 739.60 281.35 441.33 616.72 819.40 486.15 1036.02 464.99 923.85 620.03 879.20 741.06 1054.26 720.93
00001481 00000798 741.36 282.17 440.86 617.33 821.72 486.35 1036.63 464.73 924.90 618.50 881.35 741.02 1054.89 720.50
00001482 00000799 740.98 279.31 442.35 621.30 822.04 486.44 1036.50 463.82 924.98 617.09 882.59 741.64 1054.81 720.27
00001483 00000800 745.07 279.77 438.32 618.05 824.20 485.48 1037.71 463.45 926.11 615.71 883.79 739.89 1054.48 719.35
00001484 00000801 746.54 275.94 438.71 621.32 825.56 485.84 1039.63 463.91 927.47 615.86 884.51 740.31 1055.25 720.29
00001485 00000802 747.03 272.60 439.54 624.93 826.16 483.92 1039.82 462.94 926.90 614.68 884.06 738.72 1052.83 719.71
00001486 00000803 751.26 270.60 436.09 626.37 829.89 485.67 1040.56 464.89 927.68 613.57 885.21 737.06 1053.45 718.33
00001487 00000804 751.34 266.23 435.51 630.06 830.35 486.95 1040.61 465.72 928.17 613.56 885.23 738.47 1052.09 719.51
00001488 00000805 752.03 268.42 433.94 624.80 830.59 486.78 1040.00 466.66 927.71 613.70 884.64 737.30 1051.01 719.33
00001489 00000806 753.94 265.99 431.00 625.89 831.76 487.11 1040.02 467.49 927.30 613.38 884.92 736.54 1050.30 719.23
00001490 00000807 753.45 266.94 430.42 624.50 830.95 487.36 1039.71 467.86 926.94 613.62 884.06 736.42 1050.28 719.16
00001491 00000808 753.34 268.69 430.92 620.38 830.87 484.28 1040.32 466.32 926.65 612.35 882.65 734.07 1049.02 718.24
00001492 00000809 753.36 269.36 430.59 617.75 830.47 482.53 1040.29 465.83 925.49 611.33 881.25 732.46 1047.26 717.76
00001493 00000810 753.46 270.52 430.21 616.61 830.47 482.10 1040.61 465.86 925.56 611.33 880.83 732.43 1046.88 718.06
00001494 00000811 752.25 269.72 430.00 611.51 829.43 479.94 1038.98 464.86 924.68 609.99 880.63 730.10 1043.71 716.84
00001495 00000812 752.90 271.50 428.72 607.99 829.86 479.63 1039.42 465.45 924.79 609.93 879.82 729.40 1043.15 716.85
00001496 00000813 752.01 271.96 428.79 607.26 829.40 480.20 1039.38 466.61 924.49 611.02 878.39 730.33 1043.03 718.16
00001497 00000814 751.39 272.36 429.86 608.31 829.18 481.35 1039.67 467.38 924.36 612.48 878.05 731.16 1043.87 718.55
00001498 00000815 749.96 273.63 428.56 611.09 828.37 482.91 1038.48 469.16 924.63 616.27 877.45 734.16 1043.12 721.54
00001499 00000816 742.52 271.93 442.05 603.04 826.53 486.46 1039.37 470.34 930.60 629.73 875.37 729.90 1040.05 717.05
00001500 00000817 745.87 277.58 433.17 604.21 829.59 486.63 1041.41 474.56 929.26 621.50 877.74 731.68 1046.91 720.17
00001501 00000818 746.30 281.07 435.98 603.33 830.81 491.62 1043.99 477.35 932.35 622.74 879.60 734.11 1052.37 720.76
00001502 00000819 747.16 278.56 436.20 611.29 831.57 494.74 1043.35 479.31 932.80 626.16 882.07 737.75 1055.38 722.95
00001503 00000820 749.40 287.16 434.66 603.69 832.38 494.39 1043.18 481.04 933.57 632.39 884.66 740.91 1054.42 727.94
00001504 00000821 750.09 290.74 432.74 602.44 830.92 498.75 1041.70 483.25 932.54 638.99 883.97 747.31 1054.81 732.64
00001505 00000822 751.31 289.68 435.14 605.27 832.27 503.18 1041.54 486.47 932.46 644.02 886.81 750.92 1057.20 735.08
00001506 00000823 753.99 292.69 435.70 603.68 833.94 504.45 1042.02 486.39 933.38 644.79 889.65 752.49 1058.87 735.65
00001507 00000824 755.28 290.60 437.65 607.48 837.26 504.45 1043.30 487.54 935.10 643.68 890.18 752.41 1056.93 736.65
00001508 00000825 754.64 293.82 445.07 600.42 841.74 503.00 1048.62 487.32 941.02 639.01 892.24 747.74 1058.98 732.97
00001509 00000826 757.02 285.28 442.52 609.50 845.97 497.10 1050.90 481.02 946.24 638.33 899.41 747.71 1060.79 732.43
00001510 00000827 759.53 284.81 446.89 614.97 852.80 494.32 1055.75 476.75 953.76 635.58 903.84 745.44 1066.04 728.46
00001511 00000828 760.60 293.26 451.96 603.06 854.69 493.80 1059.27 476.19 956.84 632.82 906.51 740.90 1071.53 723.57
00001512 00000829 760.93 292.74 453.41 600.56 854.39 496.59 1061.64 479.53 958.03 635.16 905.91 741.53 1074.55 724.74
00001513 00000830 762.32 290.30 449.88 600.15 856.69 492.60 1063.37 478.90 960.88 635.73 909.58 743.02 1068.14 729.08
00001514 00000831 763.43 284.71 450.11 607.29 858.93 490.76 1066.25 479.11 964.34 635.33 911.05 747.09 1065.54 734.93
00001515 00000832 766.97 286.10 448.14 607.84 863.86 489.67 1073.15 480.58 968.92 633.28 914.93 749.41 1064.50 739.16
00001516 00000833 772.38 286.79 443.98 608.97 870.24 488.45 1080.34 479.95 976.29 633.55 918.64 750.19 1067.98 740.13
00001517 00000834 772.36 287.02 443.91 608.78 870.35 488.20 1080.54 479.65 976.46 633.49 918.78 750.15 1067.88 740.05
00001518 00000835 777.47 282.32 439.37 618.54 877.05 486.33 1083.89 475.12 981.47 632.28 927.48 751.23 1073.67 738.80
00001519 00000836 776.49 272.80 442.96 626.79 876.92 487.62 1088.12 475.41 984.62 633.58 926.56 750.09 1082.04 736.33
00001520 00000837 776.49 274.57 446.53 623.47 876.29 489.61 1090.29 476.79 986.30 635.39 925.40 748.83 1087.18 734.58
00001521 00000838 779.66 268.58 444.35 625.97 879.08 489.80 1092.77 475.73 989.52 634.29 929.54 747.15 1091.05 731.58
00001522 00000839 783.43 270.72 442.65 625.20 884.04 490.32 1096.07 475.18 994.16 633.01 933.69 747.50 1091.35 731.22
00001523 00000840 784.89 269.17 445.82 625.22 886.71 489.88 1101.05 473.21 1000.13 633.21 936.18 743.52 1098.92 726.06
00001524 00000841 785.72 264.31 448.62 626.33 888.94 491.25 1106.19 473.53 1004.60 631.80 937.94 740.61 1106.40 722.54
00001525 00000842 787.06 262.71 450.21 626.95 891.67 490.23 1110.12 470.58 1008.94 628.59 942.04 738.62 1112.64 719.01
00001526 00000843 788.79 257.20 449.07 632.35 894.04 487.94 1113.09 468.80 1012.05 626.08 943.04 736.86 1116.03 717.77
00001527 00000844 789.18 256.61 447.98 632.96 895.36 487.98 1113.88 467.98 1014.49 624.59 944.66 736.49 1118.16 716.72
00001528 00000845 788.24 257.72 451.28 629.16 894.85 488.49 1113.46 466.91 1015.14 623.58 945.63 734.68 1120.42 713.47
00001529 00000846 786.66 249.66 454.19 631.71 894.89 488.62 1113.42 464.10 1018.31 623.18 949.53 732.88 1123.97 709.07
00001530 00000847 783.75 246.84 456.59 630.17 894.87 487.30 1111.71 461.26 1019.06 621.09 951.53 730.43 1122.73 705.13
CROP_BBOX: 355 0 1458 1080
