Video ID: 	H2M9OqNmbi0
H: 	2160
W: 	3840
FPS: 	30.0

FRAME INDEX X0 Y0 W H [Landmarks (5 Points)]

00036473 00000000 1362.98 618.80 733.37 812.85 1585.55 868.84 1918.26 812.29 1818.71 1045.23 1678.23 1220.07 1965.75 1169.76
00036474 00000001 1367.43 603.71 732.73 810.73 1579.32 860.38 1922.91 809.71 1814.98 1038.21 1671.09 1210.92 1963.51 1167.26
00036475 00000002 1375.17 624.81 718.46 790.96 1585.22 861.60 1917.08 818.05 1807.97 1036.68 1676.44 1218.46 1951.74 1178.57
00036476 00000003 1365.78 598.52 732.52 832.65 1569.42 860.31 1917.38 812.72 1797.99 1022.57 1655.16 1215.64 1958.51 1172.79
00036477 00000004 1365.75 608.79 726.27 833.97 1570.50 864.61 1902.70 808.63 1792.73 1028.62 1661.17 1219.09 1954.75 1166.78
00036478 00000005 1367.32 609.77 724.08 835.60 1571.89 866.75 1902.30 807.87 1794.66 1023.88 1667.42 1217.24 1957.30 1162.52
00036479 00000006 1378.50 603.98 716.70 819.45 1580.10 870.88 1902.52 809.24 1795.10 1023.62 1673.26 1211.58 1960.92 1154.85
00036480 00000007 1393.35 606.94 709.82 829.38 1597.03 866.46 1915.05 805.90 1811.05 1015.76 1683.29 1206.05 1976.53 1149.90
00036481 00000008 1399.03 591.82 711.22 864.18 1604.38 861.39 1925.82 803.68 1820.30 1004.00 1681.48 1204.43 1986.79 1150.09
00036482 00000009 1417.84 599.19 688.94 817.20 1611.84 853.70 1936.34 797.26 1825.32 1003.72 1690.72 1203.02 1983.55 1152.15
00036483 00000010 1415.78 598.94 693.10 815.26 1614.74 840.16 1943.96 794.94 1831.60 994.89 1690.45 1201.32 1975.73 1161.14
00036484 00000011 1413.22 587.54 699.77 849.22 1618.04 835.69 1945.92 793.26 1833.55 988.67 1688.30 1196.78 1981.34 1157.24
00036485 00000012 1413.79 569.84 699.34 874.92 1618.95 836.43 1950.81 791.87 1842.03 973.67 1688.59 1192.33 1989.66 1151.04
00036486 00000013 1413.65 575.60 707.63 882.49 1618.87 823.82 1945.10 778.71 1846.03 972.29 1701.32 1183.92 2003.16 1141.50
00036487 00000014 1411.07 568.15 711.00 888.37 1623.01 821.05 1945.31 774.24 1854.15 969.13 1705.76 1183.42 2002.31 1140.09
00036488 00000015 1417.03 559.50 715.51 895.92 1629.91 808.81 1951.09 765.08 1851.49 960.33 1701.90 1174.96 2007.39 1133.27
00036489 00000016 1417.72 551.40 732.79 932.88 1629.96 808.45 1978.36 762.36 1875.84 981.01 1708.28 1181.18 2027.50 1142.05
00036490 00000017 1416.80 552.58 737.32 933.34 1632.76 802.69 1982.66 754.91 1882.15 973.49 1715.42 1180.43 2033.53 1140.04
00036491 00000018 1425.33 538.94 725.00 936.96 1634.75 786.27 1981.28 732.39 1877.93 953.27 1721.00 1174.77 2028.85 1128.54
00036492 00000019 1426.29 542.08 722.17 906.72 1640.01 785.27 1986.13 732.02 1881.84 944.75 1722.39 1168.65 2026.16 1123.41
00036493 00000020 1423.95 540.97 726.05 912.57 1643.71 774.29 1984.59 730.34 1880.04 938.32 1719.29 1161.47 2014.93 1124.35
00036494 00000021 1435.13 508.35 714.82 916.64 1672.29 773.78 1991.78 741.60 1909.72 924.00 1745.16 1137.32 2034.98 1106.34
00036495 00000022 1449.27 539.36 714.62 864.38 1685.05 777.58 2008.33 744.22 1920.26 931.78 1763.91 1139.88 2055.38 1107.29
00036496 00000023 1454.71 539.14 718.12 873.05 1695.47 784.36 2017.77 749.52 1929.53 938.25 1783.30 1143.48 2063.95 1109.25
00036497 00000024 1468.14 535.42 725.61 887.53 1713.31 794.03 2041.76 762.12 1946.05 951.76 1780.48 1154.72 2082.32 1121.85
00036498 00000025 1461.27 513.97 748.72 952.71 1716.35 825.78 2057.16 789.33 1958.08 983.57 1790.75 1188.00 2090.46 1156.22
00036499 00000026 1491.39 547.76 713.19 876.81 1735.83 815.02 2055.78 784.55 1981.01 966.90 1810.11 1180.13 2103.63 1151.00
00036500 00000027 1486.86 511.92 732.98 954.50 1731.57 829.49 2076.27 798.17 1987.42 977.65 1810.65 1204.54 2108.38 1177.96
00036501 00000028 1489.39 511.12 729.38 948.42 1748.99 818.95 2088.69 805.46 1998.73 971.30 1820.49 1188.62 2115.72 1176.49
00036502 00000029 1487.86 511.71 736.10 952.06 1757.90 812.76 2093.68 806.19 2007.35 973.45 1823.73 1183.65 2114.11 1177.72
00036503 00000030 1488.42 506.11 741.89 967.74 1761.79 817.00 2100.26 806.58 2013.89 968.31 1826.44 1184.52 2126.08 1174.91
00036504 00000031 1487.76 526.63 744.67 945.71 1760.64 828.09 2098.85 812.86 2012.77 975.49 1823.38 1180.18 2135.06 1167.59
00036505 00000032 1487.03 518.24 741.72 948.78 1757.28 827.72 2095.02 811.82 2007.68 981.11 1822.56 1182.11 2127.35 1168.31
00036506 00000033 1493.31 532.16 735.85 929.87 1757.83 837.70 2086.96 813.32 2004.14 981.33 1837.32 1192.48 2126.52 1170.63
00036507 00000034 1473.61 499.50 752.65 974.95 1753.71 838.64 2085.77 808.53 2006.39 985.85 1837.50 1199.22 2127.72 1171.41
00036508 00000035 1488.09 509.61 736.10 961.89 1755.96 829.79 2084.06 800.80 2004.24 987.11 1841.71 1206.86 2118.93 1179.93
00036509 00000036 1488.25 476.50 729.13 967.77 1762.83 817.86 2092.23 806.09 2003.53 979.80 1847.57 1197.86 2109.26 1183.90
00036510 00000037 1467.26 483.77 750.81 950.57 1770.06 818.18 2099.11 799.97 2021.42 990.16 1841.20 1190.57 2106.13 1174.62
00036511 00000038 1467.19 485.94 751.45 947.33 1769.31 823.78 2100.13 796.74 2024.38 995.33 1841.41 1190.37 2113.50 1167.90
00036512 00000039 1478.05 501.74 745.47 946.91 1760.75 834.89 2090.69 793.47 2015.73 1000.89 1828.85 1192.49 2114.26 1158.84
00036513 00000040 1474.43 495.31 742.06 940.24 1744.89 838.52 2082.63 783.93 2008.58 1012.50 1817.67 1199.61 2110.76 1156.62
00036514 00000041 1471.21 505.51 744.07 938.72 1735.46 839.40 2077.08 787.04 1998.34 1010.26 1813.36 1201.14 2107.89 1159.05
00036515 00000042 1457.46 502.61 753.76 924.52 1722.83 832.16 2075.26 784.67 1986.76 1007.12 1813.37 1192.76 2113.62 1153.49
00036516 00000043 1459.16 492.35 752.91 942.46 1720.06 817.66 2081.63 778.06 1984.08 1006.00 1807.07 1189.46 2118.88 1156.88
00036517 00000044 1447.53 496.84 766.51 941.55 1719.23 813.38 2078.60 776.30 1986.00 1003.54 1805.32 1185.37 2114.95 1154.94
00036518 00000045 1440.31 499.29 769.60 918.03 1716.42 813.37 2079.21 772.51 1981.79 1002.45 1804.51 1182.28 2113.50 1148.24
00036519 00000046 1425.83 497.07 781.96 913.50 1711.89 807.22 2078.74 763.76 1987.55 995.74 1802.69 1183.89 2112.22 1147.25
00036520 00000047 1412.52 501.81 797.14 922.89 1705.36 804.37 2072.89 763.25 1985.36 995.80 1792.07 1182.54 2105.65 1147.68
00036521 00000048 1424.27 499.37 787.50 929.97 1695.80 796.62 2063.46 755.14 1966.53 990.88 1783.04 1179.80 2097.59 1143.16
00036522 00000049 1411.95 484.66 804.18 952.39 1694.16 793.04 2056.34 749.33 1966.73 989.86 1777.16 1169.85 2094.47 1131.54
00036523 00000050 1402.91 484.32 814.62 955.92 1694.05 793.97 2058.20 746.13 1976.68 988.23 1772.16 1167.15 2096.16 1126.84
00036524 00000051 1398.33 490.44 818.05 935.17 1690.03 783.99 2061.92 732.88 1983.94 979.13 1770.81 1160.86 2102.34 1118.31
00036525 00000052 1410.23 482.85 807.20 953.25 1692.94 780.95 2060.69 728.80 1976.83 982.30 1762.32 1155.57 2098.32 1112.51
00036526 00000053 1411.91 491.21 803.36 923.90 1690.50 780.79 2061.42 726.61 1976.40 981.62 1764.79 1151.17 2099.85 1106.02
00036527 00000054 1412.88 492.14 797.15 904.38 1688.75 782.18 2058.15 728.78 1965.00 982.15 1768.45 1148.14 2098.78 1102.33
00036528 00000055 1408.82 485.24 791.84 920.73 1684.33 782.98 2050.67 732.35 1954.48 985.30 1761.35 1151.42 2087.84 1107.72
00036529 00000056 1408.78 487.93 792.54 919.25 1681.28 783.54 2050.93 733.66 1952.99 984.06 1761.94 1153.79 2090.21 1110.60
00036530 00000057 1421.53 495.89 780.45 906.84 1683.94 783.59 2052.15 728.38 1951.59 977.76 1763.93 1150.05 2094.05 1102.73
00036531 00000058 1424.94 494.03 775.11 904.80 1693.53 777.03 2059.45 726.02 1956.98 972.18 1767.01 1144.40 2094.24 1100.98
00036532 00000059 1453.28 504.32 747.12 878.85 1701.71 778.57 2047.10 716.44 1958.52 958.58 1775.78 1136.46 2094.05 1082.11
00036533 00000060 1448.44 506.41 758.12 887.21 1703.48 775.66 2058.45 724.86 1957.67 967.25 1774.71 1146.04 2089.13 1102.42
00036534 00000061 1453.04 512.98 755.75 885.95 1707.45 777.60 2058.89 733.31 1954.27 966.86 1775.25 1149.72 2078.99 1110.73
00036535 00000062 1465.80 522.21 737.97 872.66 1717.45 772.91 2052.58 724.78 1966.09 951.13 1784.79 1137.12 2094.14 1094.23
00036536 00000063 1451.57 511.15 765.14 886.94 1713.72 781.74 2064.87 738.19 1963.25 956.83 1784.11 1150.57 2085.95 1112.63
00036537 00000064 1476.88 517.00 736.21 873.36 1733.41 773.48 2074.27 738.46 1981.43 947.38 1801.68 1142.20 2105.87 1108.73
00036538 00000065 1483.31 517.06 731.02 869.58 1740.45 776.04 2077.47 740.69 1987.92 947.23 1809.80 1144.60 2108.02 1110.95
00036539 00000066 1497.91 521.50 729.35 858.35 1745.77 774.26 2077.27 736.32 1986.10 946.40 1817.82 1148.78 2110.39 1113.20
00036540 00000067 1506.85 536.19 721.65 847.49 1752.34 773.09 2084.41 741.33 1987.71 947.32 1819.84 1148.75 2114.98 1117.79
00036541 00000068 1511.80 537.65 716.01 847.63 1755.59 772.63 2083.98 739.49 1992.16 947.86 1826.08 1149.40 2116.24 1117.68
00036542 00000069 1520.22 531.96 707.95 855.79 1758.88 773.68 2087.31 743.20 1990.90 946.94 1829.80 1147.83 2115.49 1118.27
00036543 00000070 1535.25 531.57 696.65 829.90 1773.95 766.75 2094.16 736.67 2008.04 939.16 1858.26 1146.32 2118.39 1118.31
00036544 00000071 1547.93 545.04 675.87 781.69 1787.93 760.07 2098.85 728.96 2022.46 939.60 1870.84 1142.51 2128.02 1112.18
00036545 00000072 1547.10 512.99 709.05 810.25 1796.01 754.86 2116.24 723.60 2042.93 917.38 1878.64 1122.91 2147.65 1096.19
00036546 00000073 1557.19 474.69 711.22 870.74 1802.25 744.59 2134.50 719.79 2052.28 905.11 1869.32 1124.35 2151.28 1105.59
00036547 00000074 1564.32 464.58 711.55 887.56 1810.19 739.19 2138.01 718.68 2054.11 893.99 1875.48 1114.40 2156.09 1098.35
00036548 00000075 1572.08 448.60 704.56 886.08 1816.54 737.21 2140.42 717.05 2060.96 898.98 1879.91 1113.79 2153.96 1098.30
00036549 00000076 1565.92 444.87 717.81 881.29 1818.14 742.91 2140.27 712.76 2064.26 903.55 1883.88 1096.99 2173.07 1073.33
00036550 00000077 1564.16 452.41 714.92 875.27 1815.56 744.15 2138.10 713.50 2062.72 902.80 1882.07 1098.11 2169.31 1074.42
00036551 00000078 1555.15 442.14 720.12 898.93 1809.00 742.02 2136.79 720.10 2052.04 905.83 1875.59 1109.80 2152.85 1092.16
00036552 00000079 1549.48 433.87 724.72 887.24 1803.70 732.75 2141.63 719.09 2049.91 909.42 1876.17 1123.79 2139.53 1110.60
00036553 00000080 1550.18 435.58 721.97 925.56 1806.47 730.25 2137.63 718.15 2051.66 902.93 1878.77 1121.74 2139.07 1110.07
00036554 00000081 1530.52 414.12 711.29 931.74 1812.10 705.73 2131.51 713.15 2075.64 898.40 1896.89 1114.37 2131.34 1120.34
00036555 00000082 1499.04 408.66 739.23 962.97 1792.71 732.57 2121.64 732.35 2052.32 882.34 1869.23 1118.21 2129.18 1118.25
00036556 00000083 1497.66 401.19 739.89 985.01 1788.65 729.75 2124.52 730.31 2052.62 874.19 1864.55 1127.51 2128.35 1127.45
00036557 00000084 1485.73 381.88 740.33 965.72 1786.04 730.16 2126.17 731.08 2050.58 891.17 1874.69 1122.81 2124.61 1122.99
00036558 00000085 1488.40 390.14 732.81 943.58 1783.90 731.01 2125.76 728.58 2044.56 902.07 1871.94 1122.71 2120.73 1120.24
00036559 00000086 1464.80 371.80 751.59 981.18 1781.01 727.67 2128.83 727.05 2051.28 900.51 1862.07 1120.97 2123.20 1120.14
00036560 00000087 1442.85 403.36 768.59 1009.39 1773.29 741.50 2116.47 733.88 2069.27 911.44 1835.44 1132.34 2117.41 1127.82
00036561 00000088 1397.60 382.58 811.87 1035.13 1763.92 738.36 2120.22 734.19 2072.80 911.87 1828.61 1133.61 2123.09 1130.39
00036562 00000089 1399.60 407.30 805.76 1013.50 1773.49 733.01 2120.89 735.90 2080.37 917.29 1831.20 1133.95 2116.85 1138.30
00036563 00000090 1369.58 363.44 824.43 1070.74 1778.09 717.42 2125.84 735.77 2101.66 908.36 1833.35 1134.24 2113.70 1151.07
00036564 00000091 1377.98 354.87 817.47 1075.31 1790.72 711.79 2135.36 751.50 2124.01 890.54 1849.57 1120.91 2131.03 1154.68
00036565 00000092 1377.26 336.63 813.80 1093.12 1796.28 704.83 2145.47 760.12 2131.76 883.71 1849.78 1114.99 2137.06 1160.83
00036566 00000093 1371.94 331.32 824.47 1101.53 1829.37 701.34 2164.91 762.07 2162.51 888.95 1860.65 1116.47 2132.23 1167.98
00036567 00000094 1393.36 326.21 806.03 1105.62 1862.26 696.28 2170.07 757.77 2190.37 894.03 1879.06 1116.85 2124.31 1170.77
00036568 00000095 1411.57 320.23 792.98 1099.02 1879.62 693.09 2179.82 759.51 2198.05 897.54 1896.32 1118.66 2123.92 1177.21
00036569 00000096 1455.68 326.02 756.11 1087.99 1897.77 711.68 2151.16 740.53 2204.59 927.85 1918.73 1131.32 2106.26 1160.92
00036570 00000097 1434.34 357.90 776.46 1067.94 1943.62 726.50 2152.86 760.22 2220.67 954.99 1946.89 1142.18 2094.69 1177.18
00036571 00000098 1453.63 393.09 757.04 1042.40 1953.58 743.79 2139.64 766.40 2220.98 967.46 1955.83 1154.87 2086.07 1181.82
00036572 00000099 1469.59 399.19 745.68 1074.39 1960.83 764.53 2096.79 787.51 2241.22 962.12 1964.18 1153.79 2085.36 1179.57
00036573 00000100 1489.86 415.41 733.95 1084.42 1966.67 796.30 2096.15 805.22 2246.75 981.98 1974.40 1191.39 2079.45 1204.49
00036574 00000101 1487.70 397.68 742.82 1094.89 1984.75 814.17 2105.17 817.28 2256.88 1004.67 1982.20 1208.76 2081.30 1217.99
00036575 00000102 1448.22 430.72 773.99 1074.09 2006.72 827.60 2097.42 838.38 2251.38 1026.14 1988.37 1223.90 2064.45 1239.03
00036576 00000103 1497.85 462.78 705.48 1064.05 2003.52 847.45 2094.21 843.15 2234.28 1052.54 1961.18 1243.58 2036.89 1247.62
00036577 00000104 1486.54 448.52 707.05 1078.02 1980.20 857.85 2089.64 854.93 2219.94 1062.38 1947.56 1256.14 2031.58 1260.99
00036578 00000105 1434.65 450.01 740.85 1131.96 1963.58 858.03 2066.72 867.42 2206.71 1100.72 1903.69 1296.40 1984.59 1313.36
00036579 00000106 1404.07 470.10 764.72 1134.14 1953.72 874.58 2080.84 864.96 2213.01 1110.44 1897.80 1305.35 1973.44 1310.31
00036580 00000107 1389.48 455.30 783.12 1172.84 1948.67 865.99 2076.43 852.23 2218.69 1111.81 1892.03 1315.38 1969.10 1316.15
00036581 00000108 1391.60 437.58 778.81 1217.07 1928.60 861.44 2062.47 859.99 2204.77 1108.81 1870.96 1319.97 1952.74 1330.29
00036582 00000109 1369.45 474.51 778.38 1187.91 1915.57 856.13 2033.42 849.57 2189.98 1116.37 1854.65 1329.21 1926.59 1336.91
00036583 00000110 1349.26 467.69 774.10 1196.33 1913.31 887.57 2013.55 856.19 2175.67 1126.34 1869.01 1352.88 1928.60 1338.88
00036584 00000111 1313.61 452.23 794.85 1221.66 1862.15 920.06 1995.44 904.91 2143.13 1130.39 1833.06 1350.75 1927.12 1351.35
00036585 00000112 1307.60 516.34 781.86 1153.47 1827.72 930.11 1950.78 906.20 2105.57 1142.19 1809.32 1356.43 1900.06 1349.70
00036586 00000113 1288.25 493.91 785.89 1164.87 1827.42 934.84 1939.72 912.37 2095.26 1141.17 1814.21 1360.72 1896.20 1353.57
00036587 00000114 1227.71 490.42 823.69 1219.54 1808.11 943.12 1947.28 931.87 2083.74 1173.00 1752.44 1374.88 1850.96 1376.22
00036588 00000115 1192.04 491.43 841.52 1209.56 1788.19 946.18 1936.44 937.61 2061.18 1191.32 1739.99 1396.13 1830.19 1403.61
CROP_BBOX: 765 0 2710 1987
