Video ID: 	Ne6yTvwn0Q8
H: 	1080
W: 	1920
FPS: 	29.97002997002997

FRAME INDEX X0 Y0 W H [Landmarks (5 Points)]

00079527 00000000 673.15 117.58 444.18 615.97 740.74 408.83 924.84 387.78 807.13 501.81 782.54 604.44 933.52 587.40
00079528 00000001 680.35 123.04 438.53 613.45 751.90 409.97 936.03 390.17 823.55 508.31 794.80 606.86 946.04 590.50
00079529 00000002 681.69 119.91 440.21 617.10 756.81 411.53 944.52 389.54 832.46 510.24 800.76 608.09 955.31 589.98
00079530 00000003 682.31 124.61 441.81 613.62 760.01 414.42 950.14 389.79 838.54 513.26 805.33 608.00 963.46 587.44
00079531 00000004 680.62 128.19 445.58 612.11 764.13 415.28 955.72 388.32 847.57 513.12 812.67 610.47 971.42 587.69
00079532 00000005 683.32 122.38 446.62 620.84 769.06 415.86 959.88 390.97 851.68 516.36 815.00 610.19 974.57 589.05
00079533 00000006 684.00 118.41 447.01 626.94 771.91 418.66 963.03 392.57 857.99 518.09 819.47 612.46 979.22 590.23
00079534 00000007 684.77 114.99 447.25 631.86 774.90 420.47 965.54 392.52 862.41 519.69 821.41 613.06 982.04 589.21
00079535 00000008 684.25 119.98 451.11 625.80 777.51 421.20 970.33 391.88 868.29 521.17 824.12 613.91 985.38 588.79
00079536 00000009 683.93 123.53 453.12 623.94 781.41 423.05 974.06 393.04 874.57 522.95 828.42 613.75 991.42 587.85
00079537 00000010 685.86 123.46 452.89 623.11 784.59 424.28 976.72 394.27 878.91 525.01 831.66 612.82 995.95 586.66
00079538 00000011 688.84 122.13 451.41 624.60 787.19 425.71 979.57 396.03 881.58 525.54 832.40 612.33 998.22 586.38
00079539 00000012 694.39 125.13 446.07 621.15 790.93 426.85 982.48 397.12 884.64 525.02 834.08 612.17 1000.36 586.26
00079540 00000013 697.07 122.24 443.59 620.78 793.91 425.16 984.79 396.59 888.26 523.87 839.17 611.39 1002.57 586.39
00079541 00000014 697.63 122.56 445.75 618.88 795.40 422.53 987.63 394.33 890.24 521.78 841.33 611.05 1003.82 586.41
00079542 00000015 695.98 119.91 450.26 622.64 796.64 418.29 990.64 391.82 892.37 519.69 842.49 610.38 1005.06 587.27
00079543 00000016 696.82 119.83 449.60 621.06 797.90 416.53 992.58 390.85 893.61 517.54 843.30 609.24 1005.67 586.80
00079544 00000017 697.15 120.62 448.87 618.76 797.75 414.91 991.91 390.06 892.72 516.99 842.88 607.94 1003.89 586.22
00079545 00000018 696.43 122.06 448.21 612.97 796.16 414.74 988.50 389.80 889.61 515.73 842.64 606.32 1000.51 584.54
00079546 00000019 695.42 121.96 449.31 609.77 792.43 412.23 986.77 386.75 885.25 512.93 838.68 604.56 997.55 582.49
00079547 00000020 696.89 117.53 447.24 611.12 790.71 411.75 983.50 386.51 880.55 511.04 838.58 604.42 995.00 582.37
00079548 00000021 699.22 114.30 445.13 615.58 788.25 409.63 981.43 385.45 873.99 508.50 833.75 603.21 992.09 582.07
00079549 00000022 701.61 117.75 441.21 613.39 786.81 408.20 978.65 385.10 868.70 505.88 827.55 601.33 986.22 581.33
00079550 00000023 698.23 117.25 442.25 614.29 782.36 405.57 974.18 383.98 862.75 501.23 821.59 598.35 982.69 579.60
00079551 00000024 695.20 116.20 445.07 616.64 777.08 403.73 965.96 383.32 853.65 500.72 817.92 596.91 977.84 579.03
00079552 00000025 688.37 110.59 451.19 618.52 768.68 399.11 960.13 379.92 845.08 499.13 811.76 595.74 972.80 578.78
00079553 00000026 688.67 111.97 446.76 615.75 764.88 397.04 952.12 378.44 836.47 498.52 807.18 594.61 964.66 578.32
00079554 00000027 687.54 113.08 445.15 614.59 759.09 399.34 946.84 377.65 829.39 498.73 803.32 596.20 961.89 577.34
00079555 00000028 685.63 114.31 442.78 609.61 754.82 398.13 942.58 375.47 824.78 497.69 800.44 595.40 958.39 575.91
00079556 00000029 685.99 108.94 439.89 613.94 752.40 394.68 937.56 371.70 821.04 493.49 799.30 594.25 954.40 574.56
00079557 00000030 685.90 107.13 437.75 616.42 751.44 394.14 934.31 373.61 817.21 493.38 795.52 592.65 949.68 574.99
00079558 00000031 682.69 110.74 439.24 612.71 747.94 395.46 931.31 375.16 812.99 493.97 791.60 592.48 945.63 575.23
00079559 00000032 682.20 111.23 439.43 613.55 745.47 396.65 925.54 375.68 806.79 493.22 788.29 593.90 938.58 576.45
00079560 00000033 681.38 111.56 438.30 613.50 742.58 396.32 921.99 374.58 802.23 492.16 784.89 594.21 934.18 576.16
00079561 00000034 678.59 116.00 441.00 608.67 739.54 397.82 919.61 374.86 800.32 492.48 783.42 595.11 932.41 576.18
00079562 00000035 677.23 114.46 439.90 610.94 738.10 397.85 915.78 375.72 797.62 492.69 781.16 595.04 928.30 576.73
00079563 00000036 674.67 114.22 441.51 610.28 736.56 397.17 913.68 373.69 796.40 491.21 779.44 594.10 924.45 574.79
00079564 00000037 674.64 115.81 441.37 609.15 734.99 396.85 912.07 373.18 793.57 491.63 776.85 594.44 922.01 574.95
00079565 00000038 674.41 111.88 440.51 611.51 734.23 396.48 908.97 374.04 790.75 490.84 776.18 594.58 918.02 575.99
00079566 00000039 672.23 109.63 442.35 613.41 732.96 397.50 908.61 374.19 791.14 490.01 775.66 595.38 916.97 576.04
00079567 00000040 673.30 115.46 440.13 606.38 733.76 396.88 907.24 372.84 789.63 489.43 777.14 594.74 915.38 574.88
00079568 00000041 666.40 108.19 451.57 625.31 729.50 402.88 898.53 369.77 786.22 494.79 780.51 606.27 911.33 579.33
00079569 00000042 666.80 108.51 452.20 628.24 729.78 402.73 897.44 369.39 784.87 494.34 781.78 608.14 910.10 580.99
00079570 00000043 665.62 105.04 453.94 631.14 728.79 402.32 896.81 369.16 783.73 493.87 779.43 606.97 910.29 579.95
00079571 00000044 669.07 115.74 445.05 614.04 730.61 398.83 905.82 372.31 785.95 488.34 771.72 597.68 914.07 575.70
00079572 00000045 669.64 113.29 442.30 607.90 729.26 398.63 905.74 373.69 786.26 488.83 771.25 597.10 911.67 576.21
00079573 00000046 668.73 106.29 442.83 612.74 728.71 397.34 903.77 374.11 785.52 488.02 769.92 594.09 908.67 574.41
00079574 00000047 667.80 108.18 443.33 612.28 728.46 396.80 902.86 374.41 784.28 487.84 767.84 593.00 905.65 574.04
00079575 00000048 668.56 110.84 442.45 609.01 727.57 398.06 901.60 375.68 782.76 488.30 766.68 592.99 904.86 573.90
00079576 00000049 668.85 111.05 440.33 608.63 727.89 397.51 900.32 376.77 782.22 488.44 765.74 592.28 900.48 574.68
00079577 00000050 669.66 111.58 439.21 611.03 729.06 396.76 900.35 377.07 782.15 487.99 766.41 593.65 896.56 577.33
00079578 00000051 668.33 112.53 439.67 615.07 729.23 396.52 898.95 377.61 781.58 488.78 768.33 598.26 890.44 583.07
00079579 00000052 666.08 115.27 442.07 619.19 729.65 396.97 898.16 377.34 781.77 489.46 770.19 602.95 887.87 587.54
00079580 00000053 665.37 114.39 442.46 625.17 729.82 397.04 897.14 377.25 779.88 488.61 769.69 605.42 884.51 590.00
00079581 00000054 665.79 116.55 442.19 622.01 729.84 397.30 896.81 377.71 780.19 488.64 769.68 604.60 884.19 589.31
00079582 00000055 665.94 119.23 443.31 617.63 729.40 398.06 896.34 378.44 778.82 488.85 768.14 602.65 886.12 587.18
00079583 00000056 666.69 119.57 444.16 614.85 728.28 398.02 897.73 377.57 778.86 489.96 767.31 600.10 892.72 583.52
00079584 00000057 666.56 117.06 445.04 611.59 727.33 396.88 897.74 375.57 777.72 488.67 765.84 594.67 898.42 576.79
00079585 00000058 662.06 103.37 452.53 624.44 722.11 399.20 890.42 374.10 774.94 492.85 764.91 600.73 895.45 580.06
00079586 00000059 666.22 114.37 444.79 605.36 725.17 395.29 896.09 374.95 774.88 486.36 762.79 588.97 897.44 571.34
00079587 00000060 665.57 113.67 445.83 607.08 725.04 394.90 895.81 374.79 774.26 485.65 761.63 588.61 896.76 571.24
00079588 00000061 666.17 114.38 444.58 606.42 725.28 394.63 895.81 374.97 774.08 486.03 761.22 588.16 896.17 571.24
00079589 00000062 665.07 116.09 445.33 605.19 724.96 395.13 895.85 375.17 773.86 485.83 760.42 587.06 896.96 569.81
00079590 00000063 663.59 116.15 446.45 604.31 723.61 395.03 894.50 375.85 772.48 485.64 758.92 586.40 895.26 569.66
00079591 00000064 662.74 116.63 446.29 602.85 722.99 394.16 892.34 374.37 771.51 484.77 760.01 585.36 895.04 567.97
00079592 00000065 661.64 118.05 446.21 604.73 722.31 396.12 891.59 373.85 770.96 484.49 760.78 590.51 893.56 571.30
00079593 00000066 663.00 119.25 446.70 601.69 722.52 395.07 893.17 373.58 770.63 485.08 760.93 589.92 896.86 570.99
00079594 00000067 658.33 110.06 453.31 612.82 715.89 396.74 886.95 373.05 769.55 489.88 756.47 596.23 893.33 576.67
00079595 00000068 660.45 105.30 451.00 616.95 715.50 394.71 885.54 373.09 765.78 489.00 752.49 594.16 889.92 576.33
00079596 00000069 659.60 105.99 450.00 616.70 715.13 393.76 884.90 371.42 763.34 486.30 753.90 597.12 886.79 578.84
00079597 00000070 665.35 117.90 441.46 600.28 720.01 393.10 888.78 370.68 763.56 480.42 755.83 591.38 885.45 571.96
00079598 00000071 664.23 115.48 441.03 605.66 719.22 393.85 886.78 371.55 762.12 480.71 754.38 591.76 883.00 572.55
00079599 00000072 663.56 114.15 441.03 607.02 718.30 394.41 885.60 371.29 761.20 481.03 753.61 591.97 885.19 571.98
00079600 00000073 657.70 106.77 449.00 617.42 710.21 393.95 880.38 371.01 755.52 483.82 749.57 597.34 883.05 578.57
00079601 00000074 657.17 106.00 447.51 618.60 708.86 393.80 877.44 371.86 753.23 484.81 747.55 595.93 880.45 577.90
00079602 00000075 655.85 105.91 446.77 618.70 707.66 393.68 875.40 372.93 752.87 485.72 747.09 597.36 876.97 580.15
00079603 00000076 654.92 106.89 443.92 617.14 706.45 393.02 874.58 374.97 751.39 486.44 742.86 595.76 873.90 580.70
00079604 00000077 654.43 110.20 440.41 612.30 703.83 397.78 871.27 379.41 747.16 486.78 737.95 597.29 866.83 581.81
00079605 00000078 651.32 107.47 443.47 617.02 699.59 400.65 865.18 383.00 736.12 485.37 733.63 601.33 862.91 586.19
00079606 00000079 648.99 108.04 442.19 620.71 694.89 400.99 862.28 382.40 728.46 484.37 728.76 604.90 856.55 589.12
00079607 00000080 647.57 105.39 440.61 623.74 692.70 401.04 861.94 380.91 725.76 482.88 727.01 608.33 851.87 591.54
00079608 00000081 646.86 111.06 440.65 616.43 690.16 398.75 856.57 378.00 720.14 481.27 725.48 608.07 847.22 590.71
00079609 00000082 647.47 112.63 437.66 614.87 686.04 399.96 850.08 376.08 713.18 483.26 722.50 608.34 844.55 588.23
00079610 00000083 645.30 116.56 435.80 609.06 681.79 401.74 846.24 376.48 710.01 484.49 718.53 607.82 843.29 586.48
00079611 00000084 646.43 110.45 430.37 612.62 682.23 400.59 845.15 377.16 708.17 483.46 715.64 605.06 839.56 585.27
00079612 00000085 645.14 111.65 428.78 608.20 679.94 400.68 842.12 377.40 705.33 483.50 712.20 602.15 837.57 582.61
00079613 00000086 644.58 111.06 427.60 608.95 678.76 403.26 838.56 378.27 701.65 483.29 710.81 602.04 835.21 581.01
00079614 00000087 643.57 108.67 425.54 615.57 678.31 401.94 837.66 376.76 700.81 482.46 710.84 603.63 834.23 582.38
00079615 00000088 646.38 111.59 428.22 622.74 683.08 401.99 829.28 377.74 701.59 485.55 715.29 600.06 831.44 580.23
00079616 00000089 646.69 112.01 427.35 620.57 682.70 403.22 828.09 377.64 701.23 486.17 716.16 600.27 832.10 579.27
00079617 00000090 646.24 109.02 427.47 618.87 681.87 402.83 828.40 377.89 702.14 486.37 715.62 596.33 836.76 575.51
00079618 00000091 646.20 107.11 426.84 618.47 681.13 400.83 827.49 375.50 701.76 483.49 713.30 595.92 832.47 575.15
00079619 00000092 643.39 107.59 430.20 617.58 678.51 400.28 836.77 372.67 700.12 480.65 713.83 604.57 835.15 581.36
00079620 00000093 643.71 110.51 429.68 615.17 678.73 400.40 836.78 372.54 700.35 480.65 714.08 605.06 834.62 581.70
00079621 00000094 644.06 111.98 427.89 609.75 679.19 400.00 837.15 372.80 701.17 481.30 714.72 603.05 837.04 580.05
00079622 00000095 647.61 108.53 428.91 620.76 683.21 400.50 830.93 371.66 701.85 483.56 721.01 597.35 843.44 573.01
00079623 00000096 648.32 110.74 428.81 615.34 683.65 400.35 831.86 370.41 702.13 483.97 723.78 597.55 847.47 571.98
00079624 00000097 646.16 107.90 433.18 621.82 683.13 401.96 830.55 369.65 701.68 482.05 723.93 598.62 846.71 571.15
00079625 00000098 646.33 109.66 430.32 614.74 680.75 399.89 830.89 370.91 701.95 481.28 717.60 594.82 844.66 570.22
00079626 00000099 643.54 111.42 429.40 606.00 678.29 398.25 838.10 370.78 702.22 479.88 713.53 598.51 840.42 575.13
00079627 00000100 643.03 108.10 430.29 609.32 678.01 398.89 837.47 370.69 701.30 476.88 711.07 597.19 836.10 573.56
00079628 00000101 643.15 111.86 430.86 606.45 678.11 398.22 838.34 370.49 701.87 475.67 710.44 597.14 834.72 574.07
00079629 00000102 641.37 118.65 429.97 601.96 676.33 399.24 839.75 367.11 707.66 478.14 706.26 596.62 842.54 572.02
00079630 00000103 643.85 110.53 429.22 607.64 679.47 394.48 839.85 368.47 702.16 473.44 710.21 595.39 834.34 573.69
00079631 00000104 643.31 111.07 432.87 611.48 679.88 392.98 840.58 365.38 701.44 472.14 713.47 598.34 836.31 575.28
00079632 00000105 649.50 111.95 432.97 621.02 687.14 392.45 834.56 361.65 701.85 473.60 724.78 598.00 840.95 572.20
00079633 00000106 649.37 115.91 435.67 627.50 690.24 394.57 835.99 358.19 701.77 474.51 732.85 602.26 850.04 571.37
00079634 00000107 650.23 115.03 434.62 630.46 693.07 393.51 836.76 356.16 702.02 473.40 737.35 601.37 855.06 569.34
00079635 00000108 649.88 109.63 435.46 634.52 692.12 392.19 835.79 355.23 701.21 472.45 736.54 600.47 854.66 568.83
00079636 00000109 649.75 109.45 435.30 629.91 690.54 391.77 835.55 356.00 701.03 471.79 732.91 600.32 849.73 570.03
00079637 00000110 649.92 104.92 433.98 624.19 687.20 389.14 833.26 358.25 701.07 471.85 726.01 595.37 840.78 569.63
00079638 00000111 644.69 104.57 434.83 620.46 684.09 391.23 842.62 361.26 706.55 471.29 721.46 601.72 838.15 576.78
00079639 00000112 645.07 111.75 434.72 611.61 683.00 391.45 843.74 363.43 706.51 472.56 719.93 605.31 834.81 582.24
00079640 00000113 645.90 109.69 434.72 615.96 681.98 394.48 842.09 365.88 702.87 473.32 716.71 608.56 830.91 585.07
00079641 00000114 645.17 107.89 432.75 613.21 681.44 392.49 842.03 365.19 703.04 473.58 715.97 604.30 833.59 581.83
00079642 00000115 644.88 109.63 431.39 608.72 680.04 394.35 840.51 365.57 702.86 475.12 715.36 603.17 835.38 579.41
00079643 00000116 643.91 107.15 431.16 609.18 680.10 393.84 840.25 365.70 702.80 474.75 714.77 599.06 837.46 575.61
00079644 00000117 643.21 106.11 432.75 610.66 680.76 391.91 842.14 365.55 705.11 474.95 714.64 596.98 839.42 574.93
00079645 00000118 643.32 107.58 433.02 608.60 681.03 390.02 843.47 365.57 706.43 474.36 714.18 595.03 839.49 574.51
00079646 00000119 643.10 107.33 433.20 614.68 680.85 392.98 842.94 366.20 705.38 473.60 713.80 599.08 836.22 576.87
00079647 00000120 646.03 107.81 431.92 624.48 685.07 393.66 840.72 364.73 704.67 471.97 721.35 604.92 834.34 580.73
00079648 00000121 652.23 104.94 428.82 644.83 690.52 394.87 834.87 363.66 703.64 477.78 728.79 608.40 833.21 582.83
00079649 00000122 651.54 104.22 430.60 649.82 691.37 393.77 839.16 362.09 707.63 477.60 732.29 609.51 839.15 583.53
00079650 00000123 652.28 107.16 431.33 647.72 693.24 393.45 842.60 363.56 710.66 477.08 731.12 608.93 838.07 584.69
00079651 00000124 652.18 107.56 436.08 643.28 696.34 390.86 848.48 362.51 714.58 475.04 733.04 604.94 842.38 581.66
00079652 00000125 652.11 110.64 436.59 630.80 696.81 387.80 851.25 361.42 719.66 473.78 734.51 599.99 844.98 578.30
00079653 00000126 651.10 109.54 438.80 625.16 697.46 386.92 854.28 361.71 725.82 473.84 736.21 594.81 849.33 574.14
00079654 00000127 647.76 108.14 440.66 622.32 697.24 389.04 858.79 363.76 728.62 472.65 737.83 598.32 857.64 577.17
00079655 00000128 647.42 107.76 442.41 621.99 698.22 387.95 862.03 365.15 731.05 473.73 737.78 596.19 860.35 577.15
00079656 00000129 651.59 109.48 439.39 615.41 700.20 386.39 861.56 363.25 735.30 474.97 737.86 588.57 859.65 569.33
00079657 00000130 653.40 108.86 440.09 616.50 702.65 388.36 862.85 363.63 736.82 474.90 739.95 589.48 861.22 568.87
00079658 00000131 654.95 105.21 440.42 621.09 705.58 389.84 865.91 364.15 741.86 475.79 744.20 590.33 863.28 568.95
00079659 00000132 657.51 108.79 438.84 616.08 709.29 390.63 868.84 365.02 745.64 474.92 747.03 589.97 865.02 568.65
00079660 00000133 658.81 107.57 439.12 617.43 710.25 392.04 869.61 364.84 746.27 474.10 747.62 590.97 865.76 568.37
00079661 00000134 659.41 114.06 440.26 610.61 711.40 392.37 870.90 365.61 746.95 473.97 748.60 591.12 867.69 568.77
00079662 00000135 660.11 110.94 440.13 613.02 711.77 391.53 871.23 364.99 747.70 473.40 748.95 590.16 867.88 567.96
00079663 00000136 660.72 109.86 441.21 614.57 712.93 391.36 873.00 364.52 748.09 471.87 749.70 590.08 870.26 567.52
00079664 00000137 661.67 109.58 441.03 613.44 713.76 390.72 874.33 363.39 748.92 470.43 750.33 589.54 872.08 566.46
00079665 00000138 663.26 119.05 441.32 603.06 714.51 389.99 876.05 362.50 748.75 470.81 750.95 590.29 873.46 567.00
00079666 00000139 665.34 115.72 443.24 605.33 717.92 384.67 881.54 359.56 751.48 468.88 753.27 587.16 878.49 565.56
00079667 00000140 666.55 115.66 444.74 602.94 720.06 382.61 886.97 357.05 753.75 466.78 754.56 586.93 885.46 564.69
00079668 00000141 663.24 108.19 450.12 610.92 715.08 383.16 882.87 358.77 753.57 471.28 751.51 591.16 883.43 571.51
00079669 00000142 667.88 110.96 445.47 606.43 721.61 380.61 890.15 356.85 755.85 465.70 753.36 584.34 886.54 563.47
00079670 00000143 667.86 109.64 445.94 607.00 721.06 379.80 891.82 356.00 756.60 466.87 753.91 584.11 890.81 562.95
00079671 00000144 666.86 108.35 447.88 604.44 719.79 379.71 893.60 356.05 757.70 467.96 753.93 583.19 893.86 561.92
00079672 00000145 661.96 105.60 452.69 608.46 714.11 383.83 885.49 360.80 757.56 477.25 749.72 589.62 889.28 571.02
00079673 00000146 661.68 106.62 450.47 608.89 712.86 387.52 884.91 362.37 758.69 479.80 749.48 591.73 888.95 571.49
00079674 00000147 664.20 114.83 447.65 601.36 719.27 386.91 892.30 360.92 760.52 473.56 755.00 585.56 895.85 562.62
00079675 00000148 665.73 114.85 445.88 601.20 721.88 387.76 892.57 361.47 762.26 474.38 759.04 585.58 895.93 562.60
00079676 00000149 666.17 115.21 446.00 600.69 720.62 389.13 892.57 361.88 760.72 474.92 757.87 589.01 895.57 565.33
00079677 00000150 665.97 120.99 444.45 595.32 721.43 389.26 894.18 363.04 764.02 475.90 757.97 587.51 897.44 564.68
00079678 00000151 664.86 120.10 444.73 596.29 721.63 388.87 894.35 363.02 765.64 476.24 758.51 586.43 897.99 563.86
00079679 00000152 664.99 116.25 444.19 598.92 721.73 388.28 894.84 363.17 765.47 476.46 758.61 586.39 898.54 564.32
00079680 00000153 666.01 118.84 443.31 599.61 721.38 389.03 894.67 362.69 764.60 477.20 758.24 588.63 900.19 565.65
00079681 00000154 664.51 119.11 444.63 613.10 722.85 390.61 893.74 361.03 765.06 475.61 759.79 594.46 899.33 569.49
00079682 00000155 664.22 121.40 444.53 615.88 723.41 391.78 891.02 360.86 763.82 475.37 760.79 597.14 897.97 571.29
00079683 00000156 662.36 124.09 446.13 613.06 722.12 392.26 889.69 361.05 761.96 474.66 759.00 596.12 896.45 569.95
00079684 00000157 660.98 122.96 448.14 611.86 720.17 393.89 887.74 362.00 760.63 475.22 758.71 596.90 893.73 570.17
00079685 00000158 660.98 119.67 447.94 610.00 719.21 392.84 885.57 362.53 759.08 475.45 759.48 595.00 891.76 569.39
00079686 00000159 660.77 121.25 447.55 606.06 718.62 392.17 885.43 362.77 759.11 475.20 759.18 593.00 889.97 568.03
00079687 00000160 655.47 110.40 452.35 616.24 711.22 394.15 880.01 364.97 759.21 481.43 757.34 598.24 888.78 574.33
00079688 00000161 659.93 120.20 444.84 602.37 717.04 392.81 882.82 364.44 759.65 477.93 758.66 590.62 888.81 566.33
00079689 00000162 659.76 117.73 443.50 603.61 716.22 393.16 883.42 364.55 760.16 478.67 757.75 590.35 890.51 565.73
00079690 00000163 658.95 118.57 442.83 602.18 715.13 394.02 881.75 367.61 758.64 480.49 755.56 589.92 889.39 567.04
00079691 00000164 657.65 116.61 443.32 601.90 713.82 393.31 881.40 366.81 759.08 480.17 754.71 588.78 889.03 565.76
00079692 00000165 656.72 115.51 444.75 604.25 713.38 392.84 880.98 366.67 758.34 480.49 754.05 588.31 888.77 565.58
00079693 00000166 656.91 113.87 444.45 605.72 712.66 392.64 880.32 366.36 757.70 480.34 753.43 588.12 889.16 565.25
00079694 00000167 656.42 116.64 445.00 603.09 712.64 393.27 881.94 367.60 759.46 480.69 752.45 587.84 888.36 565.55
00079695 00000168 656.38 114.35 444.46 606.15 712.10 393.74 881.75 368.89 759.71 482.21 750.54 588.42 886.95 566.87
00079696 00000169 657.02 112.75 442.74 607.77 712.41 393.96 881.84 369.73 760.00 482.67 750.54 588.68 886.94 567.55
00079697 00000170 656.53 112.68 443.72 610.23 712.85 394.14 881.04 369.49 759.29 482.29 750.63 588.89 886.36 567.55
00079698 00000171 657.53 112.67 442.33 613.14 714.98 394.41 878.79 368.83 758.70 481.68 754.12 590.30 883.13 568.58
00079699 00000172 658.04 113.72 442.09 611.93 715.33 395.12 878.06 368.40 758.38 481.06 755.13 591.21 882.20 568.69
00079700 00000173 659.04 114.06 441.88 611.44 715.37 394.24 878.88 368.56 758.25 481.61 753.85 590.46 882.08 568.74
00079701 00000174 659.45 109.12 442.15 616.77 714.86 393.75 878.73 368.65 757.26 479.90 751.91 589.58 879.42 568.34
00079702 00000175 660.76 109.99 441.29 613.49 715.04 392.75 879.76 368.91 757.14 479.61 751.96 590.81 877.33 570.58
00079703 00000176 662.20 110.45 439.48 611.66 716.34 393.09 880.97 368.79 757.58 477.20 752.71 592.30 874.96 571.86
00079704 00000177 656.00 109.39 448.40 613.08 710.71 394.14 876.38 369.21 754.40 478.68 750.83 601.53 870.55 581.23
00079705 00000178 656.91 110.02 447.82 612.79 711.30 394.06 876.61 368.99 754.17 478.55 751.14 602.01 869.92 581.62
00079706 00000179 657.43 109.99 447.40 613.48 710.91 392.42 877.21 368.04 753.69 478.53 750.53 602.19 871.04 582.35
00079707 00000180 663.35 121.07 439.04 603.17 717.79 392.74 879.91 368.01 755.93 475.12 753.24 592.89 871.20 572.30
00079708 00000181 663.70 118.70 439.20 605.39 718.44 392.45 880.31 368.08 756.23 475.08 754.12 592.34 872.17 572.08
00079709 00000182 658.49 111.95 446.94 613.26 713.09 393.99 876.22 369.65 753.27 477.58 752.62 599.13 871.13 579.34
00079710 00000183 657.24 111.45 447.47 612.63 711.97 393.71 877.16 369.35 753.27 477.75 750.83 598.04 872.17 578.24
00079711 00000184 662.32 117.12 440.41 602.30 715.50 391.87 880.89 366.73 755.52 474.76 750.99 588.76 876.14 567.48
00079712 00000185 656.87 110.90 447.24 608.32 709.63 392.07 879.17 368.06 755.06 479.35 747.91 593.26 878.96 573.73
00079713 00000186 656.21 109.72 448.20 610.64 708.98 391.63 878.97 368.23 753.61 479.18 745.88 591.55 879.20 572.53
00079714 00000187 655.76 108.32 448.15 612.26 708.51 390.87 877.55 368.27 751.88 478.86 745.36 591.82 877.67 573.31
00079715 00000188 656.79 107.71 444.86 610.93 708.92 389.95 876.91 367.57 752.57 477.78 746.39 592.71 875.06 574.40
00079716 00000189 656.27 107.17 445.41 609.87 708.27 388.99 876.93 365.68 751.69 475.77 745.44 592.04 873.95 572.99
00079717 00000190 655.67 107.77 445.93 610.38 708.66 389.17 876.55 366.72 751.84 476.36 745.63 592.65 872.12 574.38
00079718 00000191 656.18 108.13 445.62 611.50 708.73 390.57 875.65 367.67 751.16 476.50 745.76 594.17 871.09 575.53
00079719 00000192 656.56 111.75 443.39 607.50 708.72 391.50 875.22 368.47 751.39 477.60 745.66 597.38 868.70 578.68
00079720 00000193 657.00 112.96 443.37 606.08 708.37 391.27 874.11 368.12 750.30 477.82 745.82 597.19 868.30 578.38
00079721 00000194 656.19 114.66 445.01 603.57 707.75 391.08 874.51 368.41 750.58 478.19 745.83 596.67 869.00 578.21
00079722 00000195 657.31 112.74 444.38 607.23 708.81 390.86 875.14 367.90 749.93 476.84 745.56 595.63 868.74 577.02
00079723 00000196 657.45 112.24 444.44 607.43 708.96 390.38 874.94 367.69 749.83 477.54 746.64 595.65 869.09 577.19
00079724 00000197 658.02 116.72 444.61 602.10 709.11 391.06 875.48 368.16 750.68 477.81 746.85 595.69 869.89 577.10
00079725 00000198 658.13 120.37 445.15 598.05 708.96 391.52 876.66 368.12 751.31 477.02 745.94 595.43 871.48 576.39
00079726 00000199 658.25 117.37 445.93 600.77 708.96 389.63 876.86 367.43 750.94 476.34 744.57 593.45 870.03 575.47
00079727 00000200 658.02 116.89 446.55 600.41 708.18 388.82 876.72 366.93 750.16 476.72 743.38 592.75 870.51 575.04
00079728 00000201 658.32 119.63 445.82 598.86 708.62 388.87 876.85 367.60 749.71 475.89 742.90 591.60 869.53 574.35
00079729 00000202 658.61 115.37 445.01 602.37 708.69 389.07 875.95 367.70 749.14 475.61 742.85 592.27 868.84 574.98
00079730 00000203 657.80 113.69 444.17 606.27 709.15 389.40 874.96 368.46 748.27 475.37 742.89 592.55 866.86 575.61
00079731 00000204 658.07 111.36 443.31 609.35 708.54 388.90 873.64 368.71 745.54 475.11 741.04 593.59 864.58 577.23
00079732 00000205 657.43 111.44 442.34 607.96 707.04 388.54 871.86 368.60 744.32 475.75 740.55 593.82 863.08 577.56
00079733 00000206 657.45 108.37 441.13 610.23 707.15 387.59 872.15 367.90 744.00 474.76 740.65 594.15 862.83 578.07
00079734 00000207 656.85 109.02 441.78 608.63 706.58 387.73 870.29 367.97 742.84 474.78 740.33 595.84 860.75 579.68
00079735 00000208 656.70 109.44 440.25 607.32 707.67 389.29 870.09 368.72 743.36 473.37 741.92 597.59 857.53 580.79
00079736 00000209 656.89 108.48 440.01 606.93 707.83 389.74 870.31 367.75 743.96 473.61 743.30 600.42 857.28 582.43
00079737 00000210 657.25 112.66 440.12 602.89 707.65 388.74 871.19 366.64 744.02 473.38 742.42 600.91 856.37 582.84
00079738 00000211 657.32 110.75 440.70 605.96 707.53 387.64 870.40 366.12 743.19 473.15 742.99 598.01 858.83 580.40
00079739 00000212 656.32 108.58 442.42 610.05 705.30 387.59 871.53 365.54 743.25 475.50 741.24 595.87 865.74 577.76
00079740 00000213 655.95 112.46 444.02 604.14 704.32 388.54 870.63 366.93 741.56 475.78 739.06 590.69 867.99 572.92
00079741 00000214 655.76 105.49 444.28 609.37 703.24 387.88 870.75 366.82 740.34 475.92 737.11 588.44 869.16 571.01
00079742 00000215 655.90 107.90 442.54 608.76 704.17 388.10 869.74 368.40 739.23 474.94 736.04 584.49 868.95 568.11
00079743 00000216 655.16 103.03 440.64 617.02 705.10 388.56 867.69 369.79 738.19 473.68 736.21 585.11 864.79 569.30
00079744 00000217 654.26 105.02 438.24 615.96 702.13 392.15 861.27 371.00 731.45 472.54 734.58 587.62 862.59 569.33
00079745 00000218 652.97 102.10 436.83 622.59 701.01 389.59 861.41 370.26 729.76 473.22 733.09 587.86 861.83 570.90
00079746 00000219 650.64 102.53 436.44 625.71 695.97 391.64 858.16 371.26 723.57 475.47 730.04 594.85 857.75 577.07
00079747 00000220 649.94 105.52 436.08 625.92 694.91 393.06 853.28 369.44 720.62 474.88 732.22 598.26 855.81 577.64
00079748 00000221 648.25 114.17 437.12 613.06 690.25 394.77 852.56 371.13 719.41 478.93 727.97 597.90 855.63 577.31
00079749 00000222 645.38 111.47 437.83 612.93 687.43 393.70 848.77 371.64 714.26 478.00 723.56 594.43 851.38 575.19
00079750 00000223 643.94 100.42 437.78 625.05 684.22 393.45 846.34 369.89 709.98 478.98 718.80 595.02 849.12 574.40
00079751 00000224 644.92 106.08 436.52 615.95 682.35 396.16 844.49 372.01 707.88 478.75 715.87 596.65 844.01 575.87
00079752 00000225 644.45 103.06 434.51 622.09 681.80 400.03 841.73 373.07 706.86 481.96 717.91 601.46 843.17 578.36
00079753 00000226 643.19 103.44 432.66 628.56 681.23 401.36 838.11 371.86 704.94 480.74 718.77 606.86 838.09 581.92
00079754 00000227 646.24 104.87 433.16 637.12 684.73 404.10 829.41 372.93 704.31 486.63 725.06 607.80 835.26 582.23
00079755 00000228 645.28 104.33 434.64 639.02 684.19 405.14 829.00 372.03 703.00 486.84 726.85 609.86 837.03 582.59
00079756 00000229 645.48 101.62 436.37 642.40 684.82 405.62 828.60 370.55 702.03 486.49 728.79 607.73 842.56 578.47
00079757 00000230 645.04 102.14 437.68 638.44 684.26 405.40 827.92 369.87 701.28 487.46 730.21 606.24 845.36 576.30
00079758 00000231 645.33 100.53 436.00 636.15 683.45 404.41 825.70 370.41 700.39 487.89 728.96 603.49 844.58 574.75
00079759 00000232 643.83 103.32 434.08 630.04 683.20 403.62 826.15 372.84 702.14 489.45 727.52 600.43 844.63 574.37
00079760 00000233 643.90 102.55 429.22 626.84 680.94 402.91 823.31 374.18 701.36 490.56 724.36 599.27 842.23 575.02
00079761 00000234 643.39 101.60 427.83 624.54 679.60 403.08 821.54 375.76 700.10 489.87 720.76 597.05 839.36 574.07
00079762 00000235 644.09 100.69 425.33 624.57 679.54 401.55 821.13 376.11 699.11 488.10 717.39 597.12 832.99 576.20
00079763 00000236 645.33 99.46 425.06 627.41 679.68 402.46 821.49 375.99 698.83 488.04 717.02 599.11 831.72 577.33
00079764 00000237 645.24 99.02 426.52 627.01 679.07 402.72 821.02 376.04 699.00 488.05 716.51 599.86 831.34 577.94
00079765 00000238 646.17 98.50 424.66 627.17 679.68 402.24 820.71 375.84 698.50 488.04 716.34 600.30 829.55 578.65
00079766 00000239 646.84 98.08 424.33 627.23 679.50 401.84 820.31 375.65 698.07 488.29 716.18 600.51 829.72 578.99
00079767 00000240 646.57 98.26 425.86 627.13 678.87 402.81 820.29 375.92 698.31 489.05 716.96 601.02 830.45 578.90
00079768 00000241 646.91 99.04 425.88 626.46 679.14 402.04 820.76 375.68 698.20 489.40 716.76 601.34 830.47 579.66
00079769 00000242 648.13 98.62 426.00 628.11 680.29 402.76 821.94 375.76 698.92 489.05 718.09 602.53 830.77 580.29
00079770 00000243 648.90 97.08 426.44 630.52 679.93 404.03 822.11 375.31 698.91 489.96 719.05 604.22 832.27 580.45
00079771 00000244 644.23 101.85 428.88 623.96 677.58 404.34 832.32 373.82 697.69 487.29 718.08 610.75 834.98 584.69
00079772 00000245 643.25 103.14 428.96 620.78 676.35 403.57 832.92 373.91 698.07 488.02 717.58 609.28 837.18 583.92
00079773 00000246 646.54 96.98 427.17 627.31 677.78 402.68 822.27 374.71 698.15 490.44 717.55 600.99 837.76 577.50
00079774 00000247 643.16 104.78 428.83 618.09 675.85 402.33 832.21 373.47 696.54 487.87 716.51 607.49 837.93 582.53
00079775 00000248 647.17 100.51 427.39 624.06 679.46 401.03 823.35 374.48 697.84 489.34 718.56 599.88 837.95 577.45
00079776 00000249 642.64 104.98 429.86 617.55 675.75 401.65 831.97 373.43 696.19 487.67 716.28 606.10 838.45 581.64
00079777 00000250 643.04 104.31 430.12 617.30 675.85 402.83 831.62 373.97 695.60 487.67 716.60 605.98 838.84 580.95
00079778 00000251 643.99 106.60 429.25 614.16 676.48 402.36 831.63 373.53 695.61 487.32 717.13 606.06 838.20 581.07
00079779 00000252 649.45 99.30 424.93 623.49 680.18 401.84 823.00 373.72 696.50 488.00 718.87 598.95 838.85 575.07
00079780 00000253 649.63 101.97 424.91 620.96 680.30 400.74 823.15 374.11 695.31 487.59 718.36 599.09 837.39 576.43
00079781 00000254 649.44 102.69 423.83 619.36 679.65 400.72 822.31 374.03 694.77 488.64 718.01 599.23 837.96 576.47
00079782 00000255 644.04 105.40 425.70 616.11 675.46 402.18 830.53 372.81 692.86 487.76 716.71 607.15 837.91 581.56
00079783 00000256 648.35 100.52 424.05 622.25 678.81 402.83 820.96 372.67 693.37 487.02 717.71 600.90 837.22 575.45
00079784 00000257 648.18 98.26 423.60 624.50 679.09 402.21 821.63 372.26 693.89 486.64 717.77 600.21 838.02 574.95
00079785 00000258 648.69 101.83 424.05 622.12 678.67 402.42 820.88 373.12 692.41 487.14 717.68 601.60 835.97 576.76
00079786 00000259 647.78 103.31 424.66 620.74 677.80 402.74 819.71 373.15 691.64 487.45 717.22 601.48 835.79 576.42
00079787 00000260 647.68 104.00 424.13 620.35 677.95 403.05 819.89 373.22 692.05 487.74 717.88 601.84 836.15 576.59
00079788 00000261 646.55 102.76 424.49 622.40 677.26 403.67 820.21 373.74 691.93 488.04 716.76 602.98 835.55 577.73
00079789 00000262 646.21 101.43 423.88 622.95 676.79 404.76 819.40 374.23 692.17 487.92 716.71 603.22 835.41 577.57
00079790 00000263 646.58 100.24 424.35 624.50 676.96 402.89 819.55 372.80 691.92 486.93 716.34 602.02 834.98 576.70
00079791 00000264 645.83 100.52 424.41 624.83 676.77 403.50 820.09 373.74 691.66 487.80 716.03 602.83 835.52 577.81
00079792 00000265 646.49 104.49 423.02 620.56 677.19 405.43 819.83 376.37 692.39 489.02 715.82 604.66 832.27 580.31
00079793 00000266 645.90 103.20 424.66 622.80 677.51 405.42 820.32 375.32 692.68 488.93 716.90 605.14 833.79 579.88
00079794 00000267 645.30 101.86 424.59 624.23 676.44 404.59 819.04 374.51 691.08 488.08 715.35 604.34 833.01 579.11
00079795 00000268 645.22 103.95 425.50 621.21 675.81 404.74 818.91 374.79 690.88 488.61 715.15 605.04 831.97 579.93
00079796 00000269 644.75 105.72 425.46 619.40 675.40 404.53 818.74 374.97 690.41 488.51 714.14 605.15 830.70 580.41
00079797 00000270 645.68 104.19 423.40 620.46 676.61 404.57 818.98 375.38 691.40 488.44 714.70 604.43 831.69 579.98
00079798 00000271 645.47 101.38 425.19 624.46 676.65 404.64 820.02 374.74 691.38 487.49 714.17 605.57 830.78 580.61
00079799 00000272 639.97 107.30 424.36 615.22 673.06 404.94 827.69 375.30 690.52 487.59 712.79 610.93 830.99 585.32
00079800 00000273 644.47 102.33 424.06 622.89 676.16 405.76 818.91 377.06 691.67 488.36 713.74 605.19 830.07 581.24
00079801 00000274 646.67 100.67 423.26 624.25 677.13 403.89 819.37 374.75 691.18 487.05 714.64 604.18 831.08 579.74
00079802 00000275 645.67 99.94 423.34 625.49 676.57 404.64 818.89 375.91 691.48 488.39 714.16 604.56 830.88 580.54
00079803 00000276 645.64 102.20 423.26 622.91 676.47 405.35 818.76 376.59 691.42 488.07 714.12 605.07 830.02 581.05
00079804 00000277 646.01 102.65 423.54 622.22 676.53 403.81 819.33 375.07 691.13 487.53 714.22 604.38 830.68 580.33
00079805 00000278 646.25 100.51 422.71 624.52 676.39 403.79 818.98 374.09 690.89 487.44 714.30 604.69 830.82 579.93
00079806 00000279 645.92 102.46 422.81 622.42 676.40 403.36 819.07 374.88 690.78 487.77 713.96 604.42 830.33 580.61
00079807 00000280 645.93 102.76 424.53 622.20 676.64 403.89 819.15 374.43 690.64 487.33 714.41 604.78 830.36 580.15
00079808 00000281 645.87 102.09 423.48 622.79 676.74 403.56 819.26 374.73 690.75 487.01 713.67 604.42 829.60 580.36
00079809 00000282 645.90 100.70 424.26 625.16 677.01 403.76 819.33 374.71 690.10 486.70 714.08 604.98 829.76 580.74
00079810 00000283 644.38 103.66 426.00 621.82 676.07 404.57 818.92 375.96 690.75 487.81 714.05 605.97 829.14 582.11
00079811 00000284 645.60 102.18 424.68 623.26 676.93 403.28 819.08 375.82 690.27 486.59 713.45 604.29 828.20 581.42
00079812 00000285 645.60 100.91 424.25 624.72 676.61 403.91 819.37 374.72 690.50 486.63 713.48 605.14 829.29 580.78
00079813 00000286 646.32 104.19 423.72 621.33 677.40 403.52 820.39 375.65 691.22 487.53 713.88 605.14 829.03 581.85
00079814 00000287 646.55 104.84 422.97 620.62 677.62 404.24 820.16 375.71 691.53 487.72 715.02 605.19 830.32 581.27
00079815 00000288 645.99 106.18 423.56 618.85 676.99 405.60 819.74 376.57 691.78 488.80 714.99 605.99 829.84 581.71
00079816 00000289 646.29 107.85 423.52 616.76 677.46 405.82 819.52 377.37 691.94 489.05 715.20 605.65 829.52 581.79
00079817 00000290 645.93 107.19 422.52 617.43 677.37 404.48 819.78 377.05 691.00 487.93 714.07 605.05 828.50 582.10
00079818 00000291 646.05 104.73 423.04 621.11 677.63 403.03 820.03 375.40 690.18 486.43 714.33 605.06 829.16 581.91
00079819 00000292 645.40 105.72 423.02 619.61 677.19 403.44 819.60 376.04 691.01 487.05 713.96 605.50 827.86 582.70
00079820 00000293 645.28 107.65 422.68 616.42 677.08 404.35 819.43 376.55 691.40 486.93 713.72 605.38 827.48 582.23
00079821 00000294 645.46 107.95 422.67 616.85 677.41 403.97 819.45 376.23 691.36 487.27 714.49 605.56 827.86 582.48
00079822 00000295 645.69 106.60 423.01 619.95 677.61 405.09 819.41 376.76 691.05 487.51 715.04 606.26 828.26 582.66
00079823 00000296 645.83 107.30 423.05 618.81 677.69 404.47 819.27 376.54 690.99 487.42 715.40 605.65 828.67 582.32
00079824 00000297 645.78 105.32 422.64 620.78 677.44 404.84 820.60 377.53 692.51 488.15 714.62 605.98 829.00 583.22
00079825 00000298 643.89 102.23 422.45 620.57 676.56 407.90 830.07 380.93 693.08 488.14 717.01 610.76 834.05 587.27
00079826 00000299 644.58 100.13 430.06 625.37 681.09 405.25 837.05 380.01 701.35 486.25 719.74 610.23 838.65 588.27
00079827 00000300 645.45 106.96 437.03 622.95 688.30 405.51 847.89 380.99 713.63 481.43 726.15 608.83 846.81 587.77
00079828 DELETE   646.65 105.94 445.39 625.12 694.66 401.63 860.52 379.04 730.42 482.56 734.61 608.32 858.90 589.07
00079829 DELETE   650.50 113.13 448.14 614.45 706.23 402.98 875.19 378.11 757.61 486.38 749.84 607.61 876.15 586.77
00079830 DELETE   659.34 112.03 443.97 611.11 724.92 395.75 897.38 373.72 780.94 483.95 765.12 594.17 897.51 575.18
00079831 00000304 662.90 106.21 448.97 617.37 731.88 396.66 906.33 369.95 797.33 489.51 777.99 598.42 912.83 576.32
00079832 00000305 673.86 117.42 439.24 599.85 744.72 387.78 927.33 363.66 817.29 481.93 790.37 587.85 937.53 568.91
00079833 00000306 675.68 122.85 437.99 594.14 747.42 387.94 931.88 362.48 821.37 481.29 791.59 586.02 942.24 565.95
00079834 00000307 675.17 120.67 438.65 595.29 747.03 385.68 929.29 362.42 818.29 481.21 789.95 584.12 938.78 565.74
00079835 00000308 674.74 120.08 438.84 597.16 745.27 385.58 927.85 363.26 814.61 482.69 786.13 584.60 935.78 566.98
00079836 00000309 675.03 119.10 438.14 597.46 746.33 385.62 927.63 364.66 814.48 483.03 786.15 584.31 933.51 567.89
00079837 00000310 674.65 122.44 439.23 596.51 749.92 381.31 931.86 360.88 819.97 481.31 789.74 582.96 937.03 567.14
00079838 00000311 676.63 118.50 438.59 599.68 753.37 381.03 936.77 358.17 827.10 480.32 796.68 584.32 943.73 566.51
00079839 00000312 676.80 119.37 439.86 601.50 755.78 379.62 938.74 356.11 830.17 480.21 801.39 586.89 944.61 568.85
00079840 00000313 676.75 120.89 441.39 602.94 756.82 379.91 938.11 357.22 829.22 480.60 803.37 589.03 942.77 571.76
00079841 00000314 678.30 115.89 440.38 608.46 757.68 378.95 937.84 356.05 830.31 479.67 804.53 588.54 943.86 571.01
00079842 00000315 679.74 115.18 442.29 609.45 756.06 377.64 939.06 352.80 828.65 477.83 802.96 587.77 948.35 567.92
00079843 00000316 679.35 115.28 443.96 606.69 754.96 376.24 940.63 352.57 827.39 477.66 801.69 584.07 953.91 564.71
00079844 00000317 679.40 114.45 443.63 602.77 753.79 376.54 942.31 353.65 827.51 477.73 799.58 581.08 956.54 562.02
00079845 00000318 679.64 112.74 444.08 601.19 752.35 374.93 942.22 351.18 825.89 475.10 798.19 578.14 956.98 557.97
00079846 00000319 681.25 112.15 441.45 601.68 752.31 375.58 941.94 351.97 824.67 474.12 797.09 579.41 954.05 559.53
00079847 00000320 682.12 111.52 440.82 609.00 753.12 376.24 939.24 352.18 823.19 475.31 799.13 584.80 950.15 565.03
00079848 00000321 680.56 112.88 443.72 610.16 748.66 377.57 935.74 349.84 818.36 475.95 798.41 587.22 953.48 564.24
00079849 00000322 679.17 106.38 443.70 615.78 746.41 376.69 931.81 349.96 815.10 476.33 795.40 584.90 951.96 562.64
00079850 00000323 677.42 110.98 444.53 610.69 743.49 379.52 927.89 352.03 811.05 477.31 791.31 585.39 947.35 562.77
00079851 00000324 677.57 106.77 443.12 617.63 741.12 378.26 922.95 351.17 803.27 475.30 785.82 586.76 940.43 564.33
00079852 00000325 675.00 96.31 448.07 629.94 734.44 383.34 910.63 350.93 792.88 481.18 784.78 592.08 929.79 565.38
00079853 00000326 671.88 94.89 448.17 641.92 731.22 384.30 907.50 350.64 786.87 480.13 782.47 596.83 926.71 569.03
00079854 00000327 666.53 100.56 451.51 637.35 726.84 388.33 901.74 353.54 781.33 481.57 777.76 600.48 918.25 572.17
00079855 00000328 663.05 96.36 454.34 636.92 723.84 390.20 895.80 358.03 775.70 482.21 771.14 601.08 903.70 575.35
00079856 00000329 657.02 98.25 458.20 633.70 720.46 393.70 889.64 365.36 773.35 481.23 764.57 599.80 891.90 577.02
00079857 DELETE   656.89 107.19 451.19 624.54 715.68 402.60 877.35 377.59 758.91 479.33 755.98 602.79 874.55 582.14
00079858 DELETE   653.23 112.77 444.97 623.26 705.41 406.65 870.59 382.40 742.05 479.69 742.42 613.04 859.95 593.00
00079859 00000332 647.84 115.57 441.81 620.27 690.15 414.02 853.01 380.19 724.00 485.06 732.28 621.47 848.29 593.49
00079860 00000333 641.21 108.92 438.69 625.46 679.36 412.88 843.38 381.72 711.28 492.99 723.19 622.01 842.53 595.73
00079861 00000334 635.59 111.85 429.25 621.96 672.28 417.25 831.58 384.36 700.79 496.47 717.82 624.65 833.76 596.98
00079862 00000335 627.96 119.66 427.10 613.25 665.20 414.99 823.83 383.63 692.53 497.73 709.24 623.65 824.37 597.40
00079863 00000336 628.52 118.79 425.27 612.52 663.13 411.49 818.51 384.37 684.55 496.59 705.89 618.30 820.88 595.25
00079864 00000337 626.04 119.51 424.87 612.92 660.26 414.10 814.78 383.28 681.76 495.44 704.31 619.41 819.97 593.21
00079865 00000338 624.79 121.03 425.12 612.77 658.29 413.86 813.14 381.79 679.79 494.48 703.01 620.75 817.55 593.68
00079866 00000339 624.63 116.02 423.51 618.23 658.21 412.62 811.31 381.56 677.16 493.18 700.49 621.04 811.45 595.20
00079867 00000340 623.55 119.22 423.70 614.84 656.79 413.68 811.33 381.78 676.88 494.65 698.23 624.11 807.78 597.96
00079868 00000341 624.78 126.50 427.05 609.69 656.75 416.38 802.83 381.15 677.79 498.42 700.47 621.77 809.50 593.50
00079869 00000342 620.59 126.30 430.64 608.50 662.04 415.47 808.70 390.72 680.93 493.12 699.04 608.65 809.75 588.00
00079870 00000343 619.71 122.23 432.09 609.11 660.00 411.75 808.69 388.68 677.41 492.44 696.85 605.59 812.13 586.03
00079871 00000344 619.12 121.49 432.78 610.73 659.23 410.36 806.57 388.60 675.05 492.61 694.84 602.84 810.78 584.23
00079872 00000345 617.81 120.37 433.43 608.64 658.18 406.81 806.06 386.31 672.90 489.80 693.69 600.07 810.44 582.21
00079873 00000346 617.20 120.05 434.42 611.99 658.04 405.58 802.66 385.70 670.03 490.68 695.57 601.60 808.99 584.11
00079874 00000347 616.14 121.03 434.90 612.49 658.41 406.49 800.39 384.62 669.77 491.49 699.94 603.46 810.98 584.32
00079875 00000348 618.78 121.20 432.12 612.17 654.81 407.93 791.12 381.32 665.61 495.10 702.53 612.73 810.10 590.11
00079876 00000349 619.57 120.66 431.38 614.10 654.90 405.97 792.33 379.81 666.11 494.66 703.11 611.72 811.75 589.47
00079877 00000350 619.14 121.93 432.38 614.90 654.88 406.98 792.13 380.37 665.77 495.11 703.18 613.47 811.83 590.78
00079878 00000351 618.30 120.44 434.05 616.07 654.31 408.15 792.06 379.66 665.44 494.29 702.68 613.69 812.38 589.46
00079879 00000352 619.11 119.16 431.76 614.70 653.90 407.31 791.59 379.96 665.36 493.46 702.20 612.92 810.81 589.72
00079880 00000353 617.47 117.44 433.17 615.07 652.58 406.14 791.57 379.54 664.27 492.24 700.22 611.51 809.66 588.96
00079881 00000354 616.79 117.60 434.02 615.17 652.50 404.86 791.18 379.32 663.15 492.67 700.23 611.49 809.52 589.75
00079882 00000355 616.23 119.74 433.71 614.54 651.86 405.25 790.98 377.29 662.42 492.11 699.34 613.42 808.24 589.75
00079883 00000356 618.58 113.86 429.11 621.53 651.95 405.77 788.73 379.03 659.43 490.92 698.73 612.97 807.07 590.20
00079884 00000357 618.63 115.66 429.17 620.16 652.26 403.97 789.33 378.09 659.42 490.55 698.31 612.78 806.59 590.75
00079885 00000358 615.65 116.84 431.27 618.10 652.56 401.78 788.36 376.73 659.70 490.32 699.72 610.54 807.40 589.00
00079886 00000359 613.90 110.48 433.11 621.86 651.13 402.83 788.86 376.13 659.77 488.57 698.13 610.44 807.27 587.75
00079887 00000360 613.39 108.71 434.10 624.28 650.06 403.84 788.36 375.46 659.70 488.43 698.16 611.72 807.59 587.67
00079888 00000361 612.06 114.15 434.56 620.22 649.30 404.13 789.22 375.17 659.24 488.52 697.42 613.02 808.06 588.48
00079889 00000362 611.76 113.76 434.20 621.79 649.86 402.79 788.13 375.28 658.09 488.29 697.31 611.09 807.67 587.65
00079890 00000363 610.95 113.25 434.05 624.53 650.11 402.78 786.81 375.30 657.03 488.06 697.78 610.72 807.42 587.24
00079891 00000364 611.35 111.68 433.61 626.60 650.60 402.57 786.93 375.49 657.97 488.41 698.35 610.54 807.92 587.35
00079892 00000365 610.27 113.19 434.16 625.82 650.21 403.44 787.24 375.83 658.02 488.33 697.77 611.43 807.26 587.84
00079893 00000366 611.66 111.27 435.43 629.24 651.35 403.08 788.59 374.11 658.80 486.51 699.65 611.72 808.89 587.11
00079894 00000367 618.94 112.44 428.68 630.67 655.82 399.30 789.59 373.47 660.10 486.21 703.49 610.86 809.76 588.91
00079895 00000368 623.30 110.76 424.03 634.54 659.90 400.90 789.53 372.20 660.44 484.15 707.90 610.74 813.12 586.41
00079896 00000369 621.12 108.87 429.58 634.75 659.33 399.78 795.39 368.37 667.44 484.61 710.85 610.70 819.75 584.26
00079897 00000370 622.70 105.28 431.56 631.51 662.53 402.94 800.77 367.65 677.56 486.17 716.36 609.22 827.90 579.78
00079898 00000371 622.25 115.24 433.20 617.79 665.10 404.19 815.85 372.39 688.00 482.91 710.66 600.82 835.27 573.69
00079899 00000372 623.57 105.68 434.76 622.35 664.30 406.91 812.88 368.71 695.03 491.27 718.32 604.69 841.03 573.19
00079900 00000373 626.86 117.03 433.88 607.31 669.89 409.83 830.66 367.00 709.15 483.58 721.01 610.19 847.89 573.72
00079901 00000374 627.40 118.58 438.09 602.04 672.80 404.79 840.06 364.46 717.92 482.55 724.89 608.19 854.53 573.93
00079902 00000375 631.18 117.50 438.40 604.75 678.05 402.97 845.48 365.75 724.61 485.75 729.35 606.31 861.49 574.44
00079903 00000376 631.18 116.82 442.81 604.95 683.25 398.60 851.45 366.16 732.27 485.76 733.60 602.19 864.51 574.50
00079904 00000377 632.07 119.68 446.17 602.55 686.03 398.78 857.10 366.74 737.62 484.71 736.69 602.91 868.42 575.67
00079905 00000378 632.12 120.09 448.67 603.83 688.88 397.39 861.61 367.06 742.37 484.36 739.29 602.12 871.71 576.42
00079906 00000379 632.46 121.50 448.08 603.03 690.12 396.03 865.10 366.84 745.68 485.78 740.79 602.84 874.13 578.09
00079907 00000380 632.14 120.40 449.09 605.69 690.06 396.46 865.44 367.03 746.32 485.47 741.20 603.55 874.68 578.59
00079908 00000381 631.52 119.54 450.72 609.80 690.87 395.63 866.32 366.55 746.83 484.16 741.39 603.80 874.11 579.20
00079909 00000382 630.89 115.92 452.77 617.05 691.56 396.15 866.96 365.70 747.46 483.41 742.23 604.76 875.39 579.08
00079910 00000383 631.13 117.76 451.78 615.86 691.44 397.11 866.89 364.92 747.75 483.57 743.29 606.38 875.48 579.47
00079911 00000384 631.62 116.06 451.45 618.14 693.06 397.50 867.38 365.12 749.22 483.22 745.03 606.40 876.03 579.34
00079912 00000385 632.43 116.16 451.84 616.70 693.31 397.86 868.07 365.92 749.60 483.31 744.49 605.75 876.62 579.08
00079913 00000386 632.57 114.79 453.26 614.74 692.73 396.90 867.95 365.55 749.86 483.37 744.63 604.20 876.89 577.90
00079914 00000387 633.97 114.99 451.25 611.04 692.77 395.85 868.02 365.47 749.76 484.12 744.35 602.75 876.75 577.22
00079915 00000388 633.97 115.75 450.27 607.58 691.46 395.63 866.66 365.75 748.26 485.15 742.55 601.13 876.05 575.91
00079916 00000389 634.40 117.09 449.74 607.20 691.74 395.27 866.05 365.42 747.19 483.85 742.13 600.61 875.10 575.40
00079917 00000390 633.86 115.88 450.77 608.96 690.85 395.67 866.15 365.49 746.46 483.57 740.84 601.00 874.58 575.52
00079918 00000391 633.55 116.65 450.83 608.52 689.96 395.97 864.65 365.83 744.98 483.90 739.23 601.15 872.87 575.74
00079919 00000392 632.90 114.92 451.42 611.06 689.44 395.36 864.22 365.03 744.81 484.33 739.55 601.39 872.95 575.83
00079920 00000393 632.95 113.99 450.51 610.72 690.09 394.30 864.28 363.55 744.78 482.57 740.33 600.74 872.91 574.72
00079921 00000394 632.80 114.62 450.45 611.06 690.62 394.63 864.78 364.09 745.35 482.56 740.69 600.87 873.76 575.05
00079922 00000395 632.62 114.53 450.27 611.53 689.92 395.63 864.68 365.36 744.35 483.85 739.70 601.76 873.76 576.17
00079923 00000396 633.03 116.90 449.26 607.98 690.29 395.12 864.56 365.17 745.35 483.79 740.36 601.25 873.15 575.93
00079924 00000397 632.99 114.90 449.85 610.65 689.78 394.71 863.67 364.59 744.48 483.75 739.91 601.09 872.95 575.65
00079925 00000398 632.99 114.89 449.87 610.59 690.33 395.00 864.59 365.72 744.93 483.80 739.94 601.34 872.36 576.63
00079926 00000399 633.81 115.40 449.37 610.23 691.01 395.12 864.65 365.09 745.23 483.00 740.41 600.66 872.75 575.39
00079927 00000400 633.59 113.04 449.41 612.45 692.32 395.04 865.23 365.73 746.87 482.40 741.36 599.71 872.83 574.95
00079928 00000401 633.36 112.62 449.62 612.16 692.54 394.98 865.64 365.77 747.67 482.53 741.72 599.19 873.34 574.53
00079929 00000402 633.42 114.68 449.72 610.41 692.28 395.85 866.41 366.23 747.80 482.62 741.65 600.79 872.98 575.91
00079930 00000403 634.39 111.52 448.54 613.51 693.36 395.12 866.39 366.20 747.90 482.28 742.21 599.88 873.65 575.41
00079931 00000404 634.27 112.21 449.44 613.05 692.64 395.50 866.23 365.94 748.38 483.10 742.74 600.93 874.43 576.00
00079932 00000405 634.05 112.31 449.57 613.37 693.05 396.24 867.24 366.21 749.17 483.19 743.68 602.43 876.17 577.03
00079933 00000406 634.02 114.77 450.31 611.17 693.89 397.07 868.15 367.62 750.25 483.17 743.92 602.32 876.92 577.48
00079934 00000407 634.81 116.64 450.38 609.64 694.51 397.77 868.24 367.66 750.37 481.87 744.87 603.00 876.03 577.77
00079935 00000408 634.53 116.96 450.17 609.18 694.50 397.32 868.88 367.67 751.03 482.71 744.67 602.57 877.02 577.67
00079936 00000409 634.86 117.04 449.90 608.89 694.55 397.09 868.42 367.12 750.51 482.20 745.26 602.25 877.07 577.06
00079937 00000410 634.40 115.19 449.81 611.20 694.41 397.14 868.12 366.33 750.50 481.77 745.63 602.68 877.00 576.75
00079938 00000411 634.36 115.26 450.67 611.01 694.75 396.15 867.99 366.37 750.74 481.77 745.93 602.10 876.75 577.01
00079939 00000412 634.06 115.91 450.13 613.09 695.47 397.47 868.79 367.14 750.27 480.96 745.55 603.18 876.37 577.75
00079940 00000413 633.77 115.72 450.01 617.48 696.01 397.58 868.59 365.59 749.80 480.12 745.93 604.55 876.50 577.83
00079941 00000414 634.09 116.40 449.53 622.04 697.29 397.23 867.84 363.92 749.41 478.55 749.29 607.40 876.46 579.65
00079942 00000415 633.75 115.04 449.30 628.55 698.63 395.76 867.89 362.46 748.73 477.85 750.53 607.48 878.08 579.71
00079943 00000416 634.79 116.20 448.84 632.93 699.03 395.92 867.98 361.35 747.45 477.03 750.61 610.04 879.14 581.22
00079944 00000417 635.35 117.19 448.81 634.33 699.22 396.77 866.94 360.42 745.35 475.61 751.45 611.77 878.97 581.41
00079945 00000418 636.92 115.10 445.52 638.90 698.81 400.27 861.86 361.46 740.97 475.01 752.07 614.63 879.03 581.86
00079946 00000419 632.01 117.17 449.96 633.11 694.76 400.84 863.55 360.96 744.39 478.08 751.53 615.94 882.32 582.13
00079947 00000420 633.34 112.53 448.59 627.10 691.27 402.14 860.33 363.28 743.16 481.15 746.53 609.26 880.42 576.10
00079948 00000421 633.72 112.79 447.15 621.94 691.91 399.08 860.29 366.08 741.26 480.67 740.42 601.98 875.63 573.58
00079949 00000422 633.30 114.09 447.22 620.05 691.50 399.00 859.62 368.50 739.88 481.20 738.19 602.88 868.87 576.86
00079950 00000423 633.29 116.17 444.78 619.50 690.38 399.26 858.95 370.66 737.70 484.65 735.36 603.32 866.31 579.01
00079951 00000424 633.50 118.27 443.51 618.06 689.83 398.38 858.42 371.68 733.85 485.72 732.41 606.23 859.68 583.78
00079952 00000425 633.15 119.43 441.19 617.51 688.43 400.23 857.40 373.51 731.93 487.14 729.14 610.47 853.94 588.30
00079953 00000426 632.78 119.80 441.20 614.73 685.97 403.03 855.76 375.21 730.51 488.77 727.58 610.90 853.59 587.71
00079954 00000427 633.95 118.52 439.19 613.92 687.74 400.64 855.40 375.29 731.00 488.05 727.89 606.03 853.39 584.80
00079955 00000428 635.08 122.47 439.46 609.22 687.71 399.22 855.23 373.55 730.00 486.89 728.46 605.37 853.60 583.88
00079956 00000429 634.73 122.72 439.18 609.86 687.87 400.58 855.87 375.15 730.43 488.18 728.15 606.37 854.34 584.96
00079957 00000430 635.07 123.60 439.90 608.89 686.66 400.30 856.04 374.71 729.49 488.25 727.05 605.91 855.29 584.32
00079958 00000431 635.13 124.16 438.82 606.79 686.92 399.51 855.32 373.90 729.09 487.37 727.39 605.03 854.61 583.50
00079959 00000432 635.03 124.69 438.82 606.79 686.89 399.55 855.72 373.38 729.80 486.93 728.32 606.68 853.60 584.85
00079960 00000433 634.40 122.24 439.18 610.67 685.11 400.71 854.40 372.61 728.01 487.14 727.28 609.84 851.66 586.47
00079961 00000434 633.72 122.93 440.12 612.21 685.12 401.01 854.99 372.13 728.38 486.44 727.19 611.83 851.12 588.02
00079962 00000435 634.41 123.27 440.34 613.94 686.07 400.48 855.58 371.40 727.79 484.97 728.19 612.73 851.77 588.67
00079963 00000436 634.21 123.98 439.76 617.19 686.33 400.05 855.27 370.72 727.37 484.74 727.53 613.89 851.66 589.59
00079964 00000437 633.44 122.71 440.25 622.46 686.84 400.37 855.73 369.21 727.69 483.74 729.67 616.01 854.02 590.16
00079965 00000438 633.69 124.19 439.85 626.30 688.73 400.19 856.22 366.43 729.80 483.23 734.48 618.04 858.48 589.89
00079966 00000439 634.56 122.98 440.55 629.26 688.41 402.18 855.59 367.11 728.64 483.58 734.83 618.94 860.93 589.60
00079967 00000440 634.63 122.74 440.05 629.01 688.42 401.84 855.68 367.84 727.90 484.50 733.52 616.38 862.62 587.76
00079968 00000441 634.94 120.85 439.45 622.79 687.16 401.20 856.60 368.83 728.72 487.50 731.53 612.25 866.04 584.56
00079969 00000442 635.52 120.47 438.57 612.94 686.02 401.65 855.08 371.20 728.87 489.25 730.28 606.35 865.82 579.99
00079970 00000443 635.92 120.46 439.25 605.65 685.85 400.05 853.77 375.10 729.03 490.36 727.54 599.68 861.87 578.12
00079971 00000444 635.58 121.63 437.67 604.83 686.73 396.80 854.16 372.88 730.44 488.81 727.52 598.05 859.09 577.60
00079972 00000445 634.48 121.36 437.67 605.33 685.93 397.58 854.99 373.41 730.46 488.52 725.73 599.76 857.01 579.26
00079973 00000446 634.84 120.48 438.70 606.86 684.37 400.64 854.64 374.30 728.03 488.64 724.81 604.31 854.26 582.25
00079974 00000447 634.72 122.72 438.99 606.17 684.48 401.25 853.27 374.84 727.43 488.40 725.73 605.68 853.20 583.60
00079975 00000448 632.97 121.87 439.94 612.16 684.72 397.81 854.47 370.84 727.58 485.59 726.05 607.79 850.47 585.48
00079976 00000449 632.77 123.02 439.10 616.41 687.83 398.01 856.32 368.34 729.98 482.11 730.75 614.25 848.70 590.04
00079977 00000450 633.31 121.43 440.37 620.32 688.76 398.62 856.57 369.32 730.33 482.60 732.02 615.84 849.56 591.83
00079978 00000451 634.39 120.32 439.53 619.04 689.22 397.35 856.62 368.99 730.77 482.36 732.28 612.59 851.82 589.14
00079979 00000452 633.99 120.08 440.56 619.73 688.14 396.74 856.36 367.81 730.42 483.93 731.74 610.12 855.91 586.03
00079980 00000453 634.65 119.25 439.68 615.48 687.64 396.10 855.57 367.30 731.12 484.44 732.29 606.54 858.09 582.34
00079981 00000454 635.64 121.60 440.21 609.57 686.71 395.50 855.51 367.97 730.13 485.71 730.11 602.66 861.67 579.13
00079982 00000455 634.76 120.48 443.06 606.39 686.67 394.18 855.97 368.81 731.52 487.04 730.88 598.72 863.24 576.99
00079983 00000456 635.78 122.11 441.20 603.77 687.10 395.76 856.39 370.53 731.94 487.38 730.75 599.53 862.91 577.94
00079984 00000457 635.71 121.44 441.10 604.14 687.28 395.88 856.45 370.69 732.69 487.84 731.53 600.13 863.07 578.57
00079985 00000458 635.83 121.21 441.33 604.76 687.10 396.90 855.62 370.47 731.63 486.91 731.58 600.60 862.56 578.08
00079986 00000459 635.06 121.46 443.08 606.36 686.79 396.17 857.02 369.40 732.11 486.71 732.01 602.75 862.46 580.06
00079987 00000460 634.90 119.76 442.24 607.06 686.98 396.97 856.18 369.22 732.45 485.39 732.49 602.71 861.80 579.21
00079988 00000461 634.86 120.65 441.91 605.24 687.30 395.28 857.79 368.34 733.34 484.64 732.30 601.22 862.33 578.45
00079989 00000462 634.92 122.18 442.43 604.41 686.79 394.92 857.35 369.32 732.56 486.65 731.30 600.19 863.51 578.35
00079990 00000463 635.15 123.44 441.50 601.04 687.93 394.54 857.16 370.52 733.64 486.74 731.24 596.50 863.71 575.92
00079991 00000464 635.76 122.44 440.89 598.73 688.29 394.48 857.26 371.89 734.45 486.74 730.21 596.36 859.48 577.30
00079992 00000465 635.68 120.36 441.98 598.17 686.42 394.87 858.29 370.65 734.16 486.53 729.28 598.35 858.40 578.28
00079993 00000466 635.56 119.11 441.93 601.09 686.53 396.06 858.62 369.92 734.07 485.03 730.75 601.58 857.02 580.08
00079994 00000467 637.28 120.19 441.07 603.32 687.26 396.10 858.25 369.12 733.00 484.38 732.79 604.34 857.41 582.00
00079995 00000468 636.62 119.82 441.15 603.02 687.17 396.15 856.97 369.38 732.20 484.16 732.50 603.40 856.17 581.18
00079996 00000469 636.42 120.31 441.03 603.35 688.10 395.41 857.01 369.48 733.04 484.06 733.71 602.67 856.82 581.08
00079997 00000470 636.72 122.52 439.91 604.68 688.74 395.92 856.53 368.75 733.04 483.22 734.40 604.55 855.94 581.88
00079998 00000471 636.10 121.86 442.24 605.11 688.04 394.80 857.52 368.57 733.08 483.44 733.99 604.63 856.21 582.81
00079999 00000472 636.96 120.79 443.69 605.22 687.29 396.67 858.46 369.30 732.85 484.88 733.89 606.32 859.05 583.43
00080000 00000473 636.66 118.96 444.03 605.22 686.93 396.78 858.53 369.71 733.24 485.40 733.10 605.84 857.85 583.45
00080001 00000474 637.26 120.77 442.82 605.04 687.48 396.99 860.12 370.74 733.13 485.36 732.09 607.56 855.93 585.91
00080002 00000475 635.84 120.24 443.13 604.27 687.47 396.49 860.08 370.30 733.54 484.43 732.03 607.09 854.57 585.61
00080003 00000476 635.16 120.50 442.16 602.27 688.10 396.12 858.79 369.73 733.96 483.49 733.82 605.96 853.49 584.27
00080004 00000477 634.77 121.73 442.60 601.50 688.02 395.90 858.87 369.70 733.99 482.75 733.87 605.44 853.53 583.92
00080005 00000478 635.50 122.42 440.85 601.78 688.52 394.72 858.24 368.62 734.25 481.50 734.13 604.11 853.65 582.58
00080006 00000479 635.92 117.92 442.06 613.71 688.68 394.48 857.26 364.25 731.66 477.73 735.28 606.17 857.53 581.04
00080007 00000480 639.04 119.51 441.92 618.95 690.72 393.30 853.99 362.42 728.46 481.32 738.00 601.88 861.48 576.29
00080008 00000481 633.77 136.52 437.03 611.31 684.45 397.02 860.74 362.82 727.73 482.96 734.37 612.38 881.04 581.81
00080009 00000482 632.55 135.53 438.99 616.28 682.85 393.59 859.68 357.78 725.25 479.47 735.37 612.27 883.19 580.17
00080010 00000483 632.14 136.36 441.45 616.41 681.04 391.47 859.40 352.39 718.11 475.76 734.30 616.46 883.88 581.54
00080011 00000484 630.58 112.53 443.99 649.91 680.96 393.02 856.48 351.33 713.18 475.79 737.70 623.02 885.34 585.43
00080012 00000485 630.31 118.38 440.82 648.82 678.99 392.17 848.08 349.15 705.90 476.91 738.47 623.98 884.17 584.80
00080013 00000486 624.64 113.02 445.71 662.47 674.51 393.60 842.34 348.74 699.98 476.33 735.31 628.06 878.98 587.33
00080014 00000487 622.27 102.97 438.33 675.09 671.73 400.71 828.02 352.33 688.22 481.86 736.39 630.65 873.80 586.14
00080015 00000488 619.60 97.28 435.33 678.47 670.55 399.02 824.15 356.46 684.30 482.23 730.97 628.42 863.71 589.40
00080016 00000489 621.21 86.16 435.03 700.17 666.30 390.31 818.84 350.54 687.54 483.12 722.85 623.75 855.55 590.17
00080017 00000490 621.24 100.38 428.58 678.54 667.56 392.76 811.41 358.09 674.94 475.03 723.44 618.30 847.03 588.69
00080018 00000491 611.79 102.98 437.56 665.25 658.18 388.94 812.90 362.17 676.31 474.64 701.93 612.84 827.20 590.64
00080019 00000492 615.78 106.52 432.48 636.68 650.43 388.88 802.06 377.06 661.68 480.68 678.10 600.93 798.25 591.24
00080020 00000493 613.14 109.93 428.36 627.13 653.46 394.04 799.51 381.50 665.75 480.91 676.19 592.47 793.25 580.52
00080021 00000494 615.55 104.65 419.48 632.45 651.16 391.36 794.82 385.16 658.53 484.35 670.24 595.02 782.95 588.46
00080022 00000495 614.44 102.90 411.36 638.00 647.66 390.47 790.95 392.01 653.95 491.71 662.90 600.47 771.32 600.58
00080023 00000496 604.74 119.34 418.61 617.76 628.46 381.31 793.49 385.90 635.99 500.50 652.83 609.16 769.01 614.36
00080024 00000497 602.34 116.16 414.58 631.78 635.63 396.55 778.38 396.13 642.83 504.09 657.39 605.43 771.20 603.45
00080025 00000498 593.51 115.74 423.89 635.83 627.59 398.60 783.76 394.64 640.76 505.21 647.91 612.15 771.90 609.35
00080026 00000499 588.56 128.78 425.46 624.97 623.42 403.36 775.78 396.51 640.17 504.26 644.57 614.47 761.50 609.97
00080027 00000500 584.79 134.56 426.47 621.54 617.88 405.33 770.25 397.33 632.68 505.87 639.03 615.88 753.66 610.21
00080028 00000501 582.68 124.68 422.54 636.14 615.78 407.97 762.16 402.20 628.17 509.72 634.37 617.54 747.70 613.72
00080029 00000502 583.04 130.25 421.36 634.08 614.17 412.70 756.37 408.49 622.86 515.96 633.32 619.31 746.59 616.40
00080030 00000503 583.05 139.32 419.85 627.63 613.89 412.86 754.66 414.85 618.96 521.26 633.11 619.51 744.04 621.45
00080031 00000504 582.29 150.60 418.86 613.77 613.22 413.32 754.29 418.18 617.09 522.82 630.32 620.89 740.04 625.15
00080032 00000505 582.88 148.43 415.15 617.96 613.99 416.11 753.33 422.26 618.41 526.46 629.06 623.64 737.20 629.31
00080033 00000506 583.44 153.93 415.39 612.13 612.55 416.50 752.17 424.67 616.47 529.17 626.05 626.24 733.62 633.32
00080034 00000507 584.31 152.96 413.93 615.13 613.18 417.50 752.95 425.53 617.54 530.80 627.39 627.16 736.60 634.09
00080035 00000508 585.22 158.81 415.50 609.63 614.84 415.39 755.76 426.69 619.70 531.77 629.01 626.68 738.54 635.96
00080036 00000509 586.24 156.85 417.97 610.78 615.90 414.81 758.29 427.51 619.87 531.61 630.10 622.77 744.26 632.99
00080037 00000510 585.80 162.76 421.54 601.43 615.84 414.27 761.27 429.01 621.48 533.49 632.03 620.35 750.24 631.69
00080038 00000511 584.52 158.69 421.58 604.39 614.72 414.80 759.86 429.87 621.27 534.88 631.55 619.34 750.93 630.91
00080039 00000512 582.40 152.15 422.49 614.07 614.70 417.32 759.08 430.26 621.09 533.90 632.67 618.87 753.02 628.85
00080040 00000513 581.72 153.16 424.63 620.28 613.43 419.80 757.52 430.99 618.61 535.47 634.22 623.31 754.02 631.63
00080041 00000514 578.43 160.75 424.35 617.68 610.81 422.52 755.06 431.47 615.63 538.11 632.97 627.92 752.50 634.51
00080042 00000515 578.94 149.49 420.52 628.59 609.32 427.22 751.82 434.01 615.57 541.70 632.20 631.49 754.40 636.16
00080043 00000516 577.42 145.53 416.28 634.24 607.11 430.98 747.82 434.46 615.20 543.41 629.55 636.40 749.84 638.85
00080044 00000517 569.85 155.49 424.41 625.30 599.69 434.09 755.33 431.87 607.21 539.84 625.61 641.56 756.46 637.50
00080045 00000518 569.28 157.34 422.63 623.24 599.79 434.52 753.86 432.83 606.43 540.36 624.54 641.87 753.72 638.36
00080046 00000519 567.99 157.57 422.92 624.39 598.79 435.23 752.52 434.23 603.84 541.27 622.56 642.05 752.55 639.07
00080047 00000520 571.00 154.26 412.38 626.26 600.30 433.18 741.11 441.32 604.92 548.10 618.76 637.10 739.70 643.50
00080048 00000521 571.48 157.12 413.07 630.09 600.94 434.30 740.37 442.33 602.12 548.49 621.28 640.10 738.63 646.43
00080049 00000522 569.14 161.63 416.47 636.98 602.16 437.05 741.55 439.92 602.88 549.39 628.63 647.88 744.79 649.94
00080050 00000523 570.75 160.24 419.25 655.34 602.89 438.36 740.45 435.12 599.01 551.15 639.54 656.12 755.79 652.65
00080051 00000524 563.74 163.23 426.83 653.44 597.74 440.01 746.79 429.61 599.71 550.69 635.05 663.49 760.22 654.49
00080052 00000525 569.27 166.99 417.08 636.99 598.07 440.55 738.19 437.95 599.01 551.61 630.30 655.99 745.26 653.26
00080053 00000526 565.26 163.90 413.19 627.07 593.13 439.02 737.98 440.53 599.87 554.49 620.39 653.28 738.17 654.35
00080054 00000527 565.48 160.92 413.06 626.07 592.77 436.37 737.27 439.72 600.56 553.71 618.84 650.55 735.89 653.11
00080055 00000528 566.61 164.14 413.16 620.14 593.28 436.03 738.30 441.89 600.06 555.21 617.24 651.60 732.46 656.12
00080056 00000529 566.04 163.46 412.01 626.07 593.13 437.60 738.28 442.63 600.15 555.55 617.71 652.31 732.54 656.32
00080057 00000530 568.60 162.85 412.30 631.13 596.03 438.94 736.89 440.56 599.33 553.71 625.93 653.09 737.99 654.10
00080058 00000531 568.04 166.00 416.39 639.64 598.78 440.55 736.18 439.23 598.57 552.16 630.98 655.23 743.24 653.76
00080059 00000532 569.10 169.47 418.49 646.32 600.52 440.83 736.26 437.18 598.16 554.72 640.33 658.63 753.39 654.79
00080060 00000533 569.12 176.50 421.37 639.17 600.37 445.03 735.84 438.51 597.73 557.28 642.70 660.72 756.06 654.12
00080061 00000534 562.50 169.87 425.20 636.42 595.41 442.30 745.69 435.30 598.57 551.32 628.35 656.80 756.08 650.14
00080062 00000535 562.63 169.98 425.04 631.22 594.98 442.80 745.18 436.73 598.21 550.63 627.00 654.63 753.05 648.65
00080063 00000536 561.80 171.24 424.91 628.04 594.22 443.96 744.99 436.26 597.90 550.72 626.49 655.26 752.78 648.01
00080064 00000537 562.26 167.15 423.38 633.51 593.45 442.58 743.21 436.09 595.97 551.07 625.80 655.74 751.43 649.28
00080065 00000538 562.03 166.99 424.10 634.12 593.91 441.02 743.86 435.06 595.96 550.66 626.23 654.69 752.67 648.62
00080066 00000539 568.41 168.69 415.70 627.32 598.27 438.34 736.81 439.14 599.45 554.55 632.20 650.28 748.68 650.20
00080067 00000540 569.07 167.40 413.64 623.60 598.01 437.81 736.52 440.39 600.40 554.37 629.59 647.86 745.86 649.48
00080068 00000541 564.07 168.62 421.74 619.77 593.84 443.38 742.41 434.45 598.66 546.36 628.03 651.70 749.45 643.12
00080069 00000542 566.86 162.74 419.27 622.66 595.13 443.57 742.62 437.51 598.25 546.70 626.30 650.56 747.26 643.91
00080070 00000543 565.17 160.61 421.38 625.41 594.45 443.89 743.76 434.80 599.29 543.28 624.02 650.61 746.34 641.54
00080071 00000544 565.26 157.02 423.93 630.11 594.92 440.29 746.48 434.80 600.14 542.91 623.81 650.18 747.25 643.96
00080072 00000545 567.18 156.87 421.71 638.74 597.61 440.78 746.51 434.03 600.57 542.16 626.04 651.88 749.56 645.20
00080073 00000546 569.95 159.83 418.87 644.69 602.19 441.33 738.89 438.37 605.09 548.15 632.39 655.13 741.15 653.06
00080074 00000547 571.86 159.98 417.38 642.32 601.80 439.47 738.39 439.44 604.38 549.24 628.81 654.01 734.70 654.48
00080075 00000548 572.51 159.97 414.83 636.37 600.42 439.32 737.45 439.28 603.74 549.76 627.43 656.95 730.51 657.35
00080076 00000549 571.67 153.96 413.75 637.69 598.45 434.21 736.74 436.44 603.02 548.02 623.93 653.31 729.53 655.61
00080077 00000550 572.22 153.26 414.19 635.17 597.83 433.52 736.30 436.59 602.73 549.64 622.63 650.72 730.99 653.58
00080078 00000551 571.45 155.05 415.06 631.36 597.41 432.62 735.41 437.68 601.66 549.07 619.44 646.99 727.83 651.59
00080079 00000552 565.83 154.12 422.47 634.46 596.42 437.14 745.35 433.02 599.00 540.44 618.82 649.17 739.63 644.28
00080080 00000553 565.63 153.44 421.67 634.63 596.40 437.81 743.84 434.55 597.88 540.97 617.94 649.05 736.84 644.82
00080081 00000554 565.89 158.95 422.09 629.47 596.95 438.37 744.01 436.05 597.61 540.92 616.08 648.07 734.49 644.72
00080082 00000555 565.71 162.67 421.74 628.01 597.29 440.52 743.75 436.77 597.93 541.14 615.39 650.86 731.63 646.63
00080083 00000556 571.20 162.77 413.75 634.00 596.47 435.35 734.53 441.96 600.16 550.05 616.12 651.93 718.62 657.73
00080084 00000557 570.58 160.95 414.00 645.76 598.99 439.84 733.99 441.42 603.30 550.01 621.91 662.15 716.56 663.88
00080085 00000558 572.45 157.55 411.18 649.59 599.08 441.03 732.66 440.68 602.68 549.57 623.59 663.89 717.25 664.07
00080086 00000559 571.89 162.42 411.22 642.54 598.42 440.20 732.71 441.37 601.74 549.93 621.19 662.51 714.87 663.81
00080087 00000560 571.31 152.92 412.58 648.60 597.74 437.65 730.29 439.00 599.74 548.61 624.60 654.76 724.34 656.18
00080088 00000561 570.13 145.14 414.61 653.25 596.13 437.42 730.41 435.92 598.81 549.00 625.62 652.32 733.42 651.13
00080089 00000562 568.67 146.95 415.80 648.81 595.47 438.07 731.45 436.46 599.64 549.00 624.91 652.41 735.42 651.18
00080090 00000563 567.74 151.18 416.38 642.90 594.25 439.26 731.14 436.86 598.57 550.50 625.54 653.85 737.14 651.82
00080091 00000564 567.64 157.14 414.00 630.95 591.81 437.75 731.41 436.37 597.13 551.15 620.60 655.51 730.55 654.30
00080092 00000565 566.86 157.59 414.01 629.42 591.07 439.91 731.74 437.66 597.60 551.91 618.67 658.07 727.74 656.36
00080093 00000566 566.62 160.33 413.95 624.14 590.47 438.33 732.52 438.36 598.32 552.04 615.99 656.63 723.79 657.05
00080094 00000567 567.47 157.69 413.75 632.71 591.22 437.62 731.56 438.48 597.46 550.38 616.27 656.70 721.44 657.84
00080095 00000568 569.04 158.14 411.12 633.81 591.18 437.30 730.31 438.27 595.57 550.07 616.47 657.63 719.10 658.73
00080096 00000569 568.46 159.34 411.57 629.78 590.94 438.63 732.26 438.63 597.00 551.57 616.81 657.39 722.77 657.56
00080097 00000570 567.51 159.38 413.24 629.30 591.26 437.27 732.59 437.93 597.61 551.70 616.57 654.66 724.82 655.34
00080098 00000571 570.34 152.00 412.14 635.96 592.85 436.11 731.38 438.24 597.47 550.71 617.15 651.97 725.30 653.82
00080099 00000572 571.21 153.11 412.95 634.35 593.44 436.33 732.93 437.86 600.03 549.84 617.44 652.86 723.11 654.49
00080100 00000573 571.72 154.32 413.25 633.59 594.15 438.11 733.00 438.07 601.19 549.73 618.22 655.52 722.87 656.00
00080101 00000574 571.90 150.31 413.55 637.12 593.83 436.46 731.89 436.51 600.82 549.89 618.83 655.76 722.84 656.39
00080102 00000575 570.88 147.05 415.20 640.92 594.65 433.90 733.37 434.22 601.54 550.17 620.62 654.98 726.83 655.74
00080103 00000576 571.50 150.39 415.11 634.17 595.51 433.81 734.16 434.36 601.95 550.52 622.70 653.20 731.51 653.80
00080104 00000577 571.89 151.65 415.78 630.69 596.26 434.51 734.70 434.66 603.75 550.82 623.68 652.20 732.90 652.45
00080105 00000578 572.68 150.01 415.24 632.24 597.78 433.97 734.80 434.41 604.48 549.78 624.81 651.58 733.16 651.97
00080106 00000579 574.30 153.00 412.29 630.65 599.05 435.98 734.32 434.74 604.39 549.88 626.94 655.50 731.82 654.58
00080107 00000580 574.56 152.24 416.29 640.38 600.67 437.96 735.65 435.86 604.91 549.77 631.19 656.68 735.13 655.15
00080108 00000581 574.27 151.46 415.89 640.92 600.53 438.42 733.63 435.35 604.26 550.64 632.62 656.51 734.74 654.11
00080109 00000582 572.95 148.37 413.67 642.13 600.99 434.85 732.99 433.18 604.11 549.12 631.40 654.17 735.43 652.85
00080110 00000583 572.42 150.39 415.09 640.18 601.29 433.12 733.20 431.23 603.14 548.06 630.80 653.19 734.87 651.69
00080111 00000584 572.36 152.73 415.77 639.26 601.04 433.99 733.38 431.75 602.55 548.65 631.06 653.59 735.63 651.80
00080112 00000585 571.70 150.29 414.45 642.23 600.99 433.81 733.17 431.96 603.06 548.83 630.99 653.47 736.26 651.97
00080113 00000586 571.57 149.43 415.05 644.89 600.85 432.46 733.73 431.50 603.39 548.24 629.85 652.64 734.10 651.95
00080114 00000587 571.94 152.00 413.45 642.89 600.71 433.69 733.34 432.07 603.84 547.40 629.90 653.74 732.96 652.61
00080115 00000588 572.15 150.56 414.83 646.81 601.52 434.40 733.41 431.96 603.65 546.86 630.45 655.18 731.33 653.50
00080116 00000589 572.07 151.09 414.74 637.83 600.40 432.56 734.12 431.57 603.71 547.33 626.86 651.82 732.11 651.28
00080117 00000590 571.53 150.86 414.41 640.56 600.11 432.71 734.07 431.57 602.46 546.35 625.80 653.38 730.40 652.76
00080118 00000591 570.30 148.79 418.08 649.41 601.27 434.26 736.24 430.16 604.85 546.16 628.42 656.43 733.79 653.42
00080119 00000592 573.44 149.86 422.99 657.00 606.23 436.88 740.13 430.12 607.85 547.39 639.87 657.85 743.71 652.39
00080120 00000593 579.29 148.69 419.36 655.49 613.39 440.30 743.48 426.23 612.97 546.09 654.79 656.66 755.51 644.77
00080121 00000594 577.24 147.87 427.70 649.75 615.90 438.84 752.21 431.02 621.34 542.36 652.35 652.18 755.53 645.13
CROP_BBOX: 347 0 1370 962
