Video ID: 	PJS-ZXhPB6Y
H: 	2160
W: 	3840
FPS: 	23.976023976023978

FRAME INDEX X0 Y0 W H [Landmarks (5 Points)]

00043316 00000000 2050.41 269.42 582.21 847.23 2136.81 582.41 2398.76 585.43 2216.44 734.67 2153.83 886.55 2378.34 891.86
00043317 00000001 2049.19 258.77 576.67 857.32 2142.61 591.41 2406.86 595.21 2219.75 734.11 2144.32 889.16 2390.67 895.50
00043318 00000002 2043.94 256.14 582.19 856.12 2142.11 588.68 2406.84 592.84 2219.29 732.29 2141.39 879.29 2394.67 885.66
00043319 00000003 2039.77 263.33 586.15 837.40 2140.87 579.05 2404.91 581.86 2216.95 731.33 2138.93 872.15 2399.61 876.62
00043320 00000004 2037.78 266.42 584.49 822.65 2137.45 575.54 2401.07 576.31 2216.05 727.50 2134.00 864.85 2402.88 867.14
00043321 00000005 2033.58 263.35 587.52 817.38 2134.67 573.08 2400.57 572.42 2218.09 720.30 2129.50 858.57 2406.12 860.03
00043322 00000006 2030.60 262.38 590.76 832.26 2135.19 570.04 2400.90 569.90 2215.55 713.84 2126.94 854.50 2409.02 855.98
00043323 00000007 2030.40 273.31 589.55 864.15 2132.39 559.43 2389.04 555.67 2200.59 698.71 2134.88 860.39 2401.04 856.02
00043324 00000008 2027.26 265.60 591.59 871.94 2127.50 544.90 2389.35 538.20 2199.45 670.21 2137.73 862.12 2390.38 855.34
00043325 00000009 2029.68 236.32 588.23 872.76 2120.47 532.50 2395.21 525.00 2198.28 652.18 2123.62 842.71 2391.38 838.96
00043326 00000010 2022.42 242.31 599.21 822.05 2122.71 522.80 2384.95 510.54 2192.42 627.76 2125.76 822.32 2379.01 812.73
00043327 00000011 2021.26 233.22 601.49 798.91 2128.07 516.93 2386.82 503.44 2197.91 616.42 2119.97 803.20 2378.73 792.69
00043328 00000012 2022.16 211.62 600.65 794.27 2123.22 525.04 2395.48 506.37 2199.96 607.87 2117.87 790.70 2383.39 778.25
00043329 00000013 2020.71 213.34 601.49 774.61 2120.97 517.58 2393.15 494.60 2199.39 592.04 2117.48 783.86 2381.90 767.69
00043330 00000014 2023.74 211.62 599.62 760.77 2123.06 510.37 2393.11 478.72 2205.85 575.70 2122.39 775.37 2389.66 750.94
00043331 00000015 2025.68 209.23 599.88 751.31 2125.43 499.96 2396.00 462.82 2213.81 554.72 2135.15 765.42 2392.86 736.04
00043332 00000016 2025.75 219.49 599.79 737.62 2123.66 495.82 2395.56 451.22 2215.92 543.65 2138.44 757.10 2397.34 720.29
00043333 00000017 2020.07 221.70 598.81 731.62 2115.80 499.52 2389.03 449.20 2209.89 536.62 2135.53 756.99 2389.60 715.13
00043334 00000018 2010.12 226.07 597.26 728.93 2105.13 501.43 2383.41 458.76 2194.79 548.27 2128.84 756.38 2381.86 724.44
00043335 00000019 2001.27 221.58 600.96 759.32 2100.02 504.31 2378.00 458.86 2201.14 554.52 2130.28 775.92 2360.12 740.46
00043336 00000020 1987.90 244.80 612.59 791.14 2092.96 492.65 2372.60 455.52 2186.96 554.97 2123.00 795.68 2349.12 762.75
00043337 00000021 1987.14 261.45 608.19 799.10 2092.99 501.65 2372.07 469.02 2184.16 563.05 2118.77 806.93 2343.17 778.79
00043338 00000022 1990.69 259.29 607.27 803.05 2097.25 508.89 2378.87 476.68 2191.90 567.13 2126.92 810.18 2340.25 783.29
00043339 00000023 1997.71 261.39 607.31 784.96 2107.60 511.71 2382.73 478.48 2202.69 567.66 2139.20 806.21 2339.92 778.99
00043340 00000024 1999.68 244.92 609.33 767.12 2109.42 512.61 2383.02 478.91 2208.19 577.90 2139.93 786.00 2345.49 759.14
00043341 00000025 2007.64 244.51 604.88 759.34 2120.43 522.17 2394.18 487.00 2215.54 573.49 2150.46 783.67 2356.67 756.88
00043342 00000026 2006.49 246.37 612.48 767.87 2119.47 517.84 2395.95 484.52 2219.04 584.13 2149.31 794.47 2363.07 767.29
00043343 00000027 2005.15 259.54 619.20 759.34 2131.59 521.43 2397.74 497.74 2223.62 592.32 2160.95 798.06 2356.17 780.65
00043344 00000028 2009.15 258.19 618.19 762.19 2138.00 534.12 2396.40 514.71 2228.82 612.04 2162.92 805.03 2351.89 792.35
00043345 00000029 2015.27 257.21 617.31 769.38 2137.19 550.93 2400.70 533.80 2230.72 635.30 2157.71 815.05 2369.80 804.28
00043346 00000030 2018.48 257.94 610.55 772.90 2141.41 558.58 2407.86 544.82 2239.27 645.66 2158.18 828.00 2384.66 820.31
00043347 00000031 2021.84 250.33 607.95 785.12 2145.06 558.61 2415.86 548.66 2248.94 653.21 2160.20 835.56 2400.41 831.21
00043348 00000032 2024.51 245.21 609.88 795.61 2150.98 556.64 2425.67 549.67 2256.33 651.06 2159.61 837.66 2406.16 836.00
00043349 00000033 2024.86 246.71 612.34 794.43 2153.67 554.24 2430.38 546.84 2263.20 643.10 2163.08 833.71 2408.11 831.57
00043350 00000034 2023.33 243.47 611.58 797.50 2153.64 549.62 2429.32 542.76 2263.35 640.31 2162.99 826.61 2404.39 824.63
00043351 00000035 2021.19 240.43 616.36 792.41 2154.40 549.33 2429.24 539.44 2266.38 643.49 2169.25 819.54 2402.91 814.97
00043352 00000036 2021.75 240.50 617.88 801.33 2154.36 546.72 2430.82 538.52 2266.21 645.99 2169.60 815.30 2402.47 812.46
00043353 00000037 2026.28 243.73 612.26 796.35 2157.59 550.13 2434.33 541.49 2271.92 648.48 2175.38 825.28 2412.21 821.69
00043354 00000038 2028.33 244.84 608.84 803.00 2158.13 551.88 2439.24 545.44 2274.19 648.99 2169.14 831.62 2419.96 829.69
00043355 00000039 2027.79 244.42 609.75 803.82 2158.25 554.23 2439.90 548.17 2274.31 648.27 2166.50 836.56 2421.45 835.26
00043356 00000040 2027.43 241.64 610.18 804.76 2159.17 552.32 2440.00 547.73 2273.39 647.78 2164.69 832.82 2422.45 832.52
00043357 00000041 2026.30 241.96 612.58 804.42 2158.60 551.61 2440.83 548.68 2272.99 650.02 2166.48 831.86 2415.82 833.28
00043358 00000042 2023.83 243.52 616.03 809.13 2158.62 555.99 2438.81 557.02 2271.02 657.47 2173.10 832.94 2402.76 838.34
00043359 00000043 2025.52 264.12 606.57 812.77 2155.96 568.66 2433.26 571.22 2264.82 665.03 2176.34 850.27 2390.99 857.06
00043360 00000044 2018.63 271.12 615.04 835.55 2156.26 576.88 2427.54 574.63 2259.59 675.01 2178.44 862.60 2385.38 863.15
00043361 00000045 2015.92 283.80 617.53 839.86 2149.94 573.31 2421.45 573.39 2250.55 686.93 2172.02 871.88 2379.12 874.98
00043362 00000046 2013.80 292.49 616.39 847.07 2140.18 574.32 2421.09 574.84 2243.88 692.55 2167.21 888.08 2380.41 891.59
00043363 00000047 2011.23 291.77 616.11 881.15 2130.86 577.55 2419.10 581.82 2233.72 716.43 2157.58 906.57 2391.62 911.32
00043364 00000048 2004.62 297.30 623.19 886.21 2129.24 591.55 2420.89 593.97 2235.80 728.52 2148.33 918.38 2397.49 919.93
00043365 00000049 2008.02 308.27 620.35 881.67 2128.44 603.73 2417.18 605.85 2231.33 744.66 2141.50 924.36 2397.15 926.35
00043366 00000050 2008.72 305.55 617.51 879.01 2120.48 615.91 2411.75 619.19 2226.76 765.90 2130.89 932.61 2389.20 936.40
00043367 00000051 2011.04 304.39 614.40 883.69 2128.19 628.18 2414.95 634.84 2220.40 774.01 2132.43 936.12 2388.41 943.71
00043368 00000052 2010.37 301.88 615.53 869.83 2125.36 625.19 2412.38 631.28 2218.83 776.58 2132.71 937.45 2382.15 944.60
00043369 00000053 2007.76 295.67 617.30 859.37 2123.03 622.31 2413.31 627.70 2216.97 775.10 2127.21 935.91 2381.79 942.57
00043370 00000054 1998.91 279.96 628.99 861.26 2122.11 618.11 2415.17 629.93 2217.84 776.23 2126.74 927.47 2374.93 939.52
00043371 00000055 1995.27 276.34 633.11 859.34 2120.15 616.23 2415.41 629.23 2215.21 774.52 2123.21 925.09 2370.85 938.28
00043372 00000056 1991.87 272.89 633.83 854.63 2116.15 612.69 2413.41 628.19 2211.00 771.83 2117.18 918.69 2366.13 934.11
00043373 00000057 1993.04 262.91 625.05 863.74 2113.45 608.54 2403.13 623.13 2203.70 771.08 2105.30 920.81 2359.98 935.37
00043374 00000058 1990.91 272.69 633.70 852.40 2105.81 618.57 2394.38 628.41 2195.29 760.94 2097.98 917.24 2349.74 929.97
00043375 00000059 1988.66 259.67 624.80 861.87 2110.01 613.31 2398.35 628.08 2196.74 756.96 2098.15 912.17 2344.94 928.42
00043376 00000060 1984.93 265.84 624.55 848.49 2109.20 603.88 2395.74 623.15 2191.51 753.10 2093.45 904.76 2343.44 924.41
00043377 00000061 1978.41 265.83 634.35 841.09 2104.10 597.50 2398.14 616.83 2188.37 745.80 2094.74 896.86 2342.86 916.52
00043378 00000062 1985.76 262.93 624.34 841.92 2109.89 591.71 2394.04 608.80 2190.78 741.03 2094.19 894.02 2346.78 912.06
00043379 00000063 1990.53 257.08 619.26 842.36 2112.74 583.86 2395.00 599.21 2194.20 735.31 2099.56 889.42 2352.12 905.75
00043380 00000064 1995.88 255.57 617.43 841.65 2116.66 577.84 2398.09 595.26 2195.13 732.27 2101.25 884.43 2354.49 902.11
00043381 00000065 1996.96 252.24 618.08 841.85 2117.38 575.85 2401.96 593.00 2200.11 729.92 2104.22 882.24 2357.56 899.74
00043382 00000066 2004.04 251.70 613.90 841.23 2122.37 572.55 2406.19 589.19 2201.77 727.29 2107.84 882.72 2360.45 899.62
00043383 00000067 2004.61 252.52 616.61 834.32 2122.77 569.10 2406.92 585.40 2204.09 720.04 2111.25 877.10 2359.57 893.99
00043384 00000068 2009.84 247.19 616.85 830.61 2126.24 565.17 2409.51 577.52 2206.18 711.01 2115.85 870.65 2365.72 884.56
00043385 00000069 2012.78 240.90 616.62 829.02 2127.62 559.29 2409.93 571.41 2207.09 705.08 2118.63 863.32 2364.46 877.18
00043386 00000070 2017.31 231.46 615.55 835.92 2129.43 554.97 2411.43 565.27 2211.07 700.86 2125.80 858.26 2368.08 870.47
00043387 00000071 2021.86 225.50 615.95 842.12 2131.74 551.55 2413.25 560.71 2215.43 697.26 2131.94 852.87 2373.55 864.08
00043388 00000072 2020.96 222.21 620.99 841.82 2132.26 549.90 2417.58 558.42 2217.57 691.73 2130.82 851.68 2374.35 863.02
00043389 00000073 2025.31 226.07 617.59 836.15 2137.24 545.59 2416.23 558.18 2217.27 689.95 2134.66 847.37 2366.79 861.82
00043390 00000074 2027.19 225.73 617.06 835.41 2140.28 544.47 2415.78 559.78 2218.21 687.79 2136.55 839.88 2358.97 856.56
00043391 00000075 2022.13 222.82 626.39 834.53 2139.01 545.12 2407.92 562.04 2214.61 691.24 2138.04 836.41 2350.07 855.63
00043392 00000076 2022.32 222.04 626.09 835.22 2137.84 544.83 2405.83 560.68 2213.22 691.51 2137.63 836.35 2348.50 854.63
00043393 00000077 2022.62 220.24 626.10 837.70 2136.47 545.90 2405.04 559.57 2213.15 690.51 2138.78 835.92 2354.27 852.17
00043394 00000078 2025.54 220.34 620.55 838.22 2137.18 544.49 2412.65 555.75 2215.24 684.56 2135.80 840.26 2357.76 854.04
00043395 00000079 2025.99 219.56 621.33 838.89 2136.38 544.55 2414.33 553.87 2214.71 683.52 2136.77 841.00 2361.60 853.18
00043396 00000080 2025.56 219.22 621.35 837.55 2136.57 544.04 2415.38 554.89 2214.84 683.65 2134.64 841.38 2362.26 854.90
00043397 00000081 2024.70 221.18 620.69 837.26 2135.47 544.68 2415.81 556.29 2215.02 686.44 2133.08 844.05 2363.66 857.98
00043398 00000082 2022.88 221.42 622.49 845.81 2135.29 544.99 2415.43 556.38 2215.94 686.17 2134.53 847.25 2358.61 860.99
00043399 00000083 2023.24 217.78 623.93 875.66 2140.02 544.48 2412.06 554.19 2218.87 685.59 2143.58 859.65 2345.80 872.08
00043400 00000084 2021.94 217.77 629.54 897.79 2142.51 559.14 2404.02 568.78 2212.04 689.52 2145.40 871.57 2332.77 884.42
00043401 00000085 2020.58 221.92 629.21 910.66 2143.55 564.45 2403.36 573.97 2210.81 690.82 2147.29 882.53 2327.15 895.71
00043402 00000086 2017.17 232.48 631.51 933.11 2131.43 551.49 2407.44 559.65 2202.54 686.90 2139.48 889.72 2347.30 900.50
00043403 00000087 2015.50 246.09 627.93 920.13 2126.56 550.61 2404.06 556.44 2193.90 684.43 2131.25 889.38 2353.19 896.81
00043404 00000088 2011.04 257.56 632.27 897.01 2130.85 551.43 2399.64 564.18 2195.07 686.19 2126.24 871.79 2347.35 885.72
00043405 00000089 2007.78 262.74 631.46 870.66 2130.24 551.14 2395.66 573.18 2195.10 695.97 2115.61 860.84 2340.87 882.97
00043406 00000090 2003.87 264.55 637.90 849.72 2130.92 548.44 2397.46 583.27 2193.89 706.46 2104.06 852.39 2343.17 885.49
00043407 00000091 2005.05 268.14 638.73 850.48 2131.48 552.82 2398.59 589.96 2191.63 718.46 2101.79 857.72 2344.73 892.37
00043408 00000092 2008.37 268.34 642.46 851.39 2133.68 561.79 2404.28 601.13 2190.93 727.49 2100.45 861.15 2352.23 897.41
00043409 00000093 2012.24 262.79 643.28 860.79 2136.81 565.10 2411.57 603.40 2197.02 733.78 2103.56 866.80 2362.69 901.70
00043410 00000094 2016.82 264.85 640.58 861.90 2138.60 568.14 2417.01 606.61 2202.89 740.13 2107.35 870.72 2373.09 905.30
00043411 00000095 2015.01 260.83 639.78 866.11 2138.50 576.51 2426.63 615.31 2210.01 751.52 2107.24 875.66 2386.80 909.52
00043412 00000096 2016.36 268.54 640.32 866.51 2141.26 596.64 2426.59 627.07 2220.04 767.96 2119.41 886.82 2398.83 914.07
00043413 00000097 2019.15 278.53 636.05 864.25 2143.69 602.15 2430.55 627.79 2227.25 773.86 2126.27 895.70 2402.63 919.04
00043414 00000098 2018.11 276.80 634.45 881.24 2142.20 603.20 2427.88 625.39 2224.71 779.16 2125.77 904.64 2403.47 925.41
00043415 00000099 2017.34 301.70 633.53 891.23 2135.57 607.66 2415.68 624.73 2221.13 786.00 2129.54 915.85 2399.56 933.38
00043416 00000100 2009.65 314.98 628.57 912.04 2126.07 607.86 2403.47 630.61 2199.93 789.93 2115.94 933.87 2377.28 956.38
00043417 00000101 1994.97 318.82 631.46 915.68 2108.08 618.97 2382.04 640.08 2176.45 799.21 2104.14 943.45 2352.42 964.73
00043418 00000102 1977.98 304.51 626.96 913.90 2096.14 633.94 2362.24 657.81 2159.71 818.12 2080.63 941.26 2345.47 962.95
00043419 00000103 1969.12 309.28 634.09 900.32 2076.47 634.90 2348.47 659.71 2143.50 819.51 2069.45 943.02 2326.31 966.43
00043420 00000104 1964.22 318.35 629.74 890.97 2066.29 649.35 2335.47 673.79 2128.93 828.92 2061.76 951.92 2313.17 974.66
00043421 00000105 1957.65 319.35 628.03 894.86 2059.01 664.86 2323.69 685.66 2122.21 840.24 2059.01 965.29 2306.59 984.42
00043422 00000106 1957.13 320.49 623.85 905.42 2057.69 678.81 2323.47 699.26 2119.30 850.33 2056.10 980.82 2306.88 1000.06
00043423 00000107 1964.69 325.73 619.61 920.55 2061.50 690.81 2322.74 708.46 2121.04 865.14 2065.47 1005.66 2304.78 1022.23
00043424 00000108 1967.34 320.18 616.30 953.30 2067.74 700.60 2327.60 714.99 2120.88 873.45 2073.35 1025.89 2311.21 1038.96
00043425 00000109 1964.40 324.54 619.50 967.85 2070.34 706.56 2336.11 720.79 2129.47 878.59 2076.30 1034.59 2319.66 1047.61
00043426 00000110 1964.13 326.21 624.38 971.71 2070.67 710.72 2339.75 726.17 2132.92 884.86 2079.72 1037.25 2320.77 1050.88
00043427 00000111 1961.98 334.46 624.26 960.96 2066.93 720.96 2341.90 733.16 2133.91 894.80 2079.15 1044.33 2327.12 1055.68
00043428 00000112 1960.81 336.25 623.51 948.63 2065.04 725.97 2338.54 738.74 2135.01 900.08 2077.63 1041.23 2324.91 1052.90
00043429 00000113 1951.75 334.19 637.00 928.41 2061.98 724.84 2329.80 736.00 2133.87 895.83 2079.15 1033.35 2314.82 1043.49
00043430 00000114 1952.14 339.88 636.66 915.29 2058.42 727.91 2327.27 740.40 2130.16 895.78 2076.23 1030.54 2308.72 1041.11
00043431 00000115 1952.30 334.90 635.82 919.34 2060.78 725.86 2325.93 740.28 2131.72 898.35 2077.92 1028.41 2305.66 1040.42
00043432 00000116 1952.40 336.16 636.40 915.83 2059.45 727.22 2327.05 742.42 2131.40 900.03 2076.84 1028.44 2306.48 1041.03
00043433 00000117 1952.91 341.49 636.98 909.63 2059.23 728.28 2326.40 743.54 2131.36 899.82 2076.25 1028.30 2304.93 1040.87
00043434 00000118 1953.70 342.27 635.74 908.77 2060.91 728.67 2328.71 744.41 2132.88 899.21 2077.88 1031.03 2303.56 1043.99
00043435 00000119 1958.15 348.26 631.30 905.54 2055.13 732.39 2338.23 743.54 2135.95 901.90 2077.51 1044.29 2303.84 1055.82
00043436 00000120 1959.89 352.08 629.03 905.01 2056.21 732.58 2339.39 742.71 2135.81 900.40 2077.03 1048.10 2300.22 1059.15
00043437 00000121 1954.04 340.86 637.40 922.11 2063.53 732.37 2332.39 747.45 2137.32 899.33 2077.69 1039.48 2299.15 1052.41
00043438 00000122 1956.49 338.58 637.05 928.68 2065.12 733.07 2335.19 748.49 2137.29 897.98 2077.54 1040.92 2302.86 1054.11
00043439 00000123 1963.92 353.69 629.60 917.15 2060.34 732.72 2341.95 744.02 2137.98 899.43 2077.88 1046.48 2307.11 1058.30
00043440 00000124 1958.58 341.95 636.45 927.79 2066.14 729.78 2335.37 745.88 2137.14 896.76 2076.64 1037.40 2305.21 1051.34
00043441 00000125 1957.75 343.16 638.66 923.00 2066.22 729.66 2336.80 744.46 2137.27 896.60 2077.54 1037.96 2308.57 1051.15
00043442 00000126 1958.92 341.88 637.96 923.99 2067.29 729.39 2338.99 743.93 2139.69 896.79 2080.22 1040.82 2310.07 1054.08
00043443 00000127 1957.62 337.21 638.61 943.17 2069.25 729.05 2337.06 741.96 2140.92 892.72 2083.87 1044.00 2306.97 1055.80
00043444 00000128 1956.55 337.60 639.86 944.30 2070.24 727.81 2337.58 742.25 2139.17 890.67 2077.22 1038.65 2310.51 1052.21
00043445 00000129 1961.35 321.57 636.08 960.90 2069.18 726.45 2340.18 733.60 2139.21 871.87 2077.01 1040.21 2302.14 1048.34
00043446 00000130 1960.45 334.82 642.65 925.22 2066.13 706.98 2337.20 718.61 2130.36 848.81 2073.16 1017.00 2286.64 1031.28
00043447 00000131 1949.56 295.76 641.76 924.20 2057.72 673.97 2326.77 686.47 2117.42 812.54 2048.74 980.65 2267.67 993.03
00043448 00000132 1949.19 290.42 641.08 914.73 2050.79 646.39 2331.75 664.83 2117.05 800.27 2050.53 965.16 2273.55 983.97
00043449 00000133 1940.48 300.17 646.74 929.79 2054.13 638.52 2323.57 653.45 2112.66 792.02 2048.06 963.82 2294.32 978.91
00043450 00000134 1937.55 300.37 647.71 902.53 2049.60 633.37 2323.57 651.28 2112.16 792.06 2041.53 951.35 2301.48 968.50
00043451 00000135 1938.67 298.64 643.98 889.70 2042.81 635.94 2326.14 652.71 2108.89 794.31 2036.48 952.82 2298.16 968.70
00043452 00000136 1939.15 298.22 638.69 893.23 2038.73 642.93 2327.74 659.36 2113.06 805.39 2034.22 970.92 2286.78 987.10
00043453 00000137 1936.10 303.06 634.96 904.20 2041.54 655.91 2323.21 678.99 2115.09 822.09 2030.04 973.66 2275.02 995.30
00043454 00000138 1935.40 323.17 633.10 904.35 2037.83 681.50 2321.95 703.90 2110.59 841.12 2025.07 992.39 2280.48 1013.77
00043455 00000139 1924.79 326.79 655.18 928.95 2038.52 692.46 2313.34 717.25 2104.35 873.18 2035.10 1001.73 2284.77 1022.37
00043456 00000140 1934.46 349.00 638.55 920.46 2047.50 691.96 2319.06 728.04 2105.52 880.15 2025.34 1007.90 2294.16 1039.01
00043457 00000141 1935.85 354.64 654.61 927.88 2054.50 696.23 2324.34 737.64 2106.33 888.12 2037.92 1004.72 2298.05 1036.96
00043458 00000142 1945.88 371.72 647.90 916.58 2061.67 700.23 2330.63 742.57 2113.81 888.18 2041.63 1010.11 2296.58 1048.65
00043459 00000143 1950.98 364.20 646.16 909.47 2065.50 694.92 2332.35 744.02 2111.24 884.18 2039.39 1000.73 2292.46 1044.42
00043460 00000144 1950.03 348.76 649.70 917.19 2066.66 679.91 2332.97 738.77 2105.97 884.07 2030.80 993.36 2286.89 1042.12
00043461 00000145 1953.95 354.03 646.70 914.57 2070.58 677.87 2336.15 734.40 2104.90 872.37 2036.42 989.12 2289.56 1038.43
00043462 00000146 1956.22 351.47 644.36 915.15 2069.81 677.82 2336.05 730.79 2107.76 872.40 2040.36 991.56 2289.68 1038.00
00043463 00000147 1959.30 351.64 644.74 909.32 2068.68 678.13 2338.99 726.66 2111.58 872.64 2043.57 995.89 2293.11 1038.27
00043464 00000148 1951.67 328.79 651.35 932.51 2065.28 668.98 2333.94 717.74 2111.28 875.73 2043.43 993.24 2285.96 1031.99
00043465 00000149 1948.16 319.89 654.48 935.41 2059.65 665.58 2328.79 713.95 2105.56 866.82 2036.57 987.56 2274.04 1025.96
00043466 00000150 1946.85 314.38 652.58 932.32 2052.87 666.90 2325.01 712.03 2100.87 864.01 2033.93 992.29 2260.83 1027.87
00043467 00000151 1943.46 319.96 653.17 930.47 2050.04 672.08 2318.04 717.39 2093.93 875.69 2033.24 1002.24 2251.00 1037.65
00043468 00000152 1950.93 339.18 637.69 915.87 2054.62 681.62 2320.89 730.59 2100.46 875.88 2035.40 1014.47 2249.73 1053.77
00043469 00000153 1947.23 336.27 640.51 927.23 2054.94 683.81 2318.88 734.21 2098.73 876.38 2033.32 1019.00 2246.70 1059.22
00043470 00000154 1951.23 341.38 633.22 915.28 2051.30 683.21 2317.58 727.24 2099.04 875.49 2036.97 1024.65 2244.89 1060.06
00043471 00000155 1939.65 324.10 645.31 929.95 2043.32 682.69 2310.41 719.46 2087.42 879.80 2032.78 1023.67 2237.50 1053.03
00043472 00000156 1936.86 313.96 643.84 942.82 2037.69 680.99 2302.48 709.75 2082.06 873.95 2033.95 1028.39 2233.70 1051.17
00043473 00000157 1930.25 311.54 649.93 950.02 2033.44 676.56 2296.69 704.18 2077.19 870.90 2033.30 1022.43 2237.99 1044.60
00043474 00000158 1930.22 311.93 644.87 946.25 2035.82 672.83 2293.52 700.26 2078.44 857.72 2035.41 1018.15 2240.74 1039.30
00043475 00000159 1925.98 317.50 645.71 937.59 2032.79 672.25 2295.50 700.56 2079.47 858.41 2033.27 1012.23 2247.04 1033.57
00043476 00000160 1926.51 314.53 644.96 932.01 2031.23 672.48 2299.15 700.44 2082.76 860.53 2032.07 1010.31 2252.26 1031.57
00043477 00000161 1923.97 308.32 657.84 935.51 2030.98 682.83 2304.69 705.76 2092.99 861.20 2036.90 1005.36 2256.87 1024.22
00043478 00000162 1944.36 311.54 641.22 903.97 2043.42 670.65 2334.55 692.52 2120.09 838.16 2046.86 991.93 2287.63 1012.77
00043479 00000163 1954.77 305.39 646.49 885.22 2062.64 653.82 2357.47 676.25 2146.74 830.23 2068.02 970.12 2317.36 990.50
00043480 00000164 1967.91 295.32 653.00 892.44 2096.12 642.16 2389.97 649.19 2195.80 819.81 2111.44 961.26 2355.62 969.65
00043481 00000165 2004.29 295.01 632.55 884.38 2123.76 634.31 2418.21 640.86 2226.25 809.89 2136.44 951.13 2394.33 956.73
00043482 00000166 2016.22 279.12 634.24 890.30 2141.10 633.28 2433.74 635.31 2252.87 801.01 2159.99 945.21 2417.13 947.19
00043483 00000167 2024.68 267.21 635.61 894.09 2151.42 632.18 2445.61 630.24 2269.25 801.01 2171.38 944.13 2432.02 943.26
00043484 00000168 2028.81 268.17 636.04 893.17 2157.28 631.33 2450.82 631.99 2275.72 805.71 2173.19 945.09 2437.08 946.35
00043485 00000169 2029.17 281.18 632.57 887.32 2158.39 644.78 2447.62 648.11 2272.73 808.31 2171.92 945.75 2432.39 949.47
00043486 00000170 2027.44 280.40 629.87 888.77 2154.61 645.35 2443.07 653.15 2264.63 812.46 2166.01 947.74 2424.27 954.93
00043487 00000171 2023.30 272.59 633.88 898.09 2144.35 634.94 2437.93 650.83 2245.74 817.85 2152.66 950.30 2406.81 963.66
00043488 00000172 2014.81 292.72 637.16 886.87 2132.44 626.98 2424.98 647.73 2222.27 818.48 2129.63 945.05 2388.85 963.19
00043489 00000173 1991.53 272.38 648.00 913.91 2113.61 620.96 2400.88 642.74 2194.84 809.25 2112.26 947.31 2355.96 965.53
00043490 00000174 1969.40 283.25 649.14 911.31 2089.39 637.21 2371.99 662.14 2160.91 809.96 2077.11 941.53 2327.70 964.00
00043491 00000175 1948.49 299.76 651.70 911.38 2055.53 638.26 2320.37 669.97 2103.11 805.22 2041.12 942.29 2289.83 972.15
00043492 00000176 1910.28 291.10 662.75 919.79 2024.01 643.10 2283.52 675.77 2066.79 822.33 2012.34 944.58 2253.22 970.92
00043493 00000177 1894.72 292.41 660.27 915.88 2003.03 636.84 2252.59 684.54 2025.65 824.74 1983.04 937.93 2218.94 975.74
00043494 00000178 1893.05 308.55 654.31 907.30 1992.94 636.28 2246.97 690.33 2015.84 832.70 1962.71 942.46 2212.39 985.46
00043495 00000179 1889.42 304.29 664.70 910.62 2000.88 644.79 2251.65 686.95 2030.43 837.08 1986.92 942.31 2227.42 975.97
00043496 00000180 1905.65 307.36 652.65 942.52 2010.01 652.81 2269.69 672.75 2060.24 835.44 2010.82 972.26 2258.58 989.67
00043497 00000181 1922.11 299.73 642.63 975.56 2026.57 657.35 2284.78 663.30 2082.39 836.42 2043.33 1002.34 2278.15 1007.06
00043498 00000182 1925.10 279.36 646.49 995.24 2026.80 659.96 2289.00 656.17 2091.80 836.90 2053.75 1010.26 2285.95 1007.73
00043499 00000183 1915.06 280.23 651.71 982.21 2010.80 664.84 2269.34 665.00 2066.53 834.95 2034.14 1014.30 2246.37 1015.49
00043500 00000184 1901.11 286.25 642.38 970.39 1994.09 674.15 2238.02 682.07 2030.54 841.85 2001.49 1014.66 2197.26 1022.44
00043501 00000185 1881.87 293.30 638.68 962.91 1972.81 667.18 2209.49 694.57 1996.58 853.26 1964.62 1009.64 2155.27 1030.45
00043502 00000186 1870.49 301.81 633.04 947.87 1960.52 666.67 2189.14 701.73 1969.71 852.19 1940.34 1005.85 2123.83 1032.92
00043503 00000187 1869.36 296.56 631.54 955.63 1956.31 667.50 2179.45 701.95 1959.78 855.24 1938.41 1009.30 2118.44 1035.48
00043504 00000188 1871.26 300.11 632.67 959.27 1954.91 676.45 2188.96 702.35 1965.91 862.48 1953.09 1018.25 2147.92 1037.84
00043505 00000189 1864.46 304.26 654.59 959.73 1952.36 689.56 2204.21 704.59 1982.80 871.76 1964.51 1020.78 2176.79 1032.34
00043506 00000190 1871.09 305.89 651.90 953.61 1957.93 694.36 2218.48 705.61 2002.05 880.55 1977.94 1026.19 2197.56 1034.24
00043507 00000191 1873.97 309.59 648.73 941.91 1961.57 701.67 2226.19 709.99 2016.33 885.16 1988.10 1029.34 2208.55 1035.13
00043508 00000192 1872.90 303.24 651.86 947.94 1961.75 703.35 2225.38 713.54 2013.69 888.99 1984.65 1030.09 2202.90 1037.18
00043509 00000193 1870.16 305.62 654.19 944.53 1957.59 706.20 2221.12 717.06 2009.21 892.07 1981.59 1031.51 2197.09 1038.73
00043510 00000194 1874.81 321.81 645.22 927.64 1956.71 706.87 2213.97 721.91 2001.10 895.63 1974.37 1029.76 2192.22 1041.71
00043511 00000195 1875.68 333.22 642.93 914.63 1955.85 705.33 2211.34 722.50 1995.93 895.17 1972.06 1028.70 2187.54 1042.23
00043512 00000196 1863.65 321.91 661.29 930.79 1952.27 705.98 2212.70 719.30 1997.79 896.20 1973.98 1032.57 2186.39 1041.71
00043513 00000197 1863.88 316.42 662.61 934.50 1955.09 709.54 2216.58 722.32 2002.86 895.86 1974.15 1029.49 2190.99 1038.39
00043514 00000198 1864.70 315.18 665.48 936.30 1954.11 710.17 2218.45 722.26 2003.62 898.30 1975.48 1032.08 2193.74 1040.17
00043515 00000199 1862.18 312.92 666.80 939.28 1953.53 710.52 2215.83 722.40 2002.33 899.35 1976.35 1032.39 2191.69 1040.41
00043516 00000200 1859.94 319.43 668.28 932.29 1950.40 710.89 2212.25 723.93 1999.04 900.24 1972.35 1031.73 2186.82 1040.88
00043517 00000201 1861.30 319.35 662.20 929.25 1950.55 711.06 2211.71 725.14 1998.22 896.93 1970.10 1029.04 2184.00 1039.31
00043518 00000202 1869.90 315.09 652.92 925.23 1956.92 727.96 2219.07 732.30 2009.21 884.96 1979.21 1030.06 2193.22 1033.09
00043519 00000203 1877.65 321.44 648.59 906.54 1960.83 708.07 2232.03 711.08 2025.74 881.65 1987.03 1024.75 2212.85 1028.90
00043520 00000204 1885.25 308.13 646.35 922.07 1976.01 698.07 2252.43 699.01 2049.94 878.38 2005.63 1021.24 2232.98 1023.13
00043521 00000205 1894.60 308.35 647.48 913.86 1987.97 692.52 2268.47 684.47 2070.25 867.34 2024.10 1020.04 2252.12 1014.13
00043522 00000206 1901.62 303.67 648.93 919.16 1995.46 691.95 2285.63 679.12 2090.69 859.30 2034.79 1019.32 2271.39 1010.25
00043523 00000207 1902.44 300.36 651.61 923.49 1999.37 689.12 2293.81 676.09 2103.61 859.92 2038.25 1017.95 2281.54 1008.44
00043524 00000208 1902.59 297.94 654.14 930.82 2002.29 693.71 2294.71 680.17 2107.74 862.68 2042.43 1022.29 2285.50 1012.32
00043525 00000209 1902.57 309.38 655.06 928.85 2004.65 699.43 2296.74 685.14 2111.03 868.85 2045.79 1025.24 2290.53 1014.57
00043526 00000210 1903.03 304.39 655.03 937.87 2006.46 699.98 2298.91 687.26 2111.70 871.00 2045.12 1025.31 2292.69 1015.75
00043527 00000211 1901.10 309.09 657.64 934.16 2005.36 699.10 2298.43 687.80 2110.85 871.22 2042.72 1022.65 2293.83 1014.14
00043528 00000212 1901.55 300.84 656.65 941.39 2005.71 697.11 2298.79 684.83 2110.46 865.13 2038.38 1021.47 2297.11 1012.04
00043529 00000213 1902.24 295.54 655.08 944.62 2004.01 693.99 2297.88 680.48 2107.73 858.36 2035.37 1020.00 2294.72 1009.94
00043530 00000214 1901.93 292.34 653.64 953.50 2003.07 687.85 2294.61 673.02 2103.83 855.69 2033.98 1017.37 2291.77 1006.34
00043531 00000215 1897.86 290.03 654.51 960.40 2008.00 683.03 2295.93 670.98 2109.40 850.22 2038.72 1009.04 2295.10 999.70
00043532 00000216 1900.44 283.82 650.95 966.71 2007.36 677.20 2293.33 663.13 2105.90 842.38 2038.05 1004.47 2298.78 993.14
00043533 00000217 1899.21 285.84 653.43 959.05 2007.34 668.84 2294.80 652.69 2106.01 832.40 2036.77 993.11 2306.22 980.14
00043534 00000218 1891.61 282.69 667.89 960.11 2005.14 663.54 2292.91 645.43 2107.29 824.59 2037.65 983.87 2313.14 970.06
00043535 00000219 1889.21 280.03 672.05 960.04 2006.23 661.85 2296.07 645.65 2109.61 822.71 2033.00 977.63 2319.08 965.09
00043536 00000220 1889.95 280.77 673.08 959.97 2005.58 661.40 2297.53 644.30 2110.09 826.64 2032.30 976.32 2327.56 961.60
00043537 00000221 1891.57 271.20 673.87 972.31 2008.01 666.14 2298.53 648.94 2114.54 833.13 2036.89 984.42 2326.28 970.04
00043538 00000222 1898.50 278.51 668.83 954.97 2012.16 666.54 2298.54 648.57 2114.11 832.61 2049.37 989.51 2313.26 976.06
00043539 00000223 1906.63 270.77 661.31 960.88 2012.13 656.39 2306.09 637.34 2116.71 817.11 2040.40 987.82 2309.40 973.69
00043540 00000224 1909.10 262.60 660.97 961.69 2016.85 648.62 2307.42 630.86 2118.94 805.90 2046.16 982.86 2300.11 970.16
00043541 00000225 1911.38 247.54 663.55 976.85 2018.62 643.50 2308.68 624.56 2117.96 792.07 2046.39 982.62 2300.71 968.78
00043542 00000226 1908.21 245.08 669.26 983.14 2020.26 649.12 2311.99 624.48 2118.53 778.03 2044.48 979.05 2297.89 961.88
00043543 00000227 1907.70 250.43 667.51 973.25 2015.43 648.33 2309.83 620.60 2108.11 765.72 2037.90 979.68 2299.19 957.81
00043544 00000228 1901.69 250.44 665.60 977.60 2012.01 639.89 2302.88 617.22 2104.84 769.08 2034.61 975.54 2288.67 959.85
00043545 00000229 1893.28 259.67 667.60 974.64 2004.29 635.19 2294.35 619.46 2089.92 785.32 2026.55 980.53 2281.31 970.55
00043546 00000230 1886.78 274.95 656.34 990.77 1992.68 642.94 2279.18 631.40 2076.60 805.96 2012.41 991.27 2279.71 983.23
00043547 00000231 1873.23 297.24 663.44 988.05 1982.00 665.97 2266.72 659.00 2065.55 844.39 1999.97 1011.71 2278.08 1006.35
00043548 00000232 1860.86 313.33 668.06 980.78 1973.43 701.93 2252.55 699.46 2053.03 889.82 1993.86 1030.46 2269.28 1028.44
00043549 00000233 1858.41 328.96 660.83 979.81 1962.01 741.07 2241.77 748.29 2040.09 918.99 1980.61 1049.74 2254.99 1054.66
00043550 00000234 1852.29 346.14 660.13 958.75 1952.03 731.24 2225.40 748.52 2009.33 920.33 1957.41 1051.36 2238.82 1065.40
00043551 00000235 1836.87 341.54 674.23 955.19 1937.11 710.07 2201.56 738.76 1978.25 907.12 1942.28 1028.53 2198.62 1050.57
00043552 00000236 1836.82 319.71 664.29 953.44 1929.78 686.99 2184.36 718.23 1960.36 885.56 1930.72 1009.31 2174.21 1033.49
00043553 00000237 1834.72 312.72 665.65 955.73 1924.66 679.79 2177.98 704.01 1954.25 871.06 1929.33 1003.46 2171.32 1022.37
00043554 00000238 1832.96 309.83 666.59 972.92 1924.87 684.99 2173.39 697.15 1950.39 868.19 1935.97 1014.89 2175.55 1024.71
00043555 00000239 1830.46 315.60 666.93 989.34 1922.21 702.82 2175.25 703.27 1958.63 884.74 1950.46 1035.30 2195.66 1035.78
00043556 00000240 1825.96 331.14 671.14 989.91 1916.63 724.82 2173.53 715.22 1963.87 912.56 1964.18 1060.87 2206.39 1052.39
00043557 00000241 1825.19 349.63 661.09 978.96 1915.03 758.28 2174.25 743.19 1970.45 922.06 1961.02 1074.37 2213.12 1062.61
00043558 00000242 1818.88 361.16 662.44 973.19 1902.85 764.41 2162.30 745.96 1956.00 926.49 1948.82 1081.69 2198.58 1067.32
00043559 00000243 1805.80 343.79 674.63 991.29 1884.80 739.10 2150.77 724.21 1942.93 919.53 1932.11 1074.17 2169.01 1062.75
00043560 00000244 1802.98 318.19 666.15 1003.09 1883.51 725.83 2126.55 718.07 1916.36 898.95 1918.15 1068.51 2123.15 1063.28
00043561 00000245 1804.21 303.54 661.65 1011.53 1880.19 711.64 2114.34 705.58 1901.79 886.07 1910.50 1066.93 2097.08 1063.33
00043562 00000246 1806.77 318.66 667.59 984.06 1877.22 712.42 2123.76 705.54 1901.40 880.77 1905.89 1065.24 2087.45 1062.21
00043563 00000247 1805.33 315.40 670.12 998.52 1879.31 720.30 2129.43 711.53 1904.49 894.64 1903.82 1079.41 2103.40 1074.40
00043564 00000248 1804.86 320.05 671.33 1007.86 1879.90 725.91 2130.30 718.06 1914.78 910.31 1914.56 1096.41 2115.12 1091.91
00043565 00000249 1806.27 316.86 663.45 1010.83 1880.79 728.02 2128.33 722.84 1914.79 916.88 1917.13 1098.71 2117.30 1095.84
00043566 00000250 1802.20 321.98 668.89 999.91 1877.75 727.76 2132.02 723.72 1917.65 915.85 1913.13 1097.09 2118.21 1095.13
00043567 00000251 1799.97 316.87 668.80 1004.29 1874.92 725.64 2127.27 720.11 1913.98 912.93 1910.90 1094.23 2113.08 1091.16
00043568 00000252 1799.02 320.60 669.99 992.90 1873.10 722.97 2123.54 717.33 1910.14 908.56 1908.33 1087.14 2108.72 1084.03
00043569 00000253 1800.56 318.33 672.32 993.60 1873.97 721.41 2125.78 713.13 1911.09 906.57 1911.13 1087.07 2113.06 1081.76
00043570 00000254 1799.81 317.96 669.20 990.93 1873.57 720.49 2124.93 712.95 1912.30 905.38 1913.10 1081.38 2114.92 1076.42
00043571 00000255 1798.16 318.54 674.48 980.34 1870.65 717.22 2130.71 707.37 1912.82 901.12 1908.95 1077.19 2114.54 1070.22
00043572 00000256 1799.13 319.34 668.51 986.79 1875.24 723.23 2129.01 717.35 1919.18 905.79 1913.54 1078.82 2116.42 1075.12
00043573 00000257 1797.98 320.15 672.83 981.56 1879.49 737.79 2131.19 727.04 1925.05 896.96 1911.49 1072.61 2112.88 1064.30
00043574 00000258 1798.70 308.47 673.77 992.18 1883.47 726.11 2135.98 717.38 1925.32 888.35 1913.42 1066.64 2116.28 1059.69
00043575 00000259 1799.75 308.87 675.48 995.81 1884.71 707.32 2142.93 696.83 1928.77 883.91 1917.02 1065.25 2134.23 1058.18
00043576 00000260 1798.61 303.22 685.77 994.91 1887.79 696.53 2151.23 685.64 1936.49 871.48 1922.65 1050.72 2150.84 1043.72
00043577 00000261 1806.58 298.92 676.04 998.11 1881.51 697.59 2158.34 674.60 1943.34 865.33 1927.75 1044.35 2169.76 1026.56
00043578 00000262 1812.40 295.56 675.50 997.20 1887.67 680.59 2168.44 665.28 1949.97 858.05 1928.01 1032.39 2183.43 1021.19
00043579 00000263 1814.25 296.19 682.68 992.71 1897.09 664.73 2181.52 656.71 1959.59 845.27 1931.47 1018.93 2194.89 1013.43
00043580 00000264 1820.24 284.77 681.59 995.38 1905.53 658.45 2191.87 651.20 1968.70 834.95 1935.79 1011.96 2201.39 1008.25
00043581 00000265 1826.14 274.51 675.07 1004.60 1908.83 667.75 2194.55 650.51 1976.89 822.01 1939.51 1013.74 2209.56 1002.04
00043582 00000266 1829.05 269.75 677.51 1005.07 1920.18 647.90 2207.35 643.64 1988.90 822.03 1946.25 1004.35 2210.81 1003.61
00043583 00000267 1832.89 273.25 678.68 994.77 1921.31 648.49 2210.18 644.67 1989.34 823.40 1946.80 1006.52 2210.11 1006.45
00043584 00000268 1830.71 261.88 682.47 1001.56 1920.93 643.97 2210.94 647.52 1986.30 829.32 1944.44 1000.41 2206.02 1005.84
00043585 00000269 1830.90 269.77 681.14 990.09 1919.27 642.65 2207.61 651.26 1978.30 831.74 1937.31 999.56 2189.88 1009.52
00043586 00000270 1831.00 277.43 672.95 983.72 1917.36 647.73 2198.34 656.19 1968.98 836.04 1933.10 1009.32 2162.77 1017.17
00043587 00000271 1825.41 273.13 673.01 988.10 1913.51 650.42 2188.71 661.77 1959.44 844.93 1924.27 1017.26 2143.35 1027.35
00043588 00000272 1827.14 288.09 677.29 968.86 1912.83 662.04 2183.03 671.89 1959.07 845.85 1920.96 1017.30 2135.95 1028.16
00043589 00000273 1825.58 286.68 679.09 969.87 1912.04 669.20 2185.63 676.75 1966.45 845.91 1922.87 1018.10 2143.20 1027.16
00043590 00000274 1816.93 271.95 698.42 994.61 1913.11 675.39 2198.47 676.51 1977.32 834.58 1929.08 1024.18 2162.34 1023.97
00043591 00000275 1816.24 301.74 686.02 988.07 1914.60 683.55 2206.06 670.94 1992.37 834.83 1943.87 1032.43 2191.28 1024.34
00043592 00000276 1804.42 298.35 706.23 1000.17 1910.73 680.31 2208.57 667.96 1985.81 846.64 1931.48 1031.55 2193.98 1025.69
00043593 00000277 1789.56 301.43 703.99 1013.19 1896.22 685.17 2212.25 669.13 1982.56 844.22 1920.95 1057.51 2185.66 1042.85
00043594 00000278 1775.13 284.91 703.94 1027.61 1880.42 689.61 2193.74 677.68 1962.06 843.40 1903.10 1060.07 2156.41 1048.92
00043595 00000279 1764.63 284.55 702.92 1033.30 1859.18 688.77 2169.64 678.41 1930.21 844.11 1878.60 1067.52 2122.56 1058.09
00043596 00000280 1760.92 285.65 697.12 1040.60 1850.85 692.12 2155.35 682.28 1912.43 851.81 1872.66 1077.08 2102.74 1068.20
00043597 00000281 1758.56 286.32 698.08 1054.67 1843.86 693.49 2148.05 694.38 1899.03 867.20 1858.11 1087.46 2080.13 1087.87
00043598 00000282 1762.20 302.89 695.36 1047.14 1843.19 702.56 2140.95 703.08 1901.66 882.62 1862.53 1101.41 2065.96 1100.94
00043599 00000283 1763.74 302.29 686.67 1042.14 1843.32 709.94 2134.04 717.97 1895.18 885.58 1853.01 1096.45 2052.99 1102.81
00043600 00000284 1758.63 299.43 677.27 1004.37 1843.22 706.85 2115.30 722.87 1872.26 861.94 1831.57 1059.96 2029.14 1072.58
00043601 00000285 1740.12 280.53 678.57 980.21 1826.53 688.20 2089.67 696.29 1840.83 828.93 1802.25 1021.72 1998.35 1030.71
00043602 00000286 1726.27 277.46 683.84 979.48 1816.31 676.02 2067.31 680.10 1824.56 810.45 1800.24 1010.86 1988.38 1016.16
00043603 00000287 1724.73 279.89 685.84 987.97 1812.98 680.88 2064.20 679.51 1819.23 813.66 1802.34 1017.11 2004.06 1017.02
00043604 00000288 1722.30 278.15 689.82 1005.61 1813.16 690.30 2075.92 674.08 1837.18 819.29 1822.10 1033.80 2038.40 1020.43
00043605 00000289 1724.20 258.39 700.60 1010.41 1810.68 696.45 2086.62 659.40 1847.94 809.43 1834.97 1028.02 2072.09 998.00
00043606 00000290 1730.71 256.79 696.14 985.83 1812.47 667.18 2092.42 619.10 1862.61 782.65 1845.96 1011.39 2092.44 973.62
00043607 00000291 1730.78 256.22 699.20 949.07 1808.92 650.18 2085.36 590.51 1859.93 747.94 1854.67 975.78 2084.80 928.18
00043608 00000292 1739.11 244.72 693.77 940.22 1823.64 645.14 2086.02 571.68 1866.24 718.72 1864.84 959.70 2095.34 899.71
00043609 00000293 1743.23 224.02 702.14 941.51 1823.92 630.51 2096.70 546.05 1870.32 693.83 1861.20 946.94 2115.19 879.71
00043610 00000294 1753.82 220.03 705.08 938.49 1838.83 627.63 2115.39 543.24 1891.15 691.73 1877.58 938.40 2155.97 867.88
00043611 00000295 1761.89 215.73 710.16 954.87 1858.60 622.31 2138.02 534.24 1921.44 688.39 1897.25 939.91 2181.87 866.48
00043612 00000296 1771.61 218.62 713.13 968.47 1867.26 626.65 2150.34 533.89 1932.50 685.04 1906.47 950.54 2188.67 873.43
00043613 00000297 1763.85 214.26 718.17 990.17 1859.48 630.31 2156.62 552.34 1929.36 700.85 1903.39 948.99 2168.19 887.29
00043614 00000298 1756.09 220.46 722.04 985.27 1852.80 643.33 2149.89 566.72 1916.81 710.94 1890.14 958.03 2149.62 897.81
00043615 00000299 1762.56 236.73 704.85 972.46 1854.54 644.39 2132.93 567.38 1901.92 718.54 1886.27 972.27 2136.70 910.43
00043616 00000300 1749.71 247.74 700.96 964.43 1836.78 676.72 2116.50 598.83 1886.40 725.87 1877.07 982.96 2109.87 921.63
00043617 00000301 1747.31 261.55 698.95 973.09 1818.13 664.96 2100.21 602.81 1868.29 776.55 1865.08 1017.99 2108.37 968.89
00043618 00000302 1733.26 248.03 706.18 1019.28 1821.42 695.58 2107.33 629.07 1874.42 785.59 1861.81 1031.28 2100.04 978.20
00043619 00000303 1724.31 267.54 715.63 1028.97 1814.79 727.67 2108.09 659.97 1868.62 807.86 1863.35 1054.56 2118.72 998.26
00043620 00000304 1736.39 286.79 707.35 1032.80 1819.88 726.77 2099.26 663.44 1873.52 845.78 1866.93 1070.08 2142.38 1015.30
00043621 00000305 1714.00 311.74 707.30 1007.16 1806.84 733.65 2083.80 707.78 1868.32 876.48 1870.13 1057.12 2123.00 1033.49
00043622 00000306 1712.87 356.60 698.48 994.68 1786.66 750.29 2082.38 724.11 1854.01 928.79 1844.73 1105.50 2126.12 1083.80
00043623 00000307 1706.87 364.95 702.43 1005.70 1787.00 769.81 2076.42 756.33 1855.28 964.05 1838.76 1116.39 2120.25 1104.97
00043624 00000308 1709.32 374.97 704.49 1006.69 1789.23 776.32 2071.98 766.53 1846.32 967.46 1843.86 1130.78 2110.33 1121.75
00043625 00000309 1719.93 366.76 702.44 1022.28 1798.95 778.87 2079.22 771.12 1849.62 974.11 1851.22 1140.30 2112.16 1132.93
00043626 00000310 1725.90 364.98 700.78 1028.47 1805.35 778.39 2085.61 768.18 1855.27 974.93 1859.10 1147.18 2116.20 1138.21
00043627 00000311 1729.02 366.99 702.09 1031.12 1804.50 781.96 2085.09 765.35 1858.57 978.02 1864.62 1156.75 2119.73 1142.35
00043628 00000312 1723.58 370.50 707.05 1032.74 1799.46 792.24 2081.29 765.66 1859.81 979.73 1870.64 1166.54 2121.57 1144.15
00043629 00000313 1720.08 370.94 702.49 1040.25 1795.72 801.59 2073.01 776.33 1859.48 993.56 1873.84 1178.84 2117.95 1157.20
00043630 00000314 1713.05 365.72 702.24 1056.45 1796.29 825.94 2070.31 797.17 1859.25 997.34 1865.21 1187.37 2109.62 1162.77
00043631 00000315 1703.86 370.86 708.63 1050.11 1790.81 826.87 2064.01 794.93 1852.30 987.36 1860.32 1185.32 2096.28 1158.99
00043632 00000316 1704.14 368.05 704.93 1052.48 1787.11 809.80 2055.66 789.50 1839.59 988.18 1850.18 1176.02 2086.35 1160.00
00043633 00000317 1701.18 366.39 709.06 1052.49 1787.64 804.22 2052.41 786.80 1836.82 984.86 1846.55 1168.77 2078.40 1155.14
00043634 00000318 1702.88 363.34 708.22 1048.23 1787.11 800.73 2052.95 784.43 1839.38 984.86 1848.19 1164.18 2079.17 1151.95
00043635 00000319 1706.98 357.97 712.82 1042.85 1794.78 796.33 2059.74 781.15 1847.80 981.60 1856.73 1158.34 2084.18 1146.59
00043636 00000320 1709.69 356.63 714.36 1035.45 1795.80 792.94 2065.61 774.43 1849.29 973.71 1858.41 1155.31 2087.54 1140.67
00043637 00000321 1715.69 349.32 710.81 1036.99 1801.42 786.87 2070.10 766.03 1851.86 964.32 1861.86 1151.04 2088.62 1134.89
00043638 00000322 1723.90 350.55 707.07 1029.94 1803.44 784.10 2072.14 760.15 1852.52 963.60 1866.51 1149.04 2092.52 1130.49
00043639 00000323 1727.95 347.33 707.51 1032.34 1807.81 781.01 2078.72 756.28 1856.62 957.33 1866.17 1150.20 2090.29 1131.73
00043640 00000324 1730.93 348.68 705.78 1024.04 1810.43 777.81 2081.74 752.36 1857.46 953.97 1870.60 1145.44 2096.39 1125.95
00043641 00000325 1736.04 330.18 703.50 1047.54 1807.92 788.74 2079.56 762.53 1858.75 952.63 1859.46 1141.45 2081.34 1118.14
00043642 00000326 1731.94 323.64 709.93 1055.89 1812.16 782.59 2080.45 763.57 1861.01 948.74 1856.86 1127.85 2080.86 1110.21
00043643 00000327 1730.68 324.99 713.33 1058.74 1813.53 771.55 2084.40 753.08 1858.71 938.37 1858.05 1119.61 2089.58 1101.85
00043644 00000328 1731.24 322.67 717.59 1081.38 1824.66 757.70 2090.38 736.69 1865.19 932.70 1866.47 1120.08 2105.60 1103.36
00043645 00000329 1737.94 302.01 714.54 1102.88 1826.35 760.41 2098.13 730.78 1873.59 919.43 1876.95 1122.72 2123.66 1098.73
00043646 00000330 1741.11 277.48 711.43 1105.89 1828.95 740.87 2098.74 714.18 1875.41 899.78 1883.03 1101.55 2128.78 1079.22
00043647 00000331 1747.05 273.07 703.37 1079.51 1837.67 704.32 2113.20 677.63 1894.33 872.37 1892.20 1073.84 2142.80 1052.84
00043648 00000332 1756.20 259.61 711.12 1065.14 1851.17 671.63 2146.63 646.62 1919.36 836.14 1898.99 1044.64 2163.08 1027.31
00043649 00000333 1769.11 252.54 712.31 1041.55 1867.57 660.14 2159.78 634.88 1936.23 814.18 1906.86 1026.97 2168.93 1009.97
00043650 00000334 1781.77 250.02 708.54 1028.00 1881.34 653.95 2179.09 629.54 1959.51 808.80 1913.65 1016.56 2183.08 1000.80
00043651 00000335 1789.40 250.18 714.43 1020.05 1895.27 666.41 2198.27 641.92 1981.14 808.65 1922.02 1007.50 2200.27 991.25
00043652 00000336 1794.20 255.80 707.27 1028.98 1884.78 652.71 2208.90 619.47 1996.10 803.50 1922.57 1020.66 2205.44 998.57
00043653 00000337 1801.14 273.58 704.81 1019.04 1892.91 640.52 2216.88 610.45 2003.41 798.07 1933.83 1021.50 2221.50 1001.51
00043654 00000338 1809.01 275.97 704.00 1028.58 1904.76 647.57 2203.71 610.55 1992.61 796.84 1936.61 1010.89 2222.78 984.50
00043655 00000339 1814.02 286.29 700.04 1029.16 1908.02 642.47 2208.81 602.28 2000.33 790.76 1940.65 1010.64 2231.62 981.31
00043656 00000340 1812.28 284.92 703.92 1019.95 1911.44 640.70 2213.19 601.51 2005.71 787.16 1940.69 1005.76 2229.47 977.73
00043657 00000341 1805.89 273.94 709.79 1007.47 1899.24 628.97 2227.01 604.72 2014.07 789.33 1936.12 1003.39 2237.25 987.50
00043658 00000342 1804.64 266.73 710.83 1000.42 1896.36 635.22 2226.32 608.40 2016.23 793.99 1935.92 999.10 2240.24 980.50
00043659 00000343 1801.62 265.06 714.20 1000.14 1904.73 646.80 2224.86 624.12 2016.00 789.56 1931.54 992.01 2220.74 976.90
00043660 00000344 1800.12 261.36 715.07 987.64 1905.10 638.39 2224.92 609.93 2016.93 785.06 1937.71 987.77 2217.76 968.60
00043661 00000345 1797.34 268.09 718.73 976.17 1904.25 629.21 2220.19 601.58 2005.12 777.96 1937.76 987.99 2204.15 969.78
00043662 00000346 1794.80 270.21 719.80 974.28 1900.73 629.95 2216.99 600.22 2000.65 774.42 1935.56 989.65 2199.65 969.74
00043663 00000347 1796.75 273.43 712.80 978.81 1894.13 635.12 2209.83 605.62 1986.94 778.47 1925.88 997.11 2191.04 977.55
00043664 00000348 1785.12 288.57 717.13 986.13 1883.05 655.96 2203.18 623.91 1983.00 796.58 1918.81 1018.09 2187.21 996.09
00043665 00000349 1773.19 290.28 717.02 1029.32 1881.29 654.84 2189.16 627.45 1971.67 813.26 1904.63 1027.63 2183.31 1010.93
00043666 00000350 1755.41 315.63 731.50 1066.06 1862.19 697.96 2177.24 665.55 1963.49 853.91 1899.98 1065.16 2201.33 1040.77
00043667 00000351 1734.33 322.26 737.57 1047.41 1839.16 727.82 2153.96 691.47 1936.51 881.47 1885.66 1079.37 2178.14 1050.66
00043668 00000352 1728.76 332.95 737.57 1015.90 1832.05 730.95 2148.61 695.07 1924.08 881.07 1875.54 1073.03 2164.62 1043.98
00043669 00000353 1721.13 321.13 737.31 1015.73 1829.14 719.12 2146.23 686.81 1923.37 868.87 1874.41 1065.22 2158.53 1039.36
00043670 00000354 1714.28 302.11 741.27 1022.94 1818.70 699.21 2143.09 664.11 1920.12 859.29 1858.27 1063.76 2152.92 1032.01
00043671 00000355 1709.28 293.73 737.85 1019.33 1813.35 688.12 2140.16 654.15 1917.34 846.27 1850.38 1050.97 2153.08 1019.68
00043672 00000356 1703.38 291.84 735.93 1017.53 1807.30 685.37 2137.79 653.90 1915.17 845.56 1843.96 1044.44 2155.49 1015.25
00043673 00000357 1703.26 291.69 735.19 1037.78 1808.52 691.13 2128.68 661.77 1909.43 858.02 1846.07 1050.22 2150.44 1023.08
00043674 00000358 1703.28 311.79 729.90 1033.86 1810.88 717.83 2120.15 692.67 1910.51 882.85 1859.10 1059.34 2154.99 1036.48
00043675 00000359 1690.96 334.46 732.16 1052.54 1796.19 748.27 2108.34 721.02 1905.08 920.01 1852.41 1093.28 2153.30 1067.45
00043676 00000360 1673.49 356.08 728.28 1064.01 1764.85 767.74 2094.19 727.33 1888.32 950.95 1828.76 1131.32 2150.92 1098.49
00043677 00000361 1658.10 378.25 726.92 1072.60 1748.18 797.07 2070.41 756.69 1868.11 977.53 1810.81 1154.10 2130.73 1119.58
00043678 00000362 1643.88 389.38 734.03 1067.83 1740.82 799.30 2057.64 769.24 1854.50 987.82 1804.34 1160.88 2112.34 1134.95
00043679 00000363 1644.53 381.53 730.10 1068.00 1735.59 798.33 2048.09 767.58 1847.18 985.77 1797.44 1156.00 2102.04 1131.35
00043680 00000364 1649.32 375.34 727.64 1056.75 1730.90 792.37 2046.80 758.53 1842.14 980.22 1790.86 1147.18 2103.27 1121.45
00043681 00000365 1651.60 359.05 733.95 1064.52 1736.67 778.73 2053.94 748.52 1844.00 969.65 1796.59 1136.24 2105.49 1112.92
00043682 00000366 1657.61 350.23 735.26 1064.45 1744.48 765.30 2057.51 738.54 1847.51 961.86 1805.18 1127.21 2108.46 1106.68
00043683 00000367 1658.99 353.02 735.51 1056.20 1751.23 768.82 2062.76 744.31 1855.37 957.05 1808.41 1118.61 2110.55 1099.20
00043684 00000368 1659.19 344.56 740.83 1058.15 1753.15 756.38 2066.29 733.26 1857.79 949.72 1814.28 1113.58 2112.03 1095.74
00043685 00000369 1664.28 348.62 737.54 1049.66 1760.64 750.67 2071.83 730.17 1860.63 943.80 1819.01 1109.85 2114.23 1094.24
00043686 00000370 1666.99 344.29 739.12 1054.02 1766.38 746.58 2076.08 728.05 1863.84 943.07 1825.52 1114.92 2113.64 1100.75
00043687 00000371 1670.92 341.96 737.75 1059.33 1772.29 757.78 2080.39 739.34 1868.06 942.34 1820.99 1111.26 2112.78 1097.32
00043688 00000372 1677.19 338.02 734.09 1062.23 1780.09 758.50 2088.39 741.13 1870.98 936.94 1825.35 1112.04 2115.62 1098.46
00043689 00000373 1681.78 330.34 732.53 1069.21 1786.55 737.24 2091.09 726.48 1872.21 930.52 1832.71 1107.33 2112.57 1099.42
00043690 00000374 1688.92 346.64 731.44 1049.07 1789.33 724.78 2097.10 717.36 1873.16 927.89 1832.42 1105.03 2116.85 1100.16
00043691 00000375 1697.98 333.42 733.76 1061.35 1794.73 725.83 2106.84 712.88 1871.43 920.34 1821.35 1102.24 2100.32 1089.45
00043692 00000376 1699.65 333.14 732.53 1058.18 1795.47 722.90 2107.23 711.26 1871.82 915.73 1819.15 1098.97 2098.43 1087.05
00043693 00000377 1701.73 325.39 735.93 1059.49 1798.72 719.17 2108.70 709.46 1869.67 913.90 1825.66 1097.04 2097.73 1086.39
00043694 00000378 1704.11 326.92 731.11 1054.58 1795.67 717.81 2110.11 703.74 1870.98 912.14 1822.94 1099.74 2097.17 1086.03
00043695 00000379 1704.80 321.04 734.82 1062.05 1798.99 712.80 2113.88 701.99 1871.44 910.93 1825.03 1098.67 2097.49 1087.81
00043696 00000380 1706.22 329.97 731.78 1050.90 1798.67 714.52 2111.70 701.53 1871.76 912.58 1826.59 1098.82 2097.56 1086.17
00043697 00000381 1705.07 323.66 735.78 1061.76 1801.18 714.69 2115.02 706.00 1873.48 912.69 1826.16 1097.43 2098.19 1088.10
CROP_BBOX: 1280 0 3027 1706
