Video ID: 	BhJTxVjU9AU
H: 	1080
W: 	1920
FPS: 	25.0

FRAME INDEX X0 Y0 W H [Landmarks (5 Points)]

00004676 00000000 937.36 147.01 387.01 547.13 1038.66 355.87 1220.35 358.62 1129.27 439.37 1049.77 536.93 1217.42 539.15
00004677 00000001 937.40 150.50 386.93 542.85 1038.81 354.47 1220.34 357.63 1128.84 439.68 1049.49 535.19 1217.50 537.78
00004678 00000002 936.37 152.74 389.78 547.92 1038.93 355.38 1219.24 357.42 1128.94 440.58 1051.15 538.47 1216.72 539.75
00004679 00000003 936.73 154.99 389.87 552.28 1039.28 355.45 1218.19 356.88 1128.95 440.65 1052.84 541.34 1215.14 541.93
00004680 00000004 936.18 151.65 390.38 549.94 1038.09 356.61 1218.78 356.30 1129.62 441.04 1054.62 542.48 1215.90 541.72
00004681 00000005 937.94 146.86 386.37 539.90 1037.83 356.30 1217.83 355.16 1129.35 441.45 1057.88 544.22 1211.23 542.43
00004682 00000006 937.89 148.11 387.15 543.67 1038.38 356.90 1219.11 355.86 1130.35 442.01 1058.70 546.79 1211.46 545.02
00004683 00000007 937.67 150.51 386.84 542.94 1040.51 357.01 1219.52 355.73 1132.93 443.59 1062.32 547.70 1210.62 545.51
00004684 00000008 936.54 152.33 387.14 540.91 1040.70 357.42 1219.48 356.46 1133.21 444.68 1062.57 547.92 1209.39 546.13
00004685 00000009 936.86 152.93 387.67 544.20 1042.01 357.85 1220.16 356.92 1134.24 444.97 1064.10 549.53 1209.46 547.74
00004686 00000010 936.44 155.59 387.40 541.90 1044.11 358.98 1218.70 357.89 1135.99 445.82 1066.36 548.35 1208.15 546.44
00004687 00000011 936.44 155.47 386.60 542.32 1044.57 358.63 1218.78 358.53 1135.92 444.74 1066.04 547.42 1207.62 546.30
00004688 00000012 937.03 154.45 385.43 542.23 1044.81 358.02 1218.87 357.97 1136.56 444.55 1067.00 548.94 1204.30 548.08
00004689 00000013 937.14 154.10 384.43 542.18 1044.73 357.71 1218.31 357.96 1136.01 444.18 1066.87 549.23 1202.78 548.70
00004690 00000014 936.33 152.26 385.08 543.67 1044.27 357.28 1217.81 356.70 1135.98 443.52 1067.39 548.68 1203.58 547.35
00004691 00000015 936.81 152.17 385.19 543.79 1044.52 357.16 1218.02 354.95 1136.84 443.22 1068.81 548.28 1206.99 545.43
00004692 00000016 937.07 149.49 386.28 547.00 1043.65 357.05 1220.57 353.56 1137.80 442.10 1069.04 549.72 1211.90 545.48
00004693 00000017 937.84 149.04 385.83 547.18 1043.36 356.72 1221.30 353.42 1137.13 441.20 1066.78 549.61 1211.50 545.69
00004694 00000018 939.44 148.48 385.69 547.62 1043.51 360.23 1222.27 356.24 1135.72 438.89 1063.20 548.09 1214.08 544.03
00004695 00000019 940.77 150.11 388.02 550.60 1046.02 357.10 1227.26 356.92 1136.69 439.52 1061.15 547.72 1214.60 546.39
00004696 00000020 943.45 150.68 392.55 569.88 1050.24 354.28 1232.79 355.26 1141.04 437.83 1060.62 552.68 1217.96 553.02
00004697 00000021 948.33 149.19 390.45 566.71 1056.69 352.69 1238.94 354.46 1149.17 438.28 1065.31 550.34 1224.84 551.53
00004698 00000022 953.67 136.87 386.58 557.56 1060.27 351.41 1245.37 356.34 1155.85 438.56 1070.51 543.50 1232.29 547.34
00004699 00000023 955.46 138.05 386.93 556.47 1063.32 350.24 1249.32 354.76 1160.30 438.28 1073.29 543.90 1235.87 547.37
00004700 00000024 954.93 140.29 388.55 558.04 1065.14 351.56 1248.73 355.40 1162.84 439.09 1075.26 543.73 1237.58 546.51
00004701 00000025 954.59 139.13 388.44 558.51 1065.06 352.39 1248.16 354.94 1163.70 439.72 1077.10 545.02 1237.41 546.69
00004702 00000026 954.55 142.09 388.44 555.33 1065.83 353.22 1247.17 355.75 1165.05 439.90 1079.01 543.72 1238.91 545.10
00004703 00000027 955.08 142.96 388.31 554.74 1066.98 352.54 1246.47 354.89 1165.61 439.32 1080.88 543.79 1237.51 544.94
00004704 00000028 955.42 142.76 389.70 554.78 1068.01 351.84 1246.69 353.90 1166.02 438.60 1082.57 543.29 1237.05 543.98
00004705 00000029 956.10 141.18 390.03 555.45 1069.06 350.21 1247.15 353.53 1166.77 438.40 1082.71 541.76 1236.40 543.55
00004706 00000030 957.04 140.74 390.19 555.03 1069.40 350.22 1249.35 354.77 1166.92 439.27 1079.63 539.39 1239.27 542.39
00004707 00000031 957.62 141.03 391.18 561.10 1069.03 351.02 1250.36 354.86 1166.12 440.59 1078.55 542.94 1239.97 545.84
00004708 00000032 957.70 143.44 390.41 561.73 1070.04 350.15 1248.97 354.51 1165.80 439.86 1080.24 545.94 1235.54 549.41
00004709 00000033 958.93 137.94 384.75 548.66 1065.00 353.27 1249.01 357.08 1163.03 444.89 1078.57 547.81 1234.77 551.07
00004710 00000034 956.46 140.12 387.99 554.72 1066.33 351.70 1245.37 355.23 1163.86 440.49 1080.31 542.71 1235.86 544.82
00004711 00000035 955.96 141.16 387.63 557.56 1067.06 353.06 1244.31 352.90 1166.03 438.24 1085.02 546.23 1236.82 545.20
00004712 00000036 953.49 137.45 391.40 565.69 1069.96 355.49 1245.93 352.44 1173.82 440.91 1092.36 550.29 1241.56 546.64
00004713 00000037 953.69 136.80 387.95 558.01 1068.90 357.56 1248.10 352.66 1176.69 441.86 1094.58 550.10 1247.40 544.49
00004714 00000038 952.66 137.84 387.80 560.84 1067.86 358.88 1247.24 350.12 1177.39 440.96 1097.13 555.47 1247.18 546.52
00004715 00000039 950.61 139.93 387.87 558.55 1064.70 359.28 1243.93 350.47 1173.54 443.72 1093.70 556.09 1242.63 547.28
00004716 00000040 947.36 135.24 387.40 559.44 1059.27 360.63 1242.30 352.08 1167.13 443.16 1087.41 556.52 1241.06 547.70
00004717 00000041 945.15 133.44 387.94 559.23 1055.27 361.39 1237.81 350.92 1161.98 442.95 1086.69 555.74 1239.58 545.20
00004718 00000042 941.97 133.77 389.42 559.65 1052.50 361.29 1234.53 348.78 1159.98 443.50 1087.83 558.60 1236.33 546.45
00004719 00000043 939.69 132.00 390.37 559.85 1050.78 362.68 1231.79 349.02 1159.59 447.31 1089.34 560.91 1234.20 547.65
00004720 00000044 937.60 131.76 390.59 560.31 1049.29 362.93 1229.95 348.74 1158.36 448.84 1089.83 562.93 1231.32 549.20
00004721 00000045 934.91 132.11 392.68 569.12 1049.38 364.41 1229.05 349.86 1159.78 449.89 1091.63 567.23 1231.13 553.28
00004722 00000046 932.77 142.14 394.47 572.36 1049.35 366.24 1227.12 353.74 1158.75 452.29 1092.42 570.94 1228.71 558.82
00004723 00000047 931.38 143.58 396.26 572.75 1046.85 368.80 1228.06 358.93 1155.41 454.43 1084.58 568.49 1231.26 558.25
00004724 00000048 932.55 145.03 390.95 559.47 1045.13 371.16 1228.75 364.15 1153.32 455.65 1077.42 564.20 1232.44 556.75
00004725 00000049 930.73 148.27 391.44 559.26 1043.59 374.62 1229.09 371.66 1150.74 458.05 1068.81 560.55 1233.93 557.30
00004726 00000050 930.14 147.84 391.57 560.49 1042.47 375.34 1228.23 373.28 1148.97 460.46 1066.01 560.26 1232.99 558.09
00004727 00000051 930.50 148.12 391.06 562.98 1042.09 376.31 1227.16 375.21 1147.28 461.82 1064.59 562.34 1230.77 561.05
00004728 00000052 929.31 150.01 394.20 571.92 1043.42 375.86 1224.76 376.02 1147.21 461.25 1067.04 566.66 1226.84 565.55
00004729 00000053 929.21 148.62 396.10 574.89 1045.87 376.98 1226.38 378.57 1149.88 462.83 1067.51 567.46 1227.31 567.52
00004730 00000054 930.20 153.53 397.32 568.64 1048.38 375.42 1229.07 378.16 1153.08 462.26 1069.22 566.29 1228.54 567.29
00004731 00000055 933.58 150.14 396.53 572.44 1052.33 374.13 1233.17 378.15 1156.30 459.90 1071.41 565.25 1229.94 567.28
00004732 00000056 936.14 147.75 396.42 565.47 1056.24 371.06 1238.12 373.79 1160.91 456.12 1076.13 562.04 1231.41 562.96
00004733 00000057 939.52 145.82 395.82 560.37 1058.96 367.57 1242.34 369.72 1164.47 453.65 1077.60 558.65 1233.67 559.41
00004734 00000058 941.85 144.23 395.91 560.81 1059.80 369.36 1245.15 367.78 1165.85 454.08 1077.63 559.24 1237.63 556.75
00004735 00000059 943.56 145.81 396.55 563.55 1063.77 368.72 1247.08 368.11 1169.25 454.06 1079.62 560.48 1236.05 558.83
00004736 00000060 944.17 144.88 396.30 565.07 1063.18 367.87 1248.43 366.65 1169.48 454.14 1078.29 560.10 1239.16 558.21
00004737 00000061 944.94 144.67 394.22 557.40 1059.63 366.80 1250.01 365.67 1167.88 454.17 1074.09 555.15 1245.87 553.82
00004738 00000062 941.92 146.46 396.51 558.20 1057.69 365.26 1245.53 364.50 1163.32 451.39 1070.11 550.10 1243.97 548.74
00004739 00000063 937.66 151.90 399.66 562.78 1054.88 365.68 1239.21 365.23 1158.26 454.18 1069.09 551.83 1239.90 550.11
00004740 00000064 935.47 150.02 399.07 563.74 1050.62 367.27 1237.54 365.57 1155.87 457.63 1072.21 563.63 1232.76 560.89
00004741 00000065 937.87 145.96 393.07 563.40 1048.33 369.05 1235.88 365.94 1154.24 465.03 1074.92 572.06 1226.04 568.36
00004742 00000066 936.40 150.22 392.85 567.11 1046.70 370.36 1230.53 368.18 1150.05 469.38 1075.22 576.74 1216.81 573.72
00004743 00000067 932.41 148.95 395.65 581.41 1043.06 374.10 1225.57 371.38 1146.13 473.55 1072.89 583.17 1212.50 579.09
00004744 00000068 931.94 151.71 395.62 584.78 1040.46 376.80 1221.52 374.26 1143.26 478.43 1073.57 590.43 1209.32 586.88
00004745 00000069 930.24 154.32 397.97 582.82 1036.65 379.63 1219.30 375.39 1139.64 480.72 1070.64 590.79 1210.85 585.72
00004746 00000070 928.86 157.56 398.37 577.71 1034.67 378.18 1217.31 375.62 1135.63 480.64 1066.58 587.37 1208.29 583.74
00004747 00000071 925.72 153.61 398.89 585.23 1032.14 376.98 1214.61 374.98 1133.63 480.15 1064.66 586.11 1206.26 582.79
00004748 00000072 924.98 154.69 396.74 581.62 1030.57 373.72 1212.22 373.27 1130.09 477.93 1061.82 583.46 1201.94 581.66
00004749 00000073 923.95 153.16 393.40 582.97 1028.93 372.97 1208.16 373.01 1127.30 476.51 1057.63 580.93 1198.44 579.87
00004750 00000074 922.49 152.56 392.32 581.12 1026.77 371.71 1204.99 371.52 1124.22 473.74 1056.53 578.34 1194.85 577.14
00004751 00000075 922.12 155.99 390.94 576.63 1026.60 369.46 1204.02 369.61 1122.79 470.18 1056.96 576.72 1192.30 576.02
00004752 00000076 922.35 158.89 390.39 573.19 1025.55 367.02 1201.61 365.61 1120.99 466.93 1059.00 576.12 1190.92 574.24
00004753 00000077 921.71 158.30 390.30 569.14 1024.08 364.38 1200.85 363.17 1118.97 463.47 1059.22 573.96 1188.88 572.47
00004754 00000078 921.98 158.87 389.59 561.42 1023.04 363.99 1204.37 364.55 1118.07 464.33 1053.61 570.14 1191.33 570.39
00004755 00000079 921.97 159.22 388.93 559.74 1022.35 363.70 1204.10 364.71 1117.02 463.66 1052.60 569.60 1192.16 570.28
00004756 00000080 921.06 160.43 390.39 564.95 1021.25 363.50 1205.14 365.39 1116.49 462.48 1051.09 572.23 1192.47 573.47
00004757 00000081 920.79 160.69 392.60 571.73 1020.95 361.77 1202.51 362.58 1116.03 458.71 1054.24 575.58 1187.97 575.69
00004758 00000082 921.49 158.34 392.65 576.74 1020.44 358.86 1202.78 360.36 1113.62 458.09 1052.58 577.88 1183.41 578.45
00004759 00000083 923.12 157.69 392.29 573.44 1020.53 358.16 1203.11 360.58 1112.38 456.30 1050.65 575.80 1181.88 577.43
00004760 00000084 920.30 153.80 395.40 572.93 1017.10 357.76 1199.65 360.93 1107.10 453.77 1045.91 573.63 1177.61 576.23
00004761 00000085 918.26 151.44 395.66 572.18 1012.63 355.00 1195.03 359.33 1098.71 453.60 1040.09 570.99 1170.41 574.76
00004762 00000086 917.14 153.92 396.36 576.26 1008.51 351.69 1191.94 357.45 1089.86 454.27 1034.38 572.72 1163.70 577.84
00004763 00000087 918.99 151.19 393.13 577.99 1006.51 352.16 1187.90 359.94 1081.63 454.87 1026.56 570.81 1158.00 577.99
00004764 00000088 920.03 152.70 389.78 567.66 1002.64 354.88 1183.52 363.73 1073.82 457.85 1015.17 567.78 1154.08 575.88
00004765 00000089 921.83 152.96 385.35 555.07 998.58 355.54 1177.32 363.27 1065.90 456.93 1008.44 563.65 1149.34 570.57
00004766 00000090 921.26 156.28 385.86 549.88 996.06 355.70 1174.17 362.90 1061.20 455.09 1004.24 559.47 1147.77 565.93
00004767 00000091 921.53 153.17 384.74 549.62 995.42 356.86 1174.10 364.37 1061.03 455.49 1002.56 558.40 1148.38 565.07
00004768 00000092 922.65 152.66 383.65 541.37 995.04 359.05 1175.10 366.23 1060.12 457.66 1001.19 557.17 1148.54 563.41
00004769 00000093 921.63 152.19 383.82 546.18 997.31 359.54 1178.56 367.93 1065.99 459.89 1003.59 559.24 1151.59 566.44
00004770 00000094 920.16 154.11 385.72 552.91 999.28 360.70 1181.60 368.66 1071.67 461.92 1010.10 565.75 1153.88 572.73
00004771 00000095 918.73 155.98 390.79 563.79 1003.93 360.06 1188.91 369.97 1079.39 465.15 1016.42 569.02 1161.17 577.61
00004772 00000096 917.45 155.10 394.64 572.84 1006.56 360.74 1191.50 370.52 1085.79 465.82 1023.76 571.83 1166.17 580.03
00004773 00000097 918.15 155.95 394.08 573.04 1008.62 360.00 1195.92 368.70 1091.41 466.43 1028.73 572.53 1172.23 579.48
00004774 00000098 918.61 155.85 394.31 574.88 1010.60 360.35 1199.02 368.22 1095.86 465.28 1031.00 573.70 1176.99 579.91
00004775 00000099 919.04 158.20 393.85 573.70 1011.41 366.05 1197.61 371.16 1096.96 464.91 1033.08 575.49 1179.40 579.45
00004776 00000100 918.91 159.60 391.66 553.53 1010.69 369.68 1198.15 374.18 1096.17 465.87 1031.68 572.61 1179.43 576.01
00004777 00000101 919.44 155.91 388.97 546.78 1011.68 367.60 1197.65 372.89 1096.60 465.23 1031.49 568.29 1178.84 572.03
00004778 00000102 921.41 150.90 387.12 557.86 1012.43 367.14 1198.65 373.44 1097.75 466.29 1029.85 569.53 1179.00 574.36
00004779 00000103 921.29 151.33 387.89 565.84 1012.86 363.77 1198.16 371.65 1097.74 463.20 1030.62 568.30 1176.16 574.76
00004780 00000104 919.38 153.43 388.95 563.38 1011.61 359.23 1195.66 367.79 1095.38 459.38 1031.86 565.56 1172.22 572.51
00004781 00000105 917.81 154.27 390.15 561.95 1010.58 356.99 1194.14 366.32 1092.93 456.66 1030.09 563.47 1169.54 571.16
00004782 00000106 917.31 153.38 390.99 561.35 1009.98 355.34 1191.09 364.20 1091.43 455.20 1029.58 562.48 1166.09 569.90
00004783 00000107 914.70 156.27 392.22 554.51 1007.56 357.54 1185.51 364.80 1089.07 451.85 1029.65 558.42 1164.34 564.29
00004784 00000108 913.55 158.77 391.45 547.69 1006.37 358.54 1182.56 364.90 1086.75 446.45 1030.38 553.31 1162.93 558.20
00004785 00000109 912.86 156.68 390.17 546.44 1004.28 357.24 1181.27 361.16 1085.06 445.98 1029.04 551.73 1163.27 554.59
00004786 00000110 915.10 150.43 387.27 546.68 1003.87 356.20 1180.43 362.00 1082.61 448.62 1024.91 549.67 1162.06 554.25
00004787 00000111 915.74 145.90 385.01 541.01 1001.52 357.67 1176.72 363.44 1078.03 449.84 1017.11 546.83 1158.67 551.42
00004788 00000112 914.99 153.15 382.83 532.58 996.89 359.31 1171.86 363.56 1071.31 450.43 1011.03 547.27 1153.98 550.70
00004789 00000113 914.80 158.38 380.47 523.81 992.53 360.23 1174.47 363.54 1069.47 449.92 1010.72 551.85 1151.85 554.09
00004790 00000114 912.41 159.72 381.69 525.23 990.54 359.25 1172.62 364.00 1066.47 447.84 1005.60 550.59 1148.14 554.10
00004791 00000115 912.12 160.39 379.37 521.36 989.15 358.61 1171.03 364.15 1064.29 447.41 1003.41 550.34 1144.82 554.50
00004792 00000116 911.24 161.40 378.15 519.06 988.84 357.51 1170.46 365.31 1064.27 447.40 1000.88 548.40 1141.63 554.62
00004793 00000117 911.55 159.23 380.14 530.46 989.95 357.27 1171.68 364.07 1065.98 449.00 1006.09 553.96 1142.42 559.38
00004794 00000118 911.40 155.63 381.56 543.49 994.97 358.07 1168.37 366.17 1067.17 450.35 1006.42 552.85 1141.00 559.83
00004795 00000119 912.93 151.89 381.08 547.50 999.70 359.67 1176.24 369.33 1073.71 455.69 1007.28 555.49 1150.36 563.51
00004796 00000120 913.93 153.47 384.71 548.23 1002.81 359.01 1182.30 370.03 1078.25 456.24 1009.44 556.73 1155.39 565.92
00004797 00000121 914.86 153.93 385.32 553.03 1004.68 358.79 1185.13 370.82 1081.26 456.05 1011.39 558.79 1156.93 569.07
00004798 00000122 914.93 157.26 386.31 554.11 1006.25 359.20 1186.26 372.43 1082.89 456.78 1013.77 559.87 1157.43 571.10
00004799 00000123 915.19 155.84 385.34 555.02 1007.39 359.39 1186.58 373.11 1084.10 458.58 1014.26 560.50 1157.32 572.03
00004800 00000124 916.50 155.57 384.27 554.19 1008.14 358.57 1187.96 372.49 1084.59 458.81 1013.94 559.89 1158.08 571.58
00004801 00000125 916.65 156.15 384.65 553.58 1008.34 357.02 1188.66 370.53 1085.14 456.49 1015.01 558.75 1159.85 570.14
00004802 00000126 915.04 154.58 384.79 553.19 1006.79 358.73 1185.51 369.36 1085.55 453.34 1016.34 557.53 1160.24 566.61
00004803 00000127 911.85 149.56 394.95 578.83 1007.14 371.35 1194.47 369.95 1099.75 467.65 1035.88 578.94 1187.66 577.26
00004804 00000128 910.88 153.54 396.25 572.73 1007.24 369.90 1194.34 370.25 1100.81 465.68 1034.50 571.47 1188.01 571.13
00004805 00000129 910.63 154.65 398.21 574.65 1007.10 370.17 1193.47 370.32 1100.49 465.72 1031.46 568.88 1191.20 568.03
00004806 00000130 910.82 153.91 398.73 578.00 1007.70 370.04 1194.15 369.79 1101.30 466.62 1033.04 569.95 1192.66 568.73
00004807 00000131 912.39 153.92 395.01 575.51 1008.39 368.24 1194.82 368.45 1101.90 466.98 1036.02 574.13 1187.28 573.80
00004808 00000132 912.47 152.70 395.45 583.88 1007.59 366.07 1193.23 366.64 1101.79 467.61 1037.93 577.84 1182.88 577.78
00004809 00000133 911.55 154.52 395.67 581.49 1006.90 367.09 1192.40 368.01 1101.41 469.73 1037.77 578.56 1181.17 578.93
00004810 00000134 911.34 154.51 395.07 577.46 1007.40 370.64 1191.20 372.18 1100.28 472.88 1036.25 576.51 1182.37 577.43
00004811 00000135 911.42 154.47 394.74 575.23 1006.90 371.84 1190.95 373.47 1099.17 473.47 1035.06 577.17 1181.88 578.17
00004812 00000136 911.24 155.62 393.21 568.16 1007.00 373.68 1192.37 376.02 1097.82 473.71 1031.67 577.54 1181.64 579.17
00004813 00000137 911.28 155.43 392.71 566.39 1006.90 373.82 1192.21 376.99 1096.42 473.36 1028.59 575.86 1181.14 578.17
00004814 00000138 911.17 155.07 393.57 569.20 1006.84 372.44 1193.31 376.45 1096.61 472.53 1028.24 575.58 1180.84 578.59
00004815 00000139 911.25 155.43 392.94 564.31 1008.60 370.60 1194.35 375.80 1098.64 472.44 1029.72 575.02 1177.81 579.22
00004816 00000140 912.63 154.15 391.66 560.51 1009.59 369.46 1194.25 375.11 1098.81 471.63 1030.67 574.35 1175.10 578.93
00004817 00000141 914.43 154.83 391.46 562.74 1010.51 367.41 1195.09 373.35 1099.44 469.83 1032.26 573.20 1175.53 578.03
00004818 00000142 914.49 154.99 392.70 565.69 1010.73 365.18 1195.33 371.44 1100.34 466.99 1033.97 571.27 1177.37 576.28
00004819 00000143 916.32 154.84 391.22 560.87 1012.23 364.21 1195.00 370.54 1100.75 463.34 1034.26 567.55 1177.43 572.60
00004820 00000144 917.19 151.75 388.80 554.42 1011.54 367.08 1195.22 373.66 1099.26 464.86 1028.57 565.96 1178.50 571.06
00004821 00000145 917.12 156.05 387.49 548.08 1011.77 370.61 1194.64 375.17 1097.48 463.75 1029.72 568.20 1177.58 571.55
00004822 00000146 918.27 158.15 387.07 557.66 1011.26 368.79 1196.38 372.40 1097.18 462.89 1030.69 572.95 1180.76 575.62
00004823 00000147 919.42 155.76 388.23 570.59 1011.79 364.66 1196.54 369.72 1097.84 461.42 1031.58 574.01 1178.55 578.17
00004824 00000148 918.54 155.08 389.32 568.09 1012.52 359.85 1197.42 368.00 1098.43 459.60 1032.24 570.64 1174.78 577.34
00004825 00000149 917.98 151.79 389.16 564.26 1014.02 358.56 1197.07 367.47 1099.14 457.73 1032.78 567.50 1172.11 574.85
00004826 00000150 918.05 152.99 390.01 560.40 1015.25 357.92 1196.86 367.38 1098.99 456.42 1032.98 564.45 1171.52 572.39
00004827 00000151 919.05 153.92 389.10 554.02 1014.93 358.92 1196.56 368.22 1097.35 455.72 1030.99 562.74 1172.14 570.53
00004828 00000152 920.10 152.57 389.03 554.11 1015.65 358.42 1197.93 368.07 1096.48 454.39 1029.26 560.37 1174.85 568.41
00004829 00000153 920.22 154.29 391.56 554.69 1015.01 358.03 1200.34 367.57 1095.35 452.25 1026.77 557.48 1178.03 565.28
00004830 00000154 922.58 157.50 390.74 550.39 1015.36 357.28 1201.46 367.78 1093.10 452.90 1024.13 555.33 1177.85 564.09
00004831 00000155 924.44 159.59 391.92 561.28 1013.33 355.35 1200.02 367.37 1088.71 457.18 1019.01 556.73 1175.98 566.89
00004832 00000156 927.51 156.12 390.64 562.21 1013.11 354.72 1197.27 368.46 1082.88 460.03 1014.57 561.69 1163.95 573.81
00004833 00000157 929.78 159.78 388.75 542.84 1011.00 359.67 1191.90 374.14 1074.62 464.65 1009.42 562.34 1154.07 575.00
00004834 00000158 928.92 157.61 393.07 551.46 1011.39 358.22 1192.15 374.23 1073.73 466.25 1009.98 564.25 1150.59 578.24
00004835 00000159 929.93 160.56 394.31 556.86 1014.34 358.31 1194.54 373.91 1076.16 466.39 1013.82 566.26 1151.67 580.25
00004836 00000160 931.18 162.86 397.31 558.09 1016.33 358.84 1197.17 374.80 1077.97 466.31 1017.03 566.91 1155.27 581.14
00004837 00000161 932.40 162.22 396.81 559.40 1018.87 358.60 1198.72 375.12 1082.05 466.48 1020.49 565.55 1158.17 580.09
00004838 00000162 931.80 164.88 399.58 560.22 1019.50 359.64 1202.95 373.54 1087.04 466.55 1023.43 568.83 1164.54 581.08
00004839 00000163 933.52 163.50 398.63 563.18 1022.45 360.05 1205.22 372.70 1092.15 466.33 1028.18 569.51 1169.72 580.69
00004840 00000164 933.59 163.62 399.64 557.77 1024.21 360.77 1207.80 373.84 1096.15 464.77 1029.95 567.66 1173.10 579.13
00004841 00000165 936.53 156.32 396.64 567.28 1028.39 361.08 1212.19 375.22 1101.87 465.62 1033.76 569.55 1178.15 581.78
00004842 00000166 936.90 160.44 396.42 568.22 1032.44 365.38 1215.24 379.88 1107.04 465.22 1037.24 569.85 1183.40 582.16
00004843 00000167 938.65 158.80 396.25 567.25 1034.16 366.54 1216.90 379.90 1109.96 463.70 1038.59 566.08 1189.37 577.40
00004844 00000168 942.00 151.44 393.92 566.48 1036.07 365.09 1220.64 376.72 1114.14 460.63 1042.80 562.89 1196.74 572.34
00004845 00000169 942.73 149.12 394.91 571.03 1038.74 360.18 1225.25 373.37 1119.17 457.39 1045.40 559.78 1201.84 570.36
00004846 00000170 943.84 150.99 394.63 570.08 1041.25 357.58 1226.43 370.03 1122.57 454.91 1049.01 559.41 1201.22 569.60
00004847 00000171 944.43 148.69 394.25 571.62 1041.46 357.38 1227.32 369.78 1123.20 455.68 1050.30 560.23 1201.99 570.33
00004848 00000172 943.14 147.18 394.58 567.14 1041.10 357.16 1228.41 369.75 1123.53 454.19 1049.46 559.01 1201.77 569.15
00004849 00000173 941.76 148.88 393.91 563.50 1040.09 356.84 1225.84 369.09 1122.43 453.26 1049.92 558.20 1199.23 568.14
00004850 00000174 941.69 146.39 392.93 568.36 1038.64 357.59 1224.73 369.74 1120.24 453.17 1047.90 559.05 1198.73 569.02
00004851 00000175 939.47 146.10 395.05 577.82 1037.10 356.50 1222.64 368.90 1118.67 455.76 1046.68 562.39 1193.73 572.42
00004852 00000176 936.99 150.54 394.93 575.22 1036.28 356.54 1218.57 369.86 1115.91 456.06 1045.04 565.24 1183.27 576.30
00004853 00000177 933.77 153.30 395.47 573.08 1034.29 358.42 1213.13 370.85 1114.72 454.88 1046.37 568.03 1176.20 578.54
00004854 00000178 932.96 153.55 396.08 580.81 1032.77 357.37 1212.17 369.20 1112.49 455.82 1043.61 573.12 1173.24 583.26
00004855 00000179 931.67 152.66 396.79 588.05 1032.32 356.16 1214.09 366.64 1113.56 457.34 1043.65 578.41 1174.12 587.18
00004856 00000180 931.86 152.04 396.88 592.82 1032.57 356.61 1216.00 366.02 1114.72 458.74 1043.77 581.50 1176.29 589.23
00004857 00000181 933.00 151.61 398.24 590.93 1033.90 358.37 1216.73 367.80 1116.24 459.15 1046.59 578.58 1181.43 586.18
00004858 00000182 935.75 150.58 397.50 583.09 1034.83 360.16 1217.88 369.87 1117.38 458.79 1048.42 573.18 1186.21 581.02
00004859 00000183 939.37 147.53 395.89 573.88 1036.60 360.59 1221.97 369.83 1120.20 457.64 1050.96 567.10 1193.93 574.38
00004860 00000184 941.76 143.16 395.24 570.44 1039.97 359.82 1225.55 371.49 1123.19 457.50 1053.05 563.55 1195.12 572.64
00004861 00000185 940.44 144.56 398.48 572.07 1042.68 357.88 1227.09 370.55 1126.63 456.46 1055.94 562.17 1194.70 572.16
00004862 00000186 942.28 145.84 399.02 572.77 1045.60 357.23 1228.06 369.51 1129.48 456.04 1059.25 563.09 1194.59 573.02
00004863 00000187 942.88 144.69 399.45 578.04 1045.81 357.22 1230.20 369.01 1130.72 455.48 1058.50 565.31 1197.30 574.83
00004864 00000188 945.56 143.79 396.48 566.72 1045.99 358.05 1232.45 369.19 1131.00 455.76 1057.74 561.05 1203.10 569.95
00004865 00000189 945.34 140.97 395.88 566.35 1045.17 357.84 1233.05 368.04 1130.80 452.38 1055.14 557.70 1207.24 565.61
00004866 00000190 944.77 141.59 395.62 565.03 1045.42 356.00 1233.07 368.23 1130.65 448.95 1051.72 552.80 1209.25 562.37
00004867 00000191 944.78 142.55 395.29 568.91 1045.74 354.77 1233.85 367.64 1131.26 447.59 1049.53 551.12 1211.52 561.35
00004868 00000192 944.93 146.44 395.77 576.16 1045.99 354.61 1233.19 366.81 1130.52 449.23 1050.35 555.28 1211.00 565.12
00004869 00000193 945.16 149.77 398.21 584.61 1046.27 355.80 1233.48 366.70 1129.82 453.25 1051.41 562.32 1209.67 571.34
00004870 00000194 948.55 140.19 391.45 580.26 1045.10 357.95 1236.01 368.83 1130.71 457.11 1054.11 567.10 1207.64 576.01
00004871 00000195 949.27 140.17 390.13 576.21 1046.13 358.22 1235.09 368.21 1132.11 457.71 1056.69 568.33 1203.81 576.67
00004872 00000196 949.17 141.89 390.68 568.01 1047.96 357.06 1235.82 367.40 1134.50 457.40 1058.79 565.76 1203.46 574.28
00004873 00000197 948.53 146.03 392.73 571.66 1049.69 353.76 1235.95 364.23 1135.76 451.47 1060.00 562.96 1203.36 571.60
00004874 00000198 949.51 152.19 395.29 579.01 1052.50 351.20 1237.25 361.24 1136.54 449.88 1059.77 564.22 1205.17 572.51
00004875 00000199 951.82 149.33 394.00 577.07 1054.21 351.24 1238.06 360.68 1139.06 449.56 1062.79 559.90 1209.73 567.60
00004876 00000200 953.53 148.44 392.15 569.59 1055.39 352.37 1239.03 362.85 1140.01 450.05 1063.64 557.38 1211.04 565.97
00004877 00000201 952.98 148.91 393.96 570.53 1057.17 355.44 1241.07 367.55 1143.33 455.18 1065.06 559.35 1213.79 569.06
00004878 00000202 952.27 146.67 395.50 577.36 1056.97 360.20 1241.99 372.30 1144.32 459.64 1064.32 563.81 1217.76 573.51
00004879 00000203 951.13 146.18 396.24 579.03 1056.50 363.93 1241.40 374.89 1144.98 462.85 1064.89 566.33 1218.75 575.19
00004880 00000204 950.86 144.82 395.98 580.15 1056.25 364.50 1241.29 375.72 1145.50 463.93 1065.74 567.00 1218.65 575.99
00004881 00000205 950.48 146.79 397.64 583.46 1057.69 363.54 1241.33 376.14 1146.15 463.10 1065.32 566.86 1216.82 577.02
00004882 00000206 950.08 150.53 398.80 585.76 1059.04 365.78 1237.99 378.47 1143.98 461.94 1065.87 567.26 1214.78 577.32
00004883 00000207 949.77 152.20 399.64 581.85 1057.76 362.25 1237.10 373.27 1142.75 458.28 1066.21 564.81 1213.34 573.49
00004884 00000208 951.06 149.95 394.40 559.41 1053.01 362.84 1235.75 371.50 1139.07 456.47 1065.18 559.02 1214.41 565.49
00004885 00000209 950.45 145.10 390.90 560.33 1048.03 361.40 1233.09 367.42 1134.18 454.12 1061.54 559.50 1211.49 563.98
00004886 00000210 946.94 144.91 390.76 564.59 1044.20 360.41 1230.29 367.04 1129.47 453.48 1057.97 562.08 1206.63 567.21
00004887 00000211 940.07 144.40 393.60 575.08 1038.04 358.23 1221.22 365.43 1121.44 452.80 1052.63 564.59 1193.44 570.28
00004888 00000212 934.47 148.64 394.99 569.07 1031.02 358.14 1213.81 366.15 1113.25 453.92 1044.26 565.05 1185.17 571.73
00004889 00000213 928.17 154.73 397.57 568.10 1022.08 355.99 1204.41 363.25 1103.99 455.93 1040.45 568.07 1174.39 574.38
00004890 00000214 922.34 152.79 399.55 571.44 1016.63 357.23 1198.67 365.15 1099.51 456.54 1038.02 569.87 1169.48 576.68
00004891 00000215 919.58 152.92 396.07 565.59 1013.23 356.86 1197.84 366.02 1095.60 458.92 1032.49 566.47 1169.83 574.10
00004892 00000216 916.80 153.06 395.93 562.22 1010.14 355.49 1193.56 365.40 1091.21 457.52 1026.68 561.82 1166.14 570.15
00004893 00000217 914.02 154.80 394.29 554.80 1004.19 355.46 1183.91 363.41 1082.11 454.14 1020.95 556.88 1159.98 563.66
00004894 00000218 913.27 152.15 390.16 552.19 999.10 356.81 1176.18 363.85 1074.85 452.69 1013.77 553.25 1154.75 559.27
00004895 00000219 911.11 155.19 388.11 544.21 992.66 358.05 1169.96 361.46 1069.09 452.35 1009.62 553.03 1149.18 556.05
00004896 00000220 910.22 160.70 384.36 540.59 989.01 360.31 1165.33 361.39 1063.35 451.37 1006.66 553.77 1146.52 555.01
00004897 00000221 906.85 162.87 385.63 544.14 985.17 362.22 1161.15 360.54 1059.84 450.63 1006.01 557.85 1145.29 557.08
00004898 00000222 901.41 154.67 392.38 551.85 980.89 368.09 1160.42 359.00 1054.81 452.17 1004.60 566.84 1151.81 559.55
00004899 00000223 899.84 153.85 392.37 550.42 977.42 370.80 1159.82 362.55 1050.49 456.10 999.73 568.08 1151.90 561.81
00004900 00000224 897.29 152.49 395.08 550.87 974.10 373.10 1159.94 365.08 1048.37 459.95 996.19 569.20 1152.56 563.11
00004901 00000225 895.00 150.26 394.37 551.66 971.93 375.20 1159.91 367.05 1048.33 463.93 993.93 571.65 1153.82 565.09
00004902 00000226 893.08 149.31 392.11 552.98 969.32 378.23 1156.36 368.98 1045.90 468.76 992.62 576.31 1150.75 568.55
00004903 00000227 888.24 151.46 394.58 555.22 966.83 383.54 1151.02 372.43 1044.69 473.47 992.15 579.89 1148.41 570.20
00004904 00000228 886.79 156.42 399.73 569.36 969.53 385.41 1150.72 373.52 1046.54 476.80 995.25 584.16 1150.38 573.41
00004905 00000229 885.32 158.92 399.91 572.76 972.23 389.56 1151.28 376.29 1051.69 483.10 1003.07 590.85 1152.08 578.92
00004906 00000230 886.08 156.88 401.75 575.28 976.78 388.68 1156.91 376.81 1059.46 483.08 1009.68 590.76 1158.11 579.60
00004907 00000231 889.22 156.80 402.27 572.63 980.74 384.24 1162.00 372.14 1066.83 477.33 1014.29 584.87 1164.76 573.31
00004908 00000232 892.43 157.15 400.60 564.72 986.02 381.39 1166.99 369.56 1074.42 471.25 1020.26 580.87 1168.83 569.59
00004909 00000233 897.87 161.22 398.27 558.98 993.13 375.51 1172.95 364.87 1080.77 461.28 1025.05 574.88 1173.04 565.07
00004910 00000234 902.61 161.65 394.98 558.24 997.81 365.94 1181.54 364.78 1087.55 451.12 1025.42 563.54 1171.49 562.68
00004911 00000235 904.28 161.52 392.04 557.63 999.86 361.84 1184.26 361.86 1089.77 444.59 1025.57 559.45 1174.56 559.40
00004912 00000236 905.58 160.34 391.22 552.67 1003.69 354.69 1187.28 358.45 1093.37 439.06 1026.87 552.29 1173.88 555.04
00004913 00000237 906.81 157.51 386.98 545.57 1005.42 354.35 1189.73 358.54 1093.91 439.29 1023.45 548.41 1174.92 551.32
00004914 00000238 908.07 152.88 386.80 543.94 1007.55 351.12 1189.19 354.98 1096.01 436.89 1026.27 544.04 1174.40 546.67
00004915 00000239 907.54 151.56 387.41 546.75 1009.60 347.90 1189.84 352.69 1100.19 433.03 1028.75 541.51 1175.46 545.05
00004916 00000240 906.75 150.00 389.05 551.18 1010.68 346.36 1188.11 351.02 1101.82 431.89 1032.82 539.14 1175.62 542.45
00004917 00000241 907.24 150.11 387.90 556.00 1010.79 345.94 1187.88 351.82 1101.52 431.32 1031.20 539.74 1175.32 544.09
00004918 00000242 907.10 150.91 387.59 555.73 1010.50 347.20 1188.07 353.00 1102.15 432.54 1031.24 542.37 1174.59 546.74
00004919 00000243 906.59 150.42 388.44 556.59 1010.50 347.29 1187.89 353.04 1102.36 432.47 1031.20 542.62 1174.13 547.04
00004920 00000244 906.67 149.38 388.07 556.25 1010.44 347.53 1188.74 352.55 1103.15 432.81 1031.13 543.03 1175.56 546.84
00004921 00000245 907.44 149.01 389.37 557.67 1011.31 348.42 1190.45 352.74 1104.61 436.03 1031.80 544.96 1177.82 548.13
00004922 00000246 910.14 150.13 389.44 555.64 1013.04 350.86 1194.15 354.62 1106.84 438.88 1034.58 549.25 1181.10 551.89
00004923 00000247 913.23 148.86 389.10 555.55 1015.85 355.30 1199.39 359.51 1109.64 442.07 1035.64 551.31 1186.50 554.22
00004924 00000248 917.05 149.33 387.76 551.96 1020.71 357.45 1204.05 365.07 1112.41 443.87 1036.05 550.78 1187.94 556.44
00004925 00000249 921.59 151.18 386.13 552.19 1024.75 359.60 1208.36 368.63 1114.24 446.49 1037.19 553.97 1190.58 560.80
00004926 00000250 923.26 151.67 387.06 557.46 1027.23 362.27 1212.18 371.61 1116.99 450.56 1039.52 558.79 1193.87 566.05
00004927 00000251 926.24 153.11 389.85 563.96 1029.57 362.65 1214.73 372.90 1119.18 453.37 1041.68 562.24 1195.54 570.44
00004928 00000252 927.80 151.17 391.43 567.44 1032.28 361.98 1218.00 373.27 1122.36 454.67 1043.86 562.74 1197.07 571.65
00004929 00000253 928.02 149.87 391.87 563.72 1033.01 361.95 1219.01 373.05 1123.77 455.09 1045.02 562.47 1197.47 571.19
00004930 00000254 928.04 147.82 392.60 567.34 1032.52 361.35 1220.10 374.77 1122.15 454.70 1042.50 561.28 1198.20 571.84
00004931 00000255 929.70 146.71 391.95 573.99 1031.40 362.47 1218.64 376.37 1119.55 457.92 1039.88 564.06 1196.66 575.12
00004932 00000256 931.18 152.12 394.31 570.60 1031.76 362.94 1220.11 376.25 1119.41 460.19 1041.22 568.45 1194.98 578.90
00004933 00000257 930.82 151.11 399.87 586.52 1032.96 364.21 1219.40 376.45 1119.28 462.10 1041.67 571.96 1196.05 581.41
00004934 00000258 934.25 152.39 400.40 587.06 1035.82 361.83 1224.38 374.69 1121.59 460.62 1041.32 569.99 1199.33 580.08
00004935 00000259 939.76 148.18 398.22 584.35 1040.32 355.81 1227.84 370.79 1122.88 450.67 1042.75 560.30 1201.97 572.56
00004936 00000260 942.00 144.12 400.15 577.33 1043.31 346.96 1234.10 360.31 1123.28 431.89 1042.32 546.12 1208.53 556.95
00004937 00000261 945.42 132.32 403.16 575.05 1043.16 338.10 1238.32 346.84 1123.87 417.98 1044.63 538.21 1214.43 545.44
00004938 00000262 947.93 126.59 404.16 576.40 1047.05 333.64 1244.51 342.14 1130.52 414.05 1046.54 533.12 1218.89 540.33
00004939 00000263 951.65 122.87 408.60 580.39 1052.00 335.07 1250.40 343.63 1136.39 416.75 1052.22 535.10 1224.15 542.00
00004940 00000264 955.71 120.58 411.50 586.50 1056.94 338.67 1257.88 349.23 1141.91 423.42 1057.14 539.87 1232.24 548.28
00004941 00000265 962.19 124.01 409.95 584.09 1065.59 347.33 1264.41 359.80 1151.56 441.32 1065.26 550.23 1235.53 560.97
00004942 00000266 967.95 122.40 409.39 590.28 1076.72 351.53 1278.91 369.46 1165.78 455.16 1072.29 551.90 1246.65 566.91
00004943 00000267 972.72 124.62 408.67 596.94 1082.18 356.97 1286.49 374.21 1173.39 464.52 1076.61 558.95 1254.79 573.75
00004944 00000268 975.18 123.02 412.95 599.51 1084.02 361.03 1292.44 378.35 1176.78 468.88 1080.76 564.81 1259.94 579.73
00004945 00000269 982.03 131.39 410.94 599.47 1092.46 365.66 1293.29 387.20 1188.58 473.12 1095.17 573.47 1262.17 590.21
00004946 00000270 982.75 132.82 415.42 609.45 1096.99 365.80 1295.60 386.50 1193.24 474.74 1100.46 577.48 1261.52 593.55
00004947 00000271 983.51 132.62 416.40 620.87 1099.37 365.70 1294.74 383.51 1196.56 474.92 1103.90 582.39 1261.36 595.86
00004948 00000272 985.31 133.28 415.56 618.23 1100.45 366.11 1296.38 384.93 1197.01 473.77 1103.07 580.78 1263.88 595.03
00004949 00000273 985.15 132.14 416.05 619.65 1100.95 366.38 1298.60 386.51 1197.97 472.75 1100.34 579.11 1268.59 594.39
00004950 00000274 985.58 133.25 414.81 617.18 1100.96 365.57 1298.44 385.71 1197.51 470.99 1100.29 577.97 1268.42 593.43
00004951 00000275 985.62 134.41 413.19 616.72 1100.89 364.05 1297.29 385.03 1196.05 470.00 1097.62 576.31 1267.10 592.60
00004952 00000276 986.37 133.52 409.52 619.16 1097.50 364.75 1294.32 384.57 1190.91 469.10 1093.88 575.98 1265.97 591.40
00004953 00000277 984.27 142.94 407.09 604.18 1092.60 364.50 1289.76 385.13 1183.28 466.44 1085.93 569.82 1261.10 586.05
00004954 DELETE   980.67 143.20 399.65 590.53 1082.84 358.04 1275.67 376.66 1168.07 457.79 1078.26 557.51 1245.41 572.76
00004955 DELETE   960.54 122.26 410.00 595.34 1051.22 348.11 1246.65 355.68 1127.40 444.00 1054.35 550.75 1220.62 557.44
00004956 DELETE   934.55 121.85 414.03 581.13 1015.39 344.77 1201.42 346.87 1070.70 429.59 1018.07 537.25 1182.57 539.47
00004957 00000281 1020.98 143.45 397.20 574.73 1123.78 359.29 1309.73 368.43 1211.67 455.18 1124.46 548.32 1299.15 556.36
00004958 00000282 1022.45 146.85 399.23 583.16 1130.05 358.66 1313.12 369.89 1217.41 456.21 1127.34 551.34 1300.80 561.32
00004959 00000283 1024.82 149.78 399.07 582.73 1135.39 356.87 1316.24 371.92 1220.09 456.80 1129.79 550.28 1300.26 563.63
00004960 00000284 1025.74 146.34 399.68 580.07 1135.08 358.53 1317.13 371.36 1221.76 455.43 1131.47 548.64 1304.70 560.28
00004961 00000285 1025.40 142.02 399.67 568.50 1131.74 359.11 1317.20 370.63 1219.81 454.39 1131.49 547.36 1303.52 558.09
00004962 00000286 1026.78 142.62 398.15 564.96 1133.78 358.38 1318.50 370.65 1222.07 456.81 1134.24 549.06 1302.41 560.31
00004963 00000287 1024.55 145.59 401.38 570.53 1134.89 358.55 1318.11 372.96 1222.96 461.76 1134.75 552.69 1298.50 565.22
00004964 00000288 1022.80 149.62 402.22 577.18 1135.56 359.08 1316.50 375.44 1221.66 462.94 1134.11 557.47 1293.34 571.24
00004965 00000289 1019.73 149.80 403.98 575.59 1132.71 359.16 1313.52 375.00 1219.63 462.04 1134.75 558.04 1290.39 571.05
00004966 00000290 1019.01 144.37 400.64 569.62 1128.80 360.57 1311.37 374.89 1217.39 462.61 1131.22 555.17 1290.13 566.97
00004967 00000291 1016.25 143.84 400.05 570.15 1124.44 360.45 1307.45 373.86 1213.60 461.32 1126.13 552.22 1288.87 563.25
00004968 00000292 1013.06 146.74 401.27 570.60 1120.60 361.10 1304.63 374.42 1209.72 461.60 1120.35 548.60 1290.72 559.59
00004969 00000293 1010.40 148.25 401.99 569.03 1116.26 363.08 1302.53 375.85 1205.66 462.90 1115.10 545.95 1293.73 556.33
00004970 00000294 1008.79 146.83 403.29 574.55 1115.14 365.27 1301.24 377.03 1204.83 463.90 1113.30 545.07 1296.19 554.60
00004971 00000295 1007.24 150.01 404.46 577.26 1114.41 364.99 1299.36 376.84 1202.91 463.46 1112.49 546.99 1294.49 556.34
00004972 00000296 1008.62 148.61 400.95 574.74 1113.17 363.78 1299.72 374.75 1202.70 462.95 1118.59 554.89 1290.36 563.31
00004973 00000297 1009.75 145.70 396.09 561.19 1111.49 365.16 1297.94 375.47 1201.51 464.77 1120.39 557.47 1284.18 565.44
00004974 00000298 1008.97 148.35 394.72 559.63 1110.11 366.34 1296.52 375.89 1200.06 465.19 1121.03 560.60 1282.24 567.88
00004975 00000299 1008.60 147.05 393.24 568.49 1108.80 365.72 1295.16 373.84 1199.39 467.00 1121.87 565.97 1279.96 572.05
00004976 00000300 1005.85 146.66 394.29 566.56 1106.84 364.32 1290.81 373.62 1195.70 465.82 1119.28 566.27 1271.55 573.48
00004977 00000301 1002.47 146.41 396.33 574.56 1104.15 363.03 1286.53 372.19 1193.86 465.63 1118.66 567.87 1267.55 574.94
00004978 00000302 1000.57 149.36 395.09 567.78 1101.65 364.33 1283.94 372.53 1191.98 465.47 1116.38 567.00 1267.61 573.40
00004979 00000303 998.00 152.77 396.21 572.20 1098.98 364.25 1280.91 372.67 1189.43 464.94 1112.42 566.55 1266.36 573.14
00004980 00000304 997.88 155.79 397.06 576.62 1097.00 365.73 1278.61 372.41 1187.22 466.15 1111.85 569.32 1268.34 574.16
00004981 00000305 996.07 151.04 396.15 578.19 1095.10 368.22 1277.00 373.96 1186.30 470.42 1113.09 572.14 1264.93 576.45
00004982 00000306 994.94 148.83 396.46 573.57 1095.76 370.12 1277.67 374.36 1188.65 474.81 1116.93 574.82 1263.13 578.15
00004983 00000307 995.56 150.06 395.13 576.17 1094.73 371.77 1274.97 374.53 1186.69 476.41 1118.19 577.79 1259.92 579.89
00004984 00000308 994.24 151.03 396.68 579.50 1093.88 373.30 1274.73 376.24 1185.92 476.58 1117.13 579.21 1260.70 581.29
00004985 00000309 992.45 152.07 400.95 586.22 1092.22 373.53 1274.32 375.89 1184.87 474.53 1115.16 581.46 1262.39 582.78
00004986 00000310 993.23 151.72 401.44 593.05 1091.52 374.91 1273.95 375.16 1183.68 474.51 1114.65 586.06 1265.86 585.44
00004987 00000311 993.00 152.07 402.71 598.39 1091.72 375.53 1274.99 375.37 1183.88 475.15 1114.29 585.84 1271.31 584.56
00004988 00000312 993.17 153.03 402.14 591.80 1091.74 376.07 1274.98 376.68 1183.89 474.67 1114.43 582.64 1271.87 582.08
00004989 00000313 993.83 149.90 400.19 588.36 1093.20 375.75 1277.18 379.05 1185.54 472.92 1112.74 577.06 1272.63 578.85
00004990 00000314 992.44 150.94 397.53 578.34 1093.58 379.20 1274.40 378.39 1186.13 468.52 1114.33 571.66 1274.47 570.17
00004991 00000315 992.77 152.14 395.87 572.79 1092.75 376.06 1274.24 377.01 1185.32 465.43 1111.91 566.52 1273.48 566.40
00004992 00000316 992.29 159.09 394.08 564.30 1089.24 370.95 1273.60 375.26 1178.84 463.65 1104.94 562.88 1268.60 565.62
00004993 00000317 990.25 155.46 392.02 565.78 1084.71 369.37 1269.09 374.54 1172.44 463.68 1097.99 561.24 1261.57 564.93
00004994 00000318 987.04 157.24 389.88 564.67 1081.33 365.89 1265.53 373.08 1168.67 463.60 1094.80 561.08 1256.04 566.55
00004995 00000319 980.90 157.42 392.46 568.03 1076.91 366.14 1259.50 373.31 1163.82 463.97 1091.27 563.65 1251.09 569.30
00004996 00000320 977.66 157.46 392.41 567.55 1072.60 370.19 1253.97 375.63 1159.35 467.95 1087.64 565.89 1245.92 570.51
00004997 00000321 970.26 156.19 398.30 570.10 1062.79 373.67 1245.89 369.82 1149.20 468.36 1083.27 569.29 1248.44 565.95
00004998 00000322 969.81 156.08 397.64 574.98 1062.65 372.65 1245.41 367.73 1149.71 468.19 1084.39 570.48 1249.72 566.14
00004999 00000323 974.70 156.45 394.68 577.31 1067.84 368.46 1248.60 371.33 1154.32 465.86 1088.04 567.84 1245.26 570.29
00005000 00000324 976.46 157.82 394.31 573.75 1071.08 364.23 1251.84 368.95 1157.45 462.45 1091.82 567.04 1244.80 570.97
00005001 00000325 978.23 157.23 392.75 573.40 1072.90 359.49 1253.14 365.13 1158.87 459.28 1097.34 568.84 1239.15 573.70
00005002 00000326 979.46 155.23 390.96 574.47 1074.10 357.52 1253.41 363.51 1159.56 458.78 1099.77 571.17 1234.23 576.75
00005003 00000327 979.05 153.98 392.07 571.67 1073.91 358.50 1253.65 362.94 1161.20 459.48 1102.56 571.39 1234.02 575.60
00005004 00000328 978.77 152.95 392.88 572.13 1074.44 361.32 1254.32 365.84 1161.87 462.58 1102.76 572.51 1234.50 576.82
00005005 00000329 980.01 150.72 391.50 579.49 1075.28 364.25 1255.07 368.63 1163.19 467.34 1104.68 575.33 1238.48 579.38
00005006 00000330 980.27 150.19 393.60 586.52 1075.40 367.25 1256.12 370.16 1165.23 470.93 1106.19 578.79 1243.54 581.24
00005007 00000331 983.70 153.89 391.06 574.09 1076.64 370.17 1259.40 373.77 1165.12 473.25 1105.39 577.81 1246.22 580.72
00005008 00000332 983.90 153.60 390.25 563.58 1079.35 370.26 1262.27 374.69 1168.58 472.68 1104.11 574.03 1246.47 577.79
00005009 00000333 986.18 151.45 390.67 564.01 1081.76 366.56 1265.30 371.38 1171.09 468.97 1104.67 571.50 1249.82 575.34
00005010 00000334 988.84 153.25 391.97 563.03 1084.17 363.22 1268.54 368.93 1172.38 463.23 1104.49 567.38 1252.35 571.87
00005011 00000335 991.06 155.13 393.99 568.88 1087.19 360.41 1271.31 369.64 1173.27 461.14 1102.74 565.58 1253.13 573.06
00005012 00000336 995.54 158.18 395.59 569.50 1090.83 357.27 1275.70 367.76 1174.70 461.93 1102.88 563.46 1256.77 571.79
00005013 00000337 1000.49 161.93 394.54 564.78 1094.46 355.26 1279.59 365.60 1176.37 459.74 1104.33 561.03 1259.08 569.23
00005014 00000338 1004.60 157.48 394.74 570.59 1099.00 353.91 1283.98 364.97 1180.43 455.42 1106.83 559.71 1263.26 568.61
00005015 00000339 1009.09 153.68 394.20 567.14 1105.07 351.91 1286.17 361.19 1185.43 448.24 1113.96 554.57 1267.34 562.29
00005016 00000340 1012.97 151.90 392.30 561.30 1110.89 348.13 1293.68 357.42 1191.10 442.03 1118.85 548.87 1271.34 556.62
00005017 00000341 1014.76 145.81 393.01 563.24 1115.53 345.25 1300.57 355.58 1197.32 439.90 1122.24 546.17 1276.17 554.60
00005018 00000342 1018.94 141.84 391.79 562.58 1119.15 345.83 1304.74 356.00 1200.80 440.91 1124.55 546.65 1278.83 554.83
00005019 00000343 1021.22 141.39 390.28 552.57 1119.45 348.24 1308.15 359.84 1202.61 446.35 1124.46 548.45 1278.41 557.95
00005020 00000344 1024.67 141.47 386.45 546.78 1121.40 349.46 1308.49 362.47 1204.01 451.17 1125.27 548.59 1277.67 559.66
00005021 00000345 1023.97 139.34 387.03 551.50 1122.48 353.14 1308.69 366.29 1207.18 456.23 1126.59 551.69 1279.75 562.75
00005022 00000346 1021.90 143.60 391.96 558.45 1122.74 356.79 1309.58 370.12 1208.28 458.75 1125.85 554.95 1281.47 566.15
00005023 00000347 1019.55 144.25 395.12 560.73 1121.92 358.87 1308.52 372.57 1208.07 461.11 1125.09 556.25 1281.53 567.85
00005024 00000348 1020.32 144.64 392.24 558.51 1120.73 358.81 1307.08 374.37 1204.80 463.17 1123.42 556.98 1279.24 569.90
00005025 00000349 1019.95 144.41 390.95 555.50 1119.08 359.56 1305.56 374.90 1202.42 463.68 1122.56 557.54 1278.44 570.12
00005026 00000350 1020.70 147.70 388.62 552.44 1119.05 359.17 1305.20 373.93 1201.39 462.79 1123.51 558.97 1276.70 571.01
00005027 00000351 1020.20 150.09 389.55 556.01 1119.78 357.20 1304.19 372.05 1200.98 460.77 1125.68 559.89 1272.79 572.00
00005028 00000352 1018.37 148.05 389.58 552.89 1117.23 356.17 1303.98 372.01 1198.87 460.10 1121.31 556.39 1273.28 569.26
00005029 00000353 1017.98 142.02 386.36 552.52 1114.16 353.89 1301.52 370.51 1195.39 457.60 1117.90 553.36 1270.29 566.88
00005030 00000354 1014.35 146.19 388.02 550.87 1111.93 353.89 1296.53 369.84 1192.02 453.76 1114.95 549.82 1269.25 562.95
00005031 00000355 1012.03 147.68 388.42 553.62 1107.00 354.43 1290.94 368.91 1185.32 450.00 1110.74 549.61 1266.21 561.65
00005032 00000356 1010.02 145.21 389.67 551.88 1101.42 355.40 1283.96 366.33 1177.91 448.38 1107.52 547.97 1262.47 557.19
00005033 00000357 1007.31 144.75 391.34 541.92 1094.11 356.77 1277.07 366.10 1167.45 450.82 1101.35 547.60 1258.12 555.14
00005034 00000358 1003.78 143.36 389.29 543.50 1090.43 355.39 1272.99 363.02 1164.61 450.64 1100.37 549.51 1253.39 555.83
00005035 00000359 999.37 143.81 390.90 554.11 1087.79 357.04 1270.97 363.37 1164.19 450.57 1098.75 552.39 1251.16 557.79
00005036 00000360 996.89 148.57 389.02 554.56 1086.60 356.51 1265.34 361.81 1162.91 451.46 1100.83 551.91 1248.22 556.54
00005037 00000361 993.79 147.31 389.63 550.35 1082.76 357.59 1263.89 365.19 1158.86 452.93 1094.66 547.63 1248.91 553.90
00005038 00000362 991.31 148.40 389.34 547.67 1081.73 357.72 1262.26 367.54 1157.81 454.52 1091.60 544.65 1247.25 552.58
00005039 00000363 989.92 148.48 389.20 550.91 1080.59 358.52 1261.52 369.55 1157.98 456.96 1088.63 546.19 1246.18 555.21
00005040 00000364 989.51 150.81 388.23 562.11 1080.12 358.98 1258.11 367.30 1159.29 456.51 1092.32 552.61 1242.52 559.51
00005041 00000365 987.13 153.63 386.62 557.80 1077.10 364.45 1252.78 369.47 1156.85 458.21 1094.20 558.16 1239.81 562.38
00005042 00000366 986.17 152.75 386.83 558.94 1076.92 370.25 1251.80 374.88 1157.82 459.96 1095.37 560.26 1238.78 564.39
00005043 00000367 985.35 151.96 388.45 559.92 1077.61 368.23 1252.65 373.71 1159.88 461.11 1097.37 560.89 1237.76 565.74
00005044 00000368 985.26 149.48 388.68 562.67 1079.19 366.55 1254.69 373.42 1163.31 463.34 1098.81 560.82 1238.02 566.83
00005045 00000369 985.24 149.82 389.31 564.58 1080.70 363.93 1255.60 372.58 1164.73 463.19 1101.15 560.12 1236.75 567.61
00005046 00000370 984.80 147.93 389.60 567.55 1081.28 362.34 1255.62 371.65 1165.70 462.65 1102.13 560.05 1235.23 568.05
00005047 00000371 985.54 148.10 389.06 570.01 1080.61 360.94 1256.09 369.94 1165.19 461.80 1103.29 562.33 1235.16 570.08
00005048 00000372 986.23 148.58 388.74 569.66 1080.38 360.99 1258.14 368.33 1166.14 460.99 1103.31 565.11 1238.19 571.50
00005049 00000373 988.61 145.66 385.58 558.45 1080.07 364.37 1259.57 372.02 1163.11 462.72 1096.05 562.82 1239.03 569.20
00005050 00000374 989.37 147.68 385.40 561.10 1082.07 362.25 1262.20 370.98 1165.86 462.14 1097.12 564.02 1240.07 571.36
00005051 00000375 989.71 151.15 386.24 560.80 1082.70 360.63 1263.41 368.37 1168.04 462.82 1100.35 565.43 1241.45 572.01
00005052 00000376 990.82 147.92 384.67 554.74 1083.11 361.19 1263.19 368.80 1167.90 461.49 1100.29 561.64 1242.14 567.90
00005053 00000377 990.98 150.66 385.36 553.78 1084.76 360.93 1266.26 369.52 1169.47 459.37 1100.17 559.25 1246.16 566.38
00005054 00000378 992.24 156.33 386.47 556.41 1087.19 358.99 1267.08 368.96 1170.61 458.49 1100.73 557.33 1246.82 565.62
00005055 00000379 995.47 156.27 385.20 556.47 1088.77 359.53 1267.88 370.14 1169.59 458.43 1098.56 551.18 1252.00 559.75
00005056 00000380 997.02 156.87 384.69 549.29 1089.20 359.91 1269.68 369.63 1169.46 456.90 1097.73 548.06 1253.98 556.05
00005057 00000381 998.56 155.94 385.69 544.33 1089.53 361.04 1272.34 369.57 1169.70 455.53 1097.71 548.91 1255.87 555.89
00005058 00000382 1000.17 155.15 387.51 540.86 1091.39 361.67 1273.84 369.61 1171.40 455.36 1100.37 549.12 1256.93 555.57
00005059 00000383 1000.69 155.71 389.29 544.58 1093.55 359.36 1274.97 367.28 1175.01 454.25 1103.13 546.68 1258.52 553.00
00005060 00000384 1005.07 157.43 387.93 544.08 1099.02 358.07 1278.27 366.43 1179.13 452.98 1107.73 545.57 1260.20 552.30
00005061 00000385 1008.04 154.27 387.23 550.68 1103.71 355.92 1283.36 366.32 1184.64 452.68 1110.18 546.01 1262.38 554.47
00005062 00000386 1009.43 153.78 385.33 549.07 1104.72 356.58 1284.24 365.89 1187.68 454.73 1114.72 548.47 1264.16 555.91
00005063 00000387 1009.40 149.97 389.26 558.33 1105.74 357.10 1285.36 364.90 1189.94 456.49 1119.39 553.75 1265.35 559.81
00005064 00000388 1010.09 151.20 383.35 557.70 1105.67 358.73 1284.94 365.55 1191.04 457.41 1120.75 558.23 1264.54 563.86
00005065 00000389 1008.26 155.72 385.10 558.39 1103.59 358.38 1284.58 365.07 1190.24 460.01 1119.73 560.67 1265.00 566.18
00005066 00000390 1006.72 157.83 384.73 557.79 1101.57 359.33 1283.17 366.18 1188.34 462.63 1117.54 561.95 1263.79 567.69
00005067 00000391 1004.77 160.03 386.35 558.11 1099.16 360.44 1282.04 366.56 1186.14 466.33 1116.86 564.97 1262.69 569.95
00005068 00000392 1002.89 158.95 389.39 563.78 1096.83 362.25 1279.97 367.64 1183.54 469.38 1115.71 569.09 1260.06 573.21
00005069 00000393 1000.11 158.88 388.97 564.83 1095.14 364.15 1278.26 370.03 1181.99 472.47 1113.63 571.56 1257.24 576.21
00005070 00000394 996.82 158.78 391.22 567.48 1092.44 364.93 1275.98 370.56 1180.13 474.74 1112.54 573.43 1256.50 577.77
00005071 00000395 994.84 160.63 392.50 569.19 1090.03 366.91 1273.22 371.90 1177.93 475.38 1112.43 574.77 1256.45 578.39
00005072 00000396 992.20 159.45 394.17 575.06 1086.83 368.64 1270.26 372.41 1176.77 474.84 1111.40 577.57 1255.92 580.13
00005073 00000397 989.88 162.17 393.66 570.97 1084.42 371.91 1270.62 376.40 1174.23 477.83 1108.18 578.66 1255.66 581.82
00005074 00000398 988.66 165.77 394.40 571.89 1082.21 382.60 1267.31 383.76 1172.66 481.50 1108.03 584.11 1258.88 584.43
00005075 00000399 986.63 164.45 395.42 568.26 1078.73 392.17 1266.23 390.10 1170.11 483.68 1103.35 586.36 1261.61 584.12
00005076 00000400 982.22 164.31 398.70 568.19 1074.19 392.13 1264.30 389.40 1166.20 483.92 1101.66 586.65 1261.25 583.71
00005077 00000401 980.44 160.21 399.68 571.78 1073.52 392.04 1263.49 390.53 1165.71 484.88 1098.97 585.33 1260.23 583.53
00005078 00000402 978.38 161.18 399.29 568.39 1071.92 392.70 1261.42 392.15 1162.91 487.25 1096.20 585.76 1256.12 584.95
00005079 00000403 977.80 160.09 397.00 569.82 1070.24 395.61 1258.33 394.14 1160.60 490.05 1093.32 588.77 1250.96 587.44
00005080 00000404 975.99 159.39 398.00 573.14 1069.37 395.39 1255.93 394.46 1160.21 490.86 1095.40 590.99 1245.63 590.20
00005081 00000405 976.30 158.97 398.80 580.14 1069.92 395.48 1256.74 394.94 1161.48 492.05 1096.76 595.19 1246.92 594.49
00005082 00000406 976.63 161.00 398.47 574.51 1070.17 395.21 1256.23 394.64 1160.94 491.36 1096.57 592.37 1246.94 591.77
00005083 00000407 977.43 156.95 398.04 577.52 1070.28 394.96 1255.25 393.88 1160.86 488.42 1096.11 590.43 1247.63 589.34
00005084 00000408 978.80 154.61 397.09 578.98 1071.35 391.55 1254.13 391.16 1161.56 484.46 1096.28 586.54 1247.45 586.11
00005085 00000409 979.14 152.60 398.29 581.55 1071.94 386.93 1255.63 387.23 1163.01 480.46 1096.33 583.62 1247.98 583.85
00005086 00000410 981.11 151.25 396.10 580.25 1072.90 383.08 1255.69 384.41 1163.26 478.05 1096.48 581.28 1247.51 582.36
00005087 00000411 981.86 154.13 394.44 573.90 1074.55 379.48 1255.61 383.05 1163.42 475.92 1096.31 576.49 1245.82 579.39
00005088 00000412 982.58 153.69 392.27 571.58 1075.58 377.47 1255.86 382.31 1163.67 472.41 1094.79 573.39 1245.30 577.53
00005089 00000413 983.12 152.48 390.41 569.51 1076.40 373.61 1256.90 377.24 1164.73 467.21 1095.63 571.09 1246.05 574.32
00005090 00000414 985.81 149.82 389.00 569.05 1077.92 367.16 1259.33 371.15 1164.43 459.50 1096.64 566.93 1246.50 570.33
00005091 00000415 1048.42 140.27 405.32 582.96 1158.37 331.70 1345.96 358.33 1238.27 429.14 1143.74 534.75 1299.54 557.47
00005092 00000416 1049.10 142.52 404.65 585.63 1160.38 335.36 1348.35 363.16 1240.11 436.45 1144.58 539.10 1302.58 562.74
00005093 00000417 1049.54 143.05 402.23 586.95 1160.75 339.76 1348.26 365.71 1240.71 445.68 1145.36 544.37 1302.94 566.77
00005094 00000418 1047.94 143.23 400.46 586.48 1159.66 343.50 1347.57 370.61 1241.22 453.77 1143.74 549.87 1300.03 573.30
00005095 00000419 1041.66 141.16 402.43 590.81 1156.64 347.33 1344.62 372.69 1240.40 458.53 1143.72 555.93 1294.89 577.88
00005096 00000420 1029.62 136.90 413.01 592.25 1153.40 347.74 1338.69 372.60 1236.26 458.68 1143.77 560.44 1292.09 581.07
00005097 00000421 1024.75 139.19 409.51 595.54 1144.64 351.84 1330.58 375.89 1229.02 462.45 1138.69 563.67 1289.58 583.50
00005098 00000422 1019.88 135.96 408.87 600.95 1137.10 359.31 1323.05 379.89 1222.84 468.78 1135.52 568.17 1289.20 584.72
00005099 00000423 1013.94 127.80 410.75 603.43 1126.07 364.10 1316.54 381.78 1215.08 472.92 1130.83 571.39 1287.16 585.55
00005100 00000424 1012.28 131.58 409.20 596.48 1120.45 366.67 1314.44 385.16 1210.12 475.77 1126.44 574.13 1285.98 588.38
00005101 00000425 1010.04 133.68 410.36 595.40 1115.90 370.68 1309.98 386.38 1206.33 478.97 1124.24 578.80 1282.74 590.58
00005102 00000426 1005.81 137.20 413.67 604.54 1113.61 377.08 1308.33 389.74 1206.28 481.26 1123.93 587.83 1286.36 596.85
00005103 00000427 1002.06 142.65 416.31 606.92 1114.09 381.68 1304.87 392.58 1207.19 481.96 1126.34 592.93 1283.94 600.24
00005104 00000428 1000.18 145.49 416.91 606.74 1113.75 382.47 1302.92 392.38 1207.72 484.25 1126.53 594.54 1281.42 600.84
00005105 00000429 999.53 144.11 417.54 610.42 1112.38 381.52 1301.30 390.68 1205.80 485.18 1125.53 595.21 1280.02 600.80
00005106 00000430 999.91 142.78 415.53 613.07 1111.05 379.93 1300.94 388.90 1204.27 485.13 1124.42 596.11 1278.40 601.57
00005107 00000431 999.79 145.68 413.21 603.00 1107.81 378.29 1299.03 388.07 1201.63 483.02 1122.69 592.03 1279.00 598.07
00005108 00000432 1001.08 143.03 410.55 599.72 1106.45 377.21 1298.52 388.32 1199.33 481.38 1119.33 588.63 1277.51 595.97
00005109 00000433 1000.64 143.05 411.07 601.96 1106.12 375.90 1297.33 386.27 1198.42 481.27 1120.11 588.50 1276.85 595.28
00005110 00000434 1001.30 144.22 411.52 604.44 1107.23 375.91 1296.65 386.20 1197.15 482.89 1118.06 587.95 1275.29 594.79
00005111 00000435 1003.38 147.95 409.01 598.43 1105.86 374.28 1296.12 385.49 1193.53 482.71 1115.86 586.86 1272.52 594.59
00005112 00000436 1003.69 147.80 409.07 602.08 1105.38 372.80 1295.79 384.33 1190.85 482.03 1113.32 586.95 1270.54 595.14
00005113 00000437 1003.89 150.36 406.04 599.25 1103.65 371.37 1293.96 382.55 1188.49 479.96 1111.36 585.45 1269.25 593.53
00005114 00000438 1005.65 152.82 399.71 585.37 1104.17 363.50 1293.33 377.08 1186.39 474.54 1111.02 579.76 1258.63 590.27
00005115 00000439 1006.05 154.82 397.34 576.54 1104.38 357.21 1291.82 373.15 1184.02 467.75 1109.76 573.22 1251.33 586.13
00005116 00000440 1007.26 149.14 393.79 578.88 1103.61 353.89 1287.10 371.11 1179.64 464.42 1105.92 568.36 1245.73 583.00
00005117 00000441 1007.10 153.91 391.49 570.53 1102.45 349.84 1285.27 367.52 1176.88 461.20 1105.28 564.44 1241.79 579.54
00005118 00000442 1008.21 153.34 388.70 568.22 1102.39 346.17 1283.46 366.14 1173.62 458.51 1102.13 560.39 1236.97 577.83
00005119 00000443 1009.44 151.50 385.80 565.70 1102.43 343.19 1282.42 365.71 1169.64 456.24 1098.58 556.07 1232.87 575.66
00005120 00000444 1010.79 152.96 384.09 562.38 1102.81 341.18 1280.93 365.48 1165.94 454.10 1095.75 550.84 1231.27 572.00
00005121 00000445 1010.38 152.25 387.34 555.51 1101.62 339.88 1280.20 366.88 1162.27 452.26 1091.88 543.41 1232.11 566.49
00005122 00000446 1009.87 152.77 387.46 543.46 1099.15 341.26 1279.19 366.29 1161.11 450.57 1089.95 540.26 1234.92 561.53
00005123 00000447 1010.38 152.70 387.60 542.19 1100.49 342.35 1281.83 367.09 1163.62 448.45 1090.45 540.24 1237.52 561.37
00005124 00000448 1011.68 157.00 388.19 547.07 1104.46 341.54 1284.58 367.28 1167.70 445.60 1093.05 540.48 1239.66 562.78
00005125 00000449 1012.56 158.80 389.04 551.42 1108.02 340.72 1287.94 367.71 1170.53 445.17 1095.20 540.67 1241.41 564.24
00005126 00000450 1013.32 160.03 390.76 557.51 1109.45 339.03 1291.04 365.90 1172.96 445.74 1097.04 544.75 1243.60 568.15
00005127 00000451 1015.07 157.26 391.46 562.13 1112.61 339.91 1296.32 367.38 1177.48 448.66 1100.46 547.08 1249.38 570.79
00005128 00000452 1016.20 152.36 393.52 561.68 1116.60 343.35 1302.01 371.70 1184.85 452.92 1106.15 547.60 1254.98 571.47
00005129 00000453 1019.70 144.35 392.27 562.55 1119.21 347.42 1307.36 374.98 1190.55 456.35 1109.25 548.31 1262.76 571.39
00005130 00000454 1021.09 141.21 394.74 564.05 1121.88 350.16 1310.69 376.69 1195.62 458.46 1111.93 548.57 1268.20 570.83
00005131 00000455 1023.95 143.40 393.82 564.83 1125.08 352.18 1311.71 378.35 1197.57 459.17 1115.04 550.73 1270.34 572.69
00005132 00000456 1024.48 146.38 392.78 563.09 1127.23 352.38 1312.58 380.66 1198.67 458.80 1114.48 550.50 1269.37 574.29
00005133 00000457 1024.18 140.72 397.60 569.31 1129.22 350.99 1313.47 381.28 1198.37 457.52 1112.88 548.12 1267.79 573.77
00005134 00000458 1024.99 145.44 399.66 565.83 1132.01 347.61 1316.99 380.51 1198.65 453.65 1111.98 545.13 1266.58 573.41
00005135 00000459 1026.37 148.45 403.27 556.95 1135.33 345.56 1321.16 379.00 1202.18 448.34 1115.55 542.05 1268.73 570.52
00005136 00000460 1028.73 151.15 405.16 557.39 1141.36 343.38 1325.01 379.16 1208.62 448.32 1120.04 541.17 1271.09 571.63
00005137 00000461 1032.34 150.42 405.01 564.69 1146.18 342.82 1328.87 378.17 1215.00 450.59 1125.58 545.31 1274.41 575.42
00005138 00000462 1034.93 148.17 404.40 571.35 1150.14 343.57 1330.58 377.11 1221.20 451.27 1130.66 545.97 1279.14 574.58
00005139 00000463 1035.92 149.09 401.79 566.23 1149.68 342.47 1329.53 371.94 1223.02 447.31 1133.51 543.84 1281.29 568.93
00005140 00000464 1036.30 150.67 400.25 557.92 1149.04 339.73 1328.76 368.10 1222.31 441.35 1135.03 538.24 1282.86 561.96
00005141 00000465 1034.15 149.87 400.60 554.87 1147.92 337.88 1328.27 364.51 1223.74 436.68 1135.12 534.48 1285.37 556.51
00005142 00000466 1034.26 148.70 399.49 554.23 1147.17 335.20 1328.98 361.08 1223.98 432.04 1135.22 532.34 1285.76 553.84
00005143 00000467 1034.48 148.92 398.45 552.45 1147.88 334.50 1328.86 360.30 1223.80 427.88 1134.86 530.10 1285.01 551.66
00005144 00000468 1033.61 145.23 395.58 551.94 1146.46 333.69 1328.69 359.90 1223.71 427.73 1133.69 527.88 1285.31 549.83
00005145 00000469 1032.21 145.59 395.64 550.22 1145.06 334.01 1327.40 359.20 1224.06 428.46 1133.02 526.85 1286.03 547.92
00005146 00000470 1031.09 144.80 396.43 555.95 1144.28 336.61 1325.00 361.11 1222.84 434.70 1132.92 530.39 1286.02 550.81
00005147 00000471 1030.79 145.20 394.64 559.29 1142.82 341.65 1322.79 365.65 1221.62 443.72 1131.86 535.32 1286.47 555.79
00005148 00000472 1030.52 146.97 396.01 570.95 1144.42 344.34 1323.22 369.44 1221.89 447.03 1133.06 545.77 1281.99 567.51
00005149 00000473 1029.42 141.32 399.17 578.97 1146.08 347.39 1324.64 373.97 1225.51 453.04 1135.98 549.19 1285.20 571.70
00005150 00000474 1029.35 140.79 400.77 578.94 1146.10 349.66 1325.04 376.00 1226.47 454.75 1137.04 550.57 1287.20 572.74
00005151 00000475 1030.15 139.67 402.28 581.97 1147.70 349.82 1327.25 376.99 1228.33 457.14 1138.60 551.89 1288.86 574.53
00005152 00000476 1031.11 139.51 401.14 576.88 1149.19 350.31 1329.65 377.22 1231.76 458.11 1140.03 551.31 1290.91 573.86
00005153 00000477 1032.46 137.55 401.59 577.36 1149.70 350.92 1333.40 376.80 1233.98 459.26 1141.37 552.23 1295.73 573.82
00005154 00000478 1034.99 142.45 401.29 569.74 1150.71 351.09 1337.79 375.61 1235.39 456.66 1140.65 548.82 1303.52 569.34
00005155 00000479 1034.85 146.68 406.86 574.95 1151.91 349.42 1339.06 375.30 1235.42 454.27 1137.62 545.20 1307.23 566.94
00005156 00000480 1035.84 144.36 406.43 575.71 1152.82 349.74 1339.94 375.81 1236.63 455.83 1139.24 545.61 1308.00 567.60
00005157 00000481 1037.99 144.51 403.86 567.16 1153.72 353.23 1341.70 378.40 1237.64 460.92 1142.82 552.73 1304.22 574.13
00005158 00000482 1038.65 144.25 407.75 580.80 1157.56 355.59 1345.03 381.40 1241.27 468.69 1148.85 563.25 1302.31 584.70
00005159 00000483 1042.36 147.12 407.23 595.16 1158.00 359.76 1351.46 387.54 1248.24 477.75 1152.87 573.73 1301.63 596.77
00005160 00000484 1041.73 152.46 407.39 595.47 1158.56 368.41 1351.23 392.61 1251.43 484.13 1154.53 579.65 1308.28 599.55
00005161 00000485 1043.11 155.56 409.02 590.79 1159.17 370.41 1356.28 396.67 1252.77 484.98 1153.19 579.74 1316.42 601.03
00005162 00000486 1043.64 155.58 410.36 591.31 1159.82 370.36 1357.41 396.86 1253.68 485.02 1152.47 579.96 1317.41 601.52
00005163 00000487 1043.18 154.07 412.18 595.87 1159.56 371.32 1358.11 397.70 1253.55 486.17 1150.91 581.61 1318.39 603.00
00005164 00000488 1044.44 156.51 412.25 594.89 1160.58 372.79 1360.19 399.53 1254.52 486.37 1150.51 581.93 1323.13 603.37
00005165 00000489 1044.29 158.42 412.94 598.11 1162.59 375.33 1361.30 401.15 1257.40 487.49 1149.77 582.25 1327.91 602.71
00005166 00000490 1044.94 157.90 413.99 601.02 1166.77 372.74 1364.74 402.18 1258.88 487.66 1145.33 576.33 1332.66 599.72
00005167 00000491 1045.98 153.60 410.76 599.22 1167.31 366.69 1365.02 397.36 1259.31 485.15 1145.26 566.16 1337.46 590.70
00005168 00000492 1048.33 148.59 408.13 597.31 1165.85 361.18 1364.56 390.56 1256.01 476.14 1143.34 555.85 1337.82 579.21
00005169 00000493 960.63 165.18 403.76 575.03 1039.29 390.78 1217.97 378.34 1118.48 489.44 1077.95 605.18 1202.25 595.99
00005170 00000494 959.57 162.46 407.87 595.22 1040.42 387.86 1215.87 374.55 1116.97 487.25 1081.25 611.28 1200.20 601.58
00005171 00000495 960.10 161.48 407.83 600.90 1040.15 385.06 1214.06 370.78 1114.01 485.71 1082.25 614.30 1199.64 603.75
00005172 00000496 960.01 157.65 408.59 607.83 1040.29 384.66 1214.82 368.49 1114.22 483.08 1083.16 614.72 1201.72 602.74
00005173 00000497 962.75 157.35 405.26 592.78 1041.33 382.20 1221.28 369.68 1117.68 483.71 1080.30 605.38 1209.23 596.43
00005174 00000498 966.46 160.55 401.26 572.88 1044.57 379.17 1229.23 370.57 1122.34 479.53 1076.78 593.13 1214.11 587.25
00005175 00000499 969.81 162.31 401.41 569.68 1049.32 376.02 1236.45 368.83 1130.03 473.92 1077.73 588.79 1219.88 584.09
00005176 00000500 973.12 156.02 399.93 571.74 1054.74 371.85 1243.76 368.27 1134.87 469.03 1077.41 582.84 1223.78 581.03
00005177 00000501 976.58 145.64 399.93 566.31 1058.88 363.88 1246.37 361.65 1139.18 459.54 1082.40 570.75 1226.32 569.28
00005178 00000502 981.64 146.26 396.81 567.55 1064.81 354.80 1250.31 353.51 1142.16 449.37 1086.19 564.88 1232.29 564.21
00005179 00000503 982.34 147.15 403.41 569.23 1069.61 348.46 1251.54 346.51 1148.45 442.82 1097.87 563.05 1231.28 561.84
00005180 00000504 985.66 148.70 403.31 564.88 1073.83 347.65 1254.77 346.85 1150.87 438.93 1099.55 557.63 1234.67 557.28
00005181 00000505 988.75 145.89 401.38 561.98 1075.95 347.36 1259.15 348.68 1150.65 440.88 1097.59 551.57 1240.76 552.77
00005182 00000506 992.52 145.55 398.27 555.45 1078.53 350.28 1260.97 353.03 1151.65 444.83 1099.15 552.09 1242.34 554.44
00005183 00000507 994.29 148.19 399.27 565.88 1082.57 354.32 1263.77 357.48 1157.76 451.18 1100.68 557.38 1246.82 560.05
00005184 00000508 997.07 148.15 399.53 570.43 1084.40 355.86 1264.92 358.32 1159.74 452.05 1101.86 558.66 1248.82 560.80
00005185 00000509 994.08 145.05 398.99 556.78 1082.03 361.19 1265.69 362.84 1158.41 451.97 1097.87 556.24 1250.16 557.38
00005186 00000510 994.71 143.05 399.07 549.86 1084.50 359.45 1267.44 361.86 1160.82 448.55 1098.67 551.39 1250.01 553.02
00005187 00000511 997.57 146.16 397.17 553.40 1088.11 357.88 1267.16 359.80 1164.85 448.08 1105.60 552.17 1248.90 553.83
00005188 00000512 998.21 147.96 398.30 564.80 1087.62 354.81 1266.67 357.47 1165.24 447.21 1108.19 558.31 1246.28 560.77
00005189 00000513 997.28 142.87 400.50 562.32 1085.88 357.95 1269.23 359.99 1164.23 451.42 1103.93 560.59 1248.37 562.44
00005190 00000514 997.36 140.80 400.87 559.53 1086.12 359.66 1271.35 361.23 1165.56 452.79 1104.89 561.70 1250.55 563.04
00005191 00000515 997.41 144.19 402.93 568.49 1087.19 360.59 1273.08 360.82 1168.27 452.48 1108.75 567.11 1253.19 567.24
00005192 00000516 997.47 142.96 403.63 565.77 1086.10 362.90 1274.67 364.51 1166.70 455.16 1104.00 565.62 1256.50 566.70
00005193 00000517 997.95 144.21 403.95 562.44 1085.72 364.04 1275.86 365.52 1166.59 456.90 1103.34 566.35 1258.34 567.16
00005194 00000518 999.44 145.54 403.36 562.74 1086.97 364.14 1276.74 365.17 1167.80 458.69 1106.73 569.98 1258.08 570.38
00005195 00000519 1000.46 147.71 403.69 569.48 1088.33 364.28 1275.81 365.06 1169.39 460.43 1108.78 570.31 1258.59 570.60
00005196 00000520 1000.87 151.88 404.25 577.22 1091.41 361.36 1275.63 364.06 1172.66 462.17 1111.78 572.10 1255.22 574.17
00005197 00000521 1001.89 151.19 403.56 580.01 1092.81 360.49 1275.51 363.68 1173.45 462.55 1113.35 573.10 1253.08 575.55
00005198 00000522 1002.85 150.49 402.90 577.52 1093.80 360.25 1275.79 363.46 1173.63 460.28 1113.93 571.07 1252.51 573.66
00005199 00000523 1004.56 146.74 401.10 572.44 1094.71 361.77 1278.98 365.25 1174.79 461.66 1112.59 569.10 1257.50 571.80
00005200 00000524 1004.68 145.11 401.50 574.66 1094.70 360.46 1281.00 363.32 1175.89 458.32 1113.30 569.66 1260.38 571.75
00005201 00000525 1005.88 145.15 401.77 576.89 1096.66 360.57 1282.64 362.30 1178.49 455.67 1115.05 568.83 1262.71 570.00
00005202 00000526 1006.26 147.61 401.61 579.80 1097.77 359.39 1282.63 362.01 1178.49 455.44 1112.81 569.11 1261.14 571.30
00005203 00000527 1006.67 147.92 400.94 577.12 1097.65 359.34 1283.24 363.76 1177.41 455.41 1110.60 567.08 1261.43 570.68
00005204 00000528 1007.93 149.08 398.29 569.56 1097.03 359.16 1284.61 365.05 1176.32 455.45 1108.35 564.68 1262.87 569.50
00005205 00000529 1008.52 149.62 398.59 570.65 1098.41 358.97 1286.03 364.63 1178.32 455.25 1109.87 565.61 1263.88 570.09
00005206 00000530 1010.20 151.49 397.81 577.15 1103.01 359.81 1288.04 366.66 1184.13 460.91 1113.49 569.42 1266.45 574.94
00005207 00000531 1011.19 155.24 398.46 575.28 1106.14 362.57 1290.93 371.24 1186.07 467.16 1116.10 571.69 1267.20 578.60
00005208 00000532 1010.68 150.51 402.37 583.60 1106.83 365.83 1291.48 374.71 1187.70 473.14 1116.90 575.05 1268.34 581.73
00005209 00000533 1012.13 155.56 401.49 576.42 1106.84 372.41 1289.18 381.65 1185.66 479.17 1116.46 577.16 1266.76 584.16
00005210 00000534 1012.65 157.90 401.81 577.64 1105.46 374.68 1289.18 383.91 1183.12 483.71 1114.70 582.07 1264.09 589.11
00005211 00000535 1012.00 158.25 402.70 579.60 1103.80 376.73 1286.70 385.60 1179.67 484.88 1113.13 583.78 1262.89 590.56
00005212 00000536 1012.75 156.22 403.07 588.65 1102.25 379.66 1285.96 386.01 1176.93 486.50 1110.85 586.95 1265.79 591.84
00005213 00000537 1011.69 153.16 406.08 602.05 1101.80 380.66 1287.52 384.80 1177.30 487.38 1109.44 591.34 1269.93 594.26
00005214 00000538 1011.72 155.71 405.69 593.41 1101.13 381.79 1287.46 386.55 1178.01 487.29 1111.05 590.41 1271.14 593.62
00005215 00000539 1011.89 158.60 404.03 582.75 1101.00 381.94 1289.43 388.80 1178.52 486.02 1109.49 585.81 1273.12 590.69
00005216 00000540 1013.53 162.02 402.87 574.46 1102.36 382.05 1290.49 389.45 1179.00 485.28 1109.50 583.87 1272.94 589.46
00005217 00000541 1012.97 161.49 404.66 576.24 1103.09 381.92 1291.98 389.45 1180.48 485.56 1110.98 585.20 1273.54 590.76
00005218 00000542 1012.59 160.57 406.45 581.79 1105.77 381.18 1294.21 389.00 1185.05 486.65 1114.18 586.56 1275.33 592.25
00005219 00000543 1011.99 157.42 408.20 586.61 1110.23 383.79 1297.65 389.55 1195.03 488.45 1120.86 587.68 1282.39 591.45
00005220 00000544 1013.21 153.25 408.59 590.15 1114.67 385.88 1301.81 389.12 1202.55 487.31 1127.32 588.58 1288.37 589.98
00005221 00000545 1015.58 148.07 405.95 593.01 1117.04 385.56 1304.22 388.17 1207.27 484.80 1132.41 587.81 1293.37 588.89
00005222 00000546 1016.83 144.23 403.22 594.49 1118.58 380.00 1306.04 383.61 1210.49 482.30 1134.64 584.38 1295.15 586.35
00005223 00000547 1017.04 143.36 404.40 591.79 1116.73 373.00 1307.39 376.14 1209.88 476.75 1133.80 579.64 1295.57 581.37
00005224 00000548 1019.22 141.14 401.35 591.15 1120.44 365.18 1313.22 366.71 1212.92 460.37 1133.61 570.78 1299.78 572.00
00005225 DELETE   1021.81 135.28 401.49 588.68 1121.43 358.09 1311.93 354.72 1209.27 442.04 1133.52 560.10 1301.94 557.04
00005226 00000550 1000.77 134.85 404.60 583.71 1094.44 357.40 1277.45 344.12 1187.82 445.72 1129.89 560.88 1283.67 548.68
00005227 00000551 1000.38 135.23 405.47 584.92 1095.37 355.94 1277.18 342.62 1189.48 443.95 1131.11 560.09 1283.90 547.64
00005228 00000552 999.12 133.44 405.26 579.92 1095.70 356.10 1276.98 343.47 1190.18 442.82 1130.03 555.41 1283.93 543.24
00005229 00000553 997.94 131.94 404.67 577.25 1096.26 356.52 1276.49 345.03 1190.13 441.98 1128.37 549.38 1285.68 537.77
00005230 00000554 997.95 133.88 401.93 571.10 1095.33 356.78 1274.58 346.24 1187.45 442.81 1125.71 546.73 1283.39 535.89
00005231 00000555 996.93 137.99 402.19 576.43 1093.11 358.59 1272.85 349.21 1184.43 443.63 1122.48 548.10 1283.76 538.27
00005232 00000556 993.13 137.63 400.45 572.40 1089.00 361.13 1271.13 355.68 1179.63 448.22 1115.62 550.75 1276.86 544.83
CROP_BBOX: 720 0 1623 894
