Video ID: 	PH-TvmVYrRU
H: 	1080
W: 	1920
FPS: 	25.0

FRAME INDEX X0 Y0 W H [Landmarks (5 Points)]

00005367 00000000 886.71 129.91 565.75 858.00 963.82 471.71 1195.54 469.82 1018.41 644.53 999.42 780.18 1159.10 783.34
00005368 00000001 887.13 133.31 566.06 860.66 969.16 471.54 1198.89 470.77 1025.69 646.13 1006.24 782.52 1163.81 786.01
00005369 00000002 894.23 131.25 558.19 852.40 968.65 477.22 1198.25 474.47 1026.75 653.03 1008.34 786.73 1171.87 788.67
00005370 DELETE   895.03 134.15 555.48 850.56 966.33 473.57 1194.66 474.23 1019.55 648.78 1001.23 781.57 1163.89 786.56
00005371 DELETE   885.78 126.38 564.07 860.78 961.59 465.02 1197.14 475.23 1010.71 643.56 985.32 777.55 1159.60 788.99
00005372 DELETE   881.61 118.51 569.04 870.11 959.72 460.30 1189.16 472.49 999.32 635.81 980.52 773.59 1147.34 786.89
00005373 00000006 881.49 115.44 563.51 870.84 959.09 456.02 1182.07 471.03 989.38 629.46 971.71 770.21 1131.81 786.24
00005374 00000007 881.68 114.77 560.95 875.98 956.24 454.50 1177.37 469.71 984.73 627.70 970.96 771.84 1130.32 787.74
00005375 00000008 881.62 116.03 558.58 874.54 954.96 453.98 1174.64 469.88 982.32 629.02 970.80 771.72 1130.12 787.89
00005376 00000009 883.87 114.74 556.72 868.18 954.38 452.72 1173.29 471.58 979.25 630.37 967.68 766.09 1129.76 784.77
00005377 00000010 883.58 114.31 556.70 863.09 953.70 452.96 1175.70 471.20 982.66 629.87 968.97 763.26 1134.16 781.49
00005378 00000011 882.89 111.17 557.45 866.54 953.53 451.54 1179.17 469.51 985.24 630.63 969.37 764.06 1135.90 782.12
00005379 00000012 881.85 112.66 560.04 863.40 953.71 453.02 1182.29 468.72 989.49 632.52 972.18 766.94 1139.58 783.13
00005380 00000013 881.58 110.68 560.08 862.43 952.89 451.79 1182.30 468.81 988.50 632.05 968.84 762.49 1138.61 780.01
00005381 00000014 881.83 107.67 561.74 861.53 952.81 451.84 1183.16 467.73 989.80 631.43 969.84 761.52 1140.15 778.05
00005382 00000015 881.96 107.78 561.15 860.17 952.08 451.39 1184.07 466.53 990.77 631.93 969.96 761.31 1142.23 777.12
00005383 00000016 879.28 109.91 563.94 862.61 952.86 452.90 1185.39 464.86 993.87 630.92 972.40 765.49 1143.45 778.72
00005384 00000017 878.32 109.62 565.23 861.41 954.70 450.01 1187.54 461.67 997.32 629.26 974.37 763.21 1143.66 776.46
00005385 00000018 878.57 106.60 565.52 861.29 955.03 447.59 1188.03 458.97 998.47 628.18 977.52 761.65 1145.72 774.58
00005386 00000019 876.69 107.89 569.79 862.35 958.63 448.50 1190.05 459.84 1003.09 627.66 982.67 759.91 1149.46 772.58
00005387 00000020 877.37 107.64 571.20 865.88 959.30 448.57 1193.13 460.41 1007.07 630.38 984.84 761.31 1153.99 774.31
00005388 00000021 879.76 107.76 570.14 863.15 960.41 450.47 1198.03 460.17 1013.25 631.02 986.72 763.05 1159.25 774.22
00005389 00000022 883.22 108.59 568.75 860.87 961.63 452.43 1200.04 459.53 1015.60 629.51 989.22 765.60 1161.05 774.73
00005390 00000023 882.76 104.75 571.87 863.71 963.41 453.37 1202.21 459.49 1020.69 632.29 994.98 766.24 1167.25 774.24
00005391 00000024 879.52 105.63 575.97 866.50 968.07 450.57 1206.49 456.73 1029.70 630.68 999.44 764.55 1167.73 772.89
00005392 00000025 884.84 107.02 571.72 866.77 969.17 453.02 1208.16 457.42 1030.88 636.30 1002.79 765.27 1175.71 771.59
00005393 00000026 896.17 117.55 562.73 853.52 972.08 457.79 1207.16 459.20 1030.27 634.55 1002.46 757.97 1180.87 763.20
00005394 00000027 888.20 103.67 573.61 868.66 971.97 453.77 1212.46 457.98 1033.53 636.22 1007.28 765.32 1183.46 771.08
00005395 00000028 890.30 101.64 576.06 871.86 974.54 453.83 1215.91 458.57 1036.82 639.58 1011.86 769.39 1187.46 775.47
00005396 00000029 896.27 104.43 566.20 857.76 974.48 455.89 1216.25 464.31 1036.23 639.67 1003.76 765.94 1185.72 775.19
00005397 00000030 894.80 103.60 569.08 861.67 972.67 456.02 1215.12 464.08 1034.49 640.20 1002.34 767.26 1185.82 776.02
00005398 00000031 884.02 105.13 578.95 874.92 968.74 457.28 1209.70 463.43 1029.68 639.42 1004.00 772.01 1176.96 779.66
00005399 00000032 879.45 106.73 580.13 875.84 966.53 455.89 1206.71 462.46 1024.12 636.40 997.44 773.99 1166.94 782.67
00005400 DELETE   877.40 109.85 578.80 869.60 965.46 452.71 1200.09 459.48 1018.90 630.77 995.84 770.83 1158.47 780.02
00005401 00000034 875.97 108.43 577.33 865.62 960.32 450.67 1197.52 458.12 1013.38 629.45 988.45 767.59 1155.03 777.54
00005402 00000035 876.60 106.62 573.97 861.29 957.38 446.34 1192.23 456.86 1006.52 628.97 985.69 761.06 1152.26 773.21
00005403 00000036 879.35 108.63 562.10 850.02 956.93 440.18 1186.76 452.82 1000.36 624.39 981.11 753.67 1142.92 767.75
00005404 00000037 883.36 100.44 555.97 849.09 952.55 437.85 1183.48 450.46 995.33 620.55 975.86 750.62 1140.78 764.77
00005405 00000038 882.32 97.30 553.97 849.07 950.26 435.72 1183.06 448.69 995.43 619.15 972.52 750.55 1138.95 765.01
00005406 00000039 881.53 95.49 556.38 852.93 951.00 433.90 1183.84 445.91 996.69 616.83 974.17 750.74 1138.82 764.51
00005407 00000040 878.13 95.04 562.19 860.43 955.72 432.21 1184.67 443.60 999.09 610.42 978.14 748.03 1135.28 761.64
00005408 00000041 877.63 93.45 563.76 860.23 957.04 431.35 1185.03 441.78 1000.99 610.26 980.93 747.54 1135.86 760.40
00005409 00000042 878.44 93.32 563.30 856.14 957.37 432.27 1183.93 441.23 1000.26 608.65 982.07 746.98 1137.17 758.50
00005410 00000043 877.88 93.35 563.42 852.41 956.98 428.05 1183.98 439.14 999.78 606.65 979.89 743.49 1134.05 756.83
00005411 00000044 877.26 92.56 565.23 851.58 956.42 426.36 1183.66 438.11 998.59 604.54 979.33 740.89 1133.59 754.75
00005412 00000045 878.88 91.00 561.54 852.21 956.21 424.23 1183.38 436.22 997.94 602.85 979.02 739.44 1133.77 753.56
00005413 00000046 882.73 87.76 559.96 856.99 954.83 424.36 1184.08 435.72 994.33 600.19 973.69 740.76 1134.92 754.57
00005414 00000047 885.20 88.96 558.09 852.79 957.21 421.95 1184.31 435.11 994.09 596.55 975.09 735.23 1136.05 750.50
00005415 00000048 882.74 87.18 563.96 859.55 962.94 418.04 1186.00 432.16 997.35 591.80 980.56 729.69 1139.02 745.40
00005416 00000049 882.35 86.35 563.57 863.67 962.92 418.80 1187.30 431.63 1001.71 594.49 985.06 735.27 1146.56 749.78
00005417 00000050 882.60 87.05 564.97 862.17 962.01 421.03 1188.54 433.67 1003.04 597.04 984.61 736.90 1151.18 751.02
00005418 00000051 884.91 88.63 559.05 854.96 962.12 421.39 1189.03 433.32 1005.09 600.22 986.06 736.10 1152.09 749.81
00005419 00000052 887.58 89.86 557.38 847.94 961.31 422.64 1189.47 434.00 1005.08 600.27 985.36 733.56 1151.90 746.94
00005420 00000053 886.91 90.82 558.53 847.60 962.44 423.40 1191.33 433.79 1008.25 600.19 986.37 734.33 1150.60 747.10
00005421 00000054 886.24 90.32 558.57 846.80 962.40 423.79 1192.73 432.69 1010.86 600.94 988.45 736.29 1152.45 747.80
00005422 00000055 887.25 90.86 556.17 838.91 960.90 425.18 1190.97 433.52 1009.47 601.41 988.81 734.35 1151.92 745.55
00005423 00000056 887.93 88.57 555.14 839.11 959.73 425.44 1188.56 434.23 1007.13 600.90 987.39 734.24 1149.94 745.89
00005424 00000057 884.22 89.63 560.97 846.07 961.22 426.01 1188.42 435.14 1006.38 601.81 989.30 734.48 1151.42 745.89
00005425 00000058 879.45 91.94 565.61 846.19 963.18 425.59 1188.42 435.55 1008.61 602.75 990.24 735.78 1148.94 747.85
00005426 00000059 879.64 91.91 564.08 843.88 962.49 425.73 1188.57 435.37 1009.49 603.87 991.71 736.22 1150.55 748.02
00005427 00000060 879.04 92.00 565.73 844.78 962.97 425.67 1188.78 434.93 1009.97 602.11 992.27 735.64 1150.88 747.11
00005428 00000061 878.94 90.31 565.51 847.75 962.84 425.63 1188.47 434.73 1009.47 602.02 992.24 735.43 1150.94 746.75
00005429 00000062 880.38 90.09 564.09 846.47 961.75 425.37 1187.69 434.38 1007.56 601.58 990.93 736.11 1149.76 747.42
00005430 00000063 878.66 91.65 567.04 850.57 962.78 425.34 1187.90 434.72 1006.75 602.32 992.09 738.76 1150.68 750.18
00005431 00000064 876.72 96.85 567.66 861.04 965.48 425.69 1186.67 437.78 1004.35 602.77 987.95 740.40 1145.79 754.22
00005432 00000065 873.90 96.26 572.53 871.57 964.97 426.22 1187.15 439.61 1005.45 605.23 987.01 742.93 1151.01 757.33
00005433 00000066 875.23 98.87 570.54 866.07 961.70 428.76 1187.31 443.30 1000.83 607.67 981.00 744.12 1149.21 759.45
00005434 00000067 876.63 101.87 562.52 849.75 959.11 431.28 1185.71 446.29 999.66 611.16 977.99 738.26 1148.96 754.08
00005435 00000068 877.06 101.20 564.20 845.12 958.12 433.05 1185.70 449.98 997.64 612.95 974.41 737.30 1146.97 754.77
00005436 00000069 876.12 100.83 564.21 847.78 956.59 435.32 1186.40 450.60 998.71 614.76 975.06 741.37 1147.21 757.35
00005437 00000070 874.98 101.92 564.48 848.84 956.76 434.46 1186.11 449.53 998.58 614.06 974.86 740.54 1146.69 756.30
00005438 00000071 877.52 97.67 561.09 849.39 954.15 434.86 1186.60 449.56 996.92 614.49 972.25 744.10 1141.59 759.89
00005439 00000072 876.82 97.10 558.66 848.63 952.57 435.03 1185.35 450.38 996.40 615.33 968.67 743.85 1138.74 760.32
00005440 00000073 876.48 97.48 557.56 854.43 951.70 436.96 1185.56 451.62 996.90 616.63 968.84 747.74 1138.21 763.54
00005441 00000074 874.43 101.17 565.41 858.51 956.11 438.95 1185.87 452.23 997.78 617.26 975.42 750.40 1141.06 764.84
00005442 00000075 876.26 103.40 564.89 858.91 956.27 441.19 1187.27 454.53 997.88 620.73 976.72 753.17 1147.36 767.28
00005443 00000076 876.99 103.45 567.72 858.84 957.64 442.85 1186.63 454.92 997.71 619.63 979.22 753.02 1148.07 766.07
00005444 00000077 874.44 108.45 568.84 859.50 959.33 445.89 1186.25 457.86 999.35 619.68 978.99 756.03 1141.28 769.42
00005445 00000078 875.68 107.50 569.30 863.49 959.43 447.65 1188.20 459.00 1000.75 620.76 980.03 756.40 1146.17 769.19
00005446 00000079 877.35 105.77 569.24 867.29 959.47 448.18 1189.29 457.97 1002.10 621.40 981.57 759.29 1150.31 770.64
00005447 00000080 876.42 104.38 571.51 871.18 959.51 447.84 1190.03 459.69 1002.57 623.95 982.58 759.08 1154.74 771.77
00005448 00000081 876.81 106.10 573.83 871.68 960.08 449.69 1192.19 460.57 1005.64 625.13 984.49 760.74 1157.79 772.59
00005449 00000082 878.25 105.76 575.72 874.97 961.91 451.99 1196.71 461.46 1011.19 625.84 988.32 763.69 1163.28 774.45
00005450 00000083 877.51 103.14 576.48 879.82 962.33 456.39 1197.53 465.01 1013.80 630.35 991.44 766.79 1168.33 776.52
00005451 00000084 876.55 106.37 578.12 879.15 963.53 460.28 1199.17 468.09 1018.31 635.34 995.15 770.91 1172.33 779.72
00005452 00000085 878.43 104.22 578.07 881.60 966.20 465.78 1201.97 472.76 1021.96 638.26 999.07 774.18 1177.53 782.18
00005453 00000086 878.13 103.71 581.24 880.87 966.06 466.16 1205.72 469.50 1027.23 638.65 1002.04 776.35 1182.05 781.35
00005454 00000087 879.55 103.12 581.84 878.62 966.98 464.50 1208.47 464.04 1030.69 636.93 1004.86 775.77 1185.21 777.70
00005455 00000088 881.66 102.15 582.80 877.28 969.48 460.25 1212.37 459.28 1034.28 635.81 1009.10 774.74 1188.44 776.34
00005456 00000089 884.56 102.25 580.97 878.95 972.63 458.52 1215.01 457.59 1038.22 633.75 1011.04 773.55 1190.37 775.12
00005457 00000090 886.06 102.55 580.73 878.94 974.82 456.69 1216.52 456.69 1039.71 633.20 1012.08 773.11 1189.53 775.54
00005458 00000091 888.21 104.21 581.03 879.29 977.65 455.77 1219.59 457.25 1042.12 633.24 1013.23 772.24 1191.59 775.84
00005459 00000092 891.05 102.85 580.91 879.00 979.35 455.38 1220.34 457.10 1043.02 632.18 1014.92 771.27 1192.81 774.98
00005460 00000093 891.48 102.36 581.39 879.12 980.96 455.89 1221.99 457.24 1045.01 630.75 1015.79 772.14 1191.67 775.65
00005461 00000094 894.03 105.80 580.02 877.24 983.63 456.35 1224.09 458.31 1047.04 630.90 1017.31 773.65 1193.12 777.73
00005462 00000095 895.84 106.77 578.85 879.32 986.02 455.97 1226.72 459.23 1049.85 632.69 1019.26 774.78 1195.14 779.90
00005463 00000096 896.20 105.71 579.46 878.87 986.32 455.90 1228.39 459.52 1050.68 632.12 1017.78 773.68 1195.35 779.22
00005464 00000097 898.67 105.90 579.93 879.17 988.76 456.30 1230.73 459.74 1052.86 631.88 1019.34 774.12 1196.37 779.57
00005465 00000098 902.41 109.53 577.66 875.57 991.66 456.68 1233.04 460.27 1056.01 632.93 1023.02 774.24 1199.96 779.63
00005466 00000099 905.24 111.33 575.09 872.25 993.96 457.45 1233.83 461.71 1056.54 632.16 1023.21 773.97 1199.01 780.00
00005467 00000100 906.49 110.52 572.70 871.88 994.62 456.72 1234.43 461.77 1057.18 631.47 1022.54 771.36 1200.95 777.87
00005468 00000101 906.49 109.65 572.88 871.19 994.30 455.40 1234.89 461.53 1056.13 630.23 1020.15 769.56 1199.17 777.15
00005469 00000102 906.88 112.72 573.91 868.87 993.77 456.17 1233.19 463.36 1053.11 630.30 1018.90 770.82 1194.65 779.42
00005470 00000103 905.46 114.18 575.07 869.11 992.27 456.36 1230.29 464.12 1049.04 628.80 1015.94 769.62 1191.50 778.73
00005471 00000104 904.01 109.19 575.71 871.26 987.68 455.67 1225.27 463.67 1041.81 630.27 1013.96 769.37 1187.71 778.58
00005472 00000105 902.51 111.78 576.44 871.09 985.54 457.27 1220.67 465.16 1037.67 631.13 1012.24 771.65 1184.42 780.74
00005473 00000106 900.31 109.31 579.23 876.47 980.44 458.55 1214.57 468.30 1027.62 631.16 1006.11 771.53 1180.77 781.99
00005474 00000107 897.04 109.21 576.32 875.53 976.40 458.42 1208.89 468.91 1020.69 631.70 1000.32 771.14 1173.46 782.39
00005475 00000108 895.99 108.18 573.96 873.71 974.25 457.08 1203.23 467.38 1015.81 629.12 999.44 769.05 1169.64 779.99
00005476 00000109 893.84 106.64 574.49 873.97 971.10 456.16 1203.05 465.85 1014.71 627.73 996.67 768.05 1168.57 778.67
00005477 00000110 893.06 103.77 576.07 877.87 972.45 456.68 1204.27 466.80 1016.40 630.08 998.24 768.98 1170.36 779.89
00005478 00000111 893.24 105.98 578.96 878.71 973.96 458.92 1208.29 468.00 1021.79 631.78 1000.63 770.99 1174.80 781.00
00005479 00000112 894.48 109.82 580.30 875.24 977.20 461.02 1212.08 468.07 1027.68 631.55 1005.06 773.05 1178.63 781.28
00005480 00000113 895.74 105.82 580.43 876.72 978.54 459.95 1214.89 466.55 1030.39 631.04 1007.22 771.49 1181.39 779.38
00005481 00000114 896.17 105.89 580.65 873.15 980.56 459.48 1216.92 465.38 1033.89 630.64 1010.07 771.02 1181.67 778.40
00005482 00000115 897.07 106.64 580.43 873.95 981.96 458.79 1219.69 465.43 1035.42 631.14 1010.27 772.27 1182.65 780.26
00005483 00000116 898.73 102.51 579.20 869.53 982.69 458.11 1220.91 464.22 1037.47 629.76 1010.58 768.76 1183.16 776.34
00005484 00000117 898.90 100.17 579.55 866.50 981.49 457.13 1221.95 461.05 1039.20 629.14 1012.29 768.23 1184.11 773.95
00005485 00000118 899.66 101.08 579.23 867.00 984.50 457.28 1223.17 463.53 1040.29 628.72 1012.27 764.99 1184.57 772.61
00005486 00000119 898.57 100.73 579.85 868.16 982.73 454.42 1220.92 461.95 1036.30 629.16 1010.10 764.45 1180.29 773.31
00005487 00000120 894.78 102.82 581.64 872.06 980.93 450.69 1214.45 459.85 1030.43 627.44 1008.56 762.47 1175.75 772.90
00005488 00000121 892.27 103.26 581.92 874.94 978.07 449.32 1210.32 458.40 1026.28 625.61 1004.57 763.43 1171.69 773.97
00005489 00000122 893.08 99.85 577.05 877.48 976.66 445.29 1204.32 458.09 1018.99 620.88 1000.14 759.29 1163.51 772.98
00005490 00000123 891.93 100.81 573.61 878.80 975.56 443.67 1200.58 458.29 1014.10 619.03 995.77 757.60 1160.23 772.81
00005491 00000124 891.16 101.15 575.32 876.77 973.60 445.50 1199.84 458.74 1013.59 621.20 997.39 760.00 1160.63 773.90
00005492 00000125 889.52 100.62 576.06 874.70 974.47 444.36 1200.70 458.42 1015.47 620.97 996.31 756.91 1159.14 771.77
00005493 00000126 889.67 98.54 573.74 872.21 972.94 443.93 1202.77 455.64 1018.77 622.56 997.57 758.08 1161.71 771.11
00005494 00000127 887.89 101.15 576.70 868.35 971.97 445.12 1203.54 453.27 1020.36 620.82 999.12 759.77 1161.66 769.92
00005495 00000128 883.56 101.77 582.76 873.40 976.94 447.69 1207.13 452.29 1030.53 616.62 1004.82 763.04 1163.68 770.49
CROP_BBOX: 592 0 1906 1080
