Video ID: 	6iB9aCDm_70
H: 	1080
W: 	1920
FPS: 	25.0

FRAME INDEX X0 Y0 W H [Landmarks (5 Points)]

00032280 00000000 992.18 162.68 400.77 539.84 1086.12 356.35 1260.78 377.20 1148.73 439.48 1079.00 542.50 1218.48 560.88
00032281 00000001 990.34 167.32 402.25 534.56 1084.53 359.43 1258.11 380.70 1147.55 441.86 1077.96 543.68 1215.77 562.26
00032282 00000002 990.19 168.72 401.20 533.86 1084.05 360.16 1257.82 381.48 1146.77 441.52 1077.29 544.20 1215.60 562.87
00032283 00000003 988.89 168.77 402.30 534.82 1083.94 359.80 1258.02 381.40 1146.98 441.24 1076.50 544.00 1216.45 562.94
00032284 00000004 986.54 168.37 403.61 534.59 1082.59 359.61 1258.02 381.45 1146.85 440.88 1074.74 543.78 1216.76 562.82
00032285 00000005 985.23 170.12 403.35 534.03 1082.38 360.20 1256.51 382.17 1146.87 442.58 1074.04 544.93 1215.27 564.08
00032286 00000006 984.32 171.82 405.03 535.58 1082.10 360.63 1256.55 383.15 1148.53 448.40 1073.84 548.85 1214.75 568.12
00032287 00000007 986.56 172.69 402.74 534.45 1082.96 362.61 1257.04 385.13 1148.21 451.29 1072.90 553.35 1210.72 572.63
00032288 00000008 987.00 172.31 402.80 533.79 1082.78 362.97 1255.66 386.58 1146.68 453.40 1073.62 555.52 1204.80 575.60
00032289 00000009 985.91 171.65 405.17 541.46 1082.85 362.25 1257.78 386.36 1147.72 452.74 1073.30 555.78 1209.65 576.49
00032290 00000010 986.24 172.95 404.79 551.97 1084.35 360.96 1258.19 384.02 1149.81 453.54 1075.96 558.01 1215.09 578.16
00032291 00000011 987.82 172.66 403.57 558.77 1085.45 359.50 1261.48 385.27 1148.62 456.34 1073.88 557.15 1222.20 579.59
00032292 00000012 988.68 171.61 403.38 560.36 1087.22 359.68 1263.03 387.03 1149.27 457.21 1073.91 556.40 1223.32 580.18
00032293 00000013 988.59 170.96 404.02 560.82 1087.23 361.14 1264.36 388.66 1150.31 458.50 1074.20 557.01 1224.95 580.93
00032294 00000014 991.41 171.46 400.69 558.14 1088.46 362.92 1265.57 391.15 1150.25 460.79 1074.25 556.28 1226.77 580.74
00032295 00000015 992.55 169.96 400.43 559.53 1089.22 364.21 1267.49 392.35 1151.12 461.88 1074.50 556.76 1228.97 581.03
00032296 00000016 993.20 169.56 399.92 561.34 1089.66 364.25 1268.76 392.09 1151.69 462.13 1074.62 556.25 1232.08 580.17
00032297 00000017 993.15 169.72 401.31 562.49 1089.91 363.02 1269.62 391.54 1150.76 462.15 1073.70 554.92 1232.64 579.27
00032298 00000018 993.50 168.96 402.97 563.78 1089.98 363.67 1270.74 391.53 1151.34 461.70 1075.06 554.65 1235.78 578.26
00032299 00000019 993.80 169.16 402.40 560.92 1090.84 363.76 1271.56 392.46 1152.80 461.07 1075.36 553.35 1235.35 577.72
00032300 00000020 994.70 169.97 401.24 558.24 1091.84 363.21 1271.36 393.11 1152.93 460.92 1075.35 553.37 1232.33 578.98
00032301 00000021 995.77 170.36 401.42 555.67 1092.21 362.75 1270.31 392.64 1151.68 459.37 1074.98 552.86 1228.83 578.74
00032302 00000022 996.82 170.99 400.98 549.43 1093.36 361.51 1268.31 392.26 1150.84 458.26 1074.87 550.20 1222.67 576.81
00032303 00000023 995.87 171.36 401.59 547.21 1093.57 361.10 1266.70 391.66 1151.23 457.23 1075.56 549.28 1219.94 575.71
00032304 00000024 995.81 171.59 401.65 547.23 1093.78 361.29 1265.14 389.24 1153.21 456.65 1079.19 551.36 1218.73 575.62
00032305 00000025 996.11 172.28 400.41 543.95 1093.71 362.03 1263.81 390.05 1152.70 455.91 1079.21 551.62 1215.24 575.90
00032306 00000026 994.73 174.04 402.47 540.12 1093.65 361.97 1263.38 389.92 1152.85 454.82 1079.27 550.38 1213.74 574.37
00032307 00000027 995.08 174.05 402.41 536.27 1093.44 363.28 1261.92 389.70 1152.23 453.24 1080.11 550.30 1212.29 573.14
00032308 00000028 993.76 172.93 401.81 533.46 1090.18 362.12 1261.30 386.34 1151.64 451.29 1079.17 550.06 1212.73 570.84
00032309 00000029 994.14 170.54 401.84 536.26 1089.40 359.97 1260.99 384.10 1150.33 449.43 1078.93 548.15 1215.00 568.98
00032310 00000030 993.87 168.98 402.21 537.75 1087.44 356.70 1259.70 379.68 1148.82 446.55 1078.80 546.29 1214.92 566.26
00032311 00000031 993.18 168.48 403.03 539.95 1087.11 356.45 1261.66 378.76 1149.91 445.39 1078.90 544.73 1219.32 564.15
00032312 00000032 992.51 167.79 403.64 540.41 1087.23 356.13 1262.02 378.65 1150.45 444.57 1078.53 543.71 1220.28 563.29
00032313 00000033 993.84 168.24 402.57 539.29 1087.29 356.28 1262.24 378.74 1148.90 443.75 1078.15 543.30 1221.74 562.89
00032314 00000034 994.10 167.04 401.29 536.54 1084.35 356.70 1258.73 377.52 1145.01 441.61 1076.38 544.10 1217.35 562.38
00032315 00000035 989.47 166.93 401.60 535.34 1079.66 355.17 1251.87 376.79 1138.77 441.83 1071.00 542.89 1210.12 561.91
00032316 00000036 992.80 158.63 391.30 536.36 1072.55 351.79 1239.13 370.96 1121.98 438.14 1063.48 543.65 1190.49 560.21
00032317 00000037 980.62 153.30 397.97 538.16 1064.49 342.31 1235.54 371.67 1099.99 432.91 1042.17 536.93 1166.90 562.25
00032318 00000038 983.21 150.53 394.66 539.12 1064.17 340.09 1234.88 371.94 1098.01 431.47 1039.83 532.76 1169.44 560.06
00032319 00000039 987.40 155.42 394.21 534.50 1075.26 349.43 1240.52 368.03 1113.63 418.03 1056.97 532.90 1185.13 549.13
00032320 00000040 992.06 152.24 393.34 540.79 1080.88 347.35 1246.76 357.72 1138.30 422.96 1076.37 536.23 1197.85 545.89
00032321 00000041 996.89 152.04 390.86 540.50 1085.18 346.84 1252.02 357.70 1143.84 424.37 1082.52 536.08 1204.21 546.28
00032322 00000042 991.72 150.48 393.04 545.19 1080.74 346.61 1249.07 357.22 1140.11 422.59 1076.80 537.62 1200.11 547.69
00032323 00000043 982.25 151.09 398.42 544.41 1072.94 350.64 1241.71 364.17 1116.82 413.82 1058.31 540.50 1184.35 552.66
00032324 00000044 989.43 158.07 388.44 547.86 1072.87 350.13 1238.28 364.04 1124.54 428.35 1065.56 547.60 1192.25 560.69
00032325 DELETE   989.93 166.22 394.11 541.91 1077.01 353.89 1248.29 373.10 1137.03 440.11 1073.11 542.10 1214.24 559.02
00032326 00000046 991.33 173.37 400.96 537.85 1080.67 360.52 1256.46 377.55 1146.97 447.66 1080.46 549.69 1224.52 564.60
00032327 00000047 992.50 173.33 398.74 538.43 1081.21 366.99 1255.61 384.58 1145.42 455.27 1076.72 555.41 1219.98 570.83
00032328 00000048 989.62 173.57 393.78 540.86 1073.39 369.63 1243.91 389.33 1129.50 460.94 1065.03 557.86 1205.18 574.92
00032329 00000049 980.82 172.17 391.96 540.53 1062.84 372.91 1230.66 393.47 1116.32 468.36 1054.56 562.17 1189.13 579.62
00032330 00000050 973.89 176.19 398.40 541.90 1059.11 380.23 1226.54 396.91 1117.16 474.96 1058.52 572.40 1181.82 586.50
00032331 00000051 975.40 179.20 402.79 553.86 1065.71 383.46 1236.69 400.58 1130.61 482.75 1070.30 579.97 1196.21 594.97
00032332 00000052 975.41 183.51 403.06 557.42 1066.25 390.30 1237.08 405.55 1130.34 490.71 1071.63 590.45 1196.35 604.17
00032333 00000053 972.22 183.80 401.82 561.89 1060.45 396.51 1229.91 410.53 1121.58 497.87 1066.01 597.91 1188.38 610.51
00032334 00000054 969.67 183.70 402.13 562.72 1055.06 398.28 1225.99 412.16 1114.69 501.01 1059.95 599.45 1182.60 611.73
00032335 00000055 969.11 193.69 397.92 560.01 1051.92 398.88 1228.15 419.68 1102.46 496.72 1053.90 599.27 1173.43 617.02
00032336 00000056 969.05 193.43 398.63 560.57 1051.71 399.77 1229.08 419.52 1103.75 497.85 1054.87 600.14 1176.31 616.95
00032337 00000057 967.72 184.17 402.45 565.06 1052.63 400.56 1224.96 412.60 1114.68 502.67 1060.08 601.61 1184.98 612.48
00032338 00000058 967.23 193.63 398.44 560.65 1050.32 399.62 1225.43 418.53 1101.04 495.55 1053.23 598.40 1174.61 614.41
00032339 00000059 966.65 193.26 397.96 557.94 1050.49 398.71 1224.78 418.04 1101.67 494.41 1051.69 596.27 1173.98 612.65
00032340 00000060 967.07 192.32 397.42 560.30 1051.05 398.30 1225.75 417.87 1101.60 493.05 1052.30 594.62 1177.15 611.10
00032341 00000061 967.67 189.53 397.35 563.28 1051.92 396.94 1226.61 417.41 1102.35 492.04 1052.44 592.51 1178.00 609.75
00032342 00000062 967.47 182.55 402.12 563.09 1054.61 397.18 1225.36 408.97 1116.59 496.63 1060.44 593.62 1189.80 604.43
00032343 00000063 968.57 183.02 401.88 563.17 1056.63 395.53 1226.89 408.09 1118.35 495.33 1060.89 592.02 1191.32 603.55
00032344 00000064 968.79 183.77 401.93 560.07 1057.74 395.15 1228.21 407.73 1120.35 494.30 1062.12 590.62 1192.47 602.13
00032345 00000065 969.18 184.40 403.50 561.85 1059.40 394.50 1230.48 407.57 1122.46 493.73 1063.14 590.24 1196.00 602.12
00032346 00000066 969.86 184.32 404.08 562.91 1061.16 394.62 1232.33 408.34 1124.60 494.30 1064.74 591.07 1198.24 603.48
00032347 00000067 970.93 185.16 403.43 561.12 1061.62 394.20 1233.35 408.02 1125.07 493.26 1065.08 590.56 1199.37 603.02
00032348 00000068 971.18 184.45 404.42 563.60 1063.09 393.16 1236.03 407.21 1127.96 492.77 1066.13 590.59 1202.56 603.32
00032349 00000069 971.09 182.22 406.81 565.75 1066.35 389.51 1242.46 404.82 1134.26 490.29 1070.27 588.67 1209.14 602.28
00032350 00000070 975.56 178.15 405.87 566.40 1072.98 385.92 1251.69 400.89 1149.42 486.31 1079.08 584.84 1223.97 597.90
00032351 00000071 983.39 177.22 402.91 558.86 1078.61 384.10 1259.40 395.50 1158.61 479.51 1088.43 579.03 1236.65 588.65
00032352 00000072 985.08 176.85 403.02 552.32 1079.80 378.63 1259.77 389.70 1160.06 471.48 1089.34 572.46 1239.29 582.07
00032353 00000073 983.79 176.16 402.24 543.87 1077.08 371.64 1253.22 384.76 1152.69 461.62 1082.96 561.84 1230.27 573.18
00032354 00000074 980.27 175.81 400.52 534.57 1067.72 367.20 1241.70 380.25 1138.82 453.36 1072.60 555.36 1216.23 566.61
00032355 00000075 979.54 170.82 394.64 531.48 1061.46 363.88 1231.30 374.52 1126.17 449.66 1064.89 554.82 1198.85 564.40
00032356 00000076 981.79 167.40 390.64 533.91 1060.29 360.95 1227.35 369.94 1121.44 444.71 1064.55 555.25 1189.71 563.68
00032357 00000077 983.95 165.10 390.87 535.43 1063.02 360.03 1229.83 368.05 1125.69 442.33 1070.13 554.18 1191.77 561.86
00032358 00000078 985.32 163.20 391.64 539.45 1066.71 359.96 1234.17 366.59 1133.19 440.53 1076.45 553.77 1198.36 560.37
00032359 00000079 984.29 162.37 395.74 542.96 1067.52 359.84 1238.93 365.07 1138.37 438.78 1079.66 553.51 1206.34 559.03
00032360 00000080 985.13 160.80 394.61 544.37 1066.42 359.76 1238.98 362.88 1138.45 438.74 1079.92 554.17 1209.54 558.02
00032361 00000081 984.08 162.48 391.68 541.35 1062.03 360.47 1232.99 361.39 1134.05 441.62 1078.39 557.16 1204.89 558.95
00032362 00000082 980.18 163.01 386.77 541.77 1052.96 365.45 1221.01 362.48 1121.82 443.76 1072.09 562.38 1194.24 561.05
00032363 00000083 966.64 161.55 397.80 546.46 1045.07 367.56 1214.97 358.44 1107.22 443.62 1070.75 567.09 1191.94 561.12
00032364 00000084 965.71 158.79 392.43 544.10 1037.27 373.74 1211.70 358.88 1105.80 449.13 1060.68 564.64 1202.30 553.43
00032365 00000085 967.29 161.91 392.22 543.32 1038.16 376.55 1211.90 360.26 1107.13 450.76 1062.68 565.13 1207.56 552.81
00032366 00000086 966.49 163.88 393.51 541.58 1038.03 379.13 1211.55 361.81 1108.03 452.07 1063.90 565.21 1211.65 551.84
00032367 00000087 964.25 162.53 391.60 539.82 1033.85 381.19 1207.87 361.89 1103.96 452.53 1059.19 566.40 1207.79 551.85
00032368 00000088 961.96 162.58 389.20 543.29 1029.39 382.68 1202.31 362.12 1097.47 454.99 1053.54 568.14 1201.70 552.94
00032369 00000089 960.02 164.03 388.95 545.41 1027.00 384.74 1198.35 364.04 1093.22 457.30 1049.35 568.27 1198.89 552.93
00032370 00000090 959.02 165.67 390.11 547.46 1027.60 381.71 1198.08 362.42 1094.18 457.46 1051.88 569.44 1196.15 555.13
00032371 00000091 958.67 164.49 391.12 553.13 1027.66 379.92 1198.80 359.17 1095.32 454.15 1052.57 569.59 1198.80 554.33
00032372 00000092 957.40 164.03 390.06 553.01 1025.73 379.04 1198.50 356.61 1093.78 451.36 1049.20 567.92 1199.86 551.44
00032373 00000093 955.34 165.30 388.48 552.21 1022.91 377.32 1191.92 355.69 1087.99 451.03 1044.44 566.43 1193.25 550.59
00032374 00000094 952.90 163.95 389.24 554.96 1019.53 377.33 1187.33 355.02 1083.16 449.41 1041.68 566.94 1189.02 550.65
00032375 00000095 951.86 165.69 390.36 557.02 1019.14 374.92 1186.70 352.60 1082.94 447.61 1042.17 565.98 1189.35 549.68
00032376 00000096 950.98 162.74 391.42 555.33 1018.70 377.41 1186.67 350.73 1085.20 446.21 1045.34 567.43 1191.48 547.75
00032377 00000097 949.14 162.30 392.35 550.29 1019.60 377.98 1186.91 351.96 1088.22 445.10 1047.26 565.77 1189.61 546.60
00032378 00000098 946.82 164.26 393.70 546.51 1018.53 379.06 1185.15 353.98 1087.62 445.75 1045.98 563.63 1188.66 545.23
00032379 00000099 943.87 167.98 394.45 543.97 1015.43 378.34 1181.02 356.72 1082.95 446.18 1041.17 563.51 1182.80 547.79
00032380 00000100 940.14 171.93 395.27 543.01 1010.57 378.84 1174.14 359.85 1075.32 447.30 1036.22 564.46 1176.52 550.39
00032381 00000101 937.81 173.06 393.90 543.76 1007.80 380.04 1168.88 362.71 1072.50 450.98 1035.41 567.78 1171.34 554.80
00032382 00000102 936.45 175.58 393.75 542.43 1007.54 381.63 1166.95 365.07 1072.27 453.29 1036.67 569.60 1170.08 557.25
00032383 00000103 936.49 175.81 394.77 542.64 1007.62 383.85 1167.43 366.05 1072.97 455.47 1037.95 571.82 1172.07 558.56
00032384 00000104 936.12 175.09 393.80 542.91 1006.89 383.61 1166.75 365.98 1072.31 455.83 1037.47 572.38 1170.74 559.34
00032385 00000105 934.48 173.65 394.15 537.01 1003.64 384.00 1166.89 365.92 1068.75 455.37 1033.96 571.58 1169.57 557.99
00032386 00000106 934.23 173.73 393.35 535.00 1001.94 383.31 1166.04 366.15 1066.24 453.65 1031.27 570.74 1166.29 557.95
00032387 00000107 934.72 174.10 394.60 540.02 1003.69 382.26 1165.79 365.67 1067.29 453.13 1032.92 571.29 1166.01 559.04
00032388 00000108 938.58 175.52 391.87 537.84 1007.79 383.74 1166.89 366.29 1070.28 455.26 1037.72 572.17 1167.62 559.40
00032389 00000109 940.63 176.05 391.77 537.60 1010.10 383.13 1167.84 366.10 1071.44 455.33 1038.37 571.61 1167.12 559.22
00032390 00000110 941.74 177.10 391.82 538.12 1010.72 383.99 1168.45 366.71 1071.22 455.97 1037.79 572.12 1168.43 559.49
00032391 00000111 943.10 177.41 390.86 539.77 1011.78 385.88 1168.20 367.66 1071.89 457.07 1039.12 573.27 1170.02 559.70
00032392 00000112 943.14 182.02 393.09 534.75 1014.90 393.77 1172.16 371.35 1075.75 458.93 1043.71 575.68 1176.14 558.35
00032393 00000113 945.67 179.44 393.13 533.13 1016.47 397.94 1174.81 372.56 1079.02 460.91 1046.63 577.37 1180.52 557.93
00032394 00000114 945.94 178.77 393.36 533.06 1016.05 396.74 1179.89 370.16 1081.83 462.36 1047.21 577.72 1185.90 557.49
00032395 00000115 948.42 173.93 390.73 537.38 1017.09 393.97 1180.58 368.63 1081.68 461.79 1046.02 575.93 1185.68 556.86
00032396 00000116 949.73 169.76 390.27 544.06 1017.82 387.39 1179.66 364.57 1082.00 457.80 1046.20 575.01 1181.68 558.35
00032397 00000117 951.55 169.11 389.49 547.08 1019.27 384.34 1180.13 362.76 1082.19 457.40 1047.47 575.76 1178.81 560.29
00032398 00000118 953.37 164.51 386.98 543.40 1019.45 384.88 1186.10 362.33 1087.02 458.24 1048.05 574.90 1186.41 558.89
00032399 00000119 955.00 161.20 389.20 546.97 1025.36 378.44 1194.17 357.68 1095.42 452.69 1054.83 570.06 1191.04 554.97
00032400 00000120 955.77 159.83 389.49 549.77 1028.05 376.01 1195.77 355.49 1097.61 450.21 1058.18 570.42 1189.02 555.42
00032401 00000121 955.53 157.51 387.92 549.00 1026.16 374.50 1193.68 354.51 1093.52 448.17 1053.79 570.39 1183.72 556.19
00032402 00000122 953.01 160.57 387.78 543.81 1023.46 372.81 1186.82 353.39 1086.27 443.65 1048.41 566.75 1175.31 552.94
00032403 00000123 952.23 161.86 387.01 543.73 1018.98 373.28 1179.27 352.52 1074.80 440.43 1042.36 565.90 1168.21 550.90
00032404 00000124 952.49 162.54 387.58 547.52 1015.35 372.99 1176.22 351.89 1068.41 442.05 1037.57 565.43 1170.34 549.60
00032405 00000125 953.94 165.84 387.19 558.04 1017.94 371.46 1178.63 350.73 1070.82 443.75 1039.98 566.90 1177.69 551.43
00032406 00000126 956.84 166.34 387.29 567.23 1023.15 372.53 1188.78 351.42 1080.48 450.01 1045.99 570.31 1191.95 554.55
00032407 00000127 959.63 164.90 388.52 570.21 1028.59 376.93 1198.95 357.30 1092.40 455.88 1052.89 575.53 1201.04 560.99
00032408 00000128 960.37 164.24 390.71 569.62 1032.88 379.45 1204.71 361.54 1100.09 462.32 1060.71 578.85 1207.50 564.84
00032409 00000129 961.05 167.35 389.88 558.20 1034.71 384.79 1204.80 367.69 1102.86 469.91 1065.27 580.97 1207.20 567.43
00032410 00000130 961.11 172.98 390.78 551.53 1035.71 387.01 1203.63 371.19 1103.69 473.52 1068.30 582.24 1204.74 569.31
00032411 00000131 962.21 173.71 390.99 545.80 1035.61 387.99 1202.27 373.57 1101.92 474.50 1067.31 581.15 1199.71 569.61
00032412 00000132 963.05 171.76 391.51 544.98 1035.92 386.21 1203.52 370.98 1102.15 471.64 1066.95 579.51 1200.65 567.35
00032413 00000133 964.53 166.76 391.16 544.27 1036.21 381.59 1207.63 365.42 1103.99 461.91 1065.03 575.00 1202.69 562.68
00032414 00000134 967.81 162.71 393.21 544.79 1039.05 376.22 1213.57 359.16 1109.37 452.81 1067.84 569.30 1209.73 556.35
00032415 00000135 972.76 166.65 393.10 540.71 1045.04 371.19 1219.26 361.18 1121.41 448.18 1073.92 561.96 1210.48 554.28
00032416 00000136 976.47 162.99 393.26 542.68 1050.30 365.44 1225.47 355.54 1127.66 441.34 1079.95 558.62 1216.58 551.21
00032417 00000137 979.86 161.22 392.57 542.99 1054.92 362.36 1230.33 351.77 1131.98 435.34 1082.21 555.42 1220.86 547.63
00032418 00000138 979.87 159.17 395.26 537.70 1056.16 361.28 1232.78 350.64 1136.16 436.38 1083.74 552.22 1223.87 544.04
00032419 00000139 980.55 156.86 394.85 534.73 1056.36 360.58 1233.48 349.21 1135.84 433.73 1082.40 551.31 1222.14 542.64
00032420 00000140 981.12 155.62 394.79 537.11 1057.09 359.17 1232.66 347.48 1133.70 429.49 1080.93 549.38 1219.91 540.69
00032421 00000141 982.85 154.33 392.76 537.53 1057.26 356.65 1230.60 345.50 1129.72 426.51 1080.01 548.02 1216.75 539.90
00032422 00000142 984.07 153.52 392.76 541.48 1058.85 356.02 1231.99 345.33 1130.15 426.97 1082.12 548.53 1219.13 540.76
00032423 00000143 984.10 158.06 391.86 541.50 1059.45 357.01 1231.65 347.23 1133.18 430.23 1085.13 551.14 1220.16 544.08
00032424 00000144 984.85 162.56 388.97 542.29 1058.34 361.16 1231.06 353.64 1132.21 437.93 1083.91 556.77 1219.45 551.51
00032425 00000145 982.48 167.84 392.33 547.39 1057.01 367.75 1226.44 364.03 1127.37 449.01 1080.54 564.79 1214.88 562.55
00032426 00000146 982.49 171.43 393.04 561.79 1056.10 373.47 1229.18 371.49 1126.33 463.91 1080.77 579.55 1217.43 578.96
00032427 00000147 978.69 177.97 396.45 557.05 1055.31 383.55 1229.15 381.43 1128.41 478.35 1081.66 585.62 1218.36 584.81
00032428 00000148 968.29 182.34 400.85 548.15 1049.64 394.77 1225.49 388.19 1118.48 486.53 1078.42 594.90 1205.85 589.48
00032429 00000149 963.12 185.96 401.78 553.38 1045.70 401.22 1222.79 393.80 1118.06 492.37 1074.92 602.69 1204.30 596.61
00032430 00000150 962.63 187.10 398.58 552.25 1047.83 407.48 1221.19 401.92 1120.86 501.96 1074.68 603.05 1211.33 599.68
00032431 00000151 960.88 189.27 396.85 547.06 1043.32 410.57 1216.03 404.25 1114.67 505.33 1070.79 602.96 1208.35 598.96
00032432 00000152 960.45 189.29 394.75 543.99 1041.33 410.63 1212.88 404.44 1111.04 505.10 1068.05 601.25 1205.08 597.56
00032433 00000153 959.70 188.00 394.67 544.34 1040.42 410.17 1211.47 403.44 1110.16 503.98 1067.41 600.13 1205.09 596.04
00032434 00000154 959.34 184.74 393.86 547.77 1040.16 407.84 1210.75 401.25 1109.71 501.78 1066.52 598.14 1205.50 594.02
00032435 00000155 958.47 183.24 394.19 551.43 1040.08 404.98 1209.46 397.74 1110.42 499.83 1065.99 596.66 1204.21 591.97
00032436 00000156 957.74 181.65 393.40 553.01 1038.35 403.24 1206.81 394.37 1107.82 497.32 1064.98 596.06 1202.06 590.06
00032437 00000157 956.64 177.56 392.10 554.02 1034.78 398.54 1202.36 389.12 1103.25 494.52 1061.81 593.58 1196.28 586.93
00032438 00000158 957.16 173.75 390.20 550.96 1029.62 393.28 1198.20 382.10 1096.18 487.18 1058.05 587.82 1193.60 579.66
00032439 00000159 957.06 173.60 390.62 542.79 1029.00 388.25 1195.79 377.55 1093.62 475.42 1054.00 576.98 1189.96 569.28
00032440 00000160 955.48 168.59 391.61 544.75 1030.34 390.93 1197.80 377.71 1094.94 466.33 1053.74 575.94 1192.57 566.09
00032441 00000161 956.51 166.47 390.69 540.97 1030.27 384.95 1198.50 370.26 1094.47 457.76 1053.57 572.38 1188.78 561.39
00032442 00000162 957.21 154.52 391.60 546.50 1029.89 373.87 1205.68 358.86 1097.90 447.85 1052.44 566.43 1192.63 555.21
00032443 00000163 957.55 147.40 392.01 548.89 1031.87 362.85 1209.10 351.58 1101.94 442.39 1053.73 561.71 1191.04 553.54
00032444 00000164 960.14 147.87 391.69 543.36 1035.95 358.01 1212.97 347.74 1105.45 436.63 1056.39 556.14 1193.24 548.76
00032445 00000165 962.64 146.80 391.05 543.06 1038.05 357.00 1215.49 347.23 1106.13 434.29 1057.02 553.05 1195.89 546.00
00032446 00000166 965.12 144.22 393.17 546.11 1041.57 355.43 1220.04 346.40 1109.58 434.11 1060.39 551.76 1201.34 545.06
00032447 00000167 969.72 151.69 391.12 547.85 1050.51 355.87 1223.18 349.27 1112.34 426.17 1064.73 549.01 1197.40 543.88
00032448 00000168 973.46 150.46 390.81 549.49 1052.65 355.71 1226.12 348.55 1111.95 421.12 1065.20 547.73 1199.60 542.08
00032449 00000169 975.25 148.25 389.93 550.19 1054.74 355.59 1227.10 347.74 1112.13 418.24 1067.10 546.40 1200.66 540.26
00032450 00000170 978.75 146.52 388.54 547.73 1056.68 355.05 1229.99 347.78 1113.19 417.69 1068.89 546.49 1201.33 541.06
00032451 00000171 980.07 145.47 389.95 548.58 1058.75 353.56 1232.04 346.11 1113.60 415.15 1070.98 546.34 1202.29 540.65
00032452 00000172 982.78 143.85 389.01 547.63 1061.81 352.49 1233.12 345.13 1115.14 414.33 1072.77 544.20 1202.32 538.57
00032453 00000173 988.97 143.78 383.76 544.93 1065.15 352.32 1233.14 344.37 1115.16 412.01 1074.42 542.56 1203.45 536.35
00032454 00000174 990.79 141.73 385.29 550.32 1067.58 353.58 1236.43 344.45 1116.64 407.19 1075.64 541.39 1208.49 533.83
00032455 00000175 993.71 141.55 383.99 556.02 1065.10 339.00 1235.06 330.94 1120.21 407.15 1079.58 536.79 1220.31 531.74
00032456 00000176 993.71 139.67 384.41 563.56 1064.55 330.16 1234.20 323.10 1116.38 399.69 1077.21 533.75 1221.12 529.47
00032457 00000177 992.42 136.19 383.77 563.46 1063.92 326.62 1233.12 319.46 1116.64 396.02 1075.92 530.99 1219.47 526.71
00032458 00000178 989.69 124.65 383.70 565.43 1063.26 329.47 1234.98 323.72 1117.43 399.21 1070.41 531.04 1218.50 527.61
00032459 00000179 987.65 124.55 383.55 560.75 1060.36 328.86 1232.34 322.04 1114.24 396.40 1069.71 529.47 1216.86 525.09
CROP_BBOX: 725 0 1606 880
