Video ID: 	-SMehtGgiU0
H: 	1080
W: 	1920
FPS: 	25.0

FRAME INDEX X0 Y0 W H [Landmarks (5 Points)]

00001152 00000000 988.24 131.20 438.54 606.32 1091.10 347.07 1289.79 347.17 1186.94 453.63 1112.61 571.43 1274.19 569.61
00001153 00000001 988.02 135.70 438.54 601.81 1091.24 348.53 1291.41 350.46 1187.23 457.66 1111.60 572.95 1274.72 572.51
00001154 00000002 987.82 138.35 438.44 600.45 1089.06 351.05 1289.74 352.42 1185.37 461.79 1109.65 576.05 1273.52 575.19
00001155 00000003 984.59 140.41 438.92 598.60 1085.10 353.42 1284.38 354.87 1180.65 466.36 1105.27 578.15 1267.67 577.52
00001156 00000004 984.41 140.01 436.28 595.59 1080.72 357.54 1278.66 358.21 1174.31 470.39 1101.03 580.01 1261.43 579.40
00001157 00000005 983.16 141.69 431.89 592.24 1077.88 360.64 1273.36 361.79 1169.47 473.77 1097.00 579.58 1255.44 580.05
00001158 00000006 981.07 144.58 430.57 588.19 1075.80 362.76 1270.60 363.49 1168.86 476.55 1095.19 580.42 1252.78 580.56
00001159 00000007 978.34 144.53 431.34 589.82 1073.95 364.03 1269.53 365.20 1168.27 479.36 1094.24 581.90 1252.15 582.33
00001160 00000008 976.17 144.94 432.34 590.29 1071.74 363.99 1266.94 364.98 1165.86 480.64 1093.04 583.07 1249.26 583.36
00001161 00000009 974.75 148.21 431.56 588.68 1069.98 364.97 1265.98 364.75 1164.63 480.38 1091.83 584.14 1248.92 583.44
00001162 00000010 972.37 147.54 432.00 589.91 1068.44 364.54 1264.89 365.47 1163.44 481.06 1090.10 584.61 1246.75 584.72
00001163 00000011 970.68 147.12 432.69 591.22 1066.98 364.41 1264.30 365.32 1162.00 482.12 1088.63 584.85 1246.22 584.91
00001164 00000012 968.94 146.38 432.36 592.63 1065.99 364.20 1263.68 365.85 1160.98 482.94 1087.70 585.33 1244.92 586.09
00001165 00000013 967.59 145.38 431.96 594.30 1064.96 364.62 1262.83 365.93 1160.88 484.14 1086.69 586.42 1244.24 586.98
00001166 00000014 966.96 144.12 431.54 596.57 1063.31 365.53 1261.96 365.34 1160.39 485.92 1086.13 588.08 1244.87 587.57
00001167 00000015 965.61 143.86 431.98 597.88 1061.59 365.89 1260.82 365.12 1159.08 487.11 1085.23 589.10 1243.90 588.25
00001168 00000016 963.90 143.06 433.37 597.92 1059.85 366.62 1259.66 365.50 1157.46 488.05 1084.47 589.63 1242.62 588.48
00001169 00000017 963.00 143.75 433.77 598.29 1058.75 367.20 1258.60 365.11 1156.62 488.80 1084.71 590.77 1242.43 588.92
00001170 00000018 962.76 143.64 434.60 599.68 1057.98 367.55 1258.45 364.82 1156.22 489.09 1084.25 591.78 1242.78 589.45
00001171 00000019 962.60 143.43 434.94 601.11 1057.96 367.60 1258.57 364.50 1156.81 489.45 1084.39 592.21 1243.00 589.54
00001172 00000020 962.42 144.23 435.21 600.97 1058.26 367.67 1258.79 364.70 1157.05 489.55 1085.05 592.44 1243.28 589.83
00001173 00000021 962.57 144.36 435.17 601.25 1058.13 368.19 1258.33 364.81 1157.04 489.69 1085.28 592.86 1243.34 589.87
00001174 00000022 961.63 144.29 435.76 601.57 1057.05 368.93 1257.22 364.62 1156.19 490.24 1084.71 593.76 1242.67 590.09
00001175 00000023 960.89 143.77 436.32 602.81 1056.54 369.44 1256.92 364.87 1155.82 490.98 1084.56 594.98 1242.75 591.01
00001176 00000024 960.00 142.72 436.81 604.98 1056.10 370.29 1256.26 365.38 1155.73 491.60 1084.58 595.68 1243.18 591.41
00001177 00000025 958.43 142.26 437.74 603.93 1054.70 370.65 1254.05 364.50 1154.21 491.20 1084.42 595.44 1242.06 590.30
00001178 00000026 957.26 140.41 437.42 603.61 1051.38 369.77 1250.10 363.71 1148.91 489.74 1081.56 593.74 1237.79 588.53
00001179 00000027 953.87 136.37 440.51 598.29 1048.65 366.41 1247.99 360.41 1137.82 484.07 1076.95 585.53 1239.14 581.86
00001180 00000028 956.67 133.95 437.54 593.95 1049.18 364.33 1247.88 358.51 1136.83 478.22 1074.66 579.15 1239.94 575.50
00001181 00000029 957.30 128.98 436.61 592.47 1049.03 358.68 1250.31 353.35 1138.35 470.73 1071.77 572.41 1242.21 568.64
00001182 00000030 957.79 123.49 436.19 590.37 1048.20 353.48 1249.64 348.96 1136.98 464.26 1070.02 564.72 1243.79 561.05
00001183 00000031 957.94 120.18 435.48 590.02 1048.18 349.55 1251.25 343.39 1138.87 459.35 1070.73 560.63 1247.85 555.30
00001184 00000032 958.36 113.44 436.84 594.27 1048.74 345.51 1251.83 339.50 1139.92 455.79 1071.80 558.59 1246.56 553.39
00001185 00000033 959.38 110.93 437.66 595.12 1048.79 341.02 1254.62 334.78 1140.04 450.05 1070.56 556.63 1247.10 551.10
00001186 DELETE   960.00 106.07 436.69 600.93 1053.55 336.80 1251.92 331.74 1140.66 439.84 1073.27 552.35 1236.57 548.44
00001187 00000035 961.93 105.04 436.02 594.51 1055.32 334.60 1252.57 329.45 1142.24 435.03 1075.87 546.61 1238.80 542.49
00001188 00000036 962.66 101.61 436.20 592.13 1053.88 331.63 1252.59 326.17 1140.44 430.88 1072.73 540.59 1243.81 535.78
00001189 00000037 961.81 101.13 437.43 589.24 1052.19 331.16 1252.05 322.54 1138.97 425.89 1074.95 541.08 1244.77 533.48
00001190 00000038 960.75 102.07 437.92 594.53 1053.02 329.94 1249.18 321.89 1137.65 425.32 1075.58 543.60 1237.23 537.04
00001191 00000039 961.35 102.88 436.26 594.91 1052.40 332.24 1249.11 323.80 1137.65 429.82 1075.49 544.70 1240.68 537.50
00001192 00000040 961.38 104.40 436.61 594.68 1052.43 333.24 1248.50 326.17 1136.74 433.31 1074.09 544.79 1241.17 538.74
00001193 00000041 960.37 104.19 437.68 596.96 1051.36 333.53 1248.09 325.42 1136.43 433.45 1073.52 546.08 1241.64 539.13
00001194 00000042 959.93 101.52 437.61 594.39 1049.67 331.07 1248.87 322.57 1135.44 426.75 1072.32 543.65 1239.88 536.30
00001195 00000043 958.72 94.56 438.57 595.02 1048.60 323.88 1244.84 316.96 1132.70 416.86 1068.66 533.11 1238.10 526.75
00001196 00000044 958.06 89.74 436.61 597.73 1047.90 318.66 1241.25 312.13 1126.71 407.79 1065.28 527.09 1231.48 521.52
00001197 00000045 956.73 89.30 437.28 598.49 1046.34 312.26 1236.77 305.18 1123.04 401.35 1065.24 524.37 1221.78 518.74
00001198 00000046 955.27 87.82 438.22 603.69 1046.61 310.64 1235.12 303.51 1122.11 399.27 1064.36 524.32 1217.35 518.80
00001199 00000047 954.47 87.95 438.54 604.40 1046.55 311.76 1235.31 304.76 1122.84 401.97 1064.89 526.68 1216.70 521.26
00001200 00000048 954.30 88.93 438.59 607.02 1046.38 314.17 1235.21 306.36 1122.42 405.44 1065.68 532.16 1216.59 526.24
00001201 00000049 953.57 93.55 438.84 603.24 1043.88 318.14 1233.27 309.27 1120.83 410.08 1065.19 536.56 1215.76 529.73
00001202 00000050 953.53 94.76 437.75 604.91 1042.23 321.25 1233.60 312.43 1119.92 414.82 1062.63 539.86 1216.53 533.00
00001203 00000051 951.71 96.45 438.97 602.80 1040.41 324.33 1232.36 314.98 1119.13 417.13 1061.54 541.73 1214.45 534.39
00001204 00000052 950.29 100.29 440.22 600.08 1038.54 327.16 1233.94 317.31 1119.23 419.14 1059.30 544.10 1213.59 536.50
00001205 00000053 953.17 95.81 440.84 608.60 1036.04 331.75 1237.17 323.39 1110.10 422.75 1058.01 546.97 1212.53 540.50
00001206 00000054 952.35 96.75 442.48 609.47 1036.02 333.93 1237.23 326.25 1111.18 429.10 1057.53 547.66 1215.89 541.75
00001207 00000055 953.59 101.54 441.09 610.25 1037.03 337.38 1236.74 328.30 1111.84 432.37 1058.32 551.83 1217.46 544.95
00001208 00000056 953.72 105.27 442.71 615.09 1039.65 339.05 1237.81 329.40 1114.00 434.48 1061.61 555.03 1216.70 547.97
00001209 00000057 952.98 106.63 445.39 617.40 1038.26 340.74 1238.60 330.36 1115.27 440.66 1062.23 557.70 1223.45 549.84
00001210 00000058 952.38 109.41 446.48 614.63 1038.28 340.81 1239.29 331.66 1116.38 444.34 1060.63 557.54 1224.65 550.77
00001211 00000059 949.75 111.85 449.77 616.09 1037.96 340.39 1238.89 331.77 1117.33 448.22 1061.73 559.67 1224.45 553.36
00001212 00000060 948.51 113.78 451.30 618.84 1039.11 342.33 1236.94 334.29 1116.84 451.27 1063.43 562.40 1220.71 556.62
00001213 00000061 948.33 115.08 449.84 617.18 1039.49 344.10 1236.32 336.27 1116.87 452.77 1064.83 563.43 1219.30 557.84
00001214 00000062 947.58 115.16 450.39 617.29 1038.80 344.78 1235.67 336.22 1116.70 452.87 1064.56 564.23 1219.60 558.00
00001215 00000063 947.36 114.78 449.61 615.97 1038.22 345.59 1235.06 337.04 1115.90 453.09 1063.33 564.50 1218.52 558.34
00001216 00000064 946.91 113.98 449.01 617.47 1037.14 345.60 1234.04 337.39 1114.38 453.07 1061.74 563.95 1218.05 558.04
00001217 00000065 946.54 114.20 448.99 616.33 1035.91 345.89 1233.12 337.93 1113.14 453.72 1060.60 563.06 1217.66 557.30
00001218 00000066 946.86 114.25 447.97 615.46 1035.17 347.24 1233.22 339.02 1113.37 455.65 1058.46 563.06 1219.57 557.11
00001219 00000067 947.16 114.81 447.26 614.10 1035.97 347.22 1233.33 339.50 1114.11 456.22 1059.12 562.45 1219.33 556.93
00001220 00000068 946.94 114.67 447.44 613.84 1036.43 347.16 1233.01 338.81 1113.76 454.30 1060.82 563.36 1216.25 557.36
00001221 00000069 946.66 113.84 447.72 615.96 1035.53 347.35 1232.95 338.20 1113.20 454.38 1061.45 566.02 1216.29 559.34
00001222 00000070 945.69 113.46 449.65 620.49 1034.67 347.30 1232.88 337.52 1112.86 454.57 1062.04 567.21 1218.70 559.97
00001223 00000071 944.90 113.42 450.00 619.47 1033.35 346.88 1231.81 337.18 1112.00 453.94 1059.49 564.89 1219.31 557.61
00001224 00000072 944.69 112.97 450.00 617.66 1033.72 345.28 1231.48 335.97 1111.90 452.00 1060.18 562.49 1218.90 555.41
00001225 00000073 944.28 112.38 450.90 615.81 1033.70 345.73 1229.55 335.83 1111.05 450.79 1061.66 561.69 1218.75 554.07
00001226 00000074 944.09 111.85 450.77 614.78 1033.43 346.86 1227.36 336.85 1109.67 451.30 1062.56 562.26 1216.50 554.50
00001227 00000075 944.54 111.04 450.79 617.17 1033.45 346.32 1227.16 336.15 1109.07 450.44 1062.73 563.53 1215.36 555.69
00001228 00000076 944.64 111.89 449.88 615.64 1033.19 345.66 1227.09 336.02 1108.62 450.34 1062.00 563.45 1213.54 556.09
00001229 00000077 944.60 111.36 449.40 614.19 1033.08 344.85 1226.80 335.63 1108.40 449.88 1061.84 562.40 1212.74 555.41
00001230 00000078 944.14 111.81 449.78 613.42 1032.38 344.90 1226.42 335.53 1107.56 449.70 1061.07 562.71 1211.85 555.60
00001231 00000079 944.81 112.16 448.52 612.70 1031.22 346.40 1225.21 336.52 1106.11 451.17 1060.08 563.12 1212.06 555.58
00001232 00000080 943.64 112.98 448.05 611.10 1028.95 349.37 1222.58 338.12 1104.65 452.75 1058.59 565.02 1211.59 556.18
00001233 00000081 940.65 115.17 448.04 609.49 1023.72 354.67 1218.93 342.06 1101.34 456.62 1054.34 569.13 1210.51 558.96
00001234 00000082 935.31 115.92 450.20 613.80 1016.35 359.83 1212.87 344.11 1095.51 460.79 1050.23 575.62 1206.80 562.80
00001235 00000083 931.13 119.77 450.97 611.86 1011.07 361.92 1206.58 345.79 1089.53 466.25 1046.65 578.44 1200.99 565.40
00001236 00000084 928.91 121.53 450.59 613.03 1006.74 363.62 1199.07 348.49 1081.76 472.70 1043.46 581.14 1195.23 569.03
00001237 00000085 924.44 124.14 450.78 613.08 1002.23 365.27 1192.20 350.97 1076.00 476.02 1040.68 583.78 1189.26 572.31
00001238 00000086 922.24 124.88 451.16 615.13 998.81 367.71 1190.29 353.39 1071.52 478.87 1036.73 586.30 1186.30 574.89
00001239 00000087 920.04 125.04 451.66 618.64 995.98 369.53 1189.15 355.12 1068.95 481.07 1034.26 590.11 1184.29 578.53
00001240 00000088 924.26 135.59 440.92 610.38 996.02 373.43 1185.69 359.39 1070.37 487.26 1032.10 596.29 1186.00 583.92
00001241 00000089 922.64 137.48 442.97 611.28 996.97 376.81 1184.94 362.84 1071.22 490.73 1034.53 598.65 1188.13 586.07
00001242 00000090 922.40 138.50 444.43 612.91 997.49 380.15 1185.25 366.28 1072.34 494.26 1035.73 601.13 1191.24 588.52
00001243 00000091 921.88 139.27 447.56 615.43 1000.46 385.59 1190.25 372.10 1075.19 494.25 1036.93 602.00 1196.67 589.49
00001244 00000092 924.50 137.98 446.69 617.43 1005.03 384.75 1193.20 371.03 1079.13 492.69 1041.44 602.58 1198.45 589.62
00001245 DELETE   924.75 126.18 452.72 630.81 1005.90 381.31 1199.85 365.55 1081.58 490.15 1044.97 601.87 1195.46 588.98
00001246 00000094 926.43 125.93 454.02 629.49 1008.48 376.03 1207.59 360.78 1088.13 484.60 1047.88 598.82 1200.54 586.67
00001247 00000095 930.36 125.60 454.54 627.58 1013.61 369.65 1214.58 355.74 1094.09 479.96 1050.47 591.43 1207.75 580.41
00001248 00000096 935.31 121.38 452.50 628.56 1020.13 363.17 1219.29 349.32 1099.38 468.17 1053.29 584.51 1210.04 573.72
00001249 00000097 939.30 117.26 451.74 628.47 1026.64 357.39 1225.29 343.61 1105.26 456.84 1056.77 579.63 1210.47 569.04
00001250 00000098 941.55 113.68 451.60 626.03 1032.29 348.94 1228.51 337.28 1109.61 450.37 1061.02 570.97 1212.82 562.16
00001251 00000099 943.17 104.09 450.64 627.24 1034.20 342.87 1230.30 332.44 1110.18 442.70 1060.00 563.22 1211.92 555.40
00001252 00000100 941.44 103.33 450.85 627.99 1032.09 339.26 1227.40 328.44 1106.06 433.84 1057.49 559.55 1207.96 551.34
00001253 DELETE   937.75 103.24 451.96 631.32 1027.20 340.12 1221.20 326.81 1096.97 428.99 1051.54 561.00 1201.61 550.66
00001254 DELETE   932.07 102.92 455.43 631.42 1018.80 345.22 1213.82 329.82 1088.86 435.34 1044.55 564.19 1196.92 552.07
00001255 00000103 924.16 105.62 458.63 630.02 1009.47 351.68 1204.29 332.23 1079.43 439.84 1041.45 569.70 1192.59 553.99
00001256 00000104 917.55 110.60 460.16 624.97 1001.32 354.34 1197.17 334.46 1072.03 446.51 1037.70 573.42 1186.57 557.33
00001257 00000105 918.42 123.47 445.79 610.73 994.83 360.12 1187.04 339.57 1072.66 456.82 1031.82 577.16 1189.13 559.69
00001258 00000106 916.46 127.14 441.82 605.54 991.39 363.50 1181.92 344.71 1069.10 461.29 1025.18 578.19 1182.58 562.80
00001259 00000107 914.37 130.90 439.72 602.08 988.29 364.53 1175.84 350.65 1063.85 468.75 1021.22 581.20 1175.02 569.30
00001260 00000108 913.83 133.74 439.64 604.34 986.54 368.75 1173.64 354.69 1061.76 475.48 1021.53 587.59 1174.71 575.40
00001261 00000109 912.85 135.12 439.92 614.43 986.01 371.75 1172.48 355.37 1061.11 478.66 1022.99 595.77 1175.25 581.35
00001262 00000110 911.56 137.03 441.95 618.78 986.01 374.17 1173.20 357.13 1061.66 483.68 1023.44 599.06 1179.44 583.99
00001263 00000111 912.50 136.78 441.98 620.14 988.42 375.15 1175.91 358.69 1064.64 485.46 1024.73 599.01 1182.77 584.37
00001264 00000112 916.32 136.99 442.70 616.65 993.28 374.80 1179.62 360.75 1067.96 484.82 1028.32 596.03 1184.91 583.36
CROP_BBOX: 694 0 1637 895
