Video ID: 	CGvdAfVNL_E
H: 	1080
W: 	1920
FPS: 	25.0

FRAME INDEX X0 Y0 W H [Landmarks (5 Points)]

00000160 00000000 810.92 190.05 494.99 692.66 871.62 461.96 1081.20 457.26 924.37 600.15 898.92 729.42 1060.44 726.95
00000161 00000001 812.23 188.26 498.77 705.70 877.84 463.74 1091.22 455.59 934.17 600.15 908.50 732.71 1074.86 726.85
00000162 DELETE   803.88 187.57 499.83 700.75 870.75 461.59 1078.56 455.02 924.46 599.88 899.48 729.57 1060.57 725.59
00000163 00000003 795.03 183.99 502.59 705.09 861.09 464.30 1065.27 458.69 908.28 599.34 884.84 729.67 1045.37 726.72
00000164 00000004 793.85 186.61 503.23 700.77 861.09 462.44 1065.28 456.83 909.32 599.33 886.46 728.46 1046.16 725.55
00000165 00000005 796.99 188.33 501.70 698.88 864.69 462.25 1069.82 454.70 915.78 597.03 892.36 726.98 1053.52 722.22
00000166 00000006 795.30 189.82 502.06 699.43 861.98 464.00 1065.63 455.73 910.48 599.00 889.02 728.25 1051.48 722.96
00000167 00000007 788.75 191.86 506.25 699.01 858.01 462.33 1062.96 455.49 906.72 597.25 881.62 726.01 1044.63 722.16
00000168 00000008 790.22 188.96 505.74 699.08 860.87 460.42 1064.67 453.54 909.78 594.30 886.78 722.94 1049.31 718.83
00000169 00000009 791.34 186.06 506.01 701.49 862.64 456.63 1067.26 448.22 912.79 590.02 890.06 719.62 1053.89 714.18
00000170 00000010 788.74 184.97 504.69 701.60 861.32 454.01 1066.48 446.38 911.31 587.11 886.94 717.49 1053.07 712.65
00000171 00000011 786.69 185.09 503.90 702.40 860.93 453.07 1064.87 446.54 909.11 585.13 884.23 715.06 1050.27 711.16
00000172 00000012 784.80 185.63 504.44 703.42 859.34 452.53 1064.18 445.87 907.87 585.32 883.24 715.20 1051.88 711.12
00000173 00000013 779.76 189.13 507.06 700.42 855.47 451.65 1060.65 445.60 903.22 585.09 878.71 714.19 1048.45 710.55
00000174 00000014 777.04 186.00 506.16 707.32 851.22 452.43 1055.74 445.56 895.97 584.05 873.01 715.26 1044.95 710.77
00000175 00000015 775.22 184.78 507.57 707.19 849.62 451.89 1054.38 447.38 895.15 586.24 870.13 714.70 1041.95 712.14
00000176 00000016 773.68 184.92 509.01 703.12 848.86 454.40 1055.57 449.03 897.86 588.34 870.13 715.42 1041.19 712.33
00000177 00000017 773.77 188.45 507.50 695.85 848.22 456.09 1055.58 449.93 899.66 590.56 870.55 716.70 1040.34 713.00
00000178 00000018 773.05 186.24 509.16 696.38 845.46 455.70 1053.04 449.68 896.24 591.09 868.16 718.36 1036.45 714.72
00000179 00000019 771.96 187.30 508.32 688.24 843.30 455.66 1052.55 448.82 897.06 590.51 867.94 717.61 1034.96 713.22
00000180 00000020 770.39 186.27 508.78 694.01 843.47 455.87 1052.93 448.69 897.13 590.90 867.78 718.36 1036.03 713.73
00000181 00000021 769.85 184.69 508.74 694.58 843.29 456.46 1052.97 448.36 898.06 590.98 869.12 718.49 1038.18 713.10
00000182 00000022 768.68 183.01 508.99 695.03 841.92 455.55 1051.72 447.15 896.67 590.18 868.37 718.30 1038.82 712.50
00000183 00000023 767.56 183.20 508.06 693.54 840.52 454.23 1050.35 445.32 895.67 587.53 867.23 716.47 1038.57 710.16
00000184 00000024 766.78 186.64 508.51 688.99 839.35 453.83 1050.36 445.79 894.75 587.20 864.91 715.68 1035.54 710.15
00000185 00000025 766.48 185.88 508.49 690.45 838.84 455.22 1049.63 445.82 894.41 588.50 865.77 716.98 1037.33 710.27
00000186 DELETE   766.70 186.25 507.82 691.53 839.49 455.91 1049.29 447.25 894.67 590.85 867.37 716.11 1040.52 709.90
00000187 00000027 765.48 182.49 508.86 693.66 839.00 454.71 1048.58 445.93 894.73 589.34 866.81 714.13 1040.16 707.70
00000188 00000028 765.38 182.41 510.03 695.15 839.06 454.22 1048.49 445.29 893.79 588.03 866.61 713.51 1041.28 706.94
00000189 00000029 765.56 181.63 510.88 699.09 839.37 454.78 1048.91 445.25 893.32 587.64 866.81 713.69 1043.12 706.65
00000190 00000030 764.97 179.70 512.09 705.26 839.48 455.44 1048.62 445.31 892.52 588.18 867.67 715.79 1043.40 708.29
00000191 00000031 764.82 181.01 513.09 707.55 839.87 457.30 1048.44 445.24 892.66 588.23 869.58 720.18 1042.11 711.20
00000192 00000032 765.48 183.70 514.81 709.99 839.34 458.18 1048.27 444.66 891.44 588.20 870.32 723.58 1042.19 713.40
00000193 00000033 765.78 185.54 517.22 710.54 838.96 459.69 1048.97 445.86 890.50 589.42 869.57 726.97 1039.70 716.74
00000194 00000034 766.85 183.81 516.76 714.48 838.69 459.15 1049.96 445.28 890.16 590.27 869.01 730.51 1037.96 720.37
00000195 00000035 767.13 184.11 517.28 715.14 839.31 461.17 1050.70 445.83 891.13 590.06 869.84 732.38 1038.22 721.09
00000196 00000036 767.00 184.39 517.69 716.90 839.00 461.94 1051.05 445.71 891.58 591.08 870.43 735.50 1037.26 723.58
00000197 00000037 766.79 182.97 519.15 719.54 838.57 462.20 1051.12 445.27 891.54 591.23 871.00 737.29 1037.85 724.73
00000198 00000038 767.43 184.96 519.18 720.49 839.54 462.51 1051.10 445.70 891.40 591.29 871.82 737.64 1038.92 725.15
00000199 00000039 767.22 186.33 519.38 721.74 838.64 463.29 1051.46 445.22 891.07 591.39 871.69 740.07 1039.70 726.47
00000200 00000040 768.20 186.06 518.68 721.17 839.90 462.55 1051.63 445.17 891.34 591.19 872.31 738.39 1039.43 725.42
00000201 00000041 769.22 186.89 519.06 722.00 840.47 463.12 1052.18 444.82 891.57 589.77 873.24 739.27 1040.80 725.49
00000202 00000042 770.04 183.74 519.72 727.80 841.30 462.29 1052.17 443.42 891.22 589.17 876.02 741.30 1043.97 726.96
00000203 00000043 770.19 184.38 519.10 727.57 841.53 461.73 1051.23 441.67 891.39 588.98 878.72 743.01 1046.93 727.48
00000204 00000044 770.87 186.26 520.65 727.14 842.11 461.79 1052.29 441.53 891.47 588.29 878.95 743.62 1047.78 727.95
00000205 00000045 772.25 182.35 516.79 725.62 844.21 459.16 1056.61 444.27 895.63 590.27 873.43 737.96 1041.81 727.16
00000206 00000046 776.01 185.55 514.82 712.62 847.65 457.35 1059.69 445.84 899.30 592.53 874.09 731.22 1042.98 723.41
00000207 00000047 777.70 186.09 515.35 714.10 849.20 456.61 1061.55 445.91 899.25 591.78 874.57 730.50 1046.19 723.28
00000208 00000048 776.89 187.43 516.52 711.84 849.33 458.03 1060.99 446.60 900.46 591.31 876.04 730.34 1046.36 722.50
00000209 00000049 776.99 187.86 516.83 714.98 849.21 459.13 1060.86 446.28 900.48 591.82 877.10 733.27 1047.19 724.19
00000210 00000050 777.70 188.69 518.62 715.03 849.73 461.05 1060.49 446.42 899.58 590.34 879.23 737.99 1044.98 727.47
00000211 00000051 777.47 188.42 519.03 717.82 848.95 461.92 1060.26 446.10 899.84 590.53 879.71 740.75 1044.80 729.21
00000212 00000052 776.37 189.56 520.71 717.63 848.53 462.33 1059.96 445.96 899.41 590.41 879.66 741.88 1044.52 729.90
00000213 00000053 775.73 187.83 519.24 719.96 847.61 462.51 1059.66 445.70 899.34 590.63 879.32 742.21 1044.87 729.88
00000214 00000054 776.19 186.14 519.57 720.86 847.39 460.79 1058.88 445.37 897.95 591.25 878.17 741.32 1043.70 730.16
00000215 00000055 775.69 185.25 519.50 720.40 847.35 459.93 1059.37 445.75 897.59 591.24 876.65 739.44 1043.22 729.33
00000216 00000056 775.31 184.90 519.35 718.85 846.45 460.78 1057.38 447.25 896.42 592.65 875.07 737.47 1041.92 727.92
00000217 00000057 775.14 182.25 517.61 720.31 845.07 462.95 1056.43 448.18 895.64 593.10 873.43 737.96 1040.93 727.45
00000218 00000058 774.34 181.77 516.26 716.69 843.95 462.82 1057.09 448.65 896.46 593.82 871.96 737.41 1040.15 727.43
00000219 00000059 774.01 181.48 516.53 714.02 843.38 462.72 1057.27 448.50 896.95 594.81 871.74 737.10 1039.27 727.13
00000220 00000060 774.30 185.26 515.64 709.26 843.86 463.20 1057.51 448.90 898.15 595.91 873.32 737.98 1038.79 727.94
00000221 00000061 774.33 186.31 516.29 709.28 843.67 463.53 1057.81 449.77 898.29 597.22 872.76 738.40 1039.17 728.83
00000222 00000062 774.34 185.59 516.10 711.03 843.70 464.72 1058.32 449.75 899.07 596.99 873.35 739.48 1040.29 728.96
00000223 00000063 774.56 183.64 515.65 715.18 845.01 465.07 1059.04 449.57 900.01 596.26 874.71 742.13 1039.77 731.18
00000224 00000064 776.00 186.15 514.37 713.44 846.12 465.08 1060.48 448.84 902.05 596.62 876.78 744.23 1040.33 732.71
00000225 00000065 777.46 187.64 514.38 712.25 847.90 465.50 1061.16 448.91 903.47 597.00 878.89 744.89 1040.76 733.08
00000226 00000066 777.54 188.77 514.57 712.43 847.74 466.03 1060.58 449.13 903.32 598.13 879.86 747.30 1041.96 735.13
00000227 00000067 778.08 189.42 514.90 709.97 849.70 465.53 1062.62 449.31 905.53 597.56 881.82 745.83 1041.57 734.33
00000228 00000068 778.96 188.64 514.32 711.58 850.91 465.90 1063.92 449.06 906.83 597.79 883.55 746.43 1043.09 734.39
00000229 00000069 779.68 190.15 515.56 709.16 852.30 466.58 1064.65 449.80 908.30 598.22 886.03 746.67 1044.24 734.65
00000230 00000070 781.16 189.55 516.00 710.50 853.78 466.64 1065.26 449.87 908.98 598.07 887.38 747.18 1045.01 735.13
00000231 00000071 782.58 189.77 515.95 710.89 855.13 466.25 1066.43 450.23 909.92 599.05 888.24 747.30 1045.79 735.86
00000232 00000072 784.89 189.67 514.32 709.45 855.60 465.52 1067.17 450.07 909.65 599.07 888.26 746.71 1046.82 735.73
00000233 00000073 785.83 188.35 513.12 711.88 856.22 465.41 1067.50 450.09 909.97 598.77 888.42 746.45 1046.80 735.62
00000234 00000074 785.85 188.79 512.40 708.49 855.44 465.08 1066.76 449.21 910.31 598.76 888.86 745.24 1046.13 733.97
00000235 00000075 788.28 185.20 510.61 709.69 856.80 463.98 1068.39 448.64 911.76 597.57 889.23 743.26 1047.09 732.42
00000236 00000076 789.36 181.57 511.18 714.79 856.61 462.67 1069.95 448.10 911.64 598.89 889.41 744.34 1050.82 734.09
00000237 00000077 789.15 178.27 510.91 716.37 856.17 462.83 1070.24 448.54 912.46 599.64 889.18 743.80 1051.02 733.83
00000238 00000078 789.93 179.11 508.77 716.36 857.22 463.93 1067.81 449.67 911.32 599.02 889.73 741.45 1051.38 731.44
00000239 00000079 789.70 178.71 509.58 717.91 857.02 463.50 1068.10 448.65 910.67 598.12 889.54 742.03 1052.55 731.51
00000240 00000080 787.96 180.88 513.00 720.74 857.22 462.23 1068.43 447.23 909.57 596.67 889.78 743.99 1052.03 733.16
00000241 00000081 789.24 180.13 514.31 728.81 860.57 463.21 1068.03 446.70 910.15 593.42 895.82 746.42 1054.47 734.05
00000242 00000082 789.28 176.99 513.55 729.91 861.25 461.96 1068.44 445.62 910.73 591.35 896.03 743.73 1057.17 731.47
00000243 00000083 790.32 180.99 511.11 720.76 861.68 461.57 1068.47 445.04 911.29 589.24 895.86 739.88 1056.97 727.50
00000244 DELETE   791.09 181.77 509.59 712.77 861.76 461.12 1066.32 448.21 909.49 588.86 893.08 734.27 1053.77 724.70
00000245 00000085 794.93 177.33 510.47 712.54 864.83 463.27 1069.75 451.62 912.72 587.93 895.43 730.52 1056.09 721.93
00000246 00000086 794.47 178.58 510.95 718.55 865.61 462.27 1075.01 448.31 915.16 584.79 895.03 735.25 1059.63 724.80
00000247 00000087 794.85 175.31 516.03 730.04 867.71 458.64 1078.40 441.09 917.67 581.93 901.82 740.82 1065.35 727.29
00000248 00000088 798.97 170.44 510.75 726.03 869.79 455.24 1080.66 440.79 919.80 579.01 899.68 734.53 1058.33 724.02
00000249 00000089 802.29 169.40 505.59 716.54 870.28 452.46 1079.43 439.44 920.21 575.53 898.42 728.24 1051.88 719.30
00000250 00000090 805.16 170.51 503.38 712.70 870.95 451.87 1079.39 438.82 920.55 575.42 899.12 726.55 1051.61 717.58
00000251 00000091 807.08 173.81 502.75 704.82 872.27 451.43 1080.64 438.69 921.96 575.26 901.65 724.92 1053.64 716.09
00000252 00000092 808.34 172.72 501.61 706.45 873.61 449.74 1081.81 437.53 922.42 574.20 903.07 723.28 1056.70 714.78
00000253 00000093 807.91 172.77 503.50 712.46 875.16 450.03 1083.47 436.64 924.49 575.01 907.00 726.52 1061.20 716.87
00000254 00000094 809.33 174.97 505.24 722.43 876.00 449.73 1083.16 436.36 922.82 576.50 908.40 730.83 1066.26 720.86
00000255 00000095 808.80 175.38 504.65 721.77 875.16 449.74 1083.29 436.36 922.84 578.42 907.85 731.90 1066.90 721.92
00000256 00000096 810.12 176.45 502.84 715.84 875.26 452.03 1084.08 437.58 923.57 577.73 907.80 730.00 1067.66 719.25
00000257 00000097 810.71 176.50 501.32 708.09 874.32 451.83 1083.68 439.04 923.33 577.39 904.86 726.98 1063.08 717.85
00000258 00000098 811.27 177.15 498.43 702.50 873.68 453.93 1081.99 440.90 922.91 578.21 903.62 726.90 1060.72 717.70
00000259 00000099 810.70 174.82 498.85 705.01 873.33 456.26 1081.37 443.65 922.57 580.96 902.21 727.81 1058.91 719.12
00000260 00000100 809.52 178.97 499.04 699.70 872.23 457.14 1080.64 445.63 921.56 582.85 901.30 728.15 1059.06 720.19
00000261 00000101 809.24 180.79 497.81 693.59 871.15 458.16 1081.00 446.19 922.08 582.87 900.24 726.30 1059.24 717.93
00000262 00000102 808.84 177.80 496.31 693.53 870.79 453.28 1082.81 444.88 924.01 582.93 899.06 723.19 1059.50 717.73
00000263 00000103 807.53 178.05 497.55 691.93 869.92 452.46 1082.23 444.89 923.75 583.77 897.77 722.64 1057.90 717.93
00000264 00000104 805.70 181.59 497.58 686.03 867.86 455.22 1079.12 445.97 922.70 587.04 898.67 724.17 1057.62 717.87
00000265 00000105 804.48 181.87 498.84 686.48 866.23 455.83 1078.26 445.51 922.90 588.13 898.28 725.10 1057.54 718.05
00000266 00000106 803.26 181.77 500.41 687.83 866.39 456.79 1077.51 445.86 922.81 587.71 898.35 725.05 1057.48 717.52
00000267 00000107 802.18 181.96 499.69 688.27 865.26 455.13 1077.70 444.99 922.38 588.15 897.66 724.95 1058.13 717.98
00000268 00000108 800.14 179.27 500.51 689.53 865.29 454.90 1077.90 444.32 922.91 586.64 897.79 724.21 1058.16 716.88
00000269 00000109 799.32 177.82 500.29 690.19 865.20 457.66 1077.96 446.60 923.21 586.68 896.98 724.53 1058.18 716.82
00000270 00000110 799.39 183.16 499.92 690.77 865.95 458.81 1078.06 447.72 923.91 588.71 898.06 727.01 1060.34 719.13
00000271 00000111 798.07 187.76 499.23 688.91 865.47 460.10 1077.92 449.34 925.12 592.24 897.78 728.67 1059.42 721.10
00000272 00000112 796.32 187.28 499.48 688.27 865.76 459.29 1077.79 448.68 925.40 589.82 897.49 726.44 1058.27 719.08
00000273 00000113 794.79 182.64 500.68 691.01 865.45 457.44 1076.05 446.04 923.13 586.27 897.12 724.61 1057.27 716.57
00000274 00000114 793.92 181.77 499.40 686.87 862.93 457.06 1074.76 444.65 921.67 584.62 895.23 723.83 1055.43 715.01
00000275 00000115 791.63 181.76 501.27 688.13 861.84 456.32 1071.72 444.37 918.97 584.53 893.72 723.58 1052.24 715.19
00000276 00000116 790.20 181.82 501.71 690.92 860.65 457.28 1069.93 445.06 916.99 586.87 892.75 725.16 1050.95 716.64
00000277 00000117 790.24 183.34 503.70 693.91 861.81 457.36 1070.75 445.38 917.33 586.70 893.26 726.55 1051.60 718.20
00000278 00000118 791.85 183.48 503.34 690.90 862.74 456.98 1072.61 444.95 919.35 586.41 895.31 724.80 1054.27 716.35
00000279 00000119 791.99 184.56 502.41 691.02 863.07 457.41 1071.52 445.08 918.44 585.37 894.76 724.98 1052.88 716.31
00000280 00000120 792.12 183.78 502.88 690.60 861.82 457.50 1069.82 445.59 915.49 585.30 892.13 724.41 1050.07 716.17
00000281 00000121 788.96 183.91 505.14 690.58 860.33 459.41 1063.64 448.19 911.17 585.96 889.40 724.47 1045.26 716.75
00000282 00000122 791.28 184.35 505.03 689.34 863.08 463.91 1062.65 456.90 907.14 586.88 888.29 721.96 1044.40 717.49
00000283 DELETE   790.02 185.52 505.63 686.68 861.45 459.56 1064.20 452.71 907.77 587.66 887.73 721.36 1045.32 717.14
00000284 00000124 790.18 181.15 504.32 692.92 859.36 459.72 1063.67 448.41 909.08 584.82 887.53 723.89 1045.31 716.17
00000285 00000125 790.82 180.67 502.36 691.94 859.17 458.33 1064.78 447.33 909.39 584.79 887.61 723.42 1045.29 715.93
00000286 00000126 789.73 179.23 501.97 693.73 857.74 457.06 1065.41 447.52 908.32 584.44 883.72 722.94 1044.68 716.79
00000287 00000127 790.38 181.24 499.23 690.77 857.07 455.84 1062.93 448.59 904.67 583.50 879.31 722.70 1037.05 718.58
00000288 00000128 788.72 183.28 501.18 689.64 855.02 455.52 1061.41 450.60 902.17 585.09 875.19 722.42 1032.47 720.30
00000289 DELETE   788.13 187.13 505.32 688.88 855.14 456.30 1060.08 453.19 899.43 585.32 873.11 722.96 1028.80 722.30
00000290 00000130 788.82 185.00 503.52 690.83 855.08 455.47 1061.04 453.68 900.62 586.61 872.50 723.55 1026.59 724.12
00000291 00000131 790.18 184.62 503.07 693.81 858.05 456.04 1064.23 453.44 904.90 586.69 876.23 724.76 1029.25 724.70
00000292 00000132 792.03 182.46 504.62 700.50 860.34 458.03 1064.30 451.87 907.10 585.68 881.55 727.02 1033.50 723.93
00000293 00000133 791.79 181.83 503.76 701.20 859.76 456.76 1064.81 450.96 906.36 585.41 880.12 726.58 1033.80 723.81
00000294 00000134 790.90 182.09 505.67 696.51 859.13 457.78 1064.58 450.83 906.07 584.73 879.86 726.74 1033.58 722.94
00000295 00000135 790.43 184.40 504.12 694.73 857.96 460.04 1064.18 451.18 906.55 586.60 881.87 727.87 1038.89 722.33
00000296 00000136 790.77 185.71 505.72 694.06 858.33 460.93 1064.20 451.51 905.64 586.08 882.94 727.75 1041.62 721.61
00000297 00000137 789.82 184.33 507.84 704.32 859.20 459.98 1064.30 450.41 904.86 585.04 884.63 728.63 1046.07 722.11
00000298 00000138 788.10 182.95 509.15 708.75 860.43 456.48 1065.87 448.84 906.48 583.49 884.75 726.30 1046.70 721.39
00000299 00000139 788.33 180.63 509.03 707.80 861.97 450.67 1067.52 445.06 908.42 581.40 886.26 723.52 1047.42 720.27
00000300 00000140 791.60 178.53 507.93 710.93 863.76 447.52 1069.66 443.20 909.10 579.29 888.00 722.10 1049.55 719.83
00000301 00000141 796.74 176.11 504.05 712.33 867.47 446.70 1074.16 441.71 913.47 577.38 892.67 721.87 1053.54 718.91
00000302 00000142 800.30 177.70 503.26 712.37 871.17 445.50 1079.05 440.38 918.10 576.51 897.17 722.20 1058.59 719.02
00000303 00000143 799.82 175.29 505.82 719.21 871.45 444.93 1080.16 439.59 918.41 578.89 899.72 723.89 1065.69 720.27
00000304 00000144 800.52 180.34 505.33 709.42 870.28 447.67 1079.26 441.69 916.98 578.97 897.83 723.06 1063.76 718.99
00000305 00000145 799.51 179.31 504.01 707.06 869.09 447.01 1077.55 441.96 915.88 578.84 895.13 720.45 1059.85 717.33
00000306 00000146 798.96 181.79 503.90 698.47 866.85 450.46 1075.40 445.45 914.22 581.25 892.78 719.38 1057.25 716.33
00000307 00000147 795.27 181.09 502.37 695.70 863.77 451.06 1073.46 447.74 913.96 586.34 887.59 717.28 1055.14 715.89
00000308 00000148 791.66 184.23 504.67 690.03 862.15 452.95 1071.20 449.68 913.40 588.60 887.08 717.64 1053.94 716.26
00000309 00000149 788.47 185.06 507.72 692.89 860.30 455.25 1070.50 450.46 912.54 592.06 885.58 721.44 1053.60 718.85
00000310 00000150 787.39 185.79 509.82 701.54 859.62 455.80 1069.57 450.73 910.25 593.86 884.76 725.44 1052.98 722.63
00000311 00000151 785.57 186.30 511.11 701.83 856.72 457.92 1068.38 453.17 908.05 596.79 880.62 728.29 1050.01 725.84
00000312 00000152 784.96 187.94 511.60 700.82 854.81 459.71 1066.49 453.97 906.79 597.28 878.65 731.67 1044.05 728.58
00000313 00000153 783.42 187.98 512.06 701.06 852.18 461.73 1063.56 454.99 905.11 599.58 877.15 736.12 1040.50 732.22
00000314 00000154 783.23 190.40 512.96 702.56 851.47 463.61 1062.57 455.81 902.57 599.74 875.95 739.58 1037.91 734.89
00000315 00000155 782.53 189.54 512.71 705.09 850.83 464.53 1061.95 456.71 900.53 601.70 875.72 741.90 1037.53 737.16
00000316 00000156 782.85 190.34 511.60 704.73 851.14 465.52 1062.37 456.74 902.46 603.47 876.35 742.63 1036.52 737.31
00000317 00000157 784.03 189.32 508.68 705.56 852.34 467.40 1063.42 457.81 903.97 603.24 876.55 743.45 1035.48 737.61
00000318 00000158 783.98 188.51 508.33 706.16 852.35 467.16 1064.28 457.56 905.09 603.80 876.80 743.64 1036.17 737.87
00000319 00000159 785.17 183.42 508.91 712.92 852.75 465.43 1065.01 456.11 904.95 601.66 876.56 744.43 1034.07 738.96
00000320 00000160 785.88 180.31 509.08 716.76 854.74 465.01 1066.15 456.43 906.78 602.72 878.04 744.30 1035.12 739.46
00000321 00000161 787.55 179.38 508.51 718.19 855.19 465.66 1067.32 456.94 907.89 603.67 879.16 746.56 1035.06 741.59
00000322 00000162 792.01 182.15 506.10 717.18 858.74 467.33 1068.87 457.49 909.79 601.28 883.48 747.32 1037.63 741.22
00000323 00000163 798.12 183.19 501.91 715.10 863.17 467.86 1071.64 457.56 912.76 600.15 888.16 746.66 1041.07 740.11
00000324 00000164 800.91 174.44 500.37 721.72 866.59 462.65 1077.12 453.33 918.27 595.57 893.50 742.09 1048.95 736.19
00000325 00000165 803.44 173.01 500.10 724.37 870.12 458.33 1080.99 451.42 922.16 593.69 897.06 736.55 1054.73 732.65
00000326 00000166 806.11 175.66 499.00 721.18 872.02 457.14 1083.74 452.52 924.04 595.25 897.58 734.76 1056.98 732.76
00000327 00000167 805.51 178.81 499.95 719.55 872.19 458.64 1082.29 453.00 923.51 596.40 898.55 736.10 1056.20 733.27
00000328 00000168 805.81 177.45 497.93 717.81 870.47 460.61 1080.44 454.92 921.99 598.76 896.57 736.31 1056.48 733.39
00000329 00000169 806.06 175.62 498.79 717.61 870.91 461.48 1079.52 454.70 921.56 597.46 897.51 734.15 1058.04 730.26
00000330 00000170 803.47 180.72 500.32 715.13 870.17 462.09 1078.14 455.21 919.96 596.57 896.09 734.45 1057.05 730.32
00000331 00000171 802.10 182.78 501.35 710.72 868.32 463.59 1077.94 455.45 919.30 596.59 894.06 738.14 1052.26 732.97
00000332 00000172 801.97 183.18 502.14 712.53 868.52 465.20 1077.55 456.59 918.50 597.08 894.29 741.49 1049.72 735.95
00000333 00000173 802.28 187.86 501.08 707.53 868.66 467.34 1075.62 457.21 917.71 597.66 894.85 743.19 1047.27 736.35
00000334 00000174 803.39 189.48 500.27 703.89 867.09 470.18 1074.06 458.91 915.15 599.04 893.30 745.09 1045.76 737.37
00000335 00000175 802.25 189.87 500.18 702.55 866.19 470.89 1073.40 458.95 915.54 600.14 893.27 746.05 1045.59 737.84
00000336 00000176 800.75 195.31 500.73 698.27 864.87 471.33 1072.39 458.85 915.39 602.47 892.91 746.40 1046.05 737.81
00000337 00000177 798.58 195.26 503.08 698.55 863.50 472.39 1072.50 459.93 914.90 604.88 892.92 747.66 1049.44 738.96
00000338 00000178 797.19 194.78 502.90 697.99 862.24 473.07 1070.12 459.70 913.72 604.81 891.62 747.32 1047.43 737.93
00000339 00000179 795.41 192.97 505.55 699.86 861.55 470.46 1071.05 458.41 913.17 603.63 889.54 745.13 1047.61 736.90
00000340 00000180 794.28 189.90 505.91 702.17 861.22 468.91 1070.11 457.11 912.77 602.93 890.24 744.97 1047.38 736.90
00000341 00000181 794.35 194.32 505.46 697.03 861.13 470.52 1069.77 457.78 913.63 603.99 891.04 745.37 1047.40 736.54
00000342 00000182 793.94 193.25 505.93 699.80 861.39 470.88 1069.54 458.29 913.12 604.22 890.76 744.89 1048.53 736.14
00000343 00000183 793.41 194.19 506.75 697.84 861.09 470.04 1069.10 458.04 913.11 603.25 889.76 743.62 1046.39 735.42
00000344 00000184 791.92 195.11 508.15 697.33 859.54 468.77 1068.62 457.06 912.48 604.22 889.01 743.08 1046.24 735.14
00000345 00000185 791.64 193.78 507.89 695.56 858.40 468.70 1067.85 456.93 911.67 604.55 888.45 741.81 1048.03 733.77
00000346 00000186 790.84 194.57 508.25 695.67 858.03 469.21 1067.60 457.82 910.99 604.38 886.65 740.99 1047.18 733.31
00000347 00000187 790.90 192.33 508.22 699.92 858.53 469.21 1068.20 458.43 911.52 605.81 886.83 741.83 1046.96 734.68
00000348 00000188 792.35 196.79 506.11 696.82 858.84 474.51 1066.19 464.50 910.90 613.01 888.82 746.81 1044.26 740.39
00000349 00000189 789.34 202.28 507.85 698.42 854.96 480.69 1060.72 473.32 902.51 621.54 885.14 753.85 1038.18 749.45
00000350 00000190 780.45 205.85 510.09 700.87 846.34 483.70 1053.26 477.62 894.68 626.78 878.56 759.49 1030.93 755.87
00000351 00000191 774.07 198.19 516.53 706.71 841.04 475.62 1051.74 469.23 889.95 620.05 871.33 754.52 1027.57 750.85
00000352 00000192 774.88 199.34 519.23 703.01 841.08 471.17 1053.61 463.23 891.72 611.55 870.23 749.65 1027.58 744.94
00000353 00000193 778.63 203.01 519.63 698.14 844.57 470.59 1056.99 462.04 896.15 612.54 874.27 750.27 1031.52 745.09
00000354 00000194 785.19 208.79 511.34 692.75 849.35 478.77 1057.79 471.01 898.52 621.30 881.38 754.68 1033.97 749.97
00000355 00000195 786.83 205.38 511.18 694.22 850.72 479.68 1057.59 470.12 899.25 620.77 883.84 755.12 1035.76 748.90
00000356 00000196 789.58 204.61 512.05 690.95 852.43 474.40 1060.73 463.98 902.69 617.04 885.26 752.87 1037.90 746.10
00000357 00000197 791.52 197.26 511.15 695.39 855.56 472.04 1062.63 460.95 905.20 610.51 886.90 748.41 1040.43 741.10
00000358 00000198 794.34 195.57 511.03 697.49 858.11 471.92 1064.98 460.29 906.72 608.02 889.58 747.17 1044.54 739.17
00000359 00000199 796.68 188.30 510.02 701.68 860.25 468.98 1067.74 458.65 909.25 605.09 890.20 744.09 1045.82 737.20
00000360 DELETE   798.35 187.46 507.93 698.95 861.88 470.65 1067.07 464.49 907.43 605.00 889.98 739.70 1047.15 735.87
00000361 DELETE   797.30 187.21 510.25 700.33 860.80 469.19 1068.50 462.74 908.10 604.10 889.89 739.67 1049.32 735.54
00000362 00000202 794.88 187.23 512.13 702.34 859.90 469.11 1070.22 459.65 909.10 601.88 888.53 740.91 1050.08 734.51
00000363 00000203 792.79 185.97 512.82 707.78 858.91 467.19 1069.22 456.30 909.76 601.16 888.55 742.56 1049.54 735.03
00000364 00000204 792.47 184.30 512.69 711.50 859.05 468.52 1069.87 456.47 910.63 602.68 888.83 745.75 1047.76 737.48
00000365 00000205 791.63 187.03 512.85 709.31 858.90 469.04 1068.96 456.37 910.85 603.28 889.24 746.53 1046.42 737.77
00000366 00000206 790.70 190.40 513.74 703.41 858.70 467.20 1068.72 454.12 911.60 601.79 889.97 744.55 1045.54 735.49
00000367 00000207 790.66 184.69 511.99 706.41 860.09 464.79 1070.55 452.17 914.38 598.33 891.95 740.22 1048.14 731.46
00000368 00000208 792.63 183.59 511.29 704.76 861.49 462.24 1072.16 450.59 916.39 597.32 893.95 736.19 1051.85 728.16
00000369 00000209 794.24 182.89 509.74 705.74 862.78 462.72 1071.42 451.98 915.05 597.27 893.38 735.37 1051.32 728.05
00000370 00000210 794.52 182.22 508.86 707.11 862.25 464.42 1071.75 453.00 914.68 597.71 892.19 737.28 1049.89 729.50
00000371 00000211 793.90 183.57 510.38 708.09 862.65 464.93 1072.08 452.91 915.28 597.50 892.82 740.31 1047.31 732.04
00000372 00000212 792.76 182.93 511.15 710.76 862.33 464.10 1071.99 451.84 914.53 597.22 892.64 741.46 1047.05 733.00
00000373 00000213 792.19 179.95 511.05 712.41 861.38 462.42 1071.56 450.40 913.95 595.27 891.79 738.36 1049.07 730.07
00000374 00000214 790.73 180.25 513.90 708.57 859.79 462.00 1068.90 448.50 912.54 595.02 893.41 737.53 1050.14 727.93
00000375 00000215 790.77 181.13 514.81 713.18 860.34 461.23 1070.02 447.77 911.60 593.24 892.79 738.73 1051.17 729.02
00000376 00000216 791.14 180.42 515.11 715.65 861.73 461.18 1072.01 447.25 912.76 592.28 894.46 740.71 1052.99 730.53
00000377 00000217 793.47 179.22 512.83 710.67 861.07 461.80 1072.09 448.90 913.09 594.26 892.84 736.81 1054.43 727.59
00000378 00000218 792.73 181.06 512.48 709.75 859.82 461.37 1070.97 449.39 911.55 595.23 890.80 736.69 1054.97 728.14
00000379 00000219 791.76 179.61 514.07 722.21 860.31 460.90 1071.80 447.52 910.61 594.30 892.89 743.01 1056.18 733.17
00000380 00000220 794.80 181.52 513.09 722.87 863.44 462.51 1074.69 449.23 913.57 594.46 894.22 743.92 1057.20 734.17
00000381 00000221 797.77 177.90 509.73 723.74 864.82 462.86 1075.99 452.82 913.86 596.57 890.97 740.49 1057.12 733.54
00000382 00000222 798.66 182.67 509.43 717.61 865.15 464.44 1074.71 455.44 912.44 599.52 891.55 742.78 1054.95 736.68
00000383 00000223 797.58 192.24 511.78 713.40 863.44 466.84 1072.68 454.86 910.92 600.26 892.40 747.21 1054.24 738.62
00000384 00000224 794.30 191.46 512.61 714.65 861.03 468.60 1069.99 455.62 908.90 602.64 892.40 749.49 1052.17 740.09
00000385 00000225 793.01 191.19 513.64 714.08 861.41 467.81 1070.81 455.27 910.13 601.50 892.31 749.55 1049.76 740.56
00000386 00000226 793.63 186.98 511.83 715.64 864.42 467.10 1075.75 455.03 914.23 598.22 892.92 747.20 1051.00 738.80
00000387 00000227 795.35 182.95 510.54 718.29 865.77 466.28 1078.24 454.96 916.62 597.01 893.64 745.89 1053.14 738.03
00000388 00000228 796.28 182.61 509.18 718.20 867.20 467.11 1078.27 455.17 918.45 597.58 896.26 746.42 1053.79 738.07
00000389 00000229 797.38 186.51 508.39 714.36 867.68 467.27 1080.40 456.36 920.13 599.10 895.40 745.87 1053.27 738.50
00000390 00000230 797.88 184.72 507.61 714.15 867.69 466.88 1080.20 456.69 920.40 599.08 894.54 744.46 1050.90 737.77
00000391 00000231 798.36 189.20 508.35 708.41 867.60 466.62 1080.47 456.42 920.94 598.96 894.66 743.74 1052.27 736.97
00000392 00000232 799.83 185.19 506.06 708.81 868.05 466.86 1080.36 458.22 921.21 598.76 895.46 741.50 1053.36 735.89
00000393 00000233 801.87 181.76 505.68 711.52 867.98 467.97 1079.60 460.34 921.48 600.83 896.00 741.24 1053.20 736.49
00000394 DELETE   800.26 181.45 506.90 711.20 867.36 464.35 1081.55 459.28 920.72 599.55 892.48 740.42 1051.33 737.78
00000395 00000235 804.42 184.00 505.02 710.15 870.00 463.13 1083.98 457.34 924.35 598.42 894.95 739.48 1052.78 736.40
00000396 00000236 806.15 184.54 504.77 706.64 872.34 463.03 1087.04 456.61 927.22 600.34 899.71 738.84 1060.79 735.03
00000397 00000237 810.04 188.39 501.64 699.73 873.55 461.56 1089.49 456.79 928.24 599.85 900.34 736.29 1063.02 733.83
00000398 00000238 811.62 189.12 499.89 699.29 875.33 460.28 1091.59 455.68 930.84 597.66 901.17 734.40 1064.24 732.17
00000399 00000239 813.66 191.87 499.69 696.62 877.36 457.13 1094.89 453.21 932.92 595.57 903.90 732.46 1068.04 730.68
00000400 00000240 815.79 190.60 499.31 698.59 879.13 456.21 1096.58 453.31 933.32 593.84 904.83 731.40 1070.05 730.37
00000401 00000241 818.06 190.61 497.40 698.65 878.31 454.86 1095.95 452.99 932.04 595.19 904.09 732.84 1067.82 732.77
00000402 00000242 820.06 190.77 496.08 699.00 878.82 455.11 1096.87 453.70 932.28 596.10 904.61 733.29 1068.43 733.58
00000403 00000243 821.69 189.15 494.09 703.14 879.23 455.12 1096.62 453.95 931.37 596.10 903.77 734.61 1067.37 735.20
00000404 00000244 822.50 192.65 494.96 700.49 879.92 455.01 1096.45 455.76 930.27 596.64 902.74 735.18 1064.04 737.42
00000405 00000245 823.36 192.78 494.48 705.87 880.29 454.71 1095.12 455.26 927.01 595.75 902.14 735.18 1065.85 737.08
00000406 00000246 824.50 190.58 494.48 714.41 880.99 452.68 1093.77 455.64 922.85 593.97 900.29 733.85 1067.17 737.45
00000407 00000247 825.17 186.20 493.45 720.85 881.91 451.22 1093.83 456.78 920.91 592.19 897.87 732.47 1063.50 738.48
00000408 00000248 825.36 186.58 491.35 717.54 879.98 452.83 1094.65 459.80 920.04 595.19 894.03 732.21 1061.38 739.60
00000409 DELETE   826.25 188.40 488.87 710.78 881.32 453.28 1090.94 462.22 921.16 595.75 895.25 727.86 1058.77 736.94
00000410 DELETE   826.14 189.13 490.50 709.64 883.02 453.58 1094.70 461.58 924.65 594.90 897.55 727.98 1062.20 736.25
00000411 DELETE   826.55 190.07 488.33 704.56 880.94 454.27 1094.31 459.18 924.58 591.81 896.72 726.53 1062.32 732.19
00000412 00000252 825.05 186.86 494.97 711.89 881.73 448.85 1097.70 454.37 926.78 590.52 899.77 726.58 1067.17 732.63
00000413 00000253 824.22 182.07 496.91 717.27 881.61 448.07 1100.25 451.64 927.64 589.39 901.32 730.02 1069.38 734.50
00000414 00000254 823.47 185.01 497.19 713.43 881.05 447.88 1098.89 450.48 928.00 589.81 902.72 728.31 1072.25 731.71
00000415 00000255 822.26 188.37 495.36 704.01 880.49 449.44 1097.87 451.66 929.52 588.79 901.80 723.91 1070.72 727.09
00000416 00000256 822.25 187.00 493.21 701.33 878.74 448.51 1094.14 449.75 926.42 584.80 900.15 723.55 1067.95 725.92
00000417 00000257 821.73 185.21 492.13 696.10 877.58 446.17 1090.14 445.93 923.90 579.61 898.78 719.89 1063.28 721.21
00000418 00000258 817.94 180.11 492.92 698.19 876.07 443.96 1086.61 441.75 921.62 574.11 897.41 718.37 1057.53 718.22
00000419 00000259 814.43 178.58 493.67 700.28 873.91 443.75 1085.56 441.31 920.14 572.93 894.73 718.41 1056.42 718.02
00000420 00000260 810.70 178.40 497.34 703.63 872.33 445.22 1084.89 442.47 919.34 577.76 894.91 722.23 1058.54 721.42
00000421 00000261 808.39 175.71 499.70 709.96 871.03 447.92 1083.76 443.95 918.49 580.52 894.06 725.19 1058.44 723.35
00000422 00000262 807.11 176.65 498.83 707.02 870.54 448.01 1083.15 444.23 918.48 580.44 894.09 724.27 1058.09 722.50
00000423 00000263 807.72 175.82 498.35 707.86 870.51 446.88 1083.25 442.71 917.97 580.15 894.67 724.06 1059.31 721.97
00000424 00000264 807.48 175.11 498.99 708.21 870.66 446.04 1084.28 442.39 918.34 579.95 894.63 723.54 1059.68 721.88
00000425 00000265 806.27 175.69 499.90 706.93 870.09 446.16 1082.80 442.41 917.91 580.16 894.52 724.12 1058.26 722.35
00000426 00000266 804.28 175.72 500.87 706.91 869.27 446.22 1081.17 442.67 916.75 579.83 893.42 723.85 1055.54 722.26
00000427 00000267 803.79 178.23 501.24 704.01 869.25 447.42 1082.12 443.68 917.25 579.88 893.01 723.87 1056.51 722.10
00000428 00000268 804.05 178.83 500.50 703.89 869.19 447.54 1082.52 443.55 917.38 580.66 892.89 724.85 1056.42 722.95
00000429 00000269 801.70 177.98 501.13 703.92 867.50 449.54 1080.67 444.02 916.34 580.16 890.91 725.65 1054.15 722.53
00000430 00000270 799.48 181.49 500.31 699.54 865.67 451.99 1078.40 445.12 916.06 581.31 889.98 727.00 1051.67 722.81
00000431 00000271 796.14 179.12 501.69 703.53 863.52 454.78 1075.00 446.27 913.18 582.11 888.00 729.17 1049.16 723.66
00000432 00000272 792.73 180.84 504.88 702.35 862.23 455.44 1072.58 447.80 912.02 585.47 887.07 729.07 1049.35 724.17
00000433 00000273 791.31 182.03 505.63 701.56 862.22 456.36 1070.98 448.89 911.76 586.10 886.64 729.73 1047.39 725.01
00000434 00000274 789.31 179.95 507.84 705.33 860.55 457.99 1069.53 449.25 909.97 585.82 885.19 730.76 1046.37 725.05
00000435 00000275 787.51 179.66 509.51 708.98 858.57 456.86 1068.22 449.08 908.27 587.32 882.81 730.68 1044.71 725.90
00000436 00000276 787.15 180.45 508.32 702.87 858.04 458.48 1067.68 451.05 908.75 588.49 881.54 729.23 1042.34 724.86
00000437 00000277 787.37 178.59 507.88 702.57 857.57 457.52 1066.34 451.48 907.03 588.12 880.59 727.00 1042.83 723.66
00000438 00000278 788.66 180.51 505.39 697.90 857.50 456.36 1067.19 450.82 907.83 587.47 880.01 725.86 1043.11 722.92
00000439 00000279 791.59 180.51 506.32 704.24 860.99 454.59 1068.81 451.11 907.30 586.32 880.56 726.49 1042.90 725.16
00000440 00000280 791.98 179.61 505.09 706.97 861.12 453.89 1069.68 451.24 908.37 587.78 880.77 730.39 1039.29 729.91
00000441 00000281 790.68 184.53 506.89 701.07 860.60 455.56 1069.55 452.92 907.75 588.75 880.33 730.50 1038.44 729.97
00000442 00000282 791.56 185.17 507.41 700.96 860.39 456.64 1068.70 453.96 906.11 588.37 879.67 729.98 1037.65 729.41
00000443 00000283 793.09 181.00 505.13 704.39 861.08 455.98 1069.61 453.12 906.20 585.71 878.41 728.47 1038.14 727.87
00000444 00000284 794.29 181.49 503.80 704.25 862.96 453.60 1071.26 451.22 907.42 582.72 879.37 725.65 1039.04 725.54
00000445 00000285 795.60 182.29 504.36 703.31 863.39 452.37 1071.14 450.74 907.75 584.70 881.21 726.07 1039.77 726.48
00000446 00000286 794.57 182.80 504.21 704.02 862.15 455.08 1070.85 452.00 908.19 587.01 881.57 729.37 1040.84 728.43
00000447 00000287 795.61 187.43 504.03 697.97 862.50 457.02 1070.81 453.18 908.58 588.57 882.55 731.36 1040.47 729.67
00000448 00000288 796.59 186.65 503.75 699.08 863.08 457.56 1073.31 451.86 911.15 587.89 885.03 731.65 1044.44 728.41
00000449 00000289 798.50 187.56 503.26 698.23 864.97 456.43 1075.20 450.52 913.56 586.60 887.99 730.59 1048.04 727.05
00000450 00000290 800.11 186.88 502.27 696.67 865.88 456.45 1077.09 449.73 916.09 585.51 889.86 729.53 1051.04 725.40
00000451 00000291 802.31 185.39 500.03 695.81 867.62 454.78 1077.24 449.49 917.27 587.11 892.66 726.07 1055.54 722.94
00000452 00000292 803.92 185.36 499.46 695.91 868.84 453.19 1079.24 448.16 918.41 586.82 893.98 724.07 1060.90 721.06
00000453 00000293 802.21 184.94 501.55 696.45 867.74 454.38 1078.32 448.05 918.02 587.08 894.14 724.46 1061.96 720.33
00000454 00000294 799.92 183.33 502.56 702.28 868.24 453.82 1079.05 447.65 917.92 586.90 894.14 724.63 1063.47 720.60
00000455 00000295 798.59 182.24 506.61 713.09 868.00 453.55 1080.77 447.13 917.51 588.85 894.57 729.84 1067.47 725.52
00000456 00000296 799.96 181.82 505.75 719.70 868.24 452.69 1082.10 444.13 917.14 586.03 895.09 732.56 1070.36 726.35
00000457 00000297 800.32 181.81 505.78 719.31 870.02 448.63 1083.78 442.72 916.85 583.82 894.67 729.51 1071.26 725.48
00000458 00000298 799.50 180.01 504.86 714.98 870.28 446.31 1081.79 441.88 916.62 580.42 895.36 725.33 1066.34 722.56
00000459 00000299 797.82 179.03 504.47 711.18 869.45 445.35 1079.60 442.29 915.51 576.69 891.72 721.12 1058.29 719.70
00000460 00000300 797.36 178.15 501.69 708.08 869.33 446.78 1078.28 443.23 915.44 573.89 890.27 719.69 1051.44 718.15
00000461 00000301 798.36 178.25 501.53 707.65 869.43 447.02 1077.84 444.44 913.98 573.60 888.25 719.94 1047.92 719.36
00000462 00000302 797.54 177.53 502.32 704.92 867.27 447.04 1077.83 445.12 914.10 575.27 886.27 720.11 1046.34 720.16
00000463 00000303 798.79 179.30 500.91 697.74 866.56 446.62 1077.88 445.82 913.51 575.93 884.75 719.05 1044.24 720.09
00000464 00000304 800.21 180.19 499.15 694.87 866.08 446.34 1077.95 445.89 913.45 577.01 884.99 719.20 1044.19 720.56
00000465 00000305 801.55 178.36 498.07 697.36 866.75 446.55 1078.17 446.13 913.62 577.09 884.88 719.28 1043.00 720.77
00000466 00000306 802.16 179.03 497.31 699.01 866.11 448.01 1077.24 448.32 913.15 578.80 882.96 719.68 1040.57 721.85
00000467 00000307 801.51 179.96 499.39 702.12 865.58 449.47 1077.75 448.65 912.53 579.65 881.73 722.36 1040.43 723.60
00000468 00000308 801.68 178.51 498.36 702.81 865.96 450.34 1078.63 449.37 913.49 580.41 882.63 723.71 1040.89 724.85
00000469 00000309 800.38 184.47 497.48 693.24 865.48 452.63 1078.23 450.37 914.48 581.27 883.84 723.77 1040.91 723.80
00000470 00000310 797.75 181.29 499.98 697.44 864.90 455.31 1075.90 451.27 913.77 581.56 884.26 724.35 1040.96 722.96
00000471 00000311 797.08 184.53 502.28 695.62 865.20 455.35 1076.26 452.08 914.18 582.25 884.30 724.90 1040.22 724.07
00000472 00000312 795.15 181.17 502.57 703.13 864.52 455.32 1074.94 450.72 913.13 582.49 884.71 726.85 1039.78 724.98
00000473 00000313 794.64 181.62 503.54 702.72 864.57 455.40 1075.56 450.92 914.34 584.59 886.30 727.87 1042.49 725.98
00000474 00000314 793.32 183.46 504.13 700.16 863.63 456.56 1074.26 451.26 913.69 585.28 886.54 728.21 1043.42 725.53
00000475 00000315 792.45 183.97 506.19 700.44 863.16 456.88 1073.55 451.48 912.91 586.43 886.75 729.29 1043.45 726.46
00000476 00000316 791.73 183.32 507.08 700.82 862.15 456.59 1072.81 450.99 912.12 587.24 887.03 729.39 1044.27 726.38
00000477 00000317 790.53 182.43 507.59 700.47 861.11 458.22 1070.67 451.40 911.26 587.34 886.38 729.51 1044.82 725.40
00000478 00000318 789.83 182.91 508.44 699.35 859.71 458.39 1068.60 450.84 909.60 587.68 884.97 729.01 1043.60 724.40
00000479 00000319 788.95 179.98 507.43 697.96 856.55 457.71 1067.22 451.42 908.03 589.26 880.17 726.21 1042.48 722.79
00000480 00000320 788.21 180.02 509.11 701.93 856.14 459.38 1066.65 451.81 907.10 589.56 879.79 728.73 1042.91 724.22
00000481 00000321 788.87 181.99 508.20 703.94 857.07 458.86 1066.94 451.22 906.12 589.73 880.90 731.30 1043.33 726.71
00000482 00000322 789.61 179.38 508.07 704.86 857.53 459.30 1067.14 451.69 906.80 589.71 881.94 730.75 1044.02 726.12
00000483 DELETE   791.55 178.50 506.76 701.80 858.95 459.04 1068.75 451.58 908.13 588.17 882.79 728.23 1045.30 723.72
00000484 00000324 792.44 179.93 506.98 698.86 860.20 457.68 1069.34 450.97 908.25 586.28 883.39 726.03 1044.56 722.16
00000485 00000325 794.35 182.51 505.23 695.43 861.23 458.32 1069.70 450.65 909.21 586.02 885.87 726.53 1046.34 721.74
00000486 00000326 796.09 183.57 504.75 696.27 862.13 459.59 1070.13 451.00 910.67 587.69 888.60 728.36 1048.08 722.71
00000487 DELETE   799.62 183.45 502.71 695.61 865.95 461.51 1071.99 457.21 910.72 590.08 890.13 727.44 1049.60 725.01
00000488 DELETE   800.40 180.86 501.78 699.53 866.23 461.36 1074.68 457.03 912.36 590.33 890.81 728.79 1053.36 726.27
00000489 00000329 803.03 182.63 502.60 701.45 867.80 459.61 1078.27 451.54 916.28 588.90 894.80 731.36 1057.79 725.94
00000490 00000330 807.48 184.63 499.04 699.16 870.09 456.84 1080.33 450.28 919.10 588.84 896.85 729.20 1059.90 725.12
00000491 00000331 809.56 184.41 498.37 700.50 871.54 455.92 1083.14 449.04 921.84 588.34 898.37 728.68 1062.58 724.39
00000492 00000332 810.07 183.59 498.45 701.49 872.75 454.55 1084.59 448.47 923.48 587.92 899.45 728.06 1062.69 724.48
00000493 00000333 810.98 182.72 497.84 701.51 872.68 455.28 1084.94 447.99 923.90 587.47 900.22 728.57 1064.22 723.97
00000494 00000334 810.27 182.86 498.51 700.22 872.29 454.68 1085.11 446.95 923.59 586.40 900.19 728.15 1064.10 723.17
00000495 00000335 809.45 181.00 499.75 700.94 872.30 454.95 1084.29 445.99 923.60 584.92 900.98 727.44 1063.90 721.45
00000496 00000336 808.45 177.67 500.07 702.24 871.58 455.43 1082.44 444.88 923.04 583.54 901.18 727.24 1063.13 719.95
00000497 00000337 805.49 180.59 502.33 698.06 869.88 455.54 1079.21 443.62 921.63 582.96 901.84 727.19 1062.08 718.61
00000498 00000338 804.07 182.81 501.17 693.33 868.18 455.16 1077.95 443.65 920.29 580.69 899.25 725.46 1059.93 717.13
00000499 00000339 800.21 181.19 501.67 693.30 866.64 453.89 1074.49 442.06 918.34 579.28 898.26 723.85 1055.12 715.39
00000500 00000340 798.35 179.03 502.68 695.29 865.61 453.65 1074.72 441.70 917.36 578.76 896.95 723.53 1054.61 715.09
00000501 00000341 796.74 178.66 503.35 695.91 865.03 453.54 1072.98 440.70 917.24 579.19 897.68 723.02 1054.32 713.92
00000502 00000342 794.24 180.64 506.62 698.62 863.70 454.10 1071.31 441.25 915.61 580.31 896.25 724.22 1052.74 715.11
00000503 00000343 792.96 181.65 507.31 700.24 863.58 454.36 1069.93 441.18 915.27 580.62 896.45 724.63 1052.93 715.21
00000504 00000344 793.05 181.69 508.27 702.89 864.88 454.07 1070.99 441.16 915.96 580.32 897.41 724.95 1054.10 715.65
00000505 00000345 792.84 183.99 508.86 701.54 865.28 453.82 1072.23 441.07 917.34 580.94 898.77 724.70 1057.11 715.39
00000506 00000346 792.60 182.97 509.57 704.84 865.63 453.53 1072.79 440.64 917.69 581.13 899.51 725.99 1058.17 716.52
00000507 00000347 793.47 182.92 509.84 708.84 866.49 452.74 1073.26 439.84 917.66 581.47 900.76 727.20 1061.40 717.51
00000508 00000348 793.42 184.77 509.77 708.45 866.42 453.10 1073.71 439.93 917.86 581.09 900.82 727.36 1062.87 717.40
00000509 00000349 793.59 183.29 510.09 710.59 866.88 452.55 1073.88 439.36 917.69 580.97 901.54 727.53 1063.52 717.56
00000510 00000350 794.32 186.27 507.97 703.39 866.30 454.51 1073.76 441.12 918.49 581.66 899.88 726.21 1061.86 716.11
00000511 00000351 796.60 186.28 506.81 700.98 866.94 458.23 1074.35 442.54 920.55 583.57 900.91 728.44 1061.59 716.59
00000512 00000352 797.68 183.28 505.89 700.91 867.43 458.60 1076.95 443.64 922.20 584.91 900.69 728.31 1062.30 717.18
00000513 00000353 797.94 183.21 505.16 702.50 868.40 458.18 1079.39 443.69 924.87 586.07 902.59 728.37 1064.59 717.59
00000514 00000354 799.01 182.73 505.84 705.52 869.90 457.76 1080.42 443.50 926.74 587.49 905.15 729.76 1066.39 719.09
00000515 00000355 800.05 180.34 505.76 710.22 870.59 456.90 1082.38 444.04 927.32 589.10 905.26 730.81 1067.93 721.27
00000516 00000356 800.88 181.00 506.61 710.69 871.44 456.85 1083.23 444.59 927.65 589.88 905.70 731.13 1068.43 722.10
00000517 00000357 801.32 183.12 506.11 707.91 871.90 457.85 1083.83 445.83 928.64 590.71 906.02 731.11 1068.52 722.30
00000518 00000358 800.31 184.67 507.61 705.79 871.76 458.02 1085.06 445.94 930.39 592.65 906.84 731.81 1069.97 722.93
00000519 00000359 801.31 186.23 506.47 704.60 872.11 458.81 1084.39 447.18 930.19 594.39 907.40 732.44 1070.53 723.88
00000520 00000360 801.72 186.10 506.02 703.92 872.69 458.61 1086.41 447.33 931.67 594.88 907.81 732.71 1071.61 724.47
00000521 00000361 801.84 185.37 506.88 705.37 873.08 458.29 1087.42 447.30 932.62 595.14 908.15 732.85 1072.03 724.81
00000522 00000362 801.88 186.34 505.99 703.85 873.13 459.18 1087.37 447.79 932.91 595.67 909.11 733.73 1072.12 725.38
00000523 00000363 802.53 185.67 505.00 704.83 873.19 460.41 1087.67 448.76 933.36 596.42 909.42 734.27 1073.44 725.55
00000524 00000364 801.82 183.79 505.06 706.26 873.19 459.65 1087.31 448.34 933.53 595.52 909.47 732.71 1072.99 724.27
00000525 00000365 801.95 186.09 504.40 700.77 873.58 458.62 1087.45 448.21 933.82 595.06 909.58 730.18 1073.23 722.47
00000526 00000366 801.52 180.84 504.37 702.04 872.33 457.38 1086.69 447.20 933.03 594.38 909.41 728.72 1073.31 721.04
00000527 00000367 801.06 176.81 503.72 703.45 871.58 457.68 1085.38 446.52 932.22 592.41 907.58 727.25 1071.86 718.83
00000528 00000368 800.30 178.31 502.65 702.54 870.95 457.96 1085.35 446.50 932.42 592.36 907.48 727.98 1072.12 719.30
00000529 00000369 800.18 176.75 502.60 705.01 870.63 457.91 1085.31 446.20 930.57 590.67 905.40 727.83 1071.26 719.09
00000530 00000370 797.11 182.01 504.60 696.59 868.34 457.48 1080.80 444.37 928.36 589.11 904.77 726.44 1068.74 716.57
00000531 00000371 793.87 182.50 506.46 695.12 865.34 457.52 1077.09 443.29 924.75 588.05 902.36 725.42 1066.29 714.77
00000532 00000372 791.55 183.54 507.58 698.63 864.27 458.72 1075.90 442.70 922.50 587.74 901.24 728.41 1066.62 716.16
00000533 00000373 791.26 186.09 506.86 703.43 864.20 457.66 1073.53 442.78 918.85 588.33 900.09 730.28 1064.65 718.96
00000534 00000374 791.56 184.36 506.97 703.40 864.17 458.17 1072.69 443.31 917.98 588.67 900.14 728.71 1065.01 717.45
00000535 00000375 790.23 185.22 507.51 696.46 862.92 457.73 1072.28 444.34 917.67 588.54 897.06 725.55 1062.17 715.61
00000536 00000376 790.36 184.66 504.70 692.07 860.88 457.66 1070.86 444.15 917.21 587.36 893.64 724.20 1056.39 714.52
00000537 00000377 789.60 186.32 505.21 687.57 860.78 456.96 1070.32 442.83 919.45 586.55 893.81 723.51 1053.00 713.47
00000538 00000378 790.24 185.31 505.63 691.95 862.40 457.28 1070.42 442.43 920.20 584.67 896.24 725.03 1052.15 714.36
00000539 00000379 790.43 188.65 506.02 690.09 863.79 457.95 1072.44 442.32 923.08 584.83 899.16 726.20 1054.71 714.75
00000540 00000380 792.89 183.60 504.81 692.18 865.58 456.35 1076.09 441.78 925.65 584.17 900.66 725.00 1058.14 714.40
00000541 00000381 796.06 178.40 503.36 694.16 867.17 455.13 1079.14 442.16 927.18 583.80 901.11 722.57 1062.60 713.23
00000542 00000382 797.73 179.50 502.38 693.67 868.67 453.19 1081.44 442.72 928.71 584.64 901.88 720.14 1066.32 712.74
00000543 00000383 798.93 177.42 502.69 697.04 871.00 453.10 1084.12 441.72 930.74 583.46 904.62 720.62 1068.30 712.44
00000544 00000384 797.41 178.85 503.17 698.66 871.05 452.37 1082.98 441.08 930.32 582.39 904.57 721.21 1066.70 713.04
00000545 00000385 801.03 180.88 498.18 690.75 870.58 460.83 1077.97 448.53 927.03 582.56 902.64 721.42 1061.96 712.51
00000546 00000386 799.46 182.63 497.87 684.14 868.10 459.46 1076.67 447.35 925.74 583.35 900.39 721.06 1059.35 712.39
00000547 00000387 798.69 181.08 499.32 683.11 866.18 456.78 1075.19 443.60 924.76 579.81 899.06 719.66 1056.23 710.33
00000548 00000388 799.23 178.22 497.99 683.55 866.14 454.36 1078.13 440.60 925.82 576.83 898.73 718.18 1057.74 708.46
00000549 00000389 801.51 179.75 495.15 680.52 866.50 452.49 1076.85 437.66 924.72 572.37 899.20 716.67 1054.91 706.17
00000550 00000390 801.53 176.71 495.10 684.45 866.96 451.54 1077.68 434.96 925.34 569.04 900.38 716.59 1053.89 704.80
00000551 00000391 800.91 178.49 495.36 682.77 866.44 451.41 1076.24 434.23 924.68 568.54 901.11 716.77 1052.89 704.50
00000552 00000392 800.96 177.79 494.98 683.07 866.60 451.48 1075.14 433.27 924.58 567.62 901.93 716.38 1052.10 703.32
00000553 00000393 802.21 177.78 494.53 681.06 866.48 451.61 1076.60 431.91 925.44 566.53 902.88 717.35 1052.85 703.12
00000554 00000394 801.77 174.48 496.09 685.30 867.29 451.16 1076.94 431.44 925.47 566.32 903.88 717.01 1053.66 702.73
00000555 00000395 799.74 176.88 496.68 683.14 866.03 450.79 1076.06 430.72 924.89 565.72 902.75 716.66 1054.22 701.96
00000556 00000396 799.49 177.96 496.45 682.10 865.41 451.23 1074.42 429.98 924.63 565.52 903.43 717.48 1053.57 701.76
00000557 00000397 799.89 177.41 496.11 681.77 865.48 451.94 1074.01 430.08 924.57 564.82 903.81 717.76 1053.85 701.50
00000558 00000398 799.32 179.26 495.43 679.35 865.10 451.53 1073.25 429.67 924.42 564.72 903.57 717.26 1053.37 701.01
00000559 00000399 797.40 176.81 500.07 683.77 864.94 450.32 1072.33 428.98 922.14 563.60 901.65 717.15 1052.03 701.36
00000560 00000400 794.21 177.11 502.24 684.15 862.58 450.43 1069.96 428.86 919.57 564.33 899.70 717.33 1049.67 701.45
00000561 00000401 792.66 175.83 502.97 685.73 861.20 450.19 1068.39 429.13 917.66 565.16 898.02 717.13 1047.99 701.74
00000562 00000402 789.08 175.52 506.10 687.30 859.17 449.35 1066.31 427.85 915.80 565.81 896.90 717.10 1047.89 701.27
00000563 00000403 786.76 179.50 507.21 684.26 857.55 450.69 1063.58 427.69 913.71 565.44 896.44 717.45 1047.80 700.15
00000564 00000404 783.93 177.16 509.49 689.91 856.07 450.58 1062.24 427.57 912.01 566.89 894.84 718.77 1046.71 701.47
00000565 00000405 784.61 180.50 506.13 679.18 854.88 452.31 1063.01 429.93 913.28 571.21 893.59 717.46 1051.21 700.46
00000566 00000406 782.91 179.69 506.17 680.28 853.93 453.07 1061.67 430.46 912.01 572.58 892.45 717.19 1051.17 699.99
00000567 00000407 779.93 179.10 507.69 684.68 852.43 453.56 1061.27 430.99 911.78 574.74 891.25 718.66 1051.88 701.44
00000568 00000408 778.86 179.26 509.07 685.35 851.94 453.37 1061.33 431.79 911.97 575.84 890.93 718.76 1051.69 702.31
00000569 00000409 778.18 181.35 507.68 679.41 850.72 453.71 1060.09 431.38 911.63 576.00 890.46 718.41 1050.42 701.34
00000570 00000410 777.59 181.42 508.02 678.50 850.64 454.09 1059.22 431.53 911.47 576.09 891.08 718.15 1050.07 700.86
00000571 00000411 778.84 180.94 508.10 678.87 851.54 454.87 1060.99 432.22 912.48 576.72 891.54 719.29 1051.72 701.91
00000572 00000412 781.66 180.30 505.66 683.16 854.24 456.04 1063.03 432.57 914.99 575.27 893.74 720.58 1053.24 702.54
00000573 00000413 787.85 180.87 501.83 683.21 859.61 456.60 1067.05 434.41 920.72 576.52 899.37 719.68 1057.71 702.72
00000574 00000414 793.62 176.92 500.02 686.54 864.21 455.09 1073.24 435.34 926.13 576.93 904.06 719.21 1062.25 704.25
00000575 00000415 799.42 178.57 495.69 683.62 867.35 452.15 1078.92 435.14 930.25 577.90 907.17 719.69 1065.94 706.94
00000576 00000416 804.28 178.46 495.47 689.99 873.01 449.88 1086.34 436.90 933.59 577.74 909.70 718.51 1069.58 708.97
CROP_BBOX: 498 0 1599 1070
