Video ID: 	TD2LDszWYsM
H: 	1080
W: 	1920
FPS: 	25.0

FRAME INDEX X0 Y0 W H [Landmarks (5 Points)]

00011690 00000000 737.89 204.31 406.71 575.64 810.24 404.84 968.23 473.95 810.20 536.19 769.98 623.94 879.54 679.98
00011691 00000001 736.72 197.75 409.73 582.53 809.03 404.75 965.10 475.66 807.09 533.81 768.37 622.22 875.71 679.68
00011692 00000002 738.78 192.93 405.08 584.93 812.34 399.83 965.69 468.79 812.18 530.04 771.90 616.68 879.05 673.32
00011693 00000003 742.78 186.69 408.21 583.64 815.51 397.45 967.79 464.32 815.34 526.44 777.40 614.27 883.74 668.75
00011694 00000004 732.58 202.07 412.02 578.96 810.17 408.80 972.69 477.14 810.13 525.61 772.75 618.86 884.64 673.04
00011695 00000005 732.87 215.37 419.54 565.71 811.24 409.10 976.68 478.75 809.78 529.19 772.96 620.69 887.70 675.99
00011696 00000006 732.91 215.82 415.57 566.14 810.43 411.16 977.34 478.81 812.53 530.15 773.02 624.27 888.79 678.14
00011697 00000007 736.10 214.60 408.26 567.46 810.62 410.29 975.23 478.33 809.63 529.37 771.75 624.60 886.49 678.62
00011698 00000008 735.11 203.35 414.93 578.63 811.96 408.49 973.76 477.86 807.38 527.44 772.33 621.72 884.84 676.73
00011699 00000009 735.92 205.17 412.06 573.54 811.44 403.57 973.53 472.57 808.44 524.21 771.33 618.29 883.98 672.89
00011700 00000010 748.05 183.12 408.16 584.01 822.31 399.11 974.86 460.32 823.05 523.65 785.98 614.83 892.24 664.39
00011701 00000011 747.89 188.40 410.33 580.10 821.25 400.08 975.65 459.99 823.60 527.41 787.56 617.70 893.17 665.86
00011702 00000012 747.99 182.31 409.89 587.48 816.93 401.89 969.91 460.14 816.90 526.51 786.18 620.27 891.20 667.08
00011703 00000013 736.07 197.76 413.38 582.19 809.31 408.81 968.02 473.39 803.89 525.01 773.48 621.44 884.10 672.51
00011704 00000014 747.17 190.40 405.49 581.21 811.38 399.15 964.16 461.58 810.08 527.07 780.12 616.22 888.38 666.52
00011705 00000015 747.75 176.88 396.30 588.32 816.45 393.40 964.63 457.42 808.39 516.34 778.26 607.26 884.98 659.53
00011706 00000016 747.24 177.23 398.04 585.40 815.15 389.87 964.90 451.88 807.24 513.59 777.17 604.86 884.60 655.59
00011707 00000017 749.39 178.82 393.62 583.79 815.10 394.14 962.22 454.31 807.72 516.06 779.56 607.43 885.62 656.59
00011708 00000018 748.40 186.56 406.37 582.72 809.87 402.37 959.04 462.54 803.90 524.77 780.61 616.59 887.45 664.57
00011709 00000019 731.80 198.55 413.77 584.27 801.84 410.71 961.59 475.60 797.14 525.32 767.56 622.22 878.82 673.45
00011710 00000020 724.09 195.24 418.14 589.68 797.76 410.68 959.07 477.11 792.41 522.98 761.45 619.73 875.79 672.55
00011711 00000021 740.47 187.98 400.35 586.17 801.78 400.27 953.12 470.12 796.47 526.27 765.83 612.03 873.41 669.05
00011712 00000022 740.68 185.85 398.72 585.48 804.38 397.40 956.72 466.59 797.71 521.60 764.87 608.64 874.65 665.36
00011713 00000023 742.72 187.54 397.73 582.92 807.03 398.42 956.42 465.85 797.98 520.40 767.32 608.90 875.69 664.13
00011714 00000024 742.45 187.88 398.90 584.32 804.36 398.88 955.08 466.00 797.02 522.27 766.71 611.54 875.92 666.29
00011715 00000025 736.17 181.02 404.07 593.42 799.10 401.26 951.25 469.48 794.53 525.78 763.73 612.84 872.08 668.69
00011716 00000026 721.69 192.05 416.97 590.32 793.96 407.07 953.70 473.48 788.06 519.27 757.16 616.71 871.62 669.48
00011717 00000027 725.29 174.34 415.16 601.76 801.97 409.03 952.33 463.00 785.01 518.48 756.74 614.80 866.41 659.01
00011718 00000028 738.88 191.35 401.95 583.92 801.90 407.61 955.36 465.09 788.32 516.99 754.49 611.00 868.75 657.21
00011719 00000029 737.57 191.17 392.30 578.57 801.57 395.20 952.93 463.66 793.77 516.77 758.22 606.93 868.51 663.32
00011720 00000030 741.88 192.92 395.40 582.02 799.93 402.25 951.63 467.49 794.88 524.98 763.76 614.62 872.79 667.73
00011721 00000031 727.48 198.95 410.87 584.46 795.94 412.39 955.79 475.06 791.90 522.72 760.28 621.82 874.28 671.59
00011722 00000032 741.54 190.66 395.88 585.00 798.23 403.19 949.77 466.40 791.42 523.31 762.71 616.42 870.76 667.81
00011723 00000033 740.35 195.50 394.82 574.50 803.52 396.65 954.41 461.28 793.05 515.87 760.14 608.00 871.27 660.95
00011724 00000034 741.92 195.36 394.73 571.61 808.28 391.18 958.30 457.70 795.18 513.27 761.80 602.79 875.84 657.53
00011725 00000035 747.69 193.51 392.13 569.89 809.06 391.82 958.71 455.17 796.46 513.44 764.86 604.00 877.09 656.08
00011726 00000036 750.66 190.33 392.28 575.49 810.97 396.11 958.86 459.43 799.65 516.68 770.40 607.50 879.52 659.12
00011727 00000037 749.34 193.24 395.75 573.58 808.75 399.18 956.30 460.48 797.95 518.71 771.27 610.81 880.16 660.47
00011728 00000038 735.15 199.44 403.48 576.61 804.04 403.10 957.63 470.91 793.64 516.13 762.12 612.47 874.01 666.05
00011729 00000039 745.57 202.11 396.00 565.23 808.01 397.14 958.63 460.14 797.87 519.55 766.85 609.66 877.61 660.95
00011730 00000040 748.02 195.51 392.72 570.76 809.62 395.48 958.07 459.91 797.55 518.02 767.57 607.08 878.21 659.73
00011731 00000041 750.50 195.68 393.92 569.54 810.74 397.46 957.53 459.68 797.49 517.57 770.64 608.45 879.19 658.89
00011732 00000042 751.97 192.99 393.30 574.27 809.48 401.23 956.39 459.44 798.55 518.35 774.46 612.43 882.11 659.41
00011733 00000043 738.81 201.71 401.16 573.10 805.00 404.60 957.94 470.14 794.66 516.99 765.18 614.69 876.20 666.34
00011734 00000044 749.77 196.28 392.70 569.78 812.02 395.40 958.49 459.37 796.74 517.17 769.36 605.53 879.41 657.69
00011735 00000045 748.78 192.51 394.03 570.72 810.71 393.37 956.25 457.53 793.90 513.97 767.41 602.15 877.36 654.41
00011736 00000046 749.73 194.94 393.07 567.62 810.39 393.91 956.13 456.60 793.84 513.80 767.96 602.91 878.06 653.87
00011737 00000047 751.62 190.53 389.98 573.96 811.98 394.80 957.12 457.95 796.33 515.06 770.42 605.33 878.87 656.74
00011738 00000048 750.74 189.69 393.03 575.37 810.67 396.34 955.86 459.96 795.72 516.44 770.84 606.24 878.90 657.77
00011739 00000049 750.45 192.49 393.38 572.28 808.75 396.88 954.95 459.03 794.91 516.40 769.69 607.07 878.28 657.40
00011740 00000050 751.62 185.53 391.27 579.22 809.63 396.56 952.87 458.98 792.84 514.25 770.06 604.57 877.79 655.06
00011741 00000051 751.07 191.07 391.91 571.93 808.32 394.89 953.22 455.23 791.37 512.85 768.31 604.50 877.56 653.39
00011742 00000052 751.29 194.06 392.81 565.92 808.75 394.01 954.50 453.77 792.25 512.51 768.64 603.51 878.81 651.72
00011743 00000053 751.28 196.22 394.77 564.36 809.34 394.66 954.54 454.41 792.50 513.22 769.30 604.01 879.32 652.15
00011744 00000054 752.88 192.14 391.28 570.34 810.61 394.54 953.92 456.65 792.88 515.19 770.92 603.89 879.45 654.06
00011745 00000055 751.25 193.15 393.16 571.86 808.94 397.59 955.01 458.88 794.86 517.95 770.74 608.58 879.65 658.03
00011746 00000056 748.51 189.12 389.95 579.79 807.25 399.58 953.64 460.74 794.96 516.89 768.30 610.23 877.02 659.92
00011747 00000057 747.54 190.75 391.28 577.68 805.40 398.16 951.51 460.12 790.94 515.02 764.68 607.80 874.22 658.14
00011748 00000058 748.35 191.67 394.43 573.41 806.56 395.82 952.00 457.25 790.32 512.55 765.02 603.91 874.52 653.82
00011749 00000059 749.66 191.14 393.22 571.94 807.34 392.27 953.09 454.08 789.27 510.90 765.74 602.36 876.12 652.44
00011750 00000060 749.64 193.94 394.85 567.33 807.81 392.93 953.16 453.81 789.28 511.50 766.37 602.36 875.85 651.58
00011751 00000061 749.19 194.44 394.82 567.85 807.94 393.41 953.05 456.00 789.68 512.91 765.97 601.90 876.56 652.60
00011752 00000062 749.10 192.13 392.60 573.26 806.81 395.64 953.04 457.75 791.42 515.18 765.95 606.32 874.70 656.65
00011753 00000063 744.56 190.85 390.27 578.15 804.11 398.35 952.17 460.26 791.19 515.47 763.19 610.29 872.35 660.64
00011754 00000064 741.55 181.47 389.25 589.51 800.29 397.81 948.96 461.12 788.50 516.14 761.91 610.47 871.89 661.97
00011755 00000065 739.19 177.79 392.84 592.60 799.12 397.17 948.06 461.00 787.31 516.57 760.79 609.98 869.70 661.91
00011756 00000066 738.57 176.61 393.27 593.81 798.54 397.01 948.16 460.15 787.10 515.44 760.01 609.17 869.63 660.63
00011757 00000067 739.88 183.48 394.21 585.43 800.46 396.89 949.44 460.27 787.63 515.22 760.17 608.20 869.87 659.72
00011758 00000068 739.64 180.64 393.76 588.40 800.50 397.37 949.07 460.05 788.57 515.08 760.72 608.43 870.05 659.57
00011759 00000069 739.35 179.41 394.82 590.63 798.84 397.43 949.19 459.27 788.73 516.31 761.11 610.80 870.06 661.23
00011760 00000070 738.20 181.41 393.51 588.94 796.93 398.74 947.95 460.36 787.95 518.02 759.79 612.02 869.31 662.27
00011761 00000071 737.26 180.16 392.56 590.47 796.68 399.70 947.20 461.56 788.32 517.23 759.01 611.49 868.04 662.09
00011762 00000072 737.75 182.09 392.00 587.91 797.56 399.60 947.62 461.32 788.27 517.35 759.21 611.26 868.44 661.69
00011763 00000073 739.60 182.76 390.21 588.26 799.29 398.19 949.29 460.17 788.94 516.52 760.55 611.79 869.31 662.35
00011764 00000074 741.34 184.64 389.78 585.22 801.66 397.29 950.33 460.06 790.15 515.61 761.96 610.03 870.31 661.08
00011765 00000075 743.10 187.64 390.10 580.98 803.76 397.72 951.82 460.07 791.95 515.64 763.21 608.76 871.82 659.52
00011766 00000076 746.33 187.48 392.40 580.21 805.80 399.21 952.19 460.31 792.96 515.82 766.11 608.40 873.67 658.11
00011767 00000077 747.99 191.80 392.23 575.26 805.87 397.89 952.85 460.10 792.01 516.84 765.51 607.86 874.42 658.30
00011768 00000078 746.96 188.88 391.97 579.48 805.75 398.40 952.36 459.62 791.71 516.07 766.18 609.01 874.12 658.67
00011769 00000079 744.43 187.28 392.31 582.68 802.02 400.09 951.86 460.01 791.58 516.77 764.35 612.52 873.63 661.02
00011770 00000080 734.14 196.04 399.12 581.64 795.87 407.12 951.81 467.49 792.35 518.51 761.34 618.06 873.10 665.82
00011771 00000081 741.39 171.98 393.15 608.35 791.93 410.79 941.15 466.23 789.59 528.27 767.58 625.11 873.67 670.31
00011772 00000082 733.90 200.77 393.43 596.40 790.32 431.56 944.37 477.07 786.60 545.21 758.59 641.22 877.17 678.67
00011773 00000083 728.63 222.91 397.13 593.69 785.84 441.58 943.03 488.58 784.79 567.76 752.60 659.30 873.68 697.97
00011774 00000084 726.20 236.81 392.43 590.96 769.60 460.53 917.07 503.76 768.48 576.39 748.56 671.07 858.43 707.81
00011775 00000085 719.11 233.72 380.16 596.80 763.94 454.82 907.09 502.11 750.88 562.22 738.36 667.52 842.53 706.38
00011776 00000086 712.95 221.18 384.68 593.07 766.62 438.60 902.65 481.56 748.56 549.56 734.30 651.97 834.82 688.67
00011777 00000087 705.47 172.68 393.94 624.90 779.41 419.51 907.34 461.87 762.65 525.68 747.42 636.30 836.09 670.81
00011778 00000088 708.68 165.33 397.92 624.87 784.83 413.58 918.33 456.27 767.83 518.56 748.98 627.59 843.38 662.39
00011779 00000089 713.24 171.28 390.13 617.16 785.83 411.80 918.18 454.17 770.17 517.02 750.66 623.50 845.19 658.16
00011780 00000090 712.54 179.09 399.27 618.27 784.84 417.74 918.76 458.04 768.12 522.16 753.63 630.39 850.46 663.48
00011781 00000091 722.69 201.71 370.73 614.07 765.62 423.65 913.64 463.86 763.78 530.58 748.11 653.02 847.88 686.04
00011782 00000092 715.45 203.26 376.67 618.94 759.23 423.80 909.53 466.26 756.43 532.70 739.99 655.89 841.15 690.71
00011783 00000093 713.37 184.40 374.45 632.75 759.06 414.60 911.95 458.86 755.61 522.09 736.89 647.65 837.55 684.23
00011784 00000094 725.81 190.66 367.66 610.16 778.44 411.76 917.11 443.45 764.67 512.67 744.55 629.46 842.27 658.54
00011785 00000095 735.89 174.49 368.28 615.02 784.97 399.18 924.87 429.98 769.59 504.43 755.46 613.85 862.33 640.66
00011786 00000096 739.78 164.39 373.41 624.87 786.62 398.03 925.87 422.59 771.62 502.00 767.53 611.85 880.75 633.71
00011787 00000097 740.48 164.56 379.62 621.20 786.27 394.40 927.16 421.04 769.73 501.31 768.39 610.03 884.36 633.52
00011788 00000098 737.08 180.01 387.54 597.10 783.13 397.82 923.32 421.86 766.76 501.31 763.41 610.90 876.92 631.80
00011789 00000099 730.88 176.57 379.10 592.00 772.53 389.66 913.94 424.30 754.44 490.03 749.07 602.10 859.60 630.36
00011790 00000100 724.17 183.77 377.10 576.23 771.78 384.73 910.68 421.69 750.44 480.20 744.17 591.46 857.17 621.38
00011791 00000101 728.32 170.17 367.35 591.01 775.87 378.52 914.30 411.46 756.30 469.43 748.58 592.93 851.71 620.16
00011792 00000102 727.19 159.72 370.54 597.30 786.80 374.21 911.01 406.67 760.77 467.62 753.93 589.34 848.08 617.65
00011793 00000103 732.03 169.09 372.33 604.36 775.24 382.23 917.96 411.09 760.14 473.23 750.35 602.63 855.67 627.09
00011794 00000104 727.74 178.51 371.06 592.47 766.23 391.80 906.93 420.39 750.70 484.53 747.38 606.00 856.84 629.05
00011795 00000105 729.52 181.26 363.08 596.23 762.64 398.18 901.83 420.93 753.07 489.04 750.60 617.21 852.53 635.25
00011796 00000106 734.46 198.08 361.53 582.37 780.88 392.10 901.36 406.49 760.99 479.85 761.15 610.17 850.76 624.03
00011797 00000107 731.89 172.77 367.55 605.70 775.16 382.84 915.92 407.02 763.46 468.98 753.28 608.22 852.64 628.41
00011798 00000108 730.92 175.15 377.91 593.84 778.82 383.83 916.49 407.19 761.47 467.95 750.60 602.21 846.87 622.52
00011799 00000109 732.95 171.93 381.22 585.91 783.83 382.94 926.50 407.48 773.06 470.19 751.80 597.99 851.69 620.30
00011800 00000110 737.40 166.82 390.32 590.14 792.28 385.04 944.56 410.28 791.81 477.10 764.68 595.99 870.16 618.86
00011801 DELETE   745.86 192.87 384.65 560.46 803.17 400.57 959.47 407.58 813.24 489.00 788.59 602.34 905.81 610.79
00011802 DELETE   753.75 191.36 394.07 563.51 821.84 400.47 989.19 411.16 849.48 490.83 806.90 604.05 933.02 613.81
00011803 DELETE   767.79 201.58 399.76 561.63 835.13 402.66 1013.57 418.36 868.33 494.61 823.81 613.12 959.92 626.93
00011804 00000114 779.01 200.63 409.17 563.36 845.08 414.94 1026.11 418.52 891.66 495.87 842.90 620.30 989.79 624.46
00011805 00000115 781.20 204.90 406.98 567.13 847.95 418.93 1030.57 428.13 896.70 509.45 845.05 625.47 994.28 634.36
00011806 00000116 779.66 207.89 408.73 572.19 847.01 420.99 1031.86 429.61 897.89 515.72 847.06 634.19 995.01 642.49
00011807 00000117 780.50 215.08 403.56 569.39 848.38 422.75 1028.95 427.55 896.87 510.74 849.97 632.40 997.52 637.73
00011808 00000118 781.93 208.08 407.51 566.62 849.28 419.11 1027.21 422.54 896.09 502.90 851.32 623.11 998.78 627.07
00011809 00000119 783.35 206.65 406.12 558.71 851.63 412.73 1029.80 417.93 898.34 498.45 852.28 610.02 1006.98 615.24
00011810 00000120 785.08 202.84 408.32 565.92 855.57 410.29 1033.01 415.83 902.55 496.25 856.47 607.44 1010.77 612.88
00011811 00000121 785.00 204.40 408.12 564.65 854.81 409.36 1031.96 415.61 901.96 496.63 855.21 610.55 1004.52 616.83
00011812 00000122 786.65 208.83 407.21 562.04 852.64 413.08 1027.64 419.96 897.22 500.23 853.70 613.75 999.77 620.57
00011813 00000123 784.97 207.97 407.58 562.88 848.04 414.70 1024.79 418.27 890.23 498.61 848.86 617.15 994.71 621.04
00011814 00000124 784.06 210.88 403.41 560.58 847.85 413.76 1021.91 415.66 888.68 494.78 846.42 616.80 989.97 619.64
00011815 00000125 785.69 213.78 402.18 556.03 847.56 411.28 1019.89 413.66 884.07 494.29 843.37 615.07 985.35 618.33
00011816 00000126 781.81 208.67 399.90 558.35 839.55 402.56 1015.30 415.90 864.36 496.32 829.99 613.86 969.73 625.65
00011817 00000127 772.55 209.66 395.25 559.81 829.62 398.27 1001.60 414.88 852.28 494.91 819.59 615.41 951.90 629.31
00011818 00000128 761.19 196.53 413.00 571.40 821.78 400.25 988.97 415.67 838.97 503.66 810.70 617.28 942.24 629.53
00011819 DELETE   759.04 180.93 403.63 585.87 814.89 399.64 973.44 419.76 823.50 502.37 804.36 612.16 928.10 627.97
00011820 DELETE   757.88 176.64 393.15 590.62 808.68 395.71 965.16 420.70 812.52 502.12 797.27 609.91 917.09 629.79
00011821 00000131 759.25 181.86 383.21 586.98 807.47 391.47 957.30 420.03 800.77 496.44 793.36 606.30 912.91 628.92
00011822 00000132 757.15 178.24 381.06 580.45 803.22 386.17 955.61 415.62 792.66 492.20 786.37 599.24 911.16 622.31
00011823 00000133 756.96 178.25 379.61 573.93 800.49 384.44 953.36 413.07 790.69 490.13 782.64 597.77 907.16 620.02
00011824 00000134 756.68 184.03 376.58 566.18 799.12 385.63 950.64 412.99 790.75 489.54 781.05 598.83 903.29 619.98
00011825 00000135 756.99 185.25 377.61 566.52 798.15 387.87 947.06 415.87 788.15 491.44 781.09 599.23 900.54 620.80
00011826 00000136 753.78 175.03 382.88 578.14 796.11 389.01 945.63 416.47 786.38 488.52 779.85 598.97 899.66 620.25
00011827 00000137 754.00 184.14 380.21 568.27 794.87 389.44 942.82 415.67 784.87 489.40 778.47 599.15 897.77 619.35
00011828 00000138 754.93 189.89 380.10 559.75 795.61 389.59 942.47 415.59 784.94 489.80 779.78 598.34 898.86 617.99
00011829 00000139 752.27 203.65 380.80 547.22 796.31 387.24 937.84 419.61 781.59 485.21 780.15 596.47 893.37 621.00
00011830 00000140 753.51 193.02 377.08 559.26 798.89 387.37 939.01 417.91 786.31 482.88 781.58 599.65 888.00 623.06
00011831 00000141 752.70 194.02 385.21 559.48 799.12 388.57 940.40 418.40 784.72 482.96 782.09 596.96 891.59 619.86
00011832 00000142 750.04 194.99 385.94 556.82 799.77 386.80 940.90 418.03 782.95 480.17 779.35 593.51 890.19 617.55
00011833 00000143 756.10 200.48 378.37 551.98 803.64 385.31 941.27 417.46 785.18 478.70 783.38 591.75 891.90 616.13
00011834 00000144 757.61 200.08 375.70 552.67 804.22 384.67 941.31 418.06 785.09 479.91 783.58 592.69 891.58 618.03
00011835 00000145 761.66 185.32 379.58 561.73 806.80 386.57 947.52 415.44 789.13 485.35 788.09 591.26 903.92 613.24
00011836 00000146 761.18 175.30 380.14 572.76 806.89 387.39 947.64 415.13 788.73 486.87 792.68 589.93 911.47 611.04
00011837 00000147 762.40 175.72 377.54 577.65 808.32 387.92 945.87 415.31 786.94 488.89 796.90 590.58 916.98 611.22
00011838 00000148 763.79 175.60 379.37 594.17 811.10 390.23 943.17 412.93 789.56 488.81 802.77 598.89 917.06 615.63
00011839 00000149 762.82 173.21 377.88 603.95 811.93 392.60 940.88 409.77 794.37 484.31 801.30 606.44 903.22 619.86
00011840 00000150 754.40 155.41 388.54 608.19 801.63 387.16 935.13 406.03 787.12 480.98 787.77 598.78 890.23 614.66
00011841 00000151 750.11 161.24 391.08 590.30 792.17 387.84 931.78 407.49 780.86 477.93 774.90 595.23 883.50 611.98
00011842 00000152 748.42 165.43 388.83 587.75 791.66 388.33 929.90 408.71 779.14 478.63 772.98 595.67 881.31 612.95
00011843 00000153 750.61 165.11 383.11 594.77 794.74 390.81 929.59 410.03 781.76 481.48 778.03 600.86 880.14 617.17
00011844 00000154 750.42 172.14 383.64 589.33 795.03 394.78 928.58 412.37 782.92 484.41 779.96 602.64 881.51 617.42
00011845 00000155 751.62 173.92 384.95 582.92 792.32 394.74 929.73 413.63 780.74 487.88 777.00 602.24 884.96 617.73
00011846 00000156 751.41 175.85 388.36 579.28 791.04 395.15 929.87 413.08 780.17 488.59 775.65 602.37 883.53 617.06
00011847 00000157 752.04 173.20 391.34 579.06 789.09 394.47 925.99 410.95 778.99 487.01 773.11 604.23 873.96 618.05
00011848 00000158 750.48 168.16 388.45 583.75 787.22 393.54 924.66 408.75 779.63 484.10 770.95 603.99 869.84 617.46
00011849 00000159 748.23 165.27 393.04 588.03 786.43 394.44 925.47 410.08 778.61 484.67 771.61 603.92 873.99 617.50
00011850 00000160 741.46 191.65 393.40 564.13 788.86 393.59 927.71 416.10 775.50 483.47 776.97 604.07 880.34 621.12
00011851 00000161 749.59 188.70 385.39 568.43 784.97 398.60 923.55 412.93 776.49 491.73 774.72 608.38 881.37 619.43
00011852 00000162 747.67 193.01 381.60 563.79 789.30 400.74 919.73 413.38 772.75 496.41 781.31 606.36 890.38 618.22
00011853 00000163 746.89 188.71 382.99 567.61 788.01 399.99 922.12 411.83 775.50 496.30 781.33 606.58 891.30 617.96
00011854 00000164 746.39 195.00 386.15 560.02 788.35 399.81 919.42 412.67 773.67 496.99 782.14 604.87 891.20 616.73
00011855 00000165 744.21 198.44 391.68 557.00 785.57 398.58 919.67 413.12 772.37 497.46 781.76 602.88 894.36 615.85
00011856 00000166 744.61 208.13 390.14 548.38 784.75 399.50 916.35 413.44 768.86 498.83 781.83 604.57 893.40 616.82
00011857 00000167 741.61 204.89 391.33 548.83 782.30 398.78 914.53 413.86 766.61 498.90 779.43 601.71 892.17 614.65
00011858 00000168 741.77 206.58 390.53 545.59 781.60 398.41 912.13 413.52 765.55 498.89 777.82 599.69 890.20 612.65
00011859 00000169 742.74 207.24 389.75 549.09 776.97 398.68 912.27 413.97 762.15 497.67 778.96 601.55 890.70 611.76
00011860 00000170 739.35 208.98 392.93 546.74 778.05 398.05 907.28 411.85 762.39 501.24 779.60 601.67 891.67 613.30
00011861 00000171 739.48 208.32 394.07 562.70 780.68 397.77 909.02 411.18 764.02 502.21 784.73 607.54 897.48 618.85
00011862 00000172 738.41 214.04 394.93 558.77 779.94 397.09 907.57 408.74 763.33 501.69 785.52 607.75 898.46 617.42
00011863 00000173 740.08 206.03 394.79 558.37 772.46 400.67 905.27 410.44 758.63 500.00 782.81 608.25 893.75 613.95
00011864 00000174 739.47 198.29 395.36 564.68 771.43 402.40 902.98 410.53 755.66 496.45 778.69 607.39 887.61 612.01
00011865 00000175 739.27 201.51 395.78 561.42 771.43 401.89 903.11 410.28 756.44 496.35 778.78 607.41 886.81 612.18
00011866 00000176 736.64 201.56 396.30 563.74 770.72 403.02 902.86 411.27 758.83 497.01 777.13 609.85 882.25 614.89
00011867 00000177 737.72 206.99 394.80 560.03 772.27 403.40 904.77 413.06 762.99 499.79 777.10 613.81 879.43 620.21
00011868 00000178 739.71 219.98 389.28 539.51 775.35 403.57 903.63 412.52 761.71 500.17 774.87 610.41 879.88 618.61
00011869 00000179 735.77 206.94 396.19 557.80 768.57 405.92 905.22 414.45 764.53 499.77 771.01 616.09 873.37 621.69
00011870 00000180 735.93 209.75 388.97 558.63 769.11 407.52 906.10 415.76 767.44 501.87 770.04 620.47 868.67 626.12
00011871 00000181 738.62 190.21 387.17 584.40 768.65 412.03 910.23 423.11 771.18 507.21 765.21 626.01 864.70 635.20
00011872 00000182 739.79 194.34 385.89 585.53 780.72 418.12 925.65 432.27 777.18 521.94 772.41 629.26 889.74 642.97
00011873 DELETE   743.89 203.38 385.42 596.23 791.91 433.07 946.97 435.67 802.27 530.30 789.91 646.88 918.08 651.95
00011874 DELETE   746.80 208.22 384.93 604.75 803.47 440.95 965.32 434.66 827.53 537.04 813.31 661.76 941.35 658.08
00011875 00000185 747.32 216.27 409.51 599.87 815.67 442.97 991.52 437.72 852.14 534.63 835.43 665.37 962.94 662.39
00011876 00000186 749.68 212.54 417.85 599.70 823.55 438.44 999.40 432.85 862.08 531.69 843.53 661.75 970.66 658.95
00011877 00000187 752.43 209.28 410.04 600.89 814.40 436.98 986.76 435.58 852.13 528.73 831.26 658.19 956.79 657.47
00011878 00000188 746.57 212.80 414.78 585.92 806.85 438.05 983.07 438.02 848.30 530.87 822.43 653.25 952.29 653.06
00011879 00000189 740.59 218.07 413.49 574.13 802.11 435.95 971.91 436.33 842.44 526.63 820.77 644.78 942.77 644.31
00011880 00000190 737.53 217.12 403.40 573.02 795.09 439.64 966.82 431.98 838.73 532.95 812.64 647.34 947.85 642.02
00011881 00000191 734.64 221.70 402.33 571.27 791.65 439.96 961.23 430.43 835.40 533.24 811.93 648.54 945.97 641.96
00011882 00000192 729.43 220.95 400.49 570.54 786.84 438.20 956.55 429.95 832.69 531.46 806.68 647.69 939.89 642.86
00011883 00000193 725.40 229.06 394.75 556.07 782.35 434.43 946.57 432.67 824.40 528.00 795.96 635.23 932.00 635.36
00011884 00000194 722.41 226.58 393.47 556.85 777.20 430.47 943.57 431.61 816.19 524.89 787.32 631.01 926.84 632.90
00011885 00000195 715.41 220.05 388.93 563.76 771.98 421.65 935.86 423.00 812.81 521.38 784.67 626.87 917.86 629.05
00011886 00000196 710.72 209.26 384.31 571.46 756.63 412.95 927.83 415.81 793.89 519.32 772.55 628.43 902.67 631.52
00011887 00000197 698.81 205.64 381.90 574.44 749.09 411.69 915.36 412.02 784.12 508.40 768.27 629.31 886.11 629.34
00011888 00000198 689.78 210.22 388.28 564.67 746.05 414.03 908.42 414.61 777.41 505.22 761.19 627.10 874.53 627.17
00011889 00000199 677.16 207.95 392.80 566.66 737.26 417.64 895.92 414.89 770.41 513.46 751.21 625.36 870.54 622.95
00011890 00000200 674.02 213.24 389.38 560.80 730.01 421.20 886.57 414.02 762.93 511.91 743.75 626.69 864.89 623.41
00011891 00000201 667.94 210.38 398.41 575.37 720.75 430.76 886.39 418.56 755.95 519.50 738.08 637.34 868.52 629.22
00011892 00000202 667.27 220.04 390.75 585.83 720.23 439.52 883.31 423.72 755.09 530.76 741.90 654.82 874.20 642.89
00011893 00000203 669.52 222.30 392.17 593.53 721.43 453.93 886.77 432.39 755.85 542.73 747.36 669.80 884.04 652.36
00011894 00000204 675.45 220.11 388.53 596.65 734.53 460.19 899.95 438.89 775.83 548.66 762.50 671.06 899.58 653.68
00011895 00000205 691.25 228.45 388.60 597.02 759.08 451.03 933.46 439.76 799.71 542.77 791.15 675.35 919.34 665.40
00011896 00000206 707.17 242.82 386.60 579.47 771.68 446.71 949.61 439.11 823.97 547.22 795.44 666.79 941.18 661.56
00011897 00000207 718.18 240.74 392.41 566.04 787.00 436.50 964.17 428.94 847.68 534.69 812.78 649.81 956.71 644.45
00011898 00000208 720.05 228.56 404.76 575.60 792.32 445.56 963.17 432.93 848.82 522.65 815.80 643.79 960.55 633.88
00011899 00000209 719.99 230.52 406.17 568.74 793.96 437.86 966.81 426.04 852.19 516.50 816.91 636.73 962.99 627.75
00011900 00000210 719.27 226.49 407.21 566.89 793.65 433.65 968.15 421.10 854.91 516.49 817.10 633.82 965.25 624.08
00011901 00000211 717.31 222.74 406.25 564.93 791.24 434.64 969.68 420.32 859.04 520.16 816.11 629.64 970.76 618.95
00011902 00000212 714.32 220.88 409.32 574.56 791.73 436.99 970.44 421.45 863.13 523.39 821.00 635.78 975.73 623.71
00011903 00000213 712.02 229.58 413.65 572.92 790.85 442.64 966.10 426.65 863.45 529.46 821.33 640.81 973.53 627.72
00011904 00000214 706.66 229.24 413.46 571.69 786.93 445.26 963.63 430.92 860.86 531.92 817.45 642.16 971.51 630.48
00011905 00000215 701.02 226.71 412.83 576.40 779.69 449.70 957.92 436.86 855.33 539.04 809.92 647.77 966.27 637.65
00011906 00000216 696.89 234.96 410.29 565.85 771.56 449.07 946.38 436.33 842.79 545.22 803.41 650.57 956.72 639.83
00011907 00000217 690.56 232.80 409.98 572.09 760.33 448.41 935.98 432.83 826.95 547.44 795.06 657.03 944.90 643.93
00011908 00000218 682.51 224.69 411.46 585.92 750.81 452.79 930.39 435.39 818.07 549.96 789.55 663.10 938.88 648.18
00011909 00000219 671.82 232.77 404.41 575.05 742.86 465.10 916.84 436.95 809.87 555.74 786.09 667.05 932.70 643.40
00011910 00000220 661.15 243.16 412.26 570.16 734.07 474.71 906.31 443.89 805.90 562.16 780.81 671.96 928.68 646.06
00011911 00000221 653.79 244.86 416.89 575.70 726.88 482.78 896.63 446.87 800.19 567.26 777.90 677.89 926.15 648.11
00011912 00000222 646.63 253.25 420.96 572.06 719.42 485.09 886.67 448.06 788.60 574.06 773.84 684.46 919.92 652.18
00011913 00000223 629.35 257.39 430.09 573.55 701.07 484.15 869.70 443.50 772.08 571.96 761.88 687.18 911.25 650.94
00011914 00000224 611.55 256.70 426.69 566.52 678.78 482.08 843.50 440.59 738.05 565.47 738.10 686.34 880.16 650.03
00011915 00000225 599.00 254.39 423.07 562.85 665.11 477.23 833.51 432.35 717.63 551.62 729.36 679.22 869.33 639.87
00011916 00000226 597.56 239.35 398.05 560.42 659.49 475.11 813.61 430.81 716.42 554.76 715.93 664.01 859.26 625.88
00011917 00000227 596.64 236.84 390.80 556.05 657.92 465.00 813.51 423.13 717.77 545.30 711.86 653.31 857.92 617.83
00011918 00000228 596.69 222.23 392.45 568.84 661.07 459.14 817.34 418.42 720.34 536.40 712.75 645.80 859.52 611.56
00011919 00000229 597.51 231.35 396.91 558.46 661.98 462.73 818.55 417.00 718.92 531.36 714.78 647.66 862.76 608.89
00011920 00000230 601.74 232.03 394.32 552.81 664.62 466.66 822.16 420.63 722.67 533.43 716.13 647.63 864.74 608.87
00011921 00000231 606.86 233.98 396.98 553.79 667.50 465.56 825.45 420.44 724.16 538.94 719.21 651.74 864.53 613.53
00011922 00000232 613.54 232.04 385.75 554.49 671.17 461.43 827.30 417.51 726.05 536.93 722.75 651.18 865.60 614.24
00011923 00000233 626.09 221.13 387.09 566.66 678.54 446.22 840.54 409.61 725.10 523.10 726.25 643.00 862.86 611.91
00011924 00000234 631.00 208.43 389.47 570.58 686.08 433.12 843.40 407.31 728.44 522.08 728.47 631.42 871.65 608.37
00011925 00000235 633.89 230.39 399.21 546.90 688.97 444.84 846.41 412.31 728.93 518.37 733.08 635.42 870.11 607.83
00011926 00000236 646.02 234.24 395.49 540.45 695.00 435.29 849.54 409.41 725.04 514.94 733.83 631.32 868.59 609.13
00011927 00000237 657.45 241.43 384.84 528.90 702.24 422.26 852.52 405.24 724.50 512.86 731.62 627.45 858.17 614.79
00011928 00000238 671.63 218.64 374.39 537.98 710.82 414.72 857.01 405.46 730.14 510.83 729.83 616.69 852.26 611.69
00011929 DELETE   693.83 220.34 363.18 541.85 723.06 400.35 871.14 404.46 722.93 507.93 743.67 616.38 862.80 617.72
00011930 DELETE   715.98 226.21 355.46 531.53 751.44 394.91 884.18 400.92 751.25 495.72 762.45 609.47 861.45 612.69
00011931 00000241 732.92 215.32 354.51 547.05 767.35 395.04 902.77 400.09 770.41 500.70 778.97 614.89 880.88 618.19
00011932 DELETE   757.40 215.33 362.96 549.58 794.51 398.97 928.97 402.38 791.37 502.63 806.48 621.03 904.97 621.67
00011933 DELETE   761.97 212.67 372.87 554.59 805.24 403.00 944.23 408.19 799.21 504.56 815.04 618.05 928.09 619.58
00011934 DELETE   782.59 217.62 373.71 558.74 815.67 394.90 953.87 402.76 813.37 501.91 830.75 617.64 936.96 622.28
00011935 00000245 792.81 220.86 363.21 555.71 828.55 400.76 962.10 407.16 829.79 508.09 849.81 615.72 958.41 619.12
00011936 00000246 791.14 210.65 364.41 566.04 837.11 400.77 967.94 399.47 834.23 508.12 852.37 615.15 969.69 613.29
00011937 00000247 796.91 195.28 365.56 579.23 843.22 394.43 975.75 394.54 839.65 506.48 859.06 609.29 981.29 608.19
00011938 00000248 804.03 202.17 362.14 571.03 849.69 392.04 982.53 395.07 844.94 504.90 863.36 606.00 988.01 607.25
00011939 00000249 808.67 209.80 363.90 564.98 853.12 394.93 994.54 397.48 859.04 499.52 868.57 602.39 996.39 604.80
00011940 00000250 812.46 214.23 357.52 555.19 854.98 394.13 995.26 397.00 862.84 499.91 868.79 599.66 995.56 603.02
00011941 00000251 810.83 190.26 355.44 567.33 856.50 388.71 990.55 394.21 856.16 500.71 866.69 597.53 990.21 601.00
00011942 00000252 812.13 200.24 363.59 555.18 854.70 384.21 995.32 397.79 851.16 496.65 863.22 596.62 982.18 606.39
00011943 00000253 815.22 190.64 360.97 562.36 858.10 379.47 994.16 394.87 852.71 495.84 867.46 595.90 978.49 607.28
00011944 00000254 813.63 186.07 360.47 569.95 859.20 379.37 992.96 394.94 851.35 495.94 866.05 602.57 971.73 614.76
00011945 00000255 815.33 199.41 356.56 557.16 859.36 387.18 989.72 397.16 851.48 500.42 873.98 608.72 975.57 615.64
00011946 00000256 818.74 207.79 362.07 547.24 854.15 396.82 983.75 401.19 851.46 506.28 867.74 606.89 978.28 612.51
00011947 00000257 826.25 209.79 364.93 563.18 865.30 398.48 987.36 401.66 852.45 508.84 879.84 615.75 982.74 620.53
00011948 00000258 833.34 206.28 349.83 570.61 872.81 405.08 993.18 406.61 857.49 516.37 886.95 622.99 988.41 626.66
00011949 00000259 832.93 206.99 355.22 571.16 872.39 406.14 996.07 408.76 858.67 519.81 884.86 626.26 988.91 631.01
00011950 00000260 833.68 206.12 362.13 568.49 873.14 410.41 996.78 412.85 858.75 517.83 876.85 630.09 976.21 635.27
00011951 00000261 833.30 205.57 366.15 564.57 872.63 406.65 994.03 415.77 855.63 515.30 869.61 624.08 967.26 634.97
00011952 00000262 832.91 211.11 363.66 559.06 872.83 405.04 992.75 414.99 855.17 512.70 868.57 622.58 964.58 634.10
00011953 00000263 833.50 209.35 362.98 561.53 876.29 405.52 989.25 414.24 856.21 510.53 870.22 621.17 958.16 631.88
00011954 00000264 832.00 206.05 362.20 562.81 871.18 403.62 992.12 411.97 858.94 509.76 868.45 618.73 963.09 629.39
00011955 00000265 828.91 207.83 366.46 562.38 868.86 405.38 993.17 411.93 858.25 509.69 869.11 620.17 967.93 629.09
00011956 00000266 827.47 211.03 360.90 562.07 865.71 406.29 996.00 410.91 860.90 511.67 870.62 626.43 973.41 633.90
00011957 00000267 828.58 221.81 357.09 555.90 867.30 417.71 1000.71 422.92 860.95 514.04 873.11 626.10 988.31 633.61
00011958 00000268 825.06 212.87 363.13 563.53 865.56 430.05 1006.30 423.51 870.88 518.90 878.49 631.95 1001.20 628.93
00011959 00000269 823.90 203.60 366.70 576.66 868.76 430.17 1021.41 423.84 884.17 516.94 878.66 629.23 1010.94 626.62
00011960 00000270 830.82 207.00 363.66 571.98 875.47 423.54 1034.18 419.05 896.54 522.55 890.73 633.47 1023.56 631.71
00011961 00000271 838.52 205.31 375.11 581.64 891.77 420.35 1054.80 422.34 913.17 520.92 912.04 637.52 1043.71 640.10
00011962 00000272 846.72 209.86 370.99 570.47 897.38 414.37 1072.75 415.51 936.06 520.31 915.18 634.64 1052.74 634.87
00011963 00000273 852.58 218.26 388.29 554.96 911.57 421.48 1084.16 417.45 959.33 518.09 932.12 631.41 1074.19 628.80
00011964 00000274 853.59 222.75 396.62 552.89 917.58 420.98 1094.27 418.74 971.91 515.74 935.85 627.59 1082.44 626.70
00011965 00000275 851.68 226.11 397.23 555.71 918.55 420.51 1094.52 417.20 973.66 513.02 938.10 627.09 1085.11 625.03
00011966 00000276 849.61 225.79 394.37 555.38 917.26 419.73 1093.91 417.87 974.01 514.11 936.07 625.70 1084.85 624.79
00011967 00000277 841.92 221.38 396.04 556.16 911.93 420.02 1088.29 418.20 970.36 516.36 932.21 625.71 1079.56 624.57
00011968 00000278 834.31 213.33 395.37 561.03 897.09 414.74 1077.76 414.56 950.65 523.34 917.65 627.94 1061.19 627.11
00011969 00000279 815.98 207.19 395.64 567.29 880.01 433.47 1057.58 419.04 940.97 521.41 906.58 635.10 1054.99 624.59
00011970 00000280 806.47 207.99 394.86 568.06 868.36 434.05 1041.84 419.15 926.01 523.22 895.19 634.90 1040.03 623.91
00011971 00000281 797.62 215.09 395.72 566.48 859.59 433.52 1030.56 423.86 915.08 524.86 882.70 635.39 1028.13 628.80
00011972 00000282 788.69 220.69 402.22 560.99 850.53 433.83 1021.18 424.39 903.89 526.26 875.46 636.41 1017.02 629.23
00011973 00000283 784.99 220.37 397.11 563.48 847.54 435.26 1014.23 427.76 898.89 528.15 871.11 635.61 1010.77 630.03
00011974 00000284 782.92 230.79 390.50 563.03 845.01 433.48 1008.69 426.50 894.34 528.92 870.55 638.64 1007.42 633.82
00011975 00000285 783.08 228.95 388.67 568.72 843.16 435.87 1006.35 427.88 891.93 532.85 869.00 643.34 1007.34 637.73
00011976 00000286 783.74 230.57 389.46 564.06 842.83 437.51 1006.74 429.92 889.78 533.86 866.90 645.88 1004.67 640.75
00011977 00000287 781.86 231.57 390.57 557.00 842.56 436.26 1005.98 431.08 890.67 532.83 865.47 640.65 999.54 637.58
00011978 00000288 780.68 228.95 391.85 559.89 841.71 435.32 1005.04 430.17 890.46 532.17 865.68 638.24 1000.45 635.04
00011979 00000289 781.77 230.00 388.24 560.04 841.53 433.88 1003.40 429.07 889.01 532.51 866.61 638.54 1000.08 635.77
00011980 00000290 781.43 232.17 388.40 558.01 840.46 435.72 1001.65 429.75 886.74 533.15 865.79 641.10 999.74 637.33
00011981 00000291 780.93 234.15 383.87 556.03 838.96 435.31 1000.78 431.01 883.94 534.16 863.59 641.75 998.19 639.32
00011982 00000292 782.24 233.83 383.24 557.13 839.24 435.59 1001.51 432.16 882.96 535.86 862.78 642.14 999.71 640.30
00011983 00000293 781.49 234.93 382.92 555.98 838.44 431.18 1002.80 428.96 881.58 534.53 860.90 642.03 996.05 641.42
00011984 00000294 779.86 235.67 381.27 554.14 836.98 431.43 1002.26 428.78 880.85 535.45 859.90 643.42 993.68 642.35
00011985 00000295 779.19 231.59 383.07 563.08 836.67 432.05 1003.10 428.63 874.47 537.74 863.28 645.47 995.33 642.07
00011986 00000296 782.61 233.32 380.93 558.44 838.87 431.77 1001.88 429.31 882.52 534.82 862.98 644.53 993.96 643.74
00011987 00000297 786.84 229.53 379.67 561.73 843.60 433.03 1005.99 430.54 886.94 532.35 866.48 641.96 997.62 641.51
00011988 00000298 788.94 213.12 383.16 571.41 845.89 432.03 1009.96 429.84 888.43 527.66 868.13 637.02 998.87 636.96
00011989 00000299 794.63 228.85 385.42 554.33 851.34 420.16 1015.72 415.40 891.21 508.76 870.90 628.64 1001.88 626.83
00011990 00000300 804.41 219.16 369.96 562.30 859.63 408.05 1020.24 397.57 899.75 492.94 880.37 620.96 1001.98 615.71
00011991 00000301 817.54 172.57 359.51 602.07 877.96 400.87 1027.26 393.59 907.55 488.44 888.25 619.06 1005.90 615.53
00011992 00000302 825.92 176.70 358.27 591.64 885.53 399.18 1033.49 391.75 916.17 484.87 894.68 615.08 1011.94 612.09
00011993 00000303 826.10 182.14 365.26 588.96 888.63 402.75 1038.90 393.27 924.20 484.94 899.32 617.73 1016.11 613.33
00011994 00000304 822.07 210.01 373.75 560.45 886.12 412.67 1041.59 401.11 928.30 491.25 900.09 622.31 1015.29 616.85
00011995 00000305 818.63 217.87 376.85 560.86 882.01 424.02 1035.51 416.07 923.50 509.02 898.46 632.83 1011.79 629.56
00011996 00000306 816.22 227.01 379.55 560.40 879.05 433.78 1032.19 425.18 918.42 522.06 895.85 640.89 1012.38 636.40
00011997 00000307 816.91 216.55 374.79 564.57 877.79 433.74 1035.56 422.88 920.10 518.93 893.13 638.12 1016.70 631.64
00011998 00000308 821.52 215.56 368.32 549.89 883.81 427.80 1044.09 416.86 933.15 508.15 899.59 620.04 1032.32 613.44
00011999 00000309 829.36 208.82 365.54 549.66 891.71 416.09 1050.07 408.94 937.60 504.57 907.44 609.81 1040.36 606.01
CROP_BBOX: 450 0 1396 966
