Video ID: 	RZTutlxKaPY
H: 	1188
W: 	1920
FPS: 	25.0

FRAME INDEX X0 Y0 W H [Landmarks (5 Points)]

00000476 00000000 659.03 192.73 511.23 674.97 802.50 435.24 1048.94 439.48 941.34 544.10 832.60 685.72 1038.18 688.41
00000477 00000001 659.39 193.02 510.71 673.04 803.12 435.31 1048.89 439.31 941.65 543.62 832.99 684.26 1038.48 686.73
00000478 00000002 659.40 192.71 510.91 672.01 804.32 434.88 1049.36 439.43 942.64 542.57 833.09 682.65 1039.17 685.58
00000479 00000003 659.66 186.94 509.99 675.01 807.50 436.17 1051.20 441.52 945.61 540.84 834.70 680.65 1040.49 684.07
00000480 00000004 660.04 184.00 509.62 677.33 807.52 435.91 1051.63 440.79 946.46 540.08 834.72 679.99 1041.56 682.92
00000481 00000005 659.54 181.69 509.38 677.92 807.64 435.58 1050.57 440.02 946.96 539.45 834.93 678.69 1041.12 681.17
00000482 00000006 659.19 186.15 510.16 672.30 807.80 435.50 1048.48 440.64 944.18 539.42 833.67 676.44 1037.39 679.79
00000483 00000007 657.77 184.53 512.33 676.59 809.04 433.70 1046.12 439.27 944.14 539.52 834.28 674.84 1034.55 678.69
00000484 00000008 657.52 183.75 513.08 678.53 809.24 432.36 1044.73 437.62 944.06 538.68 835.49 674.91 1033.69 678.53
00000485 00000009 659.09 184.05 510.78 675.46 809.67 433.71 1047.59 435.52 949.25 542.10 836.65 673.96 1043.32 674.49
00000486 00000010 659.12 183.56 510.66 675.33 810.86 438.49 1046.29 437.25 948.28 541.48 837.42 672.02 1043.59 671.32
00000487 00000011 660.97 184.19 509.45 678.46 814.54 435.31 1041.82 436.62 946.35 537.63 838.06 671.63 1034.72 673.45
00000488 00000012 660.40 169.39 509.77 702.10 805.37 421.89 1039.62 422.51 942.17 534.08 835.64 678.63 1032.94 678.69
00000489 00000013 659.74 168.33 505.23 700.97 798.70 416.87 1037.89 414.22 937.00 533.79 830.54 678.17 1032.09 674.67
00000490 00000014 657.41 163.13 503.00 704.93 791.30 417.67 1032.36 409.84 928.74 533.08 823.78 674.98 1034.66 666.42
00000491 00000015 656.13 165.83 501.98 701.29 786.04 418.52 1027.37 409.36 919.81 532.56 817.47 673.31 1031.34 663.94
00000492 00000016 655.54 169.88 503.77 696.04 783.87 417.11 1026.73 407.74 916.85 531.65 816.00 672.53 1030.23 662.71
00000493 00000017 654.96 171.99 504.80 702.93 783.22 415.56 1025.69 405.75 917.42 532.66 815.22 677.04 1029.27 667.24
00000494 00000018 652.63 176.69 508.15 709.40 783.05 413.42 1023.79 406.66 915.25 535.41 815.92 683.77 1022.68 676.97
00000495 00000019 651.55 176.61 510.36 710.40 780.69 418.85 1022.72 411.17 911.05 541.27 812.03 685.40 1022.84 677.92
00000496 00000020 650.14 186.32 512.30 701.52 776.58 427.28 1024.62 420.86 905.30 546.22 805.39 689.60 1023.61 683.10
00000497 00000021 649.36 197.83 513.77 687.58 772.86 434.82 1023.34 428.67 898.66 551.86 803.28 691.89 1021.86 685.43
00000498 00000022 648.04 203.13 511.77 683.84 767.27 438.04 1017.33 429.94 889.95 554.60 797.45 694.25 1016.40 686.37
00000499 00000023 644.25 197.52 512.06 688.59 763.99 438.85 1008.10 428.90 882.60 551.26 793.52 692.12 1009.60 682.96
00000500 00000024 643.48 202.34 511.24 683.76 761.50 439.37 1004.32 428.32 878.60 546.51 789.95 690.60 1005.55 680.59
00000501 00000025 643.37 201.97 512.02 683.13 761.22 437.72 1005.58 425.17 881.13 545.37 791.68 689.27 1009.55 677.71
00000502 00000026 644.53 198.69 512.51 686.78 763.52 435.89 1009.45 422.71 886.54 545.17 794.67 687.98 1015.94 675.65
00000503 00000027 644.56 196.48 513.07 687.75 765.43 436.69 1011.52 422.88 889.89 543.72 797.43 688.40 1018.54 675.55
00000504 00000028 644.50 196.57 512.45 687.33 765.13 436.98 1012.16 423.58 889.59 544.06 796.99 689.12 1018.21 676.69
00000505 00000029 644.25 198.86 512.11 685.33 763.37 437.67 1011.57 424.57 887.66 545.12 794.38 690.03 1016.28 677.85
00000506 00000030 644.11 201.75 511.27 683.43 762.97 439.55 1010.65 427.10 886.39 546.12 793.29 691.30 1014.16 679.85
00000507 00000031 642.81 203.10 513.33 682.94 762.38 442.22 1008.73 429.07 885.49 548.49 794.05 692.40 1013.85 680.40
00000508 00000032 642.69 202.13 513.43 683.70 762.82 443.10 1008.05 430.31 886.06 549.54 794.77 692.59 1013.64 680.89
00000509 00000033 643.55 201.65 513.27 679.74 762.65 444.09 1009.54 429.71 886.66 549.20 795.30 691.06 1016.92 677.81
00000510 00000034 644.91 204.97 513.30 670.87 762.59 445.61 1011.62 430.86 887.33 548.95 795.19 689.34 1019.66 675.56
00000511 00000035 644.98 201.21 512.62 671.39 762.83 445.51 1009.61 430.23 886.43 546.59 794.43 685.99 1018.17 671.58
00000512 00000036 644.74 197.10 511.87 673.43 762.33 445.16 1007.88 430.33 884.86 546.48 792.41 684.11 1016.83 669.96
00000513 00000037 643.88 197.54 511.94 673.17 761.00 444.97 1006.51 430.72 882.59 547.24 790.56 684.74 1013.83 671.25
00000514 00000038 643.24 202.15 512.39 672.48 759.77 445.77 1006.02 431.86 881.15 548.80 790.10 687.69 1013.12 674.66
00000515 00000039 642.67 201.39 512.64 677.60 761.77 449.80 1005.62 435.31 883.27 554.34 793.36 692.52 1013.84 679.23
00000516 00000040 646.74 195.92 505.39 686.32 768.85 457.08 1010.16 446.18 884.56 556.31 792.42 692.26 1011.43 682.66
00000517 00000041 646.49 197.96 506.02 687.80 771.73 452.07 1014.06 444.38 890.95 560.82 795.63 694.97 1012.98 687.82
00000518 00000042 648.25 231.92 503.09 658.66 778.54 446.02 1019.91 437.88 905.07 563.15 812.43 701.84 1007.64 692.45
00000519 00000043 649.60 211.86 510.26 671.49 776.95 442.43 1025.59 433.74 909.33 564.20 814.00 699.88 1025.26 691.91
00000520 00000044 651.23 204.43 512.62 683.46 783.00 439.75 1030.69 431.74 919.43 562.60 823.72 701.78 1031.11 694.48
00000521 00000045 653.17 201.83 509.84 699.52 793.92 438.41 1034.42 423.03 933.27 552.96 843.18 707.87 1026.58 692.44
00000522 00000046 653.37 193.23 510.98 710.32 795.18 433.05 1030.76 412.14 935.31 540.02 848.12 706.59 1027.84 686.21
00000523 00000047 653.94 173.12 508.72 708.03 785.95 420.23 1025.66 409.67 919.65 534.44 827.96 689.33 1022.36 679.51
00000524 00000048 652.60 170.27 506.36 699.93 781.67 417.94 1020.96 405.10 909.70 526.68 819.87 679.89 1017.69 667.74
00000525 00000049 652.58 176.51 505.92 686.77 776.23 417.26 1021.67 404.02 903.18 520.85 809.04 673.10 1021.84 660.55
00000526 00000050 654.91 175.80 502.68 689.75 776.79 416.32 1022.70 402.07 905.28 521.63 808.35 672.80 1026.22 659.53
00000527 00000051 655.89 171.30 502.91 692.56 780.66 417.39 1026.21 402.89 911.17 522.85 815.14 673.94 1029.40 660.03
00000528 00000052 658.97 166.41 502.13 695.48 788.64 417.72 1029.14 406.87 919.91 523.30 823.87 674.58 1027.25 663.93
00000529 00000053 660.53 160.57 505.57 706.56 798.79 420.07 1035.45 413.45 932.74 524.79 833.14 677.82 1031.88 670.77
00000530 00000054 665.19 167.39 506.86 703.97 806.30 420.59 1042.71 416.96 942.71 523.98 837.59 678.69 1038.72 674.48
00000531 00000055 669.10 161.44 509.89 713.76 812.60 422.91 1051.68 418.45 951.88 524.42 844.78 681.88 1048.01 676.95
00000532 00000056 672.83 164.75 508.96 711.45 817.96 424.09 1057.65 418.16 958.88 527.53 851.36 684.00 1054.32 677.89
00000533 00000057 673.49 169.50 511.51 709.91 820.65 424.85 1060.63 420.84 960.70 528.35 852.63 684.35 1056.26 679.81
00000534 00000058 673.70 169.23 509.99 709.32 820.02 425.92 1060.25 421.18 960.86 528.91 851.85 684.93 1056.66 679.79
00000535 00000059 673.89 174.13 510.31 704.68 818.31 426.50 1060.86 422.70 959.28 532.16 848.27 684.15 1057.52 679.55
00000536 00000060 673.43 175.31 509.25 701.75 818.11 429.57 1059.80 424.11 959.04 534.52 848.99 684.34 1058.78 678.43
00000537 00000061 672.60 172.76 508.01 700.09 818.31 432.11 1058.33 425.76 959.17 536.17 849.58 682.13 1059.49 675.72
00000538 00000062 670.89 176.95 510.18 689.89 817.03 433.31 1059.33 428.64 958.61 538.87 846.84 678.79 1059.31 673.86
00000539 00000063 670.05 175.30 509.53 688.83 819.19 433.54 1058.92 429.33 961.93 538.48 848.18 677.02 1058.60 672.57
00000540 00000064 669.03 173.80 509.48 690.72 819.77 433.13 1057.59 428.54 963.06 537.95 849.73 676.93 1058.32 672.07
00000541 00000065 668.08 174.92 510.28 691.77 821.51 433.39 1056.81 430.81 963.58 539.52 849.93 677.66 1054.25 674.69
00000542 00000066 668.10 175.44 508.12 690.08 822.31 434.74 1056.88 431.49 965.26 543.40 851.04 676.83 1055.71 673.37
00000543 00000067 666.46 179.72 509.34 686.91 823.52 438.34 1055.34 433.71 966.50 546.42 853.15 676.15 1056.89 671.62
00000544 00000068 666.57 181.07 507.95 688.19 824.41 441.29 1053.38 437.58 966.04 549.43 856.03 682.72 1051.87 679.02
00000545 00000069 664.27 207.31 512.03 672.21 820.71 455.22 1055.64 446.32 963.87 553.52 861.36 697.13 1049.76 686.62
00000546 00000070 664.27 213.24 508.74 675.50 816.78 458.01 1050.05 453.59 953.71 553.83 856.16 701.81 1037.12 694.83
00000547 00000071 659.22 216.97 510.90 675.30 810.28 447.02 1048.73 445.52 948.11 554.19 845.44 702.25 1032.45 698.19
00000548 00000072 657.68 204.57 509.36 681.73 805.00 434.83 1050.16 432.80 944.23 554.44 838.10 693.95 1034.51 689.51
00000549 00000073 657.79 180.74 508.03 701.08 795.90 425.20 1040.18 426.88 933.00 546.68 826.01 688.51 1031.29 689.04
00000550 00000074 655.14 176.20 507.50 702.01 794.67 424.07 1034.69 424.94 928.72 540.30 824.44 684.62 1024.28 684.60
00000551 00000075 655.85 175.37 506.04 700.68 795.64 423.88 1036.24 424.85 931.56 540.49 825.61 683.50 1026.36 683.50
00000552 00000076 657.42 177.19 505.70 698.27 797.37 424.94 1038.67 426.01 934.99 540.12 828.27 684.35 1028.77 684.47
00000553 00000077 657.70 184.31 507.09 692.68 796.06 426.70 1039.57 427.90 932.80 543.58 828.50 687.85 1028.01 688.25
00000554 00000078 654.82 190.72 510.41 688.91 792.65 430.92 1037.42 430.14 928.64 549.13 826.11 688.92 1031.42 687.52
00000555 00000079 650.34 193.81 513.84 693.67 785.33 433.56 1029.19 431.03 916.90 553.57 820.44 694.30 1022.71 691.46
00000556 00000080 648.96 214.29 506.57 697.62 784.77 438.41 1022.18 428.85 913.06 558.43 821.65 706.81 1012.80 696.65
00000557 00000081 649.07 224.52 505.45 680.41 782.15 441.36 1022.10 433.97 908.24 561.37 815.35 702.74 1013.17 694.05
00000558 00000082 650.46 210.99 511.61 680.33 775.08 440.74 1026.54 437.13 903.57 561.04 803.84 698.27 1024.15 693.97
00000559 00000083 649.74 215.47 513.51 670.30 775.15 442.60 1026.46 438.43 903.26 563.06 805.02 696.78 1023.74 692.14
00000560 00000084 649.31 220.17 514.47 665.13 774.80 444.21 1024.86 440.58 900.64 565.55 803.28 696.32 1021.09 692.19
00000561 00000085 648.43 215.64 515.27 670.00 773.57 444.76 1024.09 441.29 897.91 566.70 801.82 696.75 1019.69 692.68
00000562 00000086 646.74 215.97 516.24 670.96 771.73 445.94 1021.41 441.85 894.67 567.95 800.91 698.53 1016.87 694.01
00000563 00000087 646.23 215.77 515.01 672.67 770.18 446.73 1018.99 441.73 892.43 569.44 799.63 700.83 1014.28 695.73
00000564 00000088 645.45 234.01 507.34 665.93 772.15 449.73 1017.40 443.37 897.64 572.66 806.56 707.04 1007.82 698.87
00000565 00000089 643.53 231.84 506.40 670.89 771.19 448.67 1013.89 443.80 894.09 570.71 804.14 709.36 996.25 703.10
00000566 00000090 642.87 232.00 504.60 669.07 770.14 448.12 1012.66 444.42 891.94 570.98 802.42 709.90 992.23 704.83
00000567 00000091 641.26 212.68 510.32 681.10 764.63 448.36 1008.85 443.53 884.36 570.77 796.88 709.99 997.62 706.02
00000568 00000092 640.25 209.51 510.56 683.63 763.78 448.01 1007.62 443.07 882.75 571.28 795.65 709.77 995.91 705.82
00000569 00000093 639.77 210.37 510.39 682.93 763.58 448.12 1007.10 443.31 882.34 572.12 795.41 709.97 995.19 706.11
00000570 00000094 638.93 211.93 511.09 682.21 762.86 448.38 1007.00 443.35 882.29 571.94 794.36 710.31 995.50 706.25
00000571 00000095 638.42 207.20 510.96 690.62 762.44 448.54 1004.42 442.90 881.09 572.33 794.16 711.10 994.04 706.49
00000572 00000096 775.97 324.69 424.36 584.65 860.79 522.89 1041.92 514.48 951.58 659.78 907.64 752.32 1049.89 744.30
00000573 00000097 776.01 327.10 421.51 585.34 860.71 525.78 1039.86 517.10 951.46 662.55 907.03 756.36 1048.92 748.17
00000574 00000098 777.24 330.02 419.41 584.63 860.76 528.81 1039.02 521.18 950.60 666.71 905.87 760.39 1047.55 753.18
00000575 00000099 776.53 326.19 420.63 591.66 861.03 532.48 1039.85 526.47 950.20 674.95 905.65 764.72 1047.57 759.00
00000576 00000100 774.27 328.86 423.82 596.13 860.08 536.67 1038.83 533.47 949.15 682.93 905.82 768.57 1046.67 765.01
00000577 00000101 773.16 327.24 424.26 603.65 858.53 540.23 1039.73 540.45 945.76 689.93 901.63 772.43 1045.81 771.69
00000578 00000102 773.46 333.94 421.87 602.29 858.18 541.51 1039.92 544.09 944.32 691.86 897.87 775.16 1040.95 776.52
00000579 00000103 774.82 339.36 419.34 608.26 858.33 541.41 1038.64 544.23 942.07 694.22 898.99 779.90 1040.42 781.21
CROP_BBOX: 382 0 1491 1110
