Video ID: 	ogHNFA5l-0o
H: 	1080
W: 	1920
FPS: 	25.0

FRAME INDEX X0 Y0 W H [Landmarks (5 Points)]

00042610 00000000 770.04 150.05 357.93 518.80 920.10 346.96 1073.26 356.27 1019.55 461.99 927.67 526.82 1055.67 535.04
00042611 00000001 770.24 150.32 357.95 517.73 920.99 349.63 1075.50 357.99 1021.23 464.69 928.63 528.17 1056.96 535.66
00042612 00000002 770.76 152.79 358.96 515.76 922.99 352.12 1077.64 359.55 1022.71 468.17 929.90 530.48 1057.39 537.33
00042613 00000003 771.40 159.48 359.74 511.34 924.41 355.55 1079.98 362.08 1024.33 472.35 930.88 533.07 1058.63 539.22
00042614 00000004 772.65 161.46 358.99 511.31 925.24 357.49 1081.49 364.88 1026.68 471.75 932.57 534.62 1060.21 541.37
00042615 00000005 774.56 161.99 357.34 511.52 928.03 357.71 1083.40 367.01 1028.85 471.91 934.89 535.19 1061.32 543.26
00042616 00000006 776.60 163.28 355.89 510.43 929.58 358.57 1084.70 368.18 1029.82 473.07 936.04 535.99 1062.08 544.28
00042617 00000007 777.57 166.66 355.55 508.13 930.91 359.73 1085.33 369.62 1029.88 475.86 936.02 537.33 1061.63 545.78
00042618 00000008 778.28 168.99 356.02 507.64 931.61 359.98 1085.60 370.81 1029.61 477.54 935.79 538.24 1060.99 547.41
00042619 00000009 784.15 172.17 353.99 503.24 930.91 357.16 1083.53 362.41 1026.78 477.09 933.44 539.96 1056.62 545.06
00042620 00000010 784.32 173.66 352.52 502.29 930.97 362.20 1081.85 367.77 1025.31 477.24 933.29 540.92 1056.77 546.40
00042621 00000011 783.57 177.72 351.83 499.17 928.17 373.61 1079.83 376.43 1022.47 478.71 932.08 544.22 1058.24 547.51
00042622 00000012 783.38 175.91 352.35 502.68 927.29 371.23 1079.99 373.73 1022.32 480.23 930.82 544.85 1057.76 547.89
00042623 00000013 783.38 175.19 351.40 503.62 927.60 368.90 1079.82 372.71 1022.37 479.50 931.03 544.46 1057.41 548.59
00042624 00000014 778.08 173.09 354.02 506.63 925.55 368.46 1083.93 377.77 1025.74 480.31 931.64 543.03 1062.20 550.95
00042625 00000015 782.82 173.99 351.51 505.21 927.10 366.70 1080.92 370.76 1022.72 479.91 930.79 544.81 1057.30 549.09
00042626 00000016 782.61 173.22 351.63 507.06 926.37 367.64 1081.56 371.29 1023.12 481.15 930.12 546.53 1057.61 550.48
00042627 00000017 782.65 172.12 350.77 509.93 925.86 369.55 1081.85 373.05 1023.22 482.84 929.66 548.41 1058.31 552.23
00042628 00000018 782.48 172.74 350.28 511.85 926.42 372.07 1081.65 375.78 1022.99 484.34 929.32 550.17 1058.83 554.17
00042629 00000019 781.86 176.35 349.72 510.11 925.96 373.86 1082.25 377.80 1022.50 486.77 928.25 552.08 1059.06 556.24
00042630 00000020 781.19 177.49 350.19 512.49 924.94 375.38 1081.64 379.56 1022.05 488.67 928.24 554.59 1059.15 558.79
00042631 00000021 780.27 181.18 350.15 510.55 924.38 376.64 1080.94 380.78 1021.44 491.00 926.95 556.12 1058.60 560.30
00042632 00000022 779.48 181.40 350.42 510.84 924.14 377.25 1079.95 381.55 1021.21 491.17 926.74 556.78 1057.92 561.09
00042633 00000023 778.59 182.44 351.24 510.76 923.61 377.96 1079.05 382.56 1021.11 491.52 925.51 556.95 1057.38 561.55
00042634 00000024 777.86 184.17 351.63 513.21 923.39 377.85 1079.05 383.89 1021.54 492.52 924.78 557.67 1058.15 563.56
00042635 00000025 778.41 184.03 351.60 515.79 923.34 378.18 1079.59 385.64 1021.25 493.89 923.39 558.41 1057.53 565.55
00042636 00000026 779.45 184.31 353.10 515.92 923.31 378.97 1081.57 387.00 1021.38 494.95 922.21 557.31 1059.34 565.06
00042637 00000027 780.39 183.45 354.10 518.97 925.75 376.75 1082.62 386.96 1021.68 495.69 922.05 556.68 1058.06 566.02
00042638 00000028 781.41 184.50 354.75 522.54 927.34 376.68 1084.63 389.19 1021.47 498.63 922.23 559.66 1056.34 570.86
00042639 00000029 780.62 191.58 357.23 517.34 927.78 379.77 1087.64 391.63 1023.18 504.88 922.25 563.50 1057.64 574.33
00042640 00000030 785.53 195.36 354.98 513.39 928.01 381.39 1089.76 393.55 1023.96 508.87 921.85 564.06 1059.52 575.66
00042641 00000031 785.99 200.84 359.52 517.33 927.63 384.30 1089.03 398.89 1021.40 510.30 919.67 566.49 1060.09 580.36
00042642 00000032 788.40 202.77 358.70 515.65 928.21 388.28 1089.21 401.84 1020.94 516.17 918.06 565.69 1062.18 579.42
00042643 00000033 790.12 205.39 360.19 513.32 931.04 388.63 1089.44 403.20 1021.30 517.55 917.90 564.17 1061.60 579.17
00042644 00000034 790.79 201.97 361.26 513.15 933.65 388.80 1090.52 403.63 1022.04 516.72 920.03 562.60 1060.91 577.75
00042645 00000035 792.47 202.89 360.40 509.16 935.59 388.17 1091.94 402.63 1023.35 517.43 921.45 561.50 1060.91 576.44
00042646 00000036 793.13 200.60 359.83 510.51 935.75 388.67 1092.13 403.13 1023.67 516.23 922.05 561.33 1061.13 576.28
00042647 00000037 794.07 201.81 358.88 509.39 936.63 389.59 1092.17 403.95 1024.30 516.65 923.68 561.54 1061.73 576.41
00042648 00000038 794.42 204.41 357.16 504.32 935.01 391.23 1092.27 404.46 1024.53 516.09 924.18 561.74 1062.95 575.59
00042649 00000039 794.64 203.94 355.58 503.47 933.55 391.29 1092.32 404.30 1023.85 514.78 924.09 562.11 1063.27 575.59
00042650 00000040 792.74 201.50 356.70 506.05 932.35 389.69 1091.19 402.80 1022.59 512.51 924.20 562.50 1062.24 575.65
00042651 00000041 791.09 202.31 356.66 503.81 930.72 387.83 1090.88 400.27 1021.99 511.15 923.42 561.88 1062.50 574.20
00042652 00000042 790.21 197.50 354.26 506.19 929.17 386.80 1089.31 398.79 1021.13 508.97 922.31 561.59 1061.15 573.39
00042653 00000043 787.03 196.44 355.23 507.38 927.54 385.38 1087.87 397.22 1019.83 507.79 922.43 562.31 1059.87 573.50
00042654 00000044 783.98 193.26 354.75 511.25 925.62 385.76 1085.66 396.87 1018.95 507.29 921.08 563.20 1058.67 573.68
00042655 00000045 779.58 194.93 356.65 510.96 922.02 385.81 1083.40 395.56 1017.41 507.32 917.38 564.47 1057.21 573.79
00042656 00000046 776.21 195.61 356.62 508.91 919.62 384.73 1080.03 392.34 1016.13 507.18 915.68 565.35 1054.84 572.80
00042657 00000047 772.48 197.57 355.95 504.92 915.72 383.87 1074.78 392.10 1012.69 504.28 913.12 565.01 1051.05 572.72
00042658 00000048 771.93 199.45 352.81 505.24 909.23 388.89 1065.10 399.43 1010.47 501.83 906.69 561.05 1049.09 572.73
00042659 00000049 767.79 199.43 353.15 503.24 902.68 390.29 1059.68 400.52 1005.36 501.25 900.72 558.87 1044.36 570.39
00042660 00000050 763.50 193.62 353.64 505.93 896.64 385.60 1055.91 394.65 1000.78 500.39 895.01 556.54 1039.92 566.94
00042661 00000051 760.22 188.82 353.82 508.03 893.25 382.25 1051.48 392.24 995.74 496.68 893.00 555.24 1034.10 566.03
00042662 00000052 757.63 185.62 354.09 509.68 891.83 378.46 1050.13 390.13 993.35 492.59 890.94 552.38 1032.10 564.33
00042663 00000053 754.17 185.93 355.12 509.66 889.85 373.78 1048.67 386.17 991.29 489.52 889.14 550.48 1029.75 562.76
00042664 00000054 753.47 184.40 353.82 509.33 888.66 371.64 1048.22 383.80 990.91 486.14 888.94 549.65 1028.95 561.55
00042665 00000055 752.98 182.61 352.91 510.07 889.68 370.13 1048.45 382.57 992.53 484.70 889.19 548.64 1028.23 560.79
00042666 00000056 752.20 181.82 352.41 510.20 889.34 368.56 1048.33 381.04 992.69 482.55 889.35 548.27 1027.76 560.33
00042667 00000057 751.14 181.58 352.53 510.43 888.05 367.89 1046.95 380.77 991.43 482.64 887.66 547.35 1026.55 559.78
00042668 00000058 748.53 181.64 352.83 512.21 885.31 367.94 1042.84 382.10 986.21 483.33 883.33 547.09 1021.12 560.52
00042669 00000059 744.27 179.73 354.01 516.27 880.94 367.44 1037.62 382.85 980.24 483.55 877.26 546.47 1015.40 560.89
00042670 00000060 740.37 183.39 356.85 519.20 878.42 362.50 1034.23 381.81 972.61 484.96 869.12 543.90 1009.27 561.35
00042671 00000061 737.19 181.73 359.74 522.35 874.74 361.16 1032.89 381.10 969.35 482.27 863.41 543.55 1006.17 561.48
00042672 00000062 736.50 181.85 359.17 515.65 872.09 362.53 1032.05 381.32 966.71 483.75 859.82 539.05 1006.68 556.21
00042673 00000063 737.20 179.53 358.56 512.31 871.24 360.25 1031.65 377.84 966.11 480.82 860.52 536.12 1006.28 552.24
00042674 00000064 738.15 177.44 359.34 514.55 874.14 358.74 1033.48 377.38 969.13 479.09 863.89 535.14 1007.54 552.10
00042675 00000065 741.29 174.91 356.31 516.02 875.46 362.94 1036.47 378.80 973.69 478.70 867.64 536.91 1014.15 551.81
00042676 00000066 746.30 180.85 351.31 505.60 877.91 371.64 1038.47 386.58 975.92 479.90 871.73 538.49 1018.05 553.35
00042677 00000067 747.35 180.63 351.76 508.51 879.34 369.28 1040.47 383.40 978.91 480.59 873.97 540.47 1020.17 554.44
00042678 00000068 745.48 174.79 353.76 518.25 879.09 365.53 1038.57 379.93 979.11 480.35 874.16 541.39 1018.29 555.31
00042679 00000069 741.64 174.99 356.60 519.78 876.91 361.55 1035.80 378.62 975.15 478.49 870.41 539.82 1012.80 555.47
00042680 00000070 737.77 174.48 358.48 518.01 874.31 357.76 1032.85 376.13 970.23 476.68 864.37 535.32 1006.86 551.95
00042681 00000071 735.36 172.84 358.81 516.77 871.58 355.94 1030.49 373.63 966.64 474.21 860.71 532.33 1004.47 548.27
00042682 00000072 734.88 172.45 358.80 516.71 871.80 354.63 1030.05 372.58 966.70 472.87 860.45 531.59 1003.41 547.66
00042683 00000073 734.92 171.25 359.79 518.55 872.85 354.86 1030.70 372.10 968.18 472.68 861.83 532.10 1004.79 547.65
00042684 00000074 735.56 170.98 359.17 518.29 875.06 354.49 1032.11 370.23 971.88 472.82 865.18 532.05 1007.47 546.38
00042685 00000075 735.52 169.97 360.84 519.55 876.53 354.65 1033.15 368.83 974.84 472.40 868.42 532.53 1010.56 545.57
00042686 00000076 736.56 168.85 359.71 519.14 876.24 355.38 1034.36 367.27 977.40 472.09 871.07 533.79 1014.19 545.09
00042687 00000077 735.99 167.18 359.95 519.79 875.85 355.50 1033.95 368.03 977.02 471.36 870.66 533.12 1013.46 544.99
00042688 00000078 733.94 164.64 359.79 519.67 873.44 355.48 1031.45 368.01 974.62 470.28 868.37 531.76 1011.27 543.70
00042689 00000079 731.88 165.43 359.26 515.13 869.89 355.14 1028.19 368.05 969.17 469.57 863.70 530.13 1006.39 542.35
00042690 00000080 728.44 166.70 361.80 514.86 868.04 355.02 1025.47 368.05 964.81 470.89 860.04 529.73 1002.08 541.92
00042691 00000081 728.48 166.77 361.23 516.55 867.71 353.81 1024.78 368.29 963.46 471.59 857.57 529.88 998.59 543.38
00042692 00000082 729.43 168.01 361.91 519.54 870.71 352.57 1025.78 369.01 964.43 472.60 857.11 529.64 997.23 544.65
00042693 00000083 731.97 164.62 361.93 530.39 873.24 351.13 1028.89 370.45 967.75 472.09 858.34 530.94 1000.52 548.10
00042694 00000084 733.82 165.75 360.61 530.94 874.36 350.97 1030.76 369.91 970.98 470.96 860.81 531.87 1004.58 548.68
00042695 00000085 734.95 164.56 360.46 530.98 874.35 351.70 1031.21 369.97 972.02 470.73 862.91 531.71 1006.78 548.00
00042696 00000086 735.93 166.00 359.70 527.89 874.82 351.47 1032.04 369.31 972.58 471.59 864.82 533.27 1005.95 549.18
00042697 00000087 735.75 165.35 360.04 524.24 872.86 353.91 1032.22 368.63 973.89 471.27 871.38 540.69 1005.52 554.18
00042698 00000088 737.81 164.99 356.85 515.29 872.50 354.22 1032.83 367.97 973.29 472.01 871.71 537.58 1007.29 550.59
00042699 00000089 738.01 163.86 358.34 519.76 872.88 353.53 1033.19 366.30 975.10 471.70 874.03 539.83 1008.97 551.83
00042700 00000090 737.79 164.65 358.88 524.80 874.82 352.49 1032.30 365.44 975.64 470.56 875.36 541.31 1005.65 553.23
00042701 DELETE   739.16 165.18 356.62 525.29 875.87 356.13 1032.24 369.55 974.48 471.99 874.27 540.50 1004.90 553.04
00042702 00000092 739.00 166.28 357.12 521.97 875.69 360.18 1030.31 372.96 971.99 472.43 872.16 538.14 1006.34 550.32
00042703 00000093 737.32 165.11 358.61 519.88 872.17 357.33 1030.86 368.41 971.73 471.42 872.23 538.74 1006.37 549.46
00042704 00000094 737.52 156.38 357.11 521.52 869.82 355.88 1030.77 369.05 972.10 468.02 872.07 539.22 1005.41 551.73
00042705 00000095 735.36 156.86 359.70 527.33 869.40 352.93 1030.38 366.93 972.41 467.73 871.08 540.84 1003.78 553.61
00042706 00000096 734.06 159.30 359.50 528.08 870.85 351.31 1028.90 364.19 972.18 467.98 873.02 542.00 1000.80 553.63
00042707 00000097 733.18 158.60 359.13 524.44 868.80 351.92 1029.09 365.71 971.61 468.26 870.13 540.12 1002.41 552.69
00042708 00000098 732.89 158.87 357.54 518.69 867.11 352.90 1028.00 365.23 970.57 467.55 868.83 537.95 1004.28 549.55
00042709 00000099 732.45 161.07 359.11 518.70 868.67 351.59 1027.13 363.21 970.55 467.67 869.88 536.20 1002.81 547.06
00042710 00000100 733.42 159.41 359.00 519.64 870.23 350.14 1026.51 361.52 970.74 468.19 871.47 535.83 1000.33 546.54
00042711 00000101 733.85 160.05 359.03 518.38 871.18 348.97 1027.60 360.60 971.68 467.17 872.44 535.35 1000.52 546.27
00042712 00000102 734.03 159.35 359.74 520.06 872.25 348.46 1027.77 360.86 972.54 466.12 872.43 534.62 1000.53 546.18
00042713 00000103 734.78 161.81 359.17 519.10 873.93 348.97 1029.32 361.54 974.07 467.35 871.56 533.54 1002.73 545.41
00042714 00000104 735.56 163.68 359.40 519.82 875.46 349.52 1030.43 363.27 974.43 468.64 870.52 533.08 1003.71 545.93
00042715 00000105 737.08 165.32 357.93 517.60 877.74 350.03 1031.52 365.05 975.44 469.64 872.18 533.38 1003.77 547.44
00042716 00000106 738.32 165.61 357.87 517.10 879.08 352.49 1033.92 367.72 977.18 471.98 872.66 534.45 1006.57 548.89
00042717 00000107 740.62 170.27 356.67 515.37 879.59 355.13 1036.39 370.79 979.15 473.57 875.24 536.75 1011.13 551.40
00042718 00000108 743.99 174.58 354.95 512.61 881.14 359.18 1039.66 375.25 981.18 476.20 877.27 539.70 1015.57 554.81
00042719 00000109 747.02 179.34 352.80 507.27 884.69 361.03 1043.80 378.25 984.94 478.63 879.60 541.23 1017.56 557.69
00042720 00000110 749.07 179.67 352.67 506.31 886.11 363.45 1046.38 380.44 987.02 481.26 881.26 542.86 1019.91 559.19
00042721 00000111 751.19 182.59 351.25 502.91 887.79 365.95 1047.45 382.49 987.85 483.81 882.93 543.85 1021.03 559.88
00042722 00000112 751.25 181.80 352.86 505.06 888.77 366.99 1047.88 383.71 988.68 485.12 883.12 544.27 1021.91 560.45
00042723 00000113 751.89 181.64 353.12 505.53 889.90 367.71 1049.42 384.78 990.01 486.56 883.53 544.72 1023.20 561.26
00042724 00000114 751.93 186.25 353.23 502.46 890.92 368.38 1049.01 385.94 990.16 486.83 883.62 544.60 1022.86 561.62
00042725 00000115 751.99 188.48 352.99 500.29 891.13 368.94 1049.30 386.37 990.61 487.24 883.72 544.57 1023.26 561.57
00042726 00000116 751.67 187.99 354.28 502.43 891.28 369.60 1048.65 387.72 990.27 487.47 883.32 544.68 1023.17 562.22
00042727 00000117 752.06 188.16 354.32 503.08 891.84 370.09 1048.18 388.60 989.78 488.18 883.35 544.92 1022.57 562.79
00042728 00000118 751.65 188.02 354.87 505.62 892.11 370.03 1047.26 389.82 988.92 490.89 881.42 544.46 1021.58 563.51
00042729 00000119 752.95 196.20 349.80 500.33 891.56 374.24 1045.51 396.04 985.67 493.72 876.82 543.29 1018.84 564.50
00042730 00000120 752.70 195.15 350.88 504.17 891.71 375.18 1044.34 397.35 984.82 492.78 875.59 542.90 1018.44 564.52
00042731 00000121 753.25 191.38 350.24 503.41 890.49 373.65 1045.65 395.01 985.25 492.36 876.09 540.40 1021.46 561.23
00042732 00000122 752.25 189.86 351.97 502.61 890.40 370.41 1047.85 391.55 987.46 489.42 877.25 539.13 1023.47 559.60
00042733 00000123 750.08 188.07 354.28 506.05 891.83 368.59 1049.03 390.71 989.29 489.97 878.35 542.20 1021.10 563.27
00042734 00000124 750.10 180.83 355.84 513.80 892.28 366.63 1049.58 388.46 990.07 488.55 878.06 542.78 1021.62 563.54
00042735 00000125 748.65 182.34 358.62 519.54 892.78 365.56 1048.55 387.93 990.80 487.55 876.05 541.39 1022.71 562.61
00042736 00000126 749.02 182.27 358.27 521.29 892.77 364.98 1047.92 387.24 990.89 487.70 874.65 539.89 1023.30 561.19
00042737 00000127 749.57 184.32 357.14 516.56 892.31 365.98 1047.83 386.89 990.40 489.05 874.04 538.66 1023.61 558.99
00042738 00000128 750.39 183.95 356.34 512.98 890.95 365.57 1048.04 385.46 989.49 488.61 874.18 537.73 1023.66 557.17
00042739 00000129 750.81 180.65 355.50 513.41 890.24 364.78 1047.61 384.21 988.43 486.81 874.81 537.31 1022.99 556.29
00042740 00000130 750.35 181.49 355.50 510.85 888.79 364.57 1047.91 384.00 988.02 485.44 874.17 536.23 1024.09 555.22
00042741 00000131 748.86 178.91 357.30 513.79 887.22 362.54 1047.24 383.14 986.62 482.18 872.92 536.51 1022.60 556.30
00042742 00000132 748.47 179.02 357.31 516.03 888.26 362.48 1047.45 384.15 987.23 482.35 872.75 538.26 1020.64 558.94
00042743 00000133 749.98 186.30 354.52 515.04 890.29 369.28 1043.62 395.28 982.29 486.39 868.02 535.16 1017.50 559.88
00042744 00000134 749.63 187.15 354.99 517.43 889.96 367.81 1043.10 394.27 981.98 486.45 866.57 534.11 1018.37 559.10
00042745 00000135 749.17 179.09 355.32 522.55 887.13 362.78 1044.74 387.11 982.45 483.50 865.75 532.41 1020.28 555.48
00042746 00000136 749.27 176.63 355.51 518.70 885.48 360.61 1043.39 382.56 980.63 479.91 868.97 533.17 1018.43 553.87
00042747 00000137 749.11 178.00 354.10 511.09 882.32 360.23 1044.03 380.31 979.66 479.57 871.35 535.14 1019.24 554.07
00042748 00000138 748.83 175.16 354.82 515.33 882.41 361.44 1044.82 381.29 980.86 482.98 870.92 538.03 1018.98 556.99
00042749 00000139 749.50 178.59 356.16 516.16 885.30 362.54 1045.78 383.45 983.21 485.67 872.31 540.34 1019.57 560.22
00042750 00000140 751.29 177.89 356.93 517.18 888.84 362.89 1047.57 384.27 985.97 486.11 874.50 539.80 1020.77 560.16
00042751 00000141 753.02 176.96 357.63 517.38 892.35 363.53 1050.94 384.81 990.19 486.50 877.85 539.94 1024.23 560.26
00042752 00000142 755.19 175.39 356.85 517.25 895.44 363.53 1051.74 384.93 992.77 486.61 880.37 537.60 1025.95 558.03
00042753 00000143 755.95 178.26 358.46 516.83 897.86 365.70 1053.32 387.05 995.56 489.73 882.96 538.37 1028.87 558.70
00042754 00000144 757.62 179.28 356.56 515.88 900.37 368.60 1055.69 388.94 999.85 491.07 888.44 542.70 1032.26 562.24
00042755 00000145 758.60 180.01 355.38 515.67 901.83 370.03 1056.09 391.08 1001.17 491.03 890.32 544.72 1032.48 564.92
00042756 00000146 759.38 179.09 355.34 515.43 902.29 371.44 1056.90 391.60 1002.20 491.99 892.18 546.07 1033.80 565.45
00042757 00000147 759.63 179.01 355.34 517.71 903.35 371.37 1057.54 391.22 1003.85 492.14 893.61 547.07 1035.27 566.11
00042758 00000148 759.43 179.12 355.85 517.93 903.77 371.09 1057.28 391.16 1004.07 491.47 893.70 546.84 1034.78 566.02
00042759 00000149 759.49 179.72 355.43 516.59 904.27 369.72 1058.02 390.32 1004.59 490.27 893.76 546.28 1034.51 565.96
00042760 00000150 758.98 178.74 355.93 518.28 903.55 368.85 1058.02 390.77 1003.97 490.60 891.40 545.63 1033.87 566.53
00042761 DELETE   760.30 181.78 352.32 515.36 904.59 372.63 1057.69 394.94 1002.62 492.95 888.88 545.16 1032.25 566.73
00042762 00000152 762.54 180.53 348.47 512.82 905.32 376.11 1057.83 397.47 1003.44 492.00 892.76 546.34 1032.91 567.16
00042763 00000153 765.75 176.82 347.85 510.16 904.84 367.81 1063.76 388.66 1005.68 484.34 898.52 548.28 1035.08 567.62
00042764 00000154 763.81 168.60 350.76 517.89 906.21 362.06 1064.09 384.14 1009.43 478.04 899.08 545.71 1034.44 566.08
00042765 00000155 762.26 165.99 351.93 517.39 902.01 356.04 1063.26 378.50 1007.33 473.70 896.51 542.88 1032.80 563.34
00042766 00000156 760.46 164.76 351.54 515.97 898.25 353.75 1060.09 374.72 1004.11 469.84 894.29 539.97 1031.27 559.20
00042767 00000157 757.41 160.55 354.05 524.82 896.77 354.90 1057.66 373.96 1004.16 471.34 891.56 538.83 1032.55 556.78
00042768 00000158 753.65 162.59 357.73 531.72 894.48 355.74 1052.16 373.58 999.31 472.77 884.96 537.08 1029.71 553.85
00042769 00000159 752.13 162.12 357.08 531.97 891.93 354.82 1049.67 371.38 997.33 471.94 883.27 536.82 1027.93 552.55
00042770 00000160 750.08 165.33 355.84 526.29 888.65 353.68 1048.44 369.77 995.11 469.98 881.02 534.93 1027.00 550.31
00042771 00000161 748.24 164.93 356.09 524.76 885.96 352.34 1046.55 367.95 992.09 469.48 879.98 532.66 1026.67 547.47
00042772 00000162 745.67 164.08 357.12 530.23 884.75 352.07 1044.09 367.99 990.60 468.79 877.19 532.72 1024.41 547.61
00042773 00000163 744.71 163.41 356.37 530.60 886.10 351.32 1043.56 368.51 990.20 467.78 875.63 534.27 1019.16 550.42
00042774 00000164 744.14 163.33 356.50 531.67 886.83 350.96 1041.79 370.93 986.81 467.99 871.25 529.51 1016.31 547.90
00042775 00000165 744.54 171.61 356.19 523.39 886.61 357.12 1042.76 378.58 983.54 471.19 867.66 527.69 1017.36 547.79
00042776 00000166 744.48 171.58 357.08 523.41 886.05 355.76 1043.04 376.37 983.84 472.44 867.96 529.10 1017.09 548.47
00042777 00000167 745.96 167.74 355.96 523.91 885.93 356.57 1044.21 376.50 986.66 473.20 871.24 532.93 1017.87 551.87
00042778 00000168 746.63 168.80 354.74 515.45 885.39 356.12 1044.75 374.54 986.36 473.06 874.75 531.42 1019.91 549.13
00042779 00000169 748.69 166.40 353.74 517.19 887.85 354.73 1046.61 372.58 989.46 473.17 878.10 532.09 1021.31 549.28
00042780 00000170 747.12 166.18 356.66 522.28 887.62 353.72 1047.78 371.26 992.24 472.47 877.54 534.06 1022.75 550.93
00042781 00000171 747.19 165.65 355.80 520.09 887.79 352.43 1047.35 371.03 990.90 472.14 876.58 531.78 1021.34 549.52
00042782 00000172 747.52 162.16 355.09 523.09 887.09 351.85 1047.20 370.02 992.13 470.04 877.55 531.18 1023.03 548.54
00042783 00000173 747.84 161.68 353.46 522.52 888.50 351.31 1047.17 368.92 992.98 469.98 882.21 535.09 1020.71 551.62
00042784 00000174 748.02 161.05 353.39 523.29 887.62 351.98 1047.05 368.44 993.54 469.84 885.19 539.22 1020.40 554.58
00042785 00000175 747.13 159.94 353.55 524.75 886.36 352.59 1044.97 368.28 992.35 469.69 886.22 542.34 1017.78 557.06
00042786 00000176 745.42 160.17 355.37 525.90 884.17 354.15 1043.51 367.68 990.82 473.59 883.63 542.30 1019.85 555.37
00042787 00000177 743.70 165.04 355.20 521.09 881.72 356.10 1040.94 369.27 986.50 475.71 880.53 540.65 1019.37 553.35
00042788 00000178 740.16 167.32 356.96 520.18 878.87 355.78 1037.42 368.04 982.45 475.85 877.97 541.38 1014.86 553.11
00042789 00000179 737.51 168.62 358.89 521.85 875.85 354.78 1034.29 367.37 976.96 476.64 873.54 542.14 1008.31 553.86
00042790 00000180 731.06 178.29 362.45 511.53 871.09 356.00 1030.72 369.60 968.27 479.73 861.39 535.67 1004.52 548.42
00042791 00000181 726.25 180.65 360.95 505.42 866.57 355.29 1027.12 365.04 963.69 480.92 858.53 535.89 999.66 545.56
00042792 00000182 725.58 172.13 356.93 512.32 865.02 355.91 1022.40 363.75 963.17 478.57 859.62 537.78 997.00 546.04
00042793 00000183 725.83 170.73 356.13 514.06 866.74 353.67 1022.65 359.70 964.32 478.69 868.24 545.67 990.47 551.78
00042794 00000184 726.44 166.35 356.36 518.95 867.62 352.27 1023.12 358.31 966.46 475.74 870.62 545.82 992.36 551.86
00042795 00000185 726.87 166.74 356.03 516.04 868.63 352.87 1024.20 358.54 968.28 475.91 871.62 544.25 993.95 550.12
00042796 00000186 726.26 167.58 358.13 516.85 870.66 353.88 1025.28 360.70 969.61 477.65 870.94 542.40 996.13 549.28
00042797 00000187 726.89 170.83 359.51 514.91 871.90 353.92 1027.37 361.77 970.29 479.11 871.69 542.71 996.63 550.36
00042798 00000188 727.99 172.72 360.19 517.56 873.19 354.50 1028.66 363.73 970.87 480.29 870.60 544.14 996.43 552.89
00042799 00000189 727.55 178.31 360.98 512.65 875.02 355.10 1030.40 365.37 972.35 482.01 872.68 545.45 997.11 555.02
00042800 00000190 729.28 178.41 359.72 508.80 874.29 356.81 1030.84 365.91 973.14 481.84 874.43 542.89 1003.70 551.33
00042801 00000191 729.77 178.88 360.05 509.33 874.80 357.04 1031.36 367.00 973.61 481.89 872.95 540.73 1005.58 549.91
00042802 00000192 729.28 180.29 360.57 506.81 874.86 357.65 1032.10 369.65 972.32 482.15 869.27 538.03 1005.02 549.05
00042803 00000193 728.81 178.60 360.62 508.38 874.41 356.44 1031.79 370.01 971.88 480.27 867.20 538.53 1002.58 551.08
00042804 00000194 729.95 170.22 358.95 518.76 877.35 358.44 1029.04 372.99 973.24 477.12 869.50 538.68 1000.67 552.10
00042805 00000195 730.60 170.21 355.47 517.06 875.57 364.26 1025.62 379.03 970.63 472.33 868.77 539.30 998.94 553.29
00042806 00000196 729.43 170.89 356.64 511.92 872.25 362.19 1025.77 377.88 968.74 470.15 865.62 536.17 1000.34 550.97
00042807 00000197 729.54 167.35 359.55 521.34 873.25 356.35 1027.81 375.17 969.00 470.07 862.22 535.42 998.13 552.71
00042808 00000198 728.15 168.18 363.05 530.16 875.92 352.33 1028.34 374.46 967.94 472.77 858.78 535.89 993.37 555.38
00042809 00000199 727.86 174.18 361.44 520.51 875.02 351.85 1028.56 373.48 966.75 475.05 854.08 529.02 997.38 548.40
00042810 00000200 727.87 176.91 358.58 511.48 874.14 354.15 1028.34 373.21 966.53 477.87 854.34 525.69 1000.55 543.47
00042811 00000201 727.79 176.86 358.64 510.62 873.71 355.10 1028.23 373.06 966.30 478.92 855.15 527.06 1000.54 544.01
00042812 00000202 727.08 177.93 358.88 510.30 873.01 355.40 1026.80 372.16 964.35 481.19 854.00 528.47 997.99 544.44
00042813 00000203 727.22 178.98 358.56 507.28 872.51 357.04 1026.67 374.44 963.70 479.05 857.16 532.99 994.99 549.37
00042814 00000204 727.56 177.43 360.07 511.10 872.75 356.57 1027.28 375.32 964.01 479.29 856.20 533.08 995.62 550.47
00042815 00000205 728.08 176.61 360.78 512.63 872.59 356.49 1028.32 375.99 965.14 478.40 855.70 534.49 996.32 552.59
00042816 00000206 729.18 175.01 363.13 517.14 874.41 355.60 1028.99 376.30 966.49 477.44 856.41 534.88 996.78 553.80
00042817 00000207 731.19 175.46 364.30 518.84 876.47 354.49 1032.04 376.80 968.74 478.00 857.00 534.68 999.10 554.88
00042818 00000208 734.06 176.77 363.33 517.31 879.66 353.14 1034.55 376.91 970.57 478.40 858.54 532.37 1000.80 553.71
00042819 00000209 736.92 176.91 362.00 516.18 881.81 353.80 1037.00 378.24 973.29 477.52 861.32 531.52 1003.54 553.68
00042820 00000210 739.16 180.73 361.23 510.00 883.38 354.26 1039.67 379.55 974.50 476.97 862.97 530.80 1005.23 553.98
00042821 00000211 742.61 180.83 359.10 510.47 886.37 355.47 1042.83 382.58 978.12 478.27 865.56 532.30 1008.56 557.28
00042822 00000212 747.52 178.14 355.34 512.55 888.63 361.12 1044.38 384.31 983.07 485.36 876.39 541.00 1013.32 562.74
00042823 00000213 747.99 176.77 354.84 513.53 889.62 363.87 1044.53 384.29 985.49 487.68 880.80 543.19 1015.67 562.50
00042824 00000214 747.39 179.81 354.95 509.99 889.71 361.98 1045.99 383.62 986.02 485.13 881.13 543.18 1015.24 563.42
00042825 00000215 744.39 178.35 358.56 518.27 889.42 357.59 1044.77 380.95 985.22 481.04 878.57 545.21 1010.18 566.32
00042826 00000216 741.04 173.65 361.65 523.79 886.40 351.77 1041.24 375.28 983.21 472.97 872.03 540.48 1006.02 561.71
00042827 00000217 739.59 167.72 362.87 529.47 884.46 349.31 1039.73 373.46 980.58 469.98 866.14 534.32 1005.89 556.09
00042828 00000218 739.12 173.09 361.85 521.89 883.69 350.29 1039.55 375.48 978.22 472.07 863.46 529.53 1007.25 552.08
00042829 00000219 740.46 178.75 359.94 515.17 884.08 355.31 1040.88 380.80 977.59 477.11 863.22 529.68 1009.61 552.88
00042830 00000220 743.77 179.41 357.48 512.15 885.27 357.85 1043.75 384.23 978.65 478.71 863.94 529.72 1013.33 554.13
00042831 00000221 746.25 180.67 357.79 510.54 887.42 362.38 1045.04 385.55 982.55 485.60 867.36 530.88 1018.04 553.26
00042832 00000222 750.29 181.65 356.38 509.64 890.42 367.64 1047.39 389.05 986.49 492.68 871.96 535.32 1021.41 556.35
00042833 00000223 754.06 177.66 355.00 513.11 894.17 369.38 1049.71 390.78 989.71 495.16 876.32 537.38 1023.97 558.45
00042834 00000224 755.56 177.57 356.18 512.08 896.50 370.11 1051.45 392.20 991.62 494.80 879.28 537.80 1025.59 559.23
00042835 00000225 757.49 177.86 355.57 512.25 898.50 370.23 1053.60 392.66 994.20 494.94 881.35 536.93 1028.98 558.68
00042836 00000226 758.77 177.06 357.25 514.86 903.34 369.80 1056.20 393.63 998.84 493.51 885.77 537.09 1030.96 559.80
00042837 00000227 761.32 178.88 358.85 514.61 909.32 368.44 1061.02 395.11 1005.42 492.44 890.63 537.60 1034.74 562.45
00042838 00000228 765.72 185.87 355.47 508.47 914.76 373.14 1065.12 400.38 1009.03 493.32 894.51 539.40 1036.78 565.25
00042839 00000229 768.46 188.37 354.44 511.53 922.26 373.54 1069.77 402.98 1014.96 493.50 898.62 543.16 1039.02 570.89
00042840 00000230 765.21 185.55 356.58 514.85 929.53 371.08 1071.75 395.72 1015.53 492.87 902.97 549.45 1030.51 571.08
00042841 00000231 766.81 183.07 357.93 519.38 934.56 368.00 1074.87 394.26 1019.10 492.37 906.28 550.15 1031.25 572.95
00042842 00000232 768.57 182.43 357.70 519.52 937.43 367.61 1077.89 393.49 1022.57 491.85 908.64 550.36 1033.23 572.73
00042843 00000233 768.84 183.67 358.68 518.89 938.00 368.01 1079.28 394.71 1022.50 492.12 908.63 550.12 1033.37 573.07
00042844 00000234 768.89 183.30 357.91 519.16 938.79 368.81 1079.82 395.28 1023.43 493.33 908.92 551.26 1032.96 574.03
00042845 00000235 768.87 182.39 358.09 520.34 939.31 371.16 1080.80 396.20 1024.96 496.99 908.49 553.81 1032.58 575.47
00042846 00000236 770.04 184.09 356.29 516.47 938.42 373.75 1080.17 398.06 1023.23 498.96 908.18 555.61 1031.53 576.67
00042847 00000237 769.11 185.11 356.53 516.99 936.73 373.98 1078.84 397.37 1021.62 500.71 907.71 557.74 1031.01 578.16
00042848 00000238 768.01 184.90 356.21 519.52 934.96 373.47 1077.30 397.79 1020.21 502.26 907.35 558.66 1029.93 579.88
00042849 00000239 768.28 184.67 353.02 518.26 933.02 374.22 1074.78 398.68 1017.61 502.53 905.14 558.55 1027.61 579.90
00042850 00000240 769.92 188.93 357.13 512.42 925.91 376.15 1075.29 403.75 1020.07 502.86 903.49 551.48 1041.22 577.57
00042851 00000241 769.04 191.15 356.81 511.31 924.20 376.30 1073.22 403.91 1018.20 502.81 902.04 550.71 1040.32 576.76
00042852 00000242 762.88 189.40 356.50 513.05 924.63 378.27 1069.66 401.10 1010.28 506.07 897.62 558.05 1026.06 578.26
00042853 00000243 766.55 192.51 359.15 517.52 918.85 382.28 1067.22 410.92 1009.96 509.44 893.75 552.18 1035.70 579.44
00042854 00000244 764.03 187.90 360.99 521.01 915.25 379.93 1065.69 408.85 1006.93 508.70 891.16 552.11 1033.80 579.46
00042855 00000245 763.33 187.22 358.67 516.31 912.96 378.55 1063.50 407.49 1005.37 506.95 891.16 548.55 1033.41 575.64
00042856 00000246 763.25 185.93 357.95 511.72 911.48 376.58 1063.61 405.20 1003.95 503.61 891.83 547.42 1032.75 573.87
00042857 00000247 762.23 183.65 359.38 517.24 912.96 375.59 1063.21 403.86 1005.37 503.25 893.94 549.31 1032.13 575.32
00042858 00000248 762.67 182.72 359.04 518.65 915.07 375.57 1064.22 402.87 1008.13 503.34 896.01 549.68 1033.53 574.92
00042859 00000249 763.31 183.36 359.72 519.27 916.83 375.03 1065.67 402.72 1010.40 503.88 895.83 548.31 1035.18 574.18
00042860 00000250 763.29 184.07 360.90 524.98 919.12 373.25 1065.59 403.16 1011.18 504.42 892.37 545.28 1034.88 573.25
00042861 00000251 763.00 185.51 360.14 520.82 917.49 372.32 1066.87 402.43 1010.67 505.19 890.30 545.51 1033.88 573.88
00042862 00000252 762.92 184.79 360.17 521.14 916.27 372.92 1067.34 401.95 1010.66 505.46 890.48 546.14 1035.55 573.58
00042863 00000253 764.49 184.91 358.96 517.58 915.87 372.70 1068.61 401.50 1010.68 505.19 890.53 544.29 1037.18 571.56
00042864 00000254 766.05 182.88 357.32 514.25 915.66 373.22 1069.70 401.42 1011.35 502.40 892.74 542.16 1039.87 568.70
00042865 00000255 766.47 182.57 357.42 514.66 916.25 373.05 1069.29 400.86 1011.92 500.67 894.37 542.15 1040.63 568.28
00042866 00000256 766.33 182.33 359.50 521.04 918.18 372.53 1068.93 402.17 1011.46 501.20 894.21 545.73 1038.19 573.20
00042867 00000257 766.38 181.68 358.43 515.41 915.67 372.64 1069.89 401.28 1010.27 499.71 895.64 549.37 1035.95 575.80
00042868 00000258 766.29 181.79 359.95 521.78 916.93 372.83 1071.03 401.25 1012.15 500.04 896.29 551.58 1038.43 577.77
00042869 00000259 766.14 183.02 361.71 524.64 919.98 373.95 1071.60 402.05 1015.06 502.32 897.12 552.24 1039.35 578.36
00042870 00000260 767.86 185.05 360.25 524.02 923.14 373.18 1071.87 401.59 1017.29 501.75 898.04 549.38 1040.75 576.01
00042871 00000261 765.68 182.37 356.77 521.62 926.53 368.26 1069.97 393.00 1012.74 498.25 899.11 553.70 1029.44 575.32
00042872 00000262 766.30 182.82 357.06 519.65 926.91 368.33 1071.39 391.58 1013.80 498.43 900.10 553.66 1030.89 574.01
00042873 00000263 766.78 182.05 356.84 520.48 927.43 369.15 1072.17 392.59 1015.05 497.96 901.09 553.01 1032.79 573.46
00042874 00000264 765.01 180.01 357.72 518.04 930.18 375.28 1067.89 397.05 1018.06 501.58 902.21 540.57 1031.07 562.47
00042875 00000265 769.63 182.99 355.05 512.60 930.40 374.49 1074.29 395.19 1016.06 499.09 903.28 551.01 1033.50 569.33
00042876 00000266 764.90 180.82 357.91 515.45 930.27 378.08 1069.57 397.63 1018.26 502.84 903.82 541.68 1033.06 561.68
00042877 00000267 765.29 180.89 357.14 514.62 930.49 378.71 1069.73 397.80 1018.58 503.07 904.55 542.54 1033.36 562.02
00042878 00000268 765.06 180.75 357.29 514.85 929.86 379.47 1069.33 398.58 1017.85 503.20 904.76 543.30 1033.50 562.71
00042879 00000269 765.38 181.49 357.04 513.66 929.61 379.96 1069.24 399.04 1017.12 504.26 904.22 543.35 1033.15 562.73
00042880 00000270 771.59 184.53 352.38 508.22 931.27 380.32 1074.75 399.23 1015.16 502.52 905.46 554.91 1031.85 571.69
00042881 00000271 771.34 184.51 352.74 509.10 931.94 380.66 1075.36 399.25 1016.16 503.30 905.97 555.53 1032.67 572.06
00042882 00000272 772.31 184.89 352.25 508.18 932.85 381.17 1076.93 399.41 1017.34 503.93 907.56 556.39 1033.83 572.58
00042883 00000273 772.23 183.95 352.95 509.62 933.41 381.28 1077.87 399.40 1018.16 504.45 908.26 557.06 1034.47 573.14
00042884 00000274 772.53 182.95 353.41 511.47 934.25 382.67 1078.70 401.34 1019.28 504.90 908.83 557.56 1034.71 574.17
00042885 00000275 773.53 184.01 353.38 509.05 936.03 384.37 1079.99 402.30 1020.79 505.72 911.27 558.59 1036.13 574.54
00042886 00000276 773.51 185.44 354.09 508.99 936.65 384.59 1081.95 402.14 1022.17 507.63 912.14 559.22 1038.01 574.84
00042887 00000277 774.42 185.02 354.32 510.08 937.00 385.39 1082.31 402.70 1022.36 507.91 912.93 559.20 1038.62 574.72
00042888 00000278 775.25 186.13 353.71 508.21 937.32 386.15 1082.66 403.28 1022.89 507.82 913.17 558.41 1039.85 573.92
00042889 00000279 775.89 186.00 353.28 507.90 937.83 386.59 1083.23 403.66 1023.86 507.97 913.61 558.70 1040.23 574.20
00042890 00000280 775.21 186.11 355.25 510.61 937.68 386.82 1083.00 404.25 1024.07 508.05 913.87 559.52 1040.50 575.38
00042891 00000281 774.61 184.27 356.07 512.91 936.61 387.65 1082.23 406.51 1022.97 508.32 912.50 560.00 1039.73 577.03
00042892 00000282 774.15 185.20 356.43 511.25 936.23 388.35 1082.00 407.11 1022.37 508.52 912.26 560.11 1039.37 576.97
00042893 00000283 773.49 186.15 356.08 512.10 935.10 387.92 1081.08 408.04 1020.77 508.07 910.13 559.23 1038.74 577.30
00042894 00000284 771.92 187.08 356.87 512.09 933.37 387.05 1080.10 407.73 1019.57 507.36 909.03 559.52 1038.31 577.95
00042895 00000285 771.55 184.45 356.71 515.04 932.06 387.28 1079.41 408.25 1018.76 507.10 907.35 559.82 1037.69 578.56
00042896 00000286 770.45 185.34 357.95 513.70 931.21 387.83 1079.45 407.85 1018.66 507.67 907.05 560.36 1038.37 578.28
00042897 00000287 769.97 184.95 358.26 514.45 931.27 387.64 1079.36 407.99 1018.78 508.02 906.98 560.78 1037.86 578.93
00042898 00000288 769.53 184.76 358.92 516.63 931.41 387.14 1079.16 408.10 1018.63 507.99 906.51 560.84 1037.19 579.48
00042899 00000289 769.41 185.17 358.79 516.34 931.38 386.96 1079.15 407.73 1019.23 507.56 906.66 561.11 1037.43 579.60
00042900 00000290 769.38 184.32 358.78 518.21 930.64 386.38 1079.42 407.23 1019.09 507.94 905.83 561.13 1037.72 579.80
00042901 00000291 769.28 184.21 358.93 518.24 930.65 385.94 1079.23 406.70 1018.77 508.15 905.49 561.39 1037.06 579.98
00042902 00000292 767.90 184.19 359.96 519.68 929.75 385.47 1078.76 406.74 1018.42 507.89 904.74 562.07 1036.60 581.06
00042903 00000293 767.58 184.68 359.99 517.98 929.37 386.08 1077.82 407.06 1017.77 507.78 904.39 562.55 1034.86 581.24
00042904 00000294 765.74 183.50 361.74 521.30 928.35 386.02 1076.78 408.34 1016.60 507.38 903.29 564.28 1032.46 583.97
00042905 00000295 765.03 183.57 361.46 521.75 928.64 385.67 1076.29 408.53 1016.25 508.21 902.71 565.09 1030.35 585.27
00042906 00000296 764.59 183.29 362.12 523.31 928.10 385.77 1076.17 409.21 1015.85 508.67 902.51 565.78 1030.13 586.41
00042907 00000297 764.35 182.05 362.08 525.42 927.82 385.43 1075.80 408.74 1015.85 508.70 902.88 567.08 1029.63 587.62
00042908 00000298 762.61 181.79 364.50 528.90 926.59 385.24 1074.04 409.06 1014.53 509.49 902.38 567.81 1028.37 588.77
00042909 00000299 760.12 180.82 367.73 532.68 925.12 384.80 1072.90 408.86 1013.21 510.95 901.88 569.61 1027.25 590.84
00042910 00000300 758.84 180.79 369.30 535.11 924.59 384.34 1072.33 408.41 1012.40 512.34 902.32 571.27 1025.90 592.54
00042911 00000301 758.46 180.33 369.04 536.34 925.35 383.66 1071.44 408.12 1011.45 512.81 903.10 571.55 1023.12 593.19
00042912 00000302 758.33 178.80 368.20 536.48 925.57 383.91 1070.76 408.55 1011.49 512.65 902.75 571.14 1022.20 592.96
00042913 00000303 757.10 178.73 368.82 536.16 924.68 383.96 1070.53 408.26 1011.52 512.47 902.38 571.05 1022.47 592.59
00042914 00000304 757.22 178.57 368.07 536.52 924.54 383.63 1070.17 407.86 1011.30 512.52 902.32 570.85 1022.18 592.30
00042915 00000305 756.10 177.93 368.71 537.61 923.89 383.31 1069.72 407.74 1011.10 512.42 902.16 570.85 1022.37 592.42
00042916 00000306 755.52 178.39 369.71 537.26 923.67 383.12 1069.89 407.30 1010.98 512.00 901.97 570.84 1022.24 592.16
00042917 00000307 755.41 178.34 370.01 537.30 923.90 383.10 1070.03 407.31 1011.51 511.85 901.99 570.86 1022.69 592.20
00042918 00000308 753.81 181.64 370.54 534.37 923.10 391.05 1069.58 414.10 1011.60 512.89 902.18 571.62 1023.41 592.08
00042919 00000309 753.54 182.42 370.83 533.02 923.52 393.51 1069.88 416.15 1012.35 513.47 903.01 572.14 1023.74 592.39
00042920 00000310 753.87 179.90 369.89 534.57 922.68 389.46 1070.11 413.85 1011.33 512.03 900.79 570.60 1022.53 592.17
00042921 00000311 758.94 180.98 372.41 535.34 918.15 387.35 1069.27 412.77 1012.60 512.06 900.49 568.23 1034.25 591.35
00042922 00000312 757.32 180.58 373.20 533.51 916.89 385.81 1069.29 411.76 1012.02 511.77 899.42 566.96 1033.83 590.44
00042923 00000313 755.20 179.25 373.72 533.72 914.14 384.73 1068.51 411.81 1010.15 511.06 897.43 565.82 1032.83 590.03
00042924 00000314 752.47 177.46 373.35 535.06 911.33 383.33 1065.52 411.04 1007.75 510.70 895.16 565.08 1029.93 589.78
00042925 00000315 749.87 177.88 374.26 536.00 908.70 382.33 1062.60 411.87 1004.37 510.75 891.82 563.79 1026.76 589.88
00042926 00000316 748.18 175.64 375.28 539.50 906.24 381.25 1060.35 410.19 1002.22 511.42 889.34 563.15 1025.96 588.78
00042927 00000317 748.81 173.95 374.93 540.74 905.35 380.81 1060.19 407.60 1002.71 511.83 890.23 563.72 1027.39 587.56
00042928 00000318 750.34 174.97 373.02 536.91 906.34 381.05 1061.20 405.58 1003.58 511.95 894.60 566.45 1027.83 588.25
00042929 00000319 750.37 175.13 373.02 537.35 907.64 380.56 1061.12 403.90 1004.89 511.42 897.57 567.14 1028.75 587.80
00042930 00000320 751.58 172.87 371.39 535.25 908.41 378.77 1062.95 401.59 1006.73 509.26 898.77 566.36 1029.82 586.63
00042931 00000321 751.23 171.68 371.71 536.24 907.44 376.47 1063.11 398.97 1006.66 505.98 898.83 566.18 1030.10 586.15
00042932 00000322 751.41 170.54 370.51 535.02 906.72 374.72 1064.34 396.91 1007.81 503.88 898.02 564.45 1031.86 584.27
00042933 00000323 751.49 165.46 370.75 541.10 906.74 372.35 1063.75 394.27 1008.52 501.35 898.38 563.06 1032.95 582.57
00042934 00000324 751.43 164.42 370.91 541.97 906.41 370.91 1064.42 392.61 1008.80 498.78 898.07 561.42 1034.38 580.70
00042935 00000325 751.62 163.25 370.61 541.48 905.81 370.63 1064.31 392.35 1008.60 498.12 897.81 561.08 1033.94 580.37
00042936 00000326 751.57 163.55 371.37 541.50 906.30 370.95 1065.01 392.96 1009.44 498.27 896.95 560.66 1034.63 580.24
00042937 00000327 751.20 166.52 371.91 540.30 908.69 373.35 1065.19 395.44 1011.05 502.10 897.63 561.88 1034.77 581.72
00042938 00000328 751.17 170.07 372.03 537.18 909.13 376.47 1066.07 399.40 1010.86 504.58 898.00 563.72 1034.71 584.32
00042939 00000329 751.73 170.83 373.12 539.80 911.46 379.20 1067.44 403.04 1012.12 507.93 898.76 565.01 1035.91 586.43
00042940 00000330 751.04 174.42 374.61 537.22 912.14 380.64 1067.65 405.55 1011.79 508.65 898.19 565.78 1034.83 588.13
00042941 00000331 751.29 175.90 376.22 538.14 913.25 382.25 1068.58 407.37 1012.75 510.18 898.90 567.39 1034.87 589.90
00042942 00000332 751.69 175.82 377.11 538.66 914.13 382.87 1068.98 408.11 1013.13 511.23 899.86 568.42 1035.24 590.96
00042943 00000333 752.29 175.64 377.00 538.27 914.30 383.01 1069.53 408.04 1013.17 511.60 900.68 569.10 1035.26 591.39
00042944 00000334 752.08 174.82 377.49 539.13 914.14 383.08 1069.93 408.14 1013.14 511.78 900.39 569.21 1035.55 591.49
00042945 00000335 752.21 174.42 377.50 539.72 914.12 382.48 1070.56 407.64 1013.44 510.99 900.13 569.20 1035.87 591.60
00042946 00000336 751.44 171.76 378.69 544.44 914.65 381.80 1070.15 407.85 1013.28 511.05 898.56 568.61 1035.20 591.82
00042947 00000337 750.36 172.98 380.12 547.40 914.50 380.81 1069.08 407.75 1011.98 509.84 895.61 568.80 1032.84 592.97
00042948 00000338 749.43 173.13 382.00 554.76 915.74 379.57 1067.72 407.59 1011.46 508.26 891.16 566.37 1033.17 591.87
00042949 00000339 749.73 172.79 382.27 554.40 916.43 377.93 1069.31 406.71 1012.18 508.84 890.31 565.61 1033.46 591.79
00042950 00000340 750.45 172.40 381.46 548.95 915.41 377.81 1071.69 406.42 1013.25 509.78 891.82 564.91 1035.66 590.61
00042951 00000341 752.11 172.51 378.95 546.95 915.55 379.71 1070.81 406.81 1012.52 510.30 894.43 566.24 1033.56 590.57
00042952 00000342 750.74 174.18 378.75 545.90 915.45 381.76 1068.66 407.02 1013.18 510.03 893.73 566.96 1031.32 590.22
00042953 00000343 749.17 174.14 379.71 546.34 913.61 379.17 1067.91 405.50 1011.35 509.32 891.50 566.26 1029.61 590.35
00042954 00000344 746.82 169.11 377.27 549.68 910.10 378.29 1065.09 404.21 1009.83 507.99 891.53 565.99 1030.32 589.36
00042955 00000345 745.17 165.49 378.17 549.84 906.18 374.68 1063.81 400.87 1006.84 505.10 889.46 564.18 1029.10 587.42
00042956 00000346 742.84 160.87 380.65 561.56 907.64 371.20 1061.39 398.45 1006.40 501.03 888.33 564.35 1025.72 588.49
00042957 00000347 741.25 158.44 382.14 557.24 904.58 367.21 1063.19 394.56 1006.78 500.30 885.90 562.33 1025.07 586.54
00042958 00000348 741.46 153.40 381.33 558.36 902.28 364.22 1063.89 390.60 1007.17 495.82 885.68 559.90 1027.38 583.15
00042959 00000349 738.20 151.65 384.07 562.91 902.65 361.39 1060.71 387.76 1007.24 491.79 886.82 560.02 1023.33 583.05
00042960 00000350 737.17 149.42 384.30 562.24 902.00 360.98 1060.89 386.11 1007.55 492.00 889.45 559.08 1026.81 580.64
00042961 00000351 737.59 148.04 382.78 558.05 900.63 360.43 1061.11 385.88 1005.74 491.07 887.92 555.77 1026.70 577.70
00042962 00000352 736.22 149.22 383.30 557.88 900.27 360.85 1060.24 386.14 1005.09 491.50 887.85 556.16 1026.21 577.91
00042963 00000353 734.07 148.61 385.79 567.28 901.23 363.36 1055.70 388.23 1003.12 494.22 889.25 560.57 1021.60 581.92
00042964 00000354 732.50 151.82 385.49 569.81 899.61 365.14 1054.87 389.31 1002.29 497.63 887.82 565.22 1019.89 586.10
00042965 00000355 732.17 154.54 385.50 569.12 899.00 366.22 1054.52 390.04 1001.56 499.92 885.60 564.86 1020.41 585.76
00042966 00000356 731.82 152.90 385.18 562.52 893.22 364.85 1056.08 388.27 999.92 500.56 880.38 561.65 1022.59 582.03
00042967 00000357 730.41 153.62 386.61 567.60 893.83 364.82 1054.50 388.52 999.48 499.27 880.52 563.18 1020.93 583.76
00042968 00000358 729.98 154.00 386.89 568.54 895.04 365.12 1053.89 388.70 999.20 499.47 881.16 565.00 1018.27 585.53
00042969 00000359 730.21 154.74 385.96 564.11 894.64 364.99 1055.48 389.05 999.39 500.84 880.67 564.41 1018.26 585.36
00042970 00000360 729.63 155.98 386.84 567.81 895.29 365.13 1055.02 388.99 1000.12 500.18 880.20 565.03 1019.02 585.90
00042971 00000361 731.04 158.36 383.88 566.06 902.36 371.71 1054.13 394.38 1002.03 501.59 885.05 567.40 1016.46 587.74
00042972 00000362 731.32 159.58 382.73 559.52 899.64 375.67 1054.57 396.91 1002.03 499.99 886.65 567.35 1019.97 586.49
00042973 00000363 730.21 159.00 383.80 557.81 899.38 373.37 1055.24 395.74 1001.49 499.53 885.98 565.72 1018.72 585.62
00042974 00000364 728.61 152.80 385.70 566.56 900.30 371.38 1054.85 394.46 1002.25 501.87 885.73 565.98 1018.10 586.39
00042975 00000365 729.26 152.69 384.95 561.74 899.61 369.42 1055.54 392.09 1001.74 502.89 885.12 565.10 1016.48 585.21
00042976 00000366 727.14 155.60 386.00 559.40 897.74 367.89 1054.85 390.25 1001.40 501.58 882.47 562.93 1016.86 582.78
00042977 00000367 723.04 157.80 388.78 564.96 898.45 365.21 1052.81 388.62 1000.66 501.02 879.70 562.66 1013.30 583.24
00042978 00000368 720.23 157.57 390.35 566.94 897.50 362.77 1051.35 388.35 998.79 500.38 871.54 558.32 1009.17 580.93
00042979 00000369 717.70 157.92 391.61 567.70 895.62 360.48 1050.16 386.30 996.59 499.30 869.16 556.82 1008.22 579.39
00042980 00000370 715.99 157.78 392.87 566.17 895.53 359.03 1049.38 385.83 995.29 498.22 869.85 556.25 1006.27 579.32
00042981 00000371 715.18 155.56 392.98 568.40 896.10 357.70 1049.23 384.54 996.09 496.64 871.52 556.40 1006.16 579.52
00042982 00000372 713.96 154.78 393.73 569.77 894.04 357.00 1049.73 383.31 996.49 494.52 871.57 557.90 1007.55 580.48
00042983 00000373 714.42 150.93 393.42 570.96 891.73 356.49 1050.67 382.80 996.86 493.02 873.06 559.36 1007.32 581.85
00042984 00000374 713.40 150.90 393.76 569.97 890.61 355.13 1050.56 381.35 996.56 491.25 873.73 558.70 1008.43 580.90
00042985 00000375 709.93 151.74 396.11 573.08 887.94 355.08 1048.10 380.93 994.04 491.83 867.76 558.01 1006.43 579.94
00042986 00000376 707.10 152.82 396.62 570.88 887.56 356.03 1044.29 380.35 991.11 493.94 866.89 558.65 1000.78 579.29
00042987 00000377 706.89 153.02 394.94 571.25 887.94 356.97 1043.00 382.25 989.75 494.43 865.45 557.49 999.23 578.85
00042988 00000378 705.05 152.74 394.91 570.00 886.16 358.53 1041.58 383.15 988.35 494.01 866.22 559.01 998.31 579.68
00042989 00000379 705.09 153.25 394.72 569.91 882.91 358.12 1043.38 384.96 986.82 491.11 864.99 559.31 999.94 581.69
00042990 00000380 704.28 151.56 395.02 574.14 881.96 358.85 1042.69 387.57 985.38 491.20 862.26 560.47 998.01 584.33
00042991 00000381 703.28 152.73 395.11 576.14 882.44 359.78 1040.52 388.52 985.13 493.10 859.93 560.91 995.37 584.97
00042992 00000382 702.57 154.34 395.47 577.33 883.93 360.34 1039.80 390.23 985.48 495.27 858.93 561.64 994.09 586.86
00042993 00000383 703.01 153.90 395.17 572.72 882.21 362.29 1041.81 389.88 985.42 496.23 861.14 561.43 997.00 584.59
00042994 00000384 702.82 154.66 394.88 569.65 881.70 362.87 1042.48 390.82 985.86 495.46 860.92 561.41 997.02 584.96
00042995 00000385 701.50 154.22 396.03 573.59 881.28 362.74 1041.80 391.14 985.47 495.64 859.38 561.98 996.97 585.90
00042996 00000386 700.93 156.18 394.93 570.75 882.04 363.59 1041.33 390.09 986.30 496.80 862.50 564.33 996.24 586.65
00042997 00000387 702.13 154.07 392.62 569.15 881.15 365.31 1042.17 391.42 986.58 497.06 863.98 563.85 997.63 586.13
00042998 00000388 702.89 154.19 392.90 568.15 881.51 365.71 1042.67 391.64 987.06 497.99 864.14 563.44 998.35 585.61
00042999 00000389 702.85 157.01 392.14 567.26 882.73 366.49 1042.34 392.56 986.68 498.84 865.98 565.26 997.10 587.37
00043000 00000390 699.80 156.59 395.27 577.76 884.81 370.98 1037.35 395.30 986.08 500.64 868.87 569.58 995.39 590.01
00043001 00000391 701.28 164.58 393.20 570.11 886.05 383.28 1034.34 406.30 984.88 504.00 867.25 570.57 994.65 590.79
00043002 00000392 702.28 171.73 391.37 555.30 881.83 384.78 1037.80 406.48 983.96 505.01 863.95 567.96 1000.97 587.40
00043003 00000393 702.77 170.00 389.60 555.92 881.10 381.57 1038.47 404.96 983.40 504.03 861.53 566.18 999.48 586.97
00043004 00000394 700.28 160.68 391.59 568.78 880.56 376.36 1039.49 401.71 984.65 502.71 861.18 567.36 998.31 589.35
00043005 00000395 698.22 158.75 393.58 571.63 881.40 371.82 1038.96 398.80 984.84 502.09 861.30 565.94 996.10 589.10
00043006 00000396 697.54 157.43 394.65 572.17 881.38 370.07 1039.71 397.05 985.65 501.01 861.60 565.90 995.99 588.98
00043007 00000397 697.10 157.40 396.53 572.71 881.61 370.13 1040.26 397.19 985.78 501.72 861.86 565.93 996.73 589.05
00043008 00000398 696.19 158.72 397.33 573.61 881.46 372.62 1040.80 400.24 986.01 501.15 861.48 566.93 997.66 590.64
00043009 00000399 695.83 160.67 398.49 573.99 881.58 375.27 1040.74 402.32 986.14 503.23 860.80 568.58 998.52 591.89
00043010 00000400 696.04 162.59 398.03 573.23 881.89 377.08 1040.50 402.99 986.34 504.45 861.64 571.32 998.24 593.70
00043011 00000401 695.43 162.95 399.80 575.78 881.03 378.31 1040.30 403.48 986.21 505.28 861.83 573.72 999.07 595.41
00043012 00000402 695.16 163.14 400.16 577.96 880.99 379.22 1039.60 404.98 985.86 504.90 861.55 574.16 998.95 596.22
00043013 00000403 695.31 162.72 400.80 580.12 880.81 378.93 1039.69 405.38 985.76 504.31 861.31 575.32 998.28 597.81
00043014 00000404 694.60 162.48 402.09 583.02 880.64 378.73 1039.07 406.13 985.35 504.69 859.99 576.75 996.95 599.83
00043015 00000405 693.38 162.77 403.41 583.43 881.58 378.50 1039.18 407.34 985.48 506.23 857.40 576.96 993.84 601.37
00043016 00000406 691.95 161.35 405.57 589.63 881.47 378.56 1038.07 408.65 985.02 507.17 855.15 578.03 993.35 603.33
00043017 00000407 688.61 160.52 408.53 598.18 881.55 377.77 1037.87 410.33 984.33 509.48 850.13 580.21 991.69 607.38
00043018 00000408 689.45 157.99 406.85 600.04 881.29 377.72 1039.70 406.15 986.93 513.33 855.97 587.61 992.10 611.13
00043019 00000409 692.12 160.12 403.50 589.57 879.00 379.50 1040.57 404.13 984.72 513.53 863.82 587.78 994.65 608.06
00043020 00000410 695.41 159.27 402.13 587.13 876.75 379.82 1041.30 402.22 983.13 513.46 865.88 586.26 998.98 604.76
00043021 00000411 696.13 159.81 400.84 583.43 876.32 378.74 1040.87 399.17 983.15 513.56 866.77 585.49 999.05 602.52
00043022 00000412 697.48 159.14 400.06 583.85 876.99 378.06 1041.91 398.61 984.14 513.26 867.66 584.99 1000.78 602.07
00043023 00000413 697.64 159.21 401.46 582.60 877.19 379.52 1043.04 399.83 984.87 514.88 867.18 584.41 1002.30 601.40
00043024 00000414 697.69 159.61 403.16 585.70 876.81 380.07 1043.99 400.94 985.20 516.71 863.96 583.89 1004.19 601.42
00043025 00000415 695.70 159.47 405.93 591.59 877.14 379.77 1044.43 401.67 986.51 517.12 862.40 585.15 1004.82 603.46
00043026 00000416 694.21 158.60 406.95 598.31 880.43 378.43 1041.64 403.06 986.62 514.18 863.58 586.47 1001.91 606.74
00043027 00000417 693.71 159.07 408.02 596.90 880.67 377.23 1042.11 403.55 987.44 513.42 859.32 581.92 1002.63 604.01
00043028 00000418 692.94 159.68 408.14 594.12 880.07 377.93 1042.00 404.33 987.57 513.89 857.08 579.68 1002.97 602.22
00043029 00000419 691.07 161.90 410.25 591.12 878.99 379.41 1042.56 406.02 987.08 516.23 854.13 578.53 1003.67 601.52
00043030 00000420 689.63 163.78 412.11 592.22 880.41 382.40 1042.70 408.98 987.25 519.81 853.28 580.02 1003.31 603.03
00043031 00000421 688.25 163.23 414.30 599.08 882.04 384.32 1041.83 412.36 987.43 522.65 851.20 582.42 1001.70 606.47
00043032 00000422 688.57 163.21 414.20 601.23 883.20 384.97 1041.49 413.54 987.39 522.77 851.40 583.16 1000.71 607.56
00043033 00000423 688.40 162.97 415.22 600.40 884.47 384.94 1042.45 414.02 987.82 523.22 851.97 582.21 1000.91 607.15
00043034 00000424 687.65 165.11 415.24 597.25 883.95 385.12 1042.68 414.20 987.73 523.34 851.25 581.40 1000.86 606.50
00043035 00000425 687.18 166.24 414.47 593.63 882.45 384.45 1041.72 413.34 985.94 521.28 851.62 580.39 999.90 605.29
00043036 00000426 688.01 165.77 414.45 592.99 882.23 385.30 1041.91 413.78 985.66 521.48 852.21 580.11 1000.46 604.61
00043037 00000427 688.63 165.18 413.63 594.54 882.23 386.70 1042.26 414.33 985.98 521.81 853.68 583.44 1000.14 607.12
00043038 00000428 688.05 167.23 415.27 594.59 882.47 389.56 1042.72 417.30 985.40 525.88 852.36 585.23 999.04 609.21
00043039 00000429 687.41 168.94 415.92 593.62 881.96 391.45 1042.28 418.52 984.82 526.77 852.38 586.61 998.83 610.15
00043040 00000430 686.11 169.82 416.47 593.28 881.65 391.88 1041.74 419.00 984.92 526.91 852.08 586.82 998.66 610.37
00043041 00000431 685.73 169.28 415.20 594.18 881.43 391.59 1040.97 418.90 984.70 527.11 851.27 586.55 997.91 610.23
00043042 00000432 686.39 169.61 413.74 592.27 881.66 394.38 1041.46 420.82 985.99 525.76 852.71 586.79 997.80 609.75
00043043 00000433 686.59 176.02 411.71 586.43 881.90 399.88 1040.26 426.17 985.57 526.80 851.13 586.73 997.37 609.74
00043044 00000434 684.07 172.21 414.58 593.88 881.36 395.26 1041.69 422.89 985.12 526.60 848.07 590.08 994.39 614.40
00043045 00000435 683.26 171.15 414.74 599.16 880.84 394.03 1040.14 423.73 984.25 527.88 846.57 591.15 992.95 616.92
00043046 00000436 682.19 168.51 416.62 605.28 879.82 392.44 1038.20 421.78 983.46 529.18 845.18 593.15 992.42 618.53
00043047 00000437 680.07 168.75 419.49 611.80 879.33 389.57 1037.29 421.24 981.46 530.11 840.97 595.92 989.34 623.30
00043048 00000438 686.95 177.05 416.56 603.42 878.21 381.25 1044.81 419.13 984.35 533.88 841.21 595.30 988.80 628.02
00043049 00000439 685.51 176.42 417.05 602.36 876.14 381.97 1044.75 418.67 984.96 535.16 840.95 597.43 988.05 629.30
00043050 00000440 677.40 170.42 421.85 605.66 875.58 391.12 1037.36 421.66 980.19 534.90 838.05 597.30 988.24 624.15
00043051 00000441 676.56 169.19 421.95 602.80 873.71 392.46 1038.62 420.78 981.37 535.18 839.99 596.84 991.95 621.86
00043052 00000442 675.97 168.52 422.26 600.92 871.64 392.97 1038.70 419.99 981.29 533.80 841.38 596.40 994.67 620.21
00043053 00000443 676.23 167.96 422.32 600.94 870.96 392.87 1039.18 419.22 981.04 533.77 843.24 599.20 994.11 622.41
00043054 00000444 677.19 165.39 422.65 608.64 874.41 391.78 1039.58 417.95 981.79 534.72 850.82 605.23 993.08 627.55
00043055 00000445 679.24 163.35 420.03 611.20 878.85 392.50 1039.75 415.50 984.35 534.00 863.48 612.20 992.41 631.36
00043056 00000446 680.25 165.68 420.20 609.51 879.92 392.79 1040.19 416.07 983.88 535.21 863.94 614.39 990.37 633.96
00043057 00000447 680.54 165.56 421.24 612.45 881.20 393.28 1040.51 417.43 984.30 536.79 863.62 615.60 989.72 635.88
00043058 00000448 681.27 168.25 421.12 609.56 881.38 396.31 1042.03 420.71 984.63 540.21 862.68 615.81 990.79 636.46
00043059 00000449 681.81 170.31 420.39 606.69 881.66 399.50 1043.11 423.21 986.50 542.84 863.08 615.24 993.99 635.45
00043060 00000450 681.49 172.26 421.07 609.14 882.24 401.49 1041.00 426.00 985.13 545.55 860.75 616.57 991.59 637.51
00043061 00000451 684.62 180.77 420.69 605.89 880.76 395.69 1043.06 429.24 983.45 550.31 856.41 615.19 984.74 643.22
00043062 00000452 678.38 175.26 422.18 611.66 878.58 401.30 1037.47 427.25 984.06 545.00 854.50 616.39 992.05 638.69
00043063 00000453 677.38 173.13 422.49 604.83 875.62 399.33 1038.70 424.24 983.84 541.54 855.01 612.40 993.74 633.95
00043064 00000454 675.77 170.70 423.28 610.17 873.81 396.41 1037.91 422.17 982.89 540.26 851.69 611.92 993.67 634.30
00043065 00000455 680.48 178.12 421.01 609.91 874.02 388.30 1040.88 424.05 980.04 542.97 848.29 611.52 981.08 641.39
00043066 00000456 674.60 168.42 423.96 615.19 874.07 396.00 1035.54 423.60 978.55 542.24 847.32 611.81 987.73 635.83
00043067 00000457 673.90 167.99 424.74 615.38 874.47 395.52 1035.30 422.95 978.02 541.41 849.30 612.48 986.80 636.24
00043068 00000458 674.17 166.69 424.00 621.21 875.36 394.92 1033.84 423.47 977.10 539.05 848.63 614.16 983.07 638.75
00043069 00000459 678.94 176.00 419.96 611.02 875.30 388.95 1039.41 424.99 978.30 541.70 852.21 613.61 975.29 643.54
00043070 00000460 673.69 173.12 420.60 606.11 877.07 402.41 1034.30 427.52 978.28 541.92 853.37 613.65 982.61 635.64
00043071 00000461 675.25 177.36 418.18 595.22 874.34 410.12 1035.29 430.46 980.71 543.47 855.36 611.88 991.47 629.75
00043072 00000462 674.70 178.06 421.14 596.65 876.50 405.27 1037.58 428.98 980.47 544.59 852.34 610.30 988.70 631.28
00043073 00000463 672.40 170.06 423.67 606.88 876.15 403.16 1034.82 427.92 981.50 543.25 856.26 615.31 987.62 636.76
00043074 00000464 672.45 167.20 425.77 608.95 875.16 400.38 1035.75 426.11 980.55 542.95 854.33 614.62 987.14 636.94
00043075 00000465 673.17 167.89 426.75 620.07 875.27 398.36 1036.19 427.71 980.28 545.10 844.94 613.89 987.06 639.66
00043076 00000466 673.51 168.05 426.62 625.98 879.21 399.30 1035.06 429.60 980.90 543.28 850.25 617.53 985.30 643.59
00043077 00000467 673.53 170.51 426.74 620.45 879.40 402.38 1035.61 430.55 981.73 546.45 854.41 619.27 987.22 643.35
00043078 00000468 673.11 171.64 426.23 617.53 877.39 403.77 1035.61 430.36 981.51 547.74 854.24 619.79 989.06 642.59
00043079 00000469 672.82 169.84 427.50 621.69 875.20 403.21 1034.69 430.24 978.84 549.14 850.63 620.40 987.26 643.61
00043080 00000470 672.02 168.62 427.98 622.57 871.83 402.57 1034.59 429.37 976.18 549.55 846.59 620.03 986.70 643.35
00043081 00000471 671.76 165.80 427.76 625.21 871.30 401.52 1033.21 428.64 974.76 549.75 845.13 619.67 985.17 643.22
00043082 00000472 671.80 166.97 427.58 628.53 872.33 401.35 1031.14 429.34 973.68 549.64 845.31 621.34 982.62 645.55
00043083 00000473 671.63 167.28 427.28 630.13 872.10 402.42 1030.84 429.78 975.15 550.73 845.57 623.23 983.38 647.00
00043084 00000474 670.68 170.74 429.13 619.41 870.13 402.50 1032.00 428.97 974.01 551.44 842.97 620.29 983.11 643.63
00043085 00000475 670.32 171.61 430.29 620.53 871.75 402.64 1033.51 429.56 975.39 553.39 843.20 620.38 984.30 644.13
00043086 00000476 670.17 172.29 430.00 627.88 873.07 402.99 1033.24 430.91 976.49 554.10 843.93 623.11 984.93 647.56
00043087 00000477 673.80 182.10 428.93 615.45 873.99 398.01 1038.64 434.56 977.33 554.96 841.88 617.42 978.59 648.13
00043088 00000478 673.78 183.78 428.59 611.23 873.28 398.86 1039.42 434.23 977.54 555.99 842.49 617.40 979.79 647.15
00043089 00000479 674.92 185.21 425.92 605.67 871.79 401.20 1040.73 435.01 977.58 558.07 846.21 619.51 981.02 647.86
00043090 00000480 675.55 186.43 425.10 605.11 871.41 402.70 1040.90 436.36 977.34 559.86 846.59 620.83 981.38 648.97
00043091 00000481 675.87 188.44 425.81 603.36 871.30 403.45 1040.68 437.11 976.49 560.40 846.55 620.42 981.43 648.56
00043092 00000482 676.63 192.10 425.63 599.89 871.05 404.95 1041.90 437.32 977.31 562.37 846.53 622.35 982.59 649.45
00043093 00000483 677.22 192.27 425.66 599.60 872.03 405.54 1042.95 438.43 978.59 562.42 847.09 622.64 984.06 650.25
00043094 00000484 676.75 193.55 426.15 598.98 872.92 405.28 1044.02 438.55 979.88 561.87 848.47 623.33 985.58 651.18
00043095 00000485 677.55 189.63 427.14 603.35 875.41 406.13 1044.85 439.47 982.38 560.02 850.28 622.49 988.37 650.41
00043096 00000486 677.67 191.98 427.55 601.27 876.01 406.01 1045.79 438.67 983.58 560.43 852.51 624.80 988.49 652.01
00043097 00000487 678.92 186.78 427.79 608.54 877.63 405.64 1046.51 439.12 985.02 559.78 853.42 624.62 989.74 652.43
00043098 00000488 678.93 183.50 428.70 611.89 879.31 404.73 1047.22 438.65 987.44 557.03 855.11 623.91 992.02 652.08
00043099 00000489 680.45 178.44 428.78 616.86 880.92 402.90 1048.29 436.65 989.75 554.40 858.14 622.11 994.47 650.02
00043100 00000490 680.67 176.76 426.84 618.35 884.10 399.02 1048.47 435.77 992.45 550.13 859.88 618.11 993.03 648.50
00043101 00000491 679.53 175.96 429.47 618.02 883.74 394.15 1050.12 429.99 993.90 547.38 860.21 614.70 995.79 644.42
00043102 00000492 678.15 176.30 431.48 617.74 882.80 392.93 1050.97 426.71 994.94 546.62 859.39 613.47 998.21 641.58
00043103 00000493 677.72 178.49 431.37 616.48 883.29 393.92 1051.41 427.11 996.48 546.81 856.73 613.27 998.07 641.18
00043104 00000494 678.12 186.23 431.09 610.17 883.93 396.14 1050.32 427.56 996.74 547.07 857.20 614.51 999.34 641.09
00043105 00000495 678.66 189.55 431.61 610.40 886.85 400.23 1051.07 430.83 999.16 552.10 857.23 616.98 999.40 643.01
00043106 00000496 678.71 196.35 432.13 605.77 891.07 408.15 1050.70 437.64 1001.17 557.26 859.53 619.43 999.40 644.60
00043107 00000497 679.02 183.51 435.85 618.76 889.47 415.15 1057.09 447.67 1002.48 553.74 860.31 624.66 996.23 654.56
00043108 00000498 686.28 190.50 428.61 607.34 903.61 413.20 1060.95 444.25 1013.70 557.25 876.54 629.78 1003.10 655.97
00043109 00000499 687.48 185.40 431.82 617.03 905.81 406.28 1062.96 440.59 1011.04 555.87 880.63 630.92 1002.20 659.33
00043110 00000500 688.32 178.09 433.17 629.86 905.17 400.84 1063.56 438.15 1011.20 551.20 883.64 635.87 999.53 666.41
00043111 00000501 687.37 178.19 432.58 626.88 904.32 398.66 1063.70 437.11 1011.11 550.92 882.92 633.48 999.28 664.90
00043112 00000502 681.52 170.94 443.58 633.01 899.55 397.08 1063.67 436.78 1008.22 551.10 865.91 624.42 997.98 659.68
00043113 00000503 679.87 175.26 444.29 633.63 898.50 397.45 1062.70 439.11 1008.16 552.93 860.99 624.95 996.50 662.10
00043114 00000504 681.21 182.56 441.70 635.48 897.65 400.47 1060.75 438.45 1010.26 557.31 850.77 628.11 991.66 663.35
00043115 00000505 674.55 186.45 445.37 621.92 887.02 407.77 1058.20 440.47 1001.85 561.73 847.98 625.62 995.40 656.32
00043116 00000506 671.17 195.20 444.67 608.30 880.02 412.26 1054.24 440.23 996.27 566.07 844.09 623.62 995.21 650.97
00043117 00000507 670.90 196.60 440.18 606.95 876.20 412.62 1051.03 440.14 992.40 566.31 839.52 621.90 993.95 648.99
00043118 00000508 667.56 196.44 440.05 602.66 871.75 413.07 1046.97 439.02 987.95 563.86 835.57 620.11 991.92 645.86
00043119 00000509 667.00 199.02 434.76 601.63 874.92 409.16 1042.16 436.18 986.73 564.89 837.69 618.52 991.41 642.33
00043120 00000510 665.84 197.66 434.60 612.47 874.67 407.36 1039.05 436.14 985.64 563.49 834.80 619.29 988.23 644.49
00043121 00000511 666.31 190.65 435.61 626.43 872.26 404.90 1038.28 435.63 982.09 561.66 837.10 624.40 986.69 650.30
00043122 00000512 666.70 189.60 436.60 623.45 872.87 405.81 1041.08 434.31 983.85 561.39 842.09 621.60 993.41 645.42
00043123 00000513 666.49 189.61 438.94 613.03 872.57 405.87 1044.60 432.53 985.86 560.49 846.84 620.69 996.37 642.94
00043124 00000514 668.55 189.16 439.74 615.22 875.68 403.85 1047.52 432.75 989.22 559.54 846.81 619.71 997.79 644.11
00043125 00000515 671.07 191.43 439.66 613.96 880.12 404.44 1047.49 433.70 992.26 560.50 844.91 618.17 996.27 643.38
00043126 00000516 669.18 187.09 446.97 621.23 877.88 406.64 1050.49 436.22 992.03 557.59 836.94 619.22 993.55 647.41
00043127 00000517 669.83 186.68 446.42 626.64 879.46 405.80 1050.45 435.89 994.06 558.12 838.73 620.58 995.04 649.10
00043128 00000518 669.72 187.42 446.64 628.85 879.64 406.19 1050.93 436.07 995.35 558.56 837.89 622.09 995.31 650.50
00043129 00000519 670.12 187.03 446.33 626.46 879.95 405.90 1050.77 435.71 995.30 558.25 838.23 620.64 995.07 649.09
00043130 00000520 670.53 184.18 445.99 626.70 880.34 404.96 1050.94 433.60 996.15 557.84 839.66 619.06 996.37 646.47
00043131 00000521 671.59 182.80 444.19 624.11 880.94 404.80 1051.60 431.92 998.44 555.43 841.02 617.76 997.53 644.04
00043132 00000522 671.78 181.34 444.21 624.25 882.54 403.07 1052.90 429.76 1001.02 554.01 842.92 617.48 998.48 643.47
00043133 00000523 672.17 180.42 444.45 625.35 884.48 402.33 1053.87 429.87 1002.65 553.28 846.25 618.02 999.24 644.66
00043134 00000524 672.85 179.39 444.44 626.35 885.02 402.68 1053.92 430.62 1002.84 552.66 847.33 617.44 999.95 644.24
00043135 00000525 672.35 182.96 445.01 623.11 885.32 404.10 1053.63 432.60 1002.81 553.86 847.54 617.42 999.46 644.72
00043136 00000526 673.57 182.87 444.67 620.59 883.63 405.56 1054.11 433.62 1000.72 553.43 846.07 616.29 999.58 643.16
00043137 00000527 673.38 182.05 445.04 618.73 882.68 406.22 1055.57 434.93 999.62 554.02 845.70 616.89 999.44 644.25
00043138 00000528 672.12 184.47 446.30 616.04 881.17 406.30 1056.09 437.01 997.75 555.02 843.47 616.71 997.59 645.67
00043139 00000529 673.18 183.77 446.63 619.96 881.23 405.86 1055.51 438.22 995.77 556.64 839.72 616.75 994.79 647.18
00043140 00000530 673.61 184.94 445.71 619.17 881.73 405.42 1055.26 436.41 996.65 557.39 839.58 616.85 994.95 646.40
00043141 00000531 671.38 186.07 445.87 614.99 880.06 405.97 1054.91 437.30 995.71 556.77 840.27 617.36 995.14 647.04
00043142 00000532 670.65 187.18 445.86 614.59 877.59 406.75 1053.97 438.40 993.55 557.73 837.23 617.76 994.13 647.70
00043143 00000533 670.82 190.48 444.19 614.33 876.77 407.66 1052.10 437.63 992.83 560.88 834.46 619.01 993.08 647.95
00043144 00000534 670.55 190.00 443.91 613.55 875.40 407.34 1051.20 436.97 991.53 559.27 833.44 617.85 993.30 646.43
00043145 00000535 672.12 191.32 442.70 607.90 875.91 409.57 1051.14 438.54 991.06 557.48 834.85 616.13 992.91 644.09
00043146 00000536 671.57 189.24 440.03 608.07 874.00 416.01 1052.87 444.89 992.25 556.33 834.70 617.95 995.66 645.33
00043147 00000537 672.46 186.69 440.21 610.46 873.24 416.37 1053.94 447.82 989.65 557.08 833.44 618.95 994.84 648.11
00043148 00000538 672.11 187.70 441.23 612.62 874.33 413.52 1051.86 445.82 988.40 559.31 837.35 621.77 991.53 651.84
00043149 00000539 671.97 185.27 439.36 616.88 875.09 409.26 1052.03 447.61 983.79 558.54 839.45 623.60 989.76 657.99
00043150 00000540 670.29 186.33 442.46 616.45 874.85 408.19 1052.38 444.07 985.60 559.20 837.79 623.14 990.96 655.88
00043151 00000541 669.38 183.44 444.20 624.70 875.09 406.51 1054.64 441.22 989.44 558.11 835.52 625.11 993.15 657.04
00043152 00000542 670.71 183.57 441.22 631.81 879.81 404.65 1049.13 439.48 990.80 556.07 833.70 623.53 986.65 656.05
00043153 00000543 671.57 183.00 440.09 636.82 880.70 404.39 1049.33 438.36 992.88 557.15 834.32 624.61 988.82 656.46
00043154 00000544 669.94 180.08 441.24 631.72 879.79 405.22 1050.14 437.61 993.61 557.89 834.46 622.62 989.21 653.18
00043155 00000545 667.90 185.99 444.06 623.40 879.52 407.37 1051.09 439.38 994.74 559.01 835.89 621.50 990.75 651.76
00043156 00000546 666.65 186.62 443.65 623.46 879.88 408.96 1051.96 440.26 997.38 560.48 837.78 623.18 992.27 652.86
00043157 00000547 667.48 186.09 442.85 624.27 880.02 409.69 1052.83 441.22 997.02 561.68 838.36 624.22 992.85 654.00
00043158 00000548 667.93 185.46 443.04 627.58 880.45 410.07 1053.23 442.16 997.34 562.24 838.21 625.24 992.86 655.48
00043159 00000549 668.22 185.37 443.12 631.71 881.21 409.65 1052.67 440.91 998.80 562.31 838.97 627.08 993.55 656.60
00043160 00000550 667.70 187.28 444.08 630.12 882.06 408.84 1052.37 439.64 1000.51 561.56 839.49 626.32 994.52 655.53
00043161 00000551 666.73 186.98 443.70 625.89 881.64 409.31 1051.63 438.09 1001.32 560.50 840.52 624.31 994.53 652.00
00043162 00000552 667.05 183.68 444.96 623.35 879.94 408.88 1052.51 439.49 997.77 558.49 840.74 622.08 993.94 650.94
00043163 00000553 667.24 182.92 442.33 621.48 877.18 409.86 1051.53 441.40 993.96 559.61 840.28 621.06 994.43 650.46
00043164 00000554 669.25 189.27 436.24 613.56 883.44 410.96 1049.28 441.57 996.27 567.60 847.87 624.13 993.51 650.68
00043165 00000555 665.39 185.73 443.14 618.65 874.92 410.80 1051.43 443.13 990.42 561.04 840.57 624.20 992.54 654.05
00043166 00000556 668.01 191.40 436.27 615.15 882.73 411.10 1047.12 443.28 993.19 568.33 847.18 625.81 989.87 653.41
00043167 00000557 667.91 191.80 435.27 611.59 881.80 411.04 1047.10 442.95 992.62 567.85 847.17 626.28 989.32 653.64
00043168 00000558 664.69 190.23 441.49 614.46 873.61 412.47 1049.27 444.02 988.99 562.72 840.88 626.00 990.97 655.38
00043169 00000559 667.93 194.77 439.23 615.08 875.37 418.69 1051.11 449.75 992.04 562.79 837.09 625.83 991.76 654.94
00043170 00000560 669.35 196.42 438.21 615.11 876.11 419.78 1051.76 452.45 992.01 564.39 837.18 625.96 992.16 656.36
00043171 00000561 671.79 196.86 433.11 607.70 874.91 419.56 1052.24 451.33 990.59 568.12 837.78 625.62 992.32 655.51
00043172 00000562 670.35 195.12 434.56 607.81 875.51 418.76 1052.66 448.46 992.00 569.05 838.96 626.89 991.49 655.42
00043173 00000563 668.52 192.66 437.65 610.45 876.41 415.89 1052.26 443.84 994.98 567.25 840.98 626.46 992.61 653.68
00043174 00000564 667.78 186.59 439.78 616.24 878.89 411.62 1051.32 441.34 996.21 562.11 843.18 624.23 992.82 652.42
00043175 00000565 667.64 186.59 441.76 615.60 882.31 410.43 1051.22 438.93 998.08 560.91 845.60 624.02 991.74 651.26
00043176 00000566 667.32 183.16 444.07 620.86 883.07 409.40 1052.20 439.13 998.98 558.61 846.52 624.73 992.38 652.73
00043177 00000567 667.35 184.65 443.63 619.81 883.79 409.25 1051.99 440.81 999.36 558.29 848.21 623.89 993.17 653.24
00043178 00000568 667.58 185.47 445.04 620.86 883.67 410.40 1053.23 442.93 1000.23 559.90 848.38 624.25 994.49 654.36
00043179 00000569 672.48 193.42 443.33 620.86 885.82 413.68 1055.48 446.89 1000.18 566.61 847.51 627.71 993.14 658.80
00043180 00000570 677.74 196.00 441.49 626.71 890.58 414.17 1057.28 448.69 1003.48 569.08 847.94 629.13 994.12 661.46
00043181 00000571 678.20 196.01 441.95 626.29 893.33 412.59 1058.09 447.18 1006.39 567.99 848.58 627.07 994.42 659.59
00043182 00000572 678.30 190.21 441.51 628.37 895.04 410.65 1059.18 445.29 1009.71 563.90 849.86 623.56 995.73 656.03
00043183 00000573 676.66 184.57 442.68 631.64 897.73 407.02 1059.12 441.93 1013.82 558.47 851.71 620.80 995.70 653.53
00043184 00000574 676.58 188.04 443.01 626.47 898.37 407.59 1060.35 440.96 1013.90 559.73 853.38 621.91 995.73 653.44
00043185 00000575 676.87 187.24 443.68 620.74 896.53 409.49 1061.57 444.11 1009.31 559.71 861.10 623.76 998.54 655.70
00043186 00000576 679.74 188.04 444.50 621.75 893.94 411.64 1063.00 447.55 1004.13 562.19 861.56 626.88 999.99 659.60
00043187 00000577 679.66 188.85 445.50 620.58 893.03 411.59 1063.29 448.23 1002.44 562.35 860.96 628.07 999.46 661.31
00043188 00000578 679.69 191.26 446.64 625.65 892.78 409.24 1063.07 449.72 1001.90 563.10 858.52 630.34 997.57 666.71
00043189 00000579 677.09 190.39 448.71 621.39 890.88 409.10 1061.48 448.11 1000.21 563.19 854.24 627.52 995.10 662.94
00043190 00000580 675.55 191.21 449.11 614.88 889.42 409.93 1059.31 447.65 997.93 563.67 854.65 626.90 993.14 661.21
00043191 00000581 675.63 189.89 449.13 615.09 887.32 409.93 1059.07 447.87 995.33 563.30 855.10 627.36 993.63 661.65
00043192 00000582 675.37 190.72 448.84 620.61 888.13 410.66 1059.16 448.87 995.67 565.18 855.41 631.49 993.06 665.98
00043193 00000583 674.58 191.52 451.02 634.61 888.71 409.71 1058.63 452.31 995.73 565.52 854.34 637.62 992.41 675.19
00043194 00000584 676.44 193.64 448.01 618.09 885.15 417.32 1057.48 453.87 992.62 566.81 855.14 635.43 992.27 668.52
00043195 00000585 678.71 190.75 442.58 613.75 885.65 429.37 1058.12 459.65 995.88 567.85 854.49 635.55 990.82 664.08
00043196 00000586 676.47 193.99 443.06 613.39 885.48 428.19 1058.09 462.38 994.75 567.87 851.01 636.63 988.11 668.25
00043197 00000587 674.48 191.06 445.25 613.62 885.52 420.50 1058.09 457.19 993.27 565.64 851.64 635.57 986.69 668.87
00043198 00000588 672.67 185.07 447.44 619.12 884.66 414.21 1058.08 450.70 993.75 564.49 850.43 634.40 986.70 667.59
00043199 00000589 670.79 179.66 448.98 625.89 886.36 410.43 1057.77 449.06 994.97 562.35 852.42 632.46 987.57 667.15
00043200 00000590 672.13 181.32 448.21 628.15 888.35 409.19 1058.17 449.23 995.36 561.74 854.88 633.03 987.97 668.74
00043201 00000591 674.88 181.42 446.43 637.71 891.05 408.67 1058.76 450.50 997.38 562.81 855.68 635.95 988.73 673.23
00043202 00000592 675.27 188.39 447.57 627.03 888.32 413.32 1059.25 452.34 993.88 566.79 854.78 638.04 988.49 673.09
00043203 00000593 679.16 192.06 444.55 616.94 888.07 423.83 1060.09 455.66 993.26 575.52 854.24 639.86 988.22 669.72
00043204 00000594 681.59 197.66 441.87 617.78 890.04 429.39 1061.09 460.82 994.66 583.93 853.47 644.35 987.74 674.36
00043205 00000595 681.14 199.74 443.76 632.93 892.46 427.66 1063.68 462.83 999.75 587.89 848.97 651.18 986.27 684.54
00043206 00000596 681.56 198.23 445.45 628.89 891.04 427.89 1064.84 462.11 996.07 587.02 852.42 649.74 989.22 681.88
00043207 00000597 681.54 199.79 445.60 626.62 889.46 426.29 1063.10 461.32 994.44 585.11 850.39 646.16 989.47 679.01
00043208 00000598 679.18 197.78 447.46 634.51 889.02 423.62 1061.72 460.34 997.48 582.09 847.32 645.21 989.74 679.27
00043209 00000599 678.03 197.07 448.42 637.03 889.16 418.98 1061.46 457.39 997.64 576.54 849.16 643.72 991.87 678.74
00043210 00000600 678.00 194.37 447.55 634.10 888.73 417.49 1060.59 454.56 997.37 573.80 851.34 639.88 993.66 673.64
00043211 00000601 678.20 196.48 447.18 616.55 885.75 419.70 1061.49 453.23 995.42 573.68 850.45 634.92 993.12 666.43
00043212 00000602 677.93 198.55 448.25 618.28 885.80 421.87 1061.28 454.01 995.48 576.12 848.88 635.97 992.72 666.52
00043213 00000603 677.88 199.43 449.23 626.39 888.36 420.67 1061.46 455.64 997.83 576.72 850.40 640.04 993.51 672.48
00043214 00000604 678.88 198.74 448.19 619.64 888.10 421.15 1061.47 455.18 995.27 573.78 855.17 638.06 994.21 669.71
00043215 00000605 680.22 195.26 446.84 623.22 888.92 417.93 1062.21 454.27 995.51 570.68 856.17 637.18 995.23 670.48
00043216 00000606 678.47 194.71 448.14 628.89 890.25 413.98 1063.01 455.15 996.78 569.14 853.24 639.04 992.74 676.15
00043217 00000607 679.78 196.13 448.52 623.41 890.59 410.88 1063.61 452.83 995.80 566.09 854.63 637.06 993.32 674.62
00043218 00000608 683.39 196.70 447.12 609.78 890.87 409.81 1066.83 451.20 997.19 563.15 855.40 630.53 996.85 667.67
00043219 00000609 687.81 197.94 446.72 613.34 896.25 410.88 1068.76 451.03 1000.19 565.12 857.77 630.41 998.27 666.79
00043220 00000610 691.92 194.62 446.47 630.52 905.86 409.88 1071.44 454.80 1007.34 567.03 860.23 631.39 998.47 671.92
00043221 00000611 693.14 191.23 449.30 631.57 905.70 411.93 1075.54 452.07 1009.52 568.13 866.35 631.52 1006.63 667.68
00043222 00000612 699.03 191.67 446.91 623.03 909.48 410.30 1080.14 452.80 1011.75 566.73 869.55 628.97 1008.96 667.06
00043223 00000613 702.28 192.42 449.13 629.85 915.93 409.51 1082.64 455.39 1017.60 566.53 868.73 628.78 1007.14 670.07
00043224 00000614 709.26 193.23 445.74 631.07 922.71 408.37 1084.47 456.75 1021.34 565.39 872.80 627.69 1009.24 670.92
00043225 00000615 718.30 192.02 442.80 625.62 931.27 410.40 1092.57 457.07 1029.24 568.42 883.83 628.67 1017.81 670.38
00043226 00000616 731.53 195.57 439.98 618.91 941.17 416.64 1103.24 461.31 1036.06 576.60 894.61 630.12 1029.67 670.38
00043227 00000617 740.46 199.76 445.97 615.09 945.30 420.19 1119.13 467.00 1044.07 576.07 900.00 632.13 1045.76 673.64
00043228 00000618 746.90 205.20 449.61 614.12 950.93 421.94 1126.52 468.55 1050.84 578.18 905.91 633.90 1053.42 675.53
00043229 00000619 755.39 206.11 449.33 620.79 959.60 423.31 1133.49 471.57 1057.77 581.58 911.91 635.55 1057.93 678.92
00043230 00000620 764.37 201.66 448.48 630.42 971.06 425.07 1139.69 477.32 1066.16 582.68 919.31 635.90 1060.55 682.54
00043231 00000621 771.88 211.26 450.28 620.26 982.38 423.53 1146.68 480.59 1074.29 584.17 928.70 635.56 1065.04 685.99
00043232 00000622 778.60 214.76 451.85 619.88 992.59 422.69 1153.15 483.31 1080.78 585.11 934.08 634.26 1068.36 687.79
00043233 00000623 782.94 212.55 447.32 623.16 994.85 423.18 1155.26 482.74 1084.83 581.92 937.65 633.73 1072.46 686.52
00043234 00000624 787.41 210.96 446.41 621.45 1000.82 422.79 1160.30 480.98 1091.10 579.59 945.33 633.12 1077.01 684.95
00043235 00000625 787.39 208.13 447.12 622.77 1002.82 422.63 1163.22 479.48 1095.08 579.37 947.85 634.04 1079.87 684.57
00043236 00000626 787.48 207.76 448.79 623.52 1004.33 423.05 1165.03 478.84 1096.63 580.06 949.66 635.38 1080.70 685.00
00043237 00000627 786.36 206.11 449.19 624.63 1004.76 423.33 1164.96 477.54 1097.46 579.38 951.34 635.55 1080.51 683.77
00043238 00000628 784.68 208.13 449.69 623.58 1003.08 424.56 1162.77 476.12 1096.36 579.04 952.00 637.50 1080.92 683.56
00043239 00000629 782.06 204.82 449.95 627.00 998.88 424.58 1160.45 473.88 1093.80 577.69 949.88 638.04 1080.45 682.09
00043240 00000630 778.26 203.05 450.29 627.78 996.23 424.52 1159.10 469.99 1094.02 576.65 948.51 639.23 1080.15 680.31
00043241 00000631 776.00 199.00 450.17 631.57 993.54 424.78 1157.64 468.93 1094.08 574.67 947.71 639.11 1081.75 678.99
00043242 00000632 777.04 202.79 446.21 628.76 994.29 424.44 1158.45 468.20 1094.72 574.94 948.93 639.85 1081.99 679.44
00043243 00000633 777.29 203.26 444.41 628.07 993.90 425.52 1158.94 467.86 1096.36 575.73 949.51 641.58 1083.47 679.93
00043244 00000634 778.21 205.28 445.87 628.49 996.45 430.74 1161.22 469.22 1099.71 580.52 954.15 646.93 1086.09 682.41
00043245 00000635 782.23 211.91 440.42 620.06 1011.76 437.21 1159.44 469.32 1112.09 592.01 962.66 653.89 1088.43 681.89
00043246 00000636 786.11 215.14 436.43 618.54 1017.71 444.19 1162.46 471.43 1116.72 600.76 968.61 656.61 1092.94 680.82
00043247 00000637 789.95 218.05 432.91 618.65 1023.60 451.47 1167.03 475.46 1122.18 606.27 974.41 662.75 1095.25 684.68
00043248 00000638 791.32 215.77 429.26 623.71 1032.22 462.57 1165.32 484.03 1130.90 610.92 980.65 666.48 1093.35 687.07
00043249 00000639 789.97 219.53 429.55 623.27 1034.50 470.70 1169.28 486.95 1138.70 614.65 988.60 676.32 1095.86 692.89
00043250 00000640 788.63 228.16 428.60 614.80 1030.24 473.93 1165.54 486.60 1135.59 616.99 986.37 679.08 1094.15 693.18
00043251 00000641 782.83 221.07 429.49 616.25 1022.11 471.58 1161.29 483.01 1130.22 612.35 981.72 675.47 1094.53 688.30
00043252 DELETE   778.64 220.51 419.47 612.20 1004.97 470.66 1154.81 477.58 1120.36 604.83 967.42 670.53 1095.20 679.33
00043253 00000643 779.62 210.67 410.50 608.03 995.70 447.23 1153.36 466.27 1113.88 588.89 966.29 653.54 1101.99 671.55
00043254 DELETE   765.78 192.28 416.11 610.24 984.24 430.15 1145.65 454.71 1104.89 567.74 961.31 635.17 1100.11 656.36
00043255 DELETE   755.81 181.10 417.25 609.11 975.10 416.44 1136.70 442.71 1098.73 550.77 957.83 622.39 1096.16 645.01
00043256 00000646 750.78 174.13 420.86 611.49 970.64 406.31 1130.42 434.62 1092.42 539.09 956.21 612.69 1092.78 636.48
00043257 DELETE   745.48 161.32 419.82 621.66 965.51 406.58 1121.47 424.77 1087.39 534.73 950.74 611.76 1086.51 626.91
00043258 00000648 743.05 161.69 422.89 624.45 962.45 406.35 1119.51 426.26 1082.91 535.37 948.29 612.84 1084.18 629.14
00043259 00000649 741.69 165.91 422.16 621.46 962.26 412.14 1116.12 430.58 1079.50 544.59 946.65 620.06 1076.36 635.82
00043260 00000650 737.65 182.68 432.76 612.14 953.38 415.26 1125.21 448.76 1073.07 555.63 930.34 621.99 1072.44 651.86
00043261 00000651 738.26 184.37 433.04 620.61 951.85 419.82 1124.48 455.19 1069.94 562.74 926.05 627.75 1068.64 659.51
00043262 00000652 735.43 183.16 434.40 619.72 949.38 417.00 1123.12 453.41 1067.72 560.74 923.59 626.01 1067.09 658.39
00043263 00000653 734.28 175.88 424.64 619.19 952.18 416.30 1109.14 439.70 1064.28 557.76 931.30 625.62 1061.63 646.25
00043264 00000654 729.92 166.98 423.97 622.99 947.19 408.94 1102.29 436.42 1058.71 548.15 927.31 618.89 1058.58 642.63
00043265 00000655 725.33 164.13 424.79 622.91 943.33 405.57 1100.17 432.18 1056.14 546.14 923.96 616.93 1055.80 640.04
00043266 00000656 720.35 172.58 425.97 620.93 938.97 407.00 1093.52 432.92 1049.95 548.35 918.86 620.88 1047.71 643.69
00043267 00000657 718.62 179.84 430.77 620.18 934.28 412.95 1092.10 437.78 1043.52 556.85 911.79 626.80 1041.74 649.42
00043268 00000658 711.07 184.92 437.45 623.76 927.94 414.02 1089.84 438.21 1041.22 558.03 902.52 631.34 1037.58 653.92
00043269 00000659 705.39 179.17 439.62 633.62 921.74 411.08 1085.76 438.74 1034.00 556.84 895.12 630.95 1031.47 656.25
00043270 00000660 708.28 185.73 428.68 620.15 913.12 406.27 1081.45 434.68 1029.15 550.05 886.71 625.47 1037.37 649.71
00043271 00000661 699.49 180.47 429.25 626.61 906.54 400.00 1073.13 433.52 1020.88 539.48 881.84 617.32 1031.87 645.12
00043272 00000662 686.54 162.63 441.01 649.08 901.79 397.59 1065.60 434.48 1018.02 540.34 867.71 612.33 1015.11 644.69
00043273 00000663 682.95 169.97 438.58 648.76 897.66 396.85 1058.96 432.87 1015.39 544.68 857.58 614.73 1006.71 647.20
00043274 00000664 671.42 181.40 446.85 627.98 884.57 404.04 1055.69 433.08 1007.20 553.11 847.25 618.02 1003.31 645.52
00043275 00000665 668.64 182.58 446.91 621.09 879.11 408.82 1053.29 441.49 997.92 555.62 845.90 618.93 999.23 648.99
00043276 00000666 669.34 182.11 445.82 623.49 879.81 408.71 1052.61 442.11 997.62 556.18 846.25 620.39 998.32 650.98
00043277 00000667 668.54 176.49 446.30 629.50 880.84 405.90 1051.97 440.75 999.39 554.03 845.48 618.19 998.27 649.79
00043278 00000668 669.69 176.06 444.03 628.84 883.75 402.78 1052.92 436.75 1003.73 552.31 847.33 617.44 999.02 648.61
00043279 00000669 671.23 172.93 442.09 634.82 889.03 399.94 1053.43 436.43 1007.59 550.07 849.95 618.78 996.21 652.05
00043280 00000670 672.79 166.17 442.39 636.14 890.05 398.67 1057.09 434.40 1009.30 544.66 859.15 618.43 1003.71 650.29
00043281 00000671 678.30 157.88 437.64 634.29 895.65 396.00 1061.46 429.61 1014.34 538.17 872.44 611.36 1015.62 640.59
00043282 00000672 682.02 152.58 435.29 640.74 899.60 392.68 1064.17 429.20 1017.82 535.37 876.06 610.78 1017.87 642.08
00043283 00000673 684.98 152.73 434.03 644.88 903.55 391.59 1065.23 430.48 1018.89 536.15 877.32 611.29 1015.66 644.75
00043284 00000674 687.00 152.55 435.78 645.94 906.54 393.56 1066.37 429.72 1022.22 537.88 878.31 611.54 1016.56 643.11
00043285 00000675 689.16 155.35 437.54 642.32 905.96 399.10 1069.63 431.35 1022.51 541.78 877.01 613.63 1020.02 642.25
00043286 00000676 687.13 170.49 442.57 627.86 902.79 404.00 1070.37 435.81 1017.70 546.47 876.53 616.86 1018.98 645.39
00043287 00000677 691.72 186.00 434.62 615.38 904.95 407.40 1072.84 436.70 1023.01 554.62 880.69 625.69 1025.87 650.53
00043288 00000678 691.92 187.02 436.28 628.43 903.00 409.20 1071.96 438.72 1020.87 555.16 880.15 632.91 1026.87 657.39
00043289 00000679 696.46 184.18 433.38 623.31 902.64 410.24 1076.07 438.46 1023.36 555.68 884.57 633.71 1031.48 657.00
00043290 00000680 697.18 182.76 433.46 627.00 904.12 409.59 1076.93 437.50 1024.57 554.40 884.56 633.02 1032.57 656.07
00043291 00000681 695.78 183.52 435.61 634.77 903.42 408.66 1077.46 438.78 1024.20 554.44 878.15 632.60 1031.47 657.73
00043292 00000682 694.63 185.70 433.83 637.34 905.39 407.87 1072.42 438.97 1019.93 552.30 877.08 630.47 1026.18 656.50
00043293 00000683 689.42 186.40 435.00 636.62 903.73 407.26 1068.05 439.80 1018.57 552.41 872.15 625.26 1023.33 652.53
00043294 00000684 684.64 184.15 433.57 642.39 900.58 407.83 1061.25 440.93 1016.01 554.17 866.71 626.94 1014.84 654.78
00043295 00000685 679.44 182.46 436.39 640.35 894.44 406.46 1062.08 437.34 1014.85 553.56 870.56 634.66 1014.60 660.02
00043296 00000686 677.96 177.99 435.65 635.12 888.82 406.35 1060.15 435.61 1008.65 556.32 871.66 639.82 1006.58 663.86
00043297 00000687 671.13 177.95 446.42 638.81 882.42 407.89 1058.80 443.06 998.70 555.94 855.57 633.84 1000.44 665.00
00043298 00000688 670.17 184.45 435.05 648.89 882.25 410.94 1051.02 444.74 998.80 562.05 858.87 647.67 995.08 674.55
00043299 00000689 667.27 187.49 434.98 650.18 881.54 413.24 1046.69 450.10 994.33 568.07 842.75 647.15 983.66 677.43
00043300 00000690 665.80 187.15 433.34 652.45 878.13 415.03 1041.20 453.76 988.02 568.74 836.70 647.09 977.03 678.99
00043301 00000691 663.34 189.66 432.09 648.08 875.33 416.85 1038.21 457.08 984.90 572.85 832.74 643.18 977.15 676.48
00043302 00000692 658.84 195.00 434.02 639.30 871.33 420.41 1034.07 460.08 979.88 574.50 828.74 637.80 977.80 670.70
00043303 00000693 653.95 189.01 437.86 641.01 865.65 423.29 1033.42 454.65 979.51 572.22 831.58 638.02 980.36 666.35
00043304 00000694 654.72 186.60 437.28 643.18 865.15 425.91 1033.25 457.05 978.32 575.16 830.66 639.18 979.20 667.36
00043305 00000695 655.31 185.40 437.42 646.00 867.51 430.30 1034.83 459.26 982.29 576.52 829.08 639.67 979.01 666.44
00043306 00000696 659.33 189.69 433.69 642.14 870.07 434.81 1036.38 463.29 984.23 575.72 830.67 638.64 980.95 665.03
00043307 00000697 662.55 188.33 433.59 641.80 874.50 430.72 1038.41 460.93 987.58 577.84 834.07 635.03 984.85 662.72
00043308 00000698 666.69 190.01 438.45 639.27 873.89 424.53 1049.66 463.32 986.41 576.95 830.22 634.16 988.58 669.04
00043309 00000699 672.60 187.14 440.00 646.11 879.26 422.39 1054.65 461.17 992.46 577.42 833.25 635.32 989.94 670.63
00043310 00000700 673.02 191.92 435.54 644.54 891.34 423.71 1052.34 457.20 1003.39 579.52 851.02 642.71 999.70 670.89
00043311 00000701 679.53 191.81 435.45 642.15 896.84 423.31 1058.26 455.76 1008.41 575.34 866.33 641.42 1012.26 668.14
00043312 00000702 684.28 189.93 435.43 631.57 899.92 422.90 1063.62 455.93 1011.97 571.83 872.42 636.82 1016.09 664.10
00043313 00000703 687.66 188.19 441.85 639.89 899.74 421.81 1068.43 456.86 1012.12 569.59 865.44 633.55 1009.19 665.61
00043314 00000704 686.02 192.40 438.43 639.52 907.52 424.56 1065.70 459.59 1017.51 574.04 868.73 636.49 1016.67 666.43
00043315 00000705 686.24 192.42 437.91 642.99 908.84 426.19 1065.67 461.43 1018.56 574.98 868.02 638.38 1016.35 668.71
00043316 00000706 689.57 192.63 439.37 646.67 906.74 421.57 1070.95 460.80 1020.51 575.52 859.14 637.43 1004.44 673.76
00043317 00000707 686.68 194.73 435.45 641.70 910.25 426.66 1064.66 464.22 1018.55 577.51 863.51 636.78 1012.75 669.46
00043318 00000708 688.34 190.13 439.55 648.12 903.65 421.28 1068.56 460.80 1017.09 575.38 857.21 635.46 1003.91 671.75
00043319 00000709 681.78 191.09 437.62 645.63 905.36 425.39 1062.29 462.86 1015.92 570.92 869.68 641.18 1013.86 672.49
00043320 00000710 679.49 188.11 439.33 648.38 903.06 423.42 1063.42 460.57 1014.53 570.20 873.87 647.64 1011.74 677.86
00043321 00000711 677.39 187.87 438.30 650.10 903.96 421.63 1061.25 460.39 1013.12 572.82 871.25 653.63 999.06 685.27
00043322 00000712 674.86 188.36 438.95 650.15 899.30 419.49 1057.91 458.71 1008.22 572.14 866.02 652.41 995.31 684.13
00043323 00000713 671.08 188.94 438.17 650.36 894.67 418.33 1054.15 459.75 1004.59 571.19 850.92 647.33 989.20 681.86
00043324 00000714 669.11 191.36 436.61 644.20 890.86 417.90 1050.50 458.63 1002.41 573.74 842.24 640.82 987.83 675.48
00043325 00000715 664.40 194.67 441.80 636.35 875.54 421.99 1050.42 455.83 992.65 576.63 832.37 636.99 990.37 668.72
00043326 00000716 661.51 197.48 433.80 634.70 874.18 423.58 1036.18 457.11 986.48 580.07 828.19 634.91 983.93 663.83
00043327 00000717 650.49 194.84 437.73 638.99 863.00 427.20 1030.23 454.75 981.05 574.02 825.72 637.00 979.43 662.91
00043328 00000718 642.33 199.84 437.55 631.20 851.49 429.92 1020.92 453.41 972.49 569.25 815.15 635.19 972.11 658.17
00043329 00000719 634.25 201.44 440.56 631.03 839.90 429.31 1014.40 453.52 962.07 568.97 804.36 635.28 965.59 659.15
00043330 00000720 627.53 198.45 441.95 633.11 831.02 424.19 1008.65 448.68 953.22 567.32 794.86 635.49 957.66 659.73
00043331 00000721 627.79 198.30 433.42 631.60 827.37 423.27 1001.11 446.63 946.81 567.22 794.30 634.78 962.64 655.31
00043332 00000722 625.50 194.35 434.18 629.48 826.93 424.06 1001.74 446.48 949.07 565.92 800.32 633.19 965.77 652.31
00043333 00000723 626.64 192.20 432.45 621.13 825.95 423.96 1002.60 444.58 950.39 565.58 803.62 633.11 966.26 650.74
00043334 00000724 625.93 188.59 432.84 627.30 829.20 423.72 1004.42 444.78 951.96 564.59 810.37 639.48 964.54 657.15
00043335 00000725 624.79 189.51 432.62 624.79 831.54 422.62 1003.80 446.32 950.97 564.25 812.30 641.58 959.11 661.41
00043336 00000726 624.03 183.85 433.75 635.04 831.53 419.19 1003.68 443.42 950.06 563.36 812.38 642.69 958.72 662.76
00043337 00000727 624.89 186.98 435.07 638.47 832.23 418.56 1003.50 445.10 947.17 566.26 811.47 644.78 957.80 666.61
00043338 00000728 624.52 188.65 436.57 639.50 828.98 420.05 1003.04 445.75 946.50 566.04 809.81 645.66 961.75 666.55
00043339 00000729 626.29 189.56 436.21 633.26 830.02 417.75 1004.74 444.02 947.78 566.21 810.80 641.71 961.84 663.08
00043340 00000730 626.42 188.19 437.71 632.56 829.92 417.07 1007.05 444.45 949.01 566.85 807.93 640.52 963.19 663.16
00043341 00000731 626.16 191.88 437.30 636.37 832.50 417.50 1004.86 447.55 947.59 566.51 804.97 639.33 960.43 664.34
00043342 00000732 626.42 197.03 437.97 630.10 834.62 420.07 1004.16 452.11 946.71 571.61 801.51 635.92 958.07 663.15
00043343 00000733 626.33 194.80 444.03 638.12 833.08 423.59 1004.91 452.92 945.74 574.79 799.17 640.98 947.10 668.76
00043344 00000734 633.10 206.50 442.00 624.13 835.20 431.48 1009.81 457.06 948.07 581.65 805.86 646.87 953.66 671.64
00043345 00000735 640.53 212.73 441.80 618.19 842.94 433.45 1017.28 460.77 954.25 585.78 813.10 648.45 959.70 674.25
00043346 00000736 649.98 215.80 437.94 615.98 852.08 435.60 1025.28 463.67 961.31 591.89 820.42 650.01 966.71 676.47
00043347 00000737 659.24 210.44 434.06 619.66 859.23 433.64 1028.54 465.55 964.50 595.12 823.64 651.38 971.67 678.38
00043348 00000738 662.52 210.28 437.43 620.26 861.43 434.12 1032.83 463.56 970.34 590.88 830.61 650.39 982.45 674.82
00043349 00000739 666.34 207.96 437.45 619.99 864.28 432.86 1038.07 461.76 976.84 586.79 838.69 648.86 991.66 672.46
00043350 00000740 667.83 204.72 439.99 622.61 868.02 429.23 1040.68 458.89 981.17 578.81 844.23 645.80 996.99 669.63
00043351 00000741 671.86 203.75 438.80 619.06 870.63 426.25 1046.46 454.95 985.54 576.75 848.37 644.26 1001.50 667.46
00043352 00000742 675.38 202.58 438.66 622.39 875.79 424.59 1051.54 452.51 991.00 576.66 852.48 643.36 1005.83 666.07
00043353 00000743 677.46 203.40 441.07 623.39 880.48 422.55 1056.79 447.84 996.54 578.33 858.21 644.20 1011.46 664.75
00043354 00000744 681.36 204.30 440.20 623.77 883.77 422.92 1059.53 447.96 999.57 577.27 862.79 644.43 1016.40 664.75
00043355 00000745 684.14 204.40 440.95 625.46 886.38 423.76 1060.95 446.91 1003.08 578.11 868.48 646.88 1021.06 665.76
00043356 00000746 690.09 204.71 439.61 627.82 890.89 425.75 1066.77 451.52 1005.32 577.36 867.34 647.12 1014.00 672.01
00043357 00000747 692.08 203.97 443.39 629.08 896.57 427.42 1071.42 453.07 1010.12 577.66 873.08 649.91 1016.18 674.48
00043358 00000748 697.86 203.19 441.76 631.64 903.77 429.58 1075.79 457.70 1016.39 578.41 877.25 651.37 1018.50 677.91
00043359 00000749 704.91 205.50 441.09 632.03 910.66 432.63 1083.80 463.85 1021.84 581.91 884.48 654.66 1025.68 683.49
CROP_BBOX: 443 0 1416 981
