Video ID: 	rAgy9puW5XI
H: 	1080
W: 	1920
FPS: 	25.0

FRAME INDEX X0 Y0 W H [Landmarks (5 Points)]

00006176 00000000 640.95 238.46 399.58 559.43 782.20 486.76 965.61 454.71 917.03 588.72 818.55 671.21 978.17 644.80
00006177 00000001 649.79 226.66 392.03 563.11 788.63 482.08 969.60 446.89 927.17 578.21 829.34 666.33 986.24 637.50
00006178 00000002 651.51 220.71 391.15 568.38 792.17 478.54 970.72 440.37 934.12 571.93 835.17 665.37 989.50 634.07
00006179 00000003 651.33 222.48 391.63 563.11 788.26 479.53 971.54 441.75 929.44 574.11 830.52 663.75 989.67 632.72
00006180 00000004 648.29 227.26 394.42 559.22 785.38 479.69 970.62 445.80 924.70 581.02 825.89 666.21 984.69 638.55
00006181 00000005 647.00 229.40 396.84 558.36 783.32 479.08 970.90 446.58 921.79 583.70 824.11 668.17 983.07 641.54
00006182 00000006 647.88 229.11 396.30 557.15 785.13 478.23 971.93 446.20 922.94 582.66 827.10 668.01 983.59 641.60
00006183 00000007 650.06 228.18 394.03 558.49 786.72 478.10 971.52 445.13 924.57 580.43 831.06 667.83 985.58 640.54
00006184 00000008 649.43 229.32 394.30 559.11 786.75 477.41 971.13 445.26 924.03 580.25 830.77 668.32 984.68 641.59
00006185 00000009 644.65 231.07 398.67 562.56 783.61 478.65 968.88 447.51 919.94 584.21 826.11 670.90 981.44 644.79
00006186 00000010 641.99 233.65 398.77 562.77 779.94 479.27 964.49 449.87 913.53 584.34 823.30 671.71 977.72 646.66
00006187 00000011 639.12 233.74 400.99 563.89 777.82 479.60 962.04 450.92 910.31 584.76 820.75 671.99 975.19 647.48
00006188 00000012 638.53 233.21 401.17 563.48 777.41 480.53 962.71 450.35 911.29 585.56 821.00 672.59 976.39 646.89
00006189 00000013 638.64 232.76 401.13 563.65 777.84 481.20 963.37 450.04 912.57 586.42 822.50 673.42 977.97 646.81
00006190 00000014 637.61 232.57 401.65 565.46 775.92 481.28 961.32 451.05 909.64 587.80 819.77 674.49 975.12 648.77
00006191 00000015 634.44 240.00 403.10 560.84 769.92 481.85 955.09 453.21 900.94 588.27 814.21 675.15 969.30 650.83
00006192 00000016 629.93 241.46 404.74 563.70 763.08 483.50 948.24 453.75 893.02 591.59 808.43 676.91 964.24 651.88
00006193 00000017 627.72 241.91 404.61 563.48 761.72 486.28 946.60 454.87 892.46 593.82 808.17 678.24 963.44 651.92
00006194 00000018 630.66 240.73 401.75 563.58 764.28 488.31 949.12 455.10 896.30 594.83 810.76 678.84 966.92 651.09
00006195 00000019 630.74 241.82 401.35 562.48 765.43 488.63 950.73 455.14 898.11 595.10 811.94 678.63 968.62 650.65
00006196 00000020 627.70 243.04 403.79 562.79 761.73 488.45 947.38 455.42 894.46 595.84 807.94 679.24 965.58 651.74
00006197 00000021 623.58 244.32 407.15 562.82 757.85 488.89 945.53 456.45 890.90 598.96 803.56 680.75 962.92 653.80
00006198 00000022 622.97 245.33 407.07 562.21 755.69 488.49 944.46 456.64 888.62 599.29 800.87 680.73 961.47 654.41
00006199 00000023 624.70 243.65 405.51 563.21 758.12 487.16 945.31 456.00 890.44 597.18 803.80 679.59 962.66 653.60
00006200 00000024 627.81 242.30 403.18 563.92 760.97 487.37 946.58 455.45 892.92 595.67 806.35 678.77 963.99 652.12
00006201 00000025 627.96 242.05 402.94 563.73 761.39 487.46 946.72 455.02 893.27 595.84 807.35 679.02 964.11 651.91
00006202 00000026 624.47 242.00 405.66 565.00 758.08 487.41 944.57 455.67 890.15 597.24 804.48 679.68 962.21 653.13
00006203 00000027 622.71 242.32 405.82 565.15 754.98 487.73 943.14 456.09 888.06 598.01 800.04 679.89 960.55 653.66
00006204 00000028 623.95 240.73 405.65 566.37 756.80 487.65 943.51 456.23 889.10 596.10 802.54 679.34 961.32 653.12
00006205 00000029 628.65 242.67 401.59 562.75 761.83 490.63 945.07 458.63 891.81 596.06 806.77 678.85 962.69 652.18
00006206 00000030 630.53 241.69 400.66 563.94 763.65 491.84 946.35 460.75 892.73 595.34 807.53 678.71 963.41 652.76
00006207 00000031 626.07 243.13 403.89 567.98 759.57 491.68 942.66 462.21 888.38 597.55 802.35 679.63 960.68 655.07
00006208 00000032 624.27 242.93 405.81 573.49 755.86 490.45 938.77 464.34 882.42 597.29 796.54 681.30 954.43 659.71
00006209 00000033 625.61 242.01 403.79 573.97 756.25 488.67 938.76 463.18 882.77 596.11 796.59 680.88 954.08 659.84
00006210 00000034 630.84 239.02 401.21 573.87 764.06 486.35 945.55 462.43 890.37 593.06 801.93 676.91 958.83 656.98
00006211 00000035 639.58 239.79 396.63 566.39 777.35 485.19 961.19 462.08 906.86 592.02 811.95 675.53 969.07 656.48
00006212 DELETE   644.39 238.23 395.11 562.04 786.20 487.54 969.27 467.68 914.44 591.37 810.39 668.68 970.77 652.82
00006213 00000037 645.26 238.71 400.44 558.32 787.10 481.22 970.70 473.22 908.04 589.83 801.64 663.27 960.54 657.50
00006214 00000038 647.71 237.48 403.00 560.69 787.21 474.15 969.26 475.73 901.73 587.84 793.49 658.26 953.76 660.92
00006215 00000039 649.64 234.46 407.09 566.49 791.73 469.96 973.06 477.07 904.30 588.59 794.52 655.99 953.56 663.44
00006216 00000040 654.53 234.63 407.59 566.33 798.69 466.81 979.63 473.32 911.92 592.70 800.91 657.00 958.04 664.12
00006217 00000041 659.19 239.76 406.57 561.35 801.87 465.69 985.98 473.31 916.05 595.70 804.97 659.74 962.58 667.81
00006218 00000042 659.15 252.78 411.71 552.22 805.80 467.67 989.23 474.86 912.79 599.05 803.05 663.06 958.20 670.99
00006219 00000043 664.05 254.72 412.17 554.14 811.43 472.63 991.91 483.47 913.93 605.48 804.75 663.94 958.53 675.30
00006220 00000044 668.23 254.70 410.90 557.41 813.54 478.10 992.65 488.53 914.27 607.47 806.34 664.61 961.49 675.57
00006221 00000045 670.60 253.66 410.26 560.19 816.45 481.90 994.86 489.42 918.27 608.42 813.36 667.14 967.24 675.65
00006222 DELETE   675.30 249.65 408.16 560.95 823.48 484.13 1003.52 486.25 931.59 608.57 827.69 670.49 978.54 674.55
00006223 00000047 680.80 251.85 407.78 555.72 830.87 485.96 1011.61 482.28 944.96 608.23 841.73 671.84 992.68 670.94
00006224 DELETE   687.59 258.36 402.91 549.49 841.05 487.10 1020.68 480.34 959.02 606.99 857.31 675.12 1004.80 671.41
00006225 DELETE   694.61 262.05 398.57 545.03 847.53 491.52 1028.71 482.93 971.75 601.60 866.83 676.89 1015.45 671.32
00006226 DELETE   699.33 263.12 393.58 541.73 854.23 495.19 1034.26 484.60 981.59 599.72 874.80 678.55 1021.56 671.09
00006227 00000051 703.62 260.22 390.56 546.18 857.76 495.95 1036.39 483.76 986.53 597.09 880.99 679.98 1028.29 670.84
00006228 00000052 707.47 256.22 387.30 551.86 860.83 495.40 1036.83 482.12 988.61 593.89 885.46 681.08 1029.72 670.71
00006229 00000053 710.56 257.53 383.22 545.91 863.20 496.36 1040.26 480.82 993.47 592.71 888.89 680.21 1034.00 667.93
00006230 00000054 714.90 257.45 381.29 539.39 865.39 495.09 1046.68 477.23 1000.66 590.02 892.90 676.48 1043.14 662.42
00006231 00000055 712.44 253.98 380.53 541.60 864.14 492.02 1045.55 471.54 1002.21 588.86 892.24 674.78 1043.27 658.73
00006232 00000056 706.82 254.35 384.10 541.32 857.85 489.59 1040.26 470.04 995.95 586.84 887.26 672.69 1039.91 657.53
00006233 00000057 695.81 251.20 390.36 547.27 847.16 483.95 1030.29 466.56 985.86 582.65 878.89 670.66 1031.83 657.19
00006234 00000058 688.84 246.63 392.02 555.76 838.39 480.52 1020.98 462.71 976.62 583.99 871.85 671.56 1024.26 657.74
00006235 00000059 686.05 248.18 389.27 552.21 831.62 479.32 1014.70 460.63 968.61 584.14 866.84 671.65 1019.85 657.28
00006236 00000060 682.00 247.41 388.67 551.02 827.31 480.49 1010.62 460.36 964.14 584.58 861.52 670.96 1017.69 655.59
00006237 00000061 678.17 247.60 386.62 548.33 823.53 480.97 1006.87 459.58 960.17 585.48 857.34 671.17 1013.48 655.06
00006238 00000062 673.05 244.60 390.04 546.80 818.13 480.90 1006.14 455.20 960.39 585.73 847.14 671.73 1006.79 652.04
00006239 00000063 669.65 242.02 389.36 546.19 812.68 480.86 1002.04 454.05 955.33 585.95 843.32 672.52 1002.68 651.77
00006240 DELETE   665.83 248.27 391.65 540.30 808.21 481.16 1000.74 458.08 951.08 588.33 839.42 672.22 1000.59 654.08
00006241 DELETE   660.75 257.71 397.06 530.41 802.80 482.87 997.72 460.36 944.83 593.34 836.33 672.78 997.48 654.97
00006242 00000066 663.43 272.69 390.09 517.02 803.45 483.00 994.54 456.69 944.93 597.99 838.04 672.41 994.32 652.00
00006243 00000067 658.43 273.27 390.78 515.75 799.81 484.30 992.94 460.88 937.89 602.59 835.91 672.09 986.51 653.21
00006244 00000068 666.64 278.15 391.77 514.05 820.68 490.82 1004.71 469.31 955.32 601.67 858.99 675.75 999.67 659.23
00006245 00000069 672.04 271.65 386.81 519.88 821.51 490.97 1007.38 468.91 956.27 602.01 853.29 676.93 1005.79 660.44
00006246 00000070 676.21 263.62 385.00 525.38 815.10 485.76 1007.63 465.74 954.77 602.12 843.16 675.16 1004.63 659.87
00006247 00000071 675.39 257.58 386.20 530.90 815.11 486.73 1009.17 464.69 957.06 600.91 843.22 674.95 1006.93 658.12
00006248 00000072 671.04 260.16 389.07 536.21 817.25 487.86 1007.05 465.20 955.65 597.50 849.10 676.89 1012.79 659.88
00006249 00000073 671.28 259.99 388.38 535.91 817.12 487.79 1006.83 465.03 955.48 597.18 849.09 676.97 1012.48 659.86
00006250 00000074 671.01 259.20 388.50 536.98 817.12 486.70 1006.74 464.02 955.77 596.65 849.49 676.76 1012.40 659.69
00006251 00000075 670.96 259.21 388.29 536.71 816.83 486.29 1006.64 463.52 955.63 596.64 849.44 676.80 1012.32 659.65
00006252 00000076 670.95 259.66 388.06 536.05 816.83 485.40 1006.85 463.47 955.60 596.14 849.36 676.23 1012.38 659.75
00006253 00000077 674.44 257.37 387.47 533.64 813.93 483.32 1009.67 459.28 959.48 599.71 842.96 675.97 1008.71 657.50
00006254 00000078 674.87 258.16 387.16 532.95 814.06 483.27 1009.54 459.16 959.33 599.82 843.52 676.12 1008.68 657.56
00006255 00000079 674.61 258.06 387.25 532.80 814.11 483.38 1009.44 459.04 959.21 599.65 843.56 676.07 1008.45 657.36
00006256 00000080 674.47 258.39 387.35 532.85 814.16 483.57 1009.57 459.05 959.50 600.28 843.29 676.19 1008.18 657.42
00006257 00000081 674.12 257.44 387.62 533.64 814.14 483.75 1009.43 459.43 959.31 600.17 843.33 676.26 1007.81 657.59
00006258 00000082 674.92 257.82 386.63 533.42 814.28 483.46 1009.34 459.63 959.14 599.94 843.44 676.13 1008.00 657.88
00006259 00000083 675.07 258.04 386.36 533.26 814.18 483.24 1009.13 459.31 959.02 599.74 843.52 676.13 1008.03 657.79
00006260 00000084 675.05 258.80 386.38 531.68 813.99 482.29 1009.14 458.34 959.01 599.42 843.40 675.63 1007.89 657.27
00006261 00000085 674.75 257.36 386.58 532.28 813.45 482.23 1008.94 458.12 958.62 599.10 842.49 674.89 1007.87 656.46
00006262 00000086 674.49 256.03 386.19 533.56 813.13 481.92 1008.33 457.50 958.15 598.96 842.35 674.97 1007.28 656.29
00006263 00000087 674.05 257.94 386.38 531.44 812.30 482.19 1007.71 457.52 957.34 598.84 841.72 675.02 1006.83 656.14
00006264 00000088 674.52 258.66 385.94 531.13 812.65 482.30 1007.92 457.75 957.83 598.96 842.07 675.45 1006.89 656.63
00006265 00000089 673.94 259.51 386.41 530.76 812.07 483.16 1006.94 458.23 956.76 598.87 842.05 675.84 1006.53 656.63
00006266 00000090 673.73 259.12 386.69 530.71 811.79 483.76 1006.87 458.38 956.67 599.65 841.67 676.07 1006.37 656.56
00006267 00000091 673.69 260.50 386.32 529.58 811.23 483.63 1005.95 458.03 955.77 599.21 841.22 675.94 1005.62 656.22
00006268 00000092 672.92 257.58 387.02 531.30 810.47 482.70 1005.65 456.93 955.35 599.36 840.75 675.79 1005.43 655.92
00006269 00000093 672.81 256.84 386.44 530.74 810.79 482.26 1006.40 455.70 956.21 598.61 840.73 675.21 1006.04 654.76
00006270 00000094 672.74 253.64 386.18 533.50 811.12 481.71 1006.73 455.31 956.74 598.12 840.30 674.28 1006.47 653.99
00006271 00000095 672.14 255.39 387.18 533.18 811.05 482.23 1006.00 456.12 956.64 599.22 840.51 675.11 1005.66 655.09
00006272 00000096 671.23 259.32 388.41 531.89 812.30 485.44 1004.28 458.46 956.90 600.45 842.02 677.01 1003.76 656.31
00006273 00000097 668.54 263.94 390.01 533.08 814.27 489.77 1001.71 465.24 948.33 603.58 848.23 680.41 1006.97 661.83
00006274 00000098 668.87 265.61 392.07 534.69 815.16 491.71 1002.29 468.27 947.73 606.55 849.03 683.38 1006.47 665.56
00006275 00000099 669.50 266.30 391.68 534.49 815.88 492.39 1003.25 469.41 948.38 608.64 849.05 684.12 1006.66 666.72
00006276 00000100 669.95 265.73 391.42 534.93 815.40 492.27 1002.33 468.55 948.06 607.15 849.48 683.63 1007.26 665.53
00006277 00000101 668.39 266.59 390.72 530.71 814.30 490.26 1002.74 466.11 948.74 603.91 849.08 681.42 1008.18 663.04
00006278 00000102 672.40 263.62 388.26 528.93 812.47 487.49 1004.93 460.78 955.79 603.62 843.45 678.24 1005.02 657.43
00006279 00000103 673.48 261.09 386.74 530.02 812.84 486.46 1005.54 459.98 956.59 601.63 843.27 677.50 1005.18 656.97
00006280 00000104 672.71 261.82 387.99 530.27 812.19 487.47 1004.76 460.49 955.51 602.94 843.19 678.05 1004.95 656.98
00006281 00000105 668.26 265.21 389.98 531.25 813.61 489.44 1002.80 465.31 948.41 603.42 848.90 680.58 1008.58 662.19
00006282 00000106 669.47 266.48 390.52 532.46 814.70 491.65 1001.99 467.78 948.00 605.05 849.86 682.58 1007.68 664.30
00006283 00000107 669.41 266.52 390.72 533.07 814.85 491.83 1001.59 468.08 947.31 605.72 850.67 683.10 1007.07 664.89
00006284 00000108 669.62 266.18 390.21 532.49 814.64 491.15 1001.79 467.32 947.77 604.49 850.40 682.08 1007.75 663.81
00006285 00000109 667.98 265.92 389.78 530.21 813.62 489.12 1002.32 465.23 948.13 602.26 848.83 679.87 1007.95 661.67
00006286 00000110 672.21 262.87 387.71 529.15 812.16 487.14 1004.30 460.41 954.50 602.81 843.57 677.95 1003.88 656.96
00006287 00000111 671.19 262.29 388.52 529.70 810.87 486.81 1003.32 459.43 953.92 602.22 842.89 677.82 1004.02 656.30
00006288 00000112 671.29 263.76 388.60 529.87 810.17 488.37 1002.92 462.47 952.11 605.05 841.94 678.64 1003.29 658.25
00006289 00000113 667.33 266.54 391.04 530.85 812.62 490.34 1000.47 466.60 945.27 604.88 848.38 681.74 1005.64 663.67
00006290 00000114 668.39 265.63 390.92 533.11 813.71 491.65 999.71 467.88 945.56 606.25 849.46 682.83 1005.12 664.71
00006291 00000115 667.87 267.12 391.33 532.15 813.53 491.73 1000.51 468.59 945.70 606.47 848.78 683.15 1005.09 665.49
00006292 00000116 666.61 265.11 392.17 533.07 812.79 491.34 999.53 467.75 944.99 605.34 848.14 681.90 1004.91 663.92
00006293 00000117 670.41 264.24 390.63 529.35 807.85 489.16 1002.33 464.72 949.40 607.21 839.46 679.15 1002.81 659.99
00006294 00000118 669.29 257.75 389.74 531.94 808.32 488.15 1003.95 463.71 951.05 603.85 836.53 674.28 1004.12 655.46
00006295 00000119 669.70 253.86 389.02 532.82 812.45 491.35 1006.41 465.68 954.11 603.67 834.21 672.72 1001.46 653.53
00006296 00000120 667.34 250.76 391.76 536.10 810.83 490.01 1004.77 463.74 953.54 603.53 832.44 671.41 1002.05 651.72
00006297 00000121 666.35 255.21 392.03 535.45 807.88 488.92 1003.05 462.31 951.68 605.56 834.20 673.82 1003.10 653.66
00006298 00000122 668.13 261.75 391.64 532.14 806.33 491.70 1003.20 465.95 949.14 609.88 836.43 679.77 1002.55 659.74
00006299 00000123 668.59 259.90 391.88 537.86 808.61 492.91 1003.18 470.28 949.03 610.60 837.73 681.46 1001.06 663.93
00006300 00000124 668.40 260.36 391.11 538.96 809.15 493.23 1003.46 470.91 950.13 612.55 837.78 682.51 1001.32 665.26
00006301 00000125 668.43 259.62 392.08 538.87 808.45 492.50 1003.24 469.72 949.85 610.04 837.39 681.14 1002.01 663.52
00006302 00000126 668.61 262.95 390.84 532.28 808.76 495.63 1004.21 468.18 951.60 610.55 836.02 681.74 1000.40 660.68
00006303 00000127 667.57 259.61 391.24 532.82 808.51 495.01 1004.88 466.18 952.91 609.75 834.58 679.72 1001.14 657.62
00006304 00000128 665.40 258.14 392.58 534.16 805.28 491.82 1002.79 464.60 949.50 608.53 833.93 677.32 1002.98 656.22
00006305 00000129 665.68 259.25 392.67 533.31 803.82 491.13 1001.84 463.41 948.38 609.13 834.23 678.48 1003.16 656.87
00006306 00000130 665.94 260.38 392.56 533.22 804.46 491.46 1001.25 465.29 947.49 608.91 835.49 679.34 1002.34 658.90
00006307 00000131 665.10 261.29 393.05 532.18 803.79 491.17 1000.44 464.34 947.10 608.66 835.75 679.43 1002.10 658.39
00006308 00000132 664.38 259.16 393.25 533.10 803.06 489.94 1000.07 462.11 947.28 607.06 835.38 678.12 1002.54 656.34
00006309 00000133 664.53 257.37 393.05 533.51 802.65 488.30 1000.13 459.80 947.20 604.98 834.86 676.68 1002.73 654.38
00006310 00000134 664.89 256.69 392.91 533.68 803.41 487.01 1000.44 459.16 947.69 603.89 835.32 675.73 1002.51 653.98
00006311 00000135 664.93 257.78 392.74 533.65 803.38 487.42 1000.09 459.97 947.40 604.51 835.82 676.21 1002.70 654.72
00006312 00000136 665.10 259.83 392.26 532.44 804.09 488.52 999.75 460.05 948.24 605.59 837.13 677.77 1001.83 655.41
00006313 00000137 665.24 260.16 392.17 532.13 804.54 489.37 1000.95 461.70 949.29 606.42 837.03 678.33 1002.53 656.68
00006314 00000138 665.59 259.26 392.14 532.94 804.64 489.54 1000.94 461.62 948.88 606.02 836.80 678.04 1002.45 656.17
00006315 00000139 665.76 258.69 391.29 533.21 805.54 491.22 1002.03 464.66 949.13 606.68 836.33 677.92 1002.17 657.07
00006316 00000140 666.49 258.23 390.91 533.30 808.87 495.80 1004.51 466.55 953.38 606.42 835.01 679.28 1000.84 656.76
00006317 00000141 666.59 258.85 390.59 531.94 808.78 495.07 1004.87 466.08 953.31 606.21 835.23 678.70 1001.22 656.34
00006318 00000142 666.22 256.71 391.28 532.71 806.68 491.34 1004.18 463.12 951.62 605.62 835.48 677.45 1002.98 655.42
00006319 00000143 666.44 258.44 390.79 531.73 806.43 489.51 1002.89 462.32 950.76 605.15 836.27 677.00 1002.72 655.85
00006320 00000144 666.31 258.01 391.23 532.04 805.33 489.39 1002.42 462.34 949.23 604.82 836.89 677.36 1003.04 656.09
00006321 00000145 666.08 258.08 391.61 532.56 805.92 489.48 1002.28 461.48 950.36 605.07 837.93 677.32 1003.62 655.34
00006322 00000146 666.63 256.64 391.59 533.25 806.09 488.65 1002.52 460.43 950.57 604.30 837.98 676.96 1004.02 654.80
00006323 00000147 666.75 257.67 392.01 533.06 806.49 487.24 1003.54 458.52 951.53 604.89 838.20 677.29 1003.82 654.70
00006324 00000148 667.28 257.25 391.44 533.12 807.22 485.86 1004.21 457.78 952.66 604.01 838.52 676.97 1004.19 654.96
00006325 00000149 667.66 257.46 391.05 533.11 807.32 485.26 1004.00 457.44 952.78 603.38 839.09 676.92 1004.38 655.12
00006326 00000150 668.22 257.73 390.52 532.81 807.74 484.92 1004.06 457.23 952.88 602.79 839.48 676.84 1004.28 655.11
00006327 00000151 668.52 258.22 390.02 532.34 807.98 484.50 1003.91 457.24 952.79 601.89 839.51 676.39 1004.09 655.08
00006328 00000152 668.51 257.12 390.36 533.54 808.17 483.61 1004.71 456.83 953.63 602.57 839.58 676.78 1004.34 655.84
00006329 00000153 668.48 256.87 390.20 533.74 808.20 483.68 1004.76 456.73 953.81 602.61 839.55 676.79 1004.44 655.73
00006330 00000154 668.21 257.16 390.64 533.89 808.48 484.06 1004.57 456.72 953.93 602.85 839.83 676.92 1004.41 655.53
00006331 00000155 668.37 256.49 390.52 534.55 808.74 484.10 1004.62 456.93 953.98 603.26 839.85 676.89 1004.43 655.64
00006332 00000156 668.39 256.41 390.88 534.83 808.96 484.39 1004.87 456.93 954.06 604.34 840.00 677.52 1004.31 656.00
00006333 00000157 668.49 257.53 390.36 533.66 808.99 484.14 1005.01 456.82 954.16 603.45 840.24 677.49 1004.29 656.07
00006334 00000158 668.32 256.56 390.45 534.82 808.91 484.00 1004.89 456.86 953.87 603.77 839.97 677.51 1004.06 656.26
00006335 00000159 667.80 257.05 391.04 534.23 807.59 483.69 1003.78 456.94 952.09 603.01 838.95 677.00 1003.42 656.04
00006336 00000160 667.52 256.97 391.17 534.14 807.06 483.59 1003.65 456.28 952.08 603.15 839.09 677.17 1003.63 655.74
00006337 00000161 667.20 257.64 391.21 533.97 806.79 483.88 1003.21 456.34 951.83 604.00 839.06 677.69 1003.37 656.07
00006338 00000162 666.24 259.88 392.84 533.57 806.84 484.90 1003.81 457.16 952.23 606.66 838.98 679.73 1002.97 657.95
00006339 00000163 666.76 264.25 392.97 532.40 807.30 487.12 1002.62 461.34 950.70 607.76 840.62 681.68 1001.98 661.32
00006340 00000164 666.85 264.25 392.60 533.51 807.41 488.02 1002.38 463.69 949.85 608.09 839.87 682.23 1000.92 663.10
00006341 00000165 666.13 265.27 393.25 533.14 806.81 488.41 1001.87 463.15 949.76 608.70 839.47 682.30 1001.18 662.42
00006342 00000166 665.24 264.29 393.54 533.03 805.54 488.51 1000.96 461.72 949.50 608.99 838.77 681.97 1001.45 660.86
00006343 00000167 663.64 262.81 394.78 533.10 805.25 487.05 1001.65 458.99 950.35 608.25 838.78 681.84 1001.62 659.68
00006344 00000168 663.69 261.36 394.21 533.09 804.66 486.09 1001.75 457.44 950.17 607.53 838.24 680.87 1001.78 658.26
00006345 00000169 663.43 261.96 394.52 533.28 804.43 485.85 1001.82 457.58 950.10 607.53 838.19 681.48 1001.76 659.18
00006346 00000170 664.40 261.09 394.29 535.41 805.47 487.63 1001.56 460.05 949.85 608.78 838.99 682.40 1001.39 660.63
00006347 00000171 665.25 263.14 393.45 535.03 805.97 489.31 1000.96 462.13 949.81 609.18 839.48 682.86 1001.12 661.49
00006348 00000172 665.30 264.45 393.23 533.93 806.59 488.85 1001.31 462.11 950.06 608.44 840.11 682.92 1000.91 661.89
00006349 00000173 665.78 265.04 393.25 532.70 806.09 488.12 1001.30 460.91 950.00 608.41 839.80 682.27 1001.72 660.86
00006350 00000174 664.99 262.53 394.02 532.72 806.25 486.11 1002.26 458.11 950.95 607.51 839.11 681.25 1001.39 659.26
00006351 00000175 665.10 261.31 394.22 533.48 805.54 485.15 1002.78 456.84 950.80 606.87 839.06 680.86 1002.24 658.51
00006352 00000176 664.95 263.48 393.83 531.71 806.12 485.35 1002.63 456.62 951.63 607.17 840.01 681.61 1001.72 658.91
00006353 00000177 666.40 262.89 392.97 533.18 807.21 486.29 1002.78 458.96 951.49 607.77 840.05 681.59 1001.94 660.07
00006354 00000178 667.87 263.79 392.15 533.55 807.88 487.01 1002.64 461.38 951.10 607.57 840.61 681.97 1001.73 661.77
00006355 00000179 667.54 263.34 392.39 533.61 807.95 487.29 1002.51 461.56 951.19 607.64 840.63 681.89 1001.58 661.64
00006356 00000180 667.73 261.99 392.34 533.09 807.84 486.18 1003.45 459.45 951.77 607.68 840.27 681.23 1002.54 660.18
00006357 00000181 668.09 261.75 391.87 532.13 808.16 485.39 1004.08 458.08 952.56 607.30 840.14 680.52 1002.78 659.05
00006358 00000182 668.12 263.62 391.24 530.48 807.30 489.50 1003.42 462.49 950.82 608.39 839.02 680.55 1002.64 659.30
00006359 00000183 668.31 260.83 390.74 533.32 811.62 496.23 1005.76 468.97 952.90 610.01 838.48 682.88 999.39 661.72
00006360 00000184 668.30 259.71 390.81 535.11 810.79 495.02 1004.90 468.90 951.77 609.23 839.01 682.48 1000.27 662.12
00006361 00000185 666.91 259.94 391.45 534.36 807.80 493.45 1002.05 465.42 950.25 609.16 839.56 682.16 1001.41 660.08
00006362 00000186 667.00 261.46 391.34 532.80 806.77 492.43 1002.11 463.54 950.67 608.41 840.02 681.99 1002.90 659.24
00006363 00000187 667.22 261.71 391.75 532.10 806.72 491.27 1002.52 463.29 950.37 608.28 839.62 681.15 1003.16 659.15
00006364 00000188 667.41 261.63 391.58 532.27 806.69 491.10 1002.56 463.44 950.19 608.09 839.66 681.07 1003.21 659.31
00006365 00000189 667.69 261.66 390.87 532.81 808.71 495.04 1004.00 466.53 952.36 608.23 839.77 682.10 1002.64 659.78
00006366 00000190 668.07 260.24 391.28 534.86 811.64 500.10 1005.24 473.54 951.93 609.21 837.27 683.51 998.97 663.18
00006367 00000191 668.33 262.12 390.51 534.13 812.71 497.28 1005.29 470.09 954.41 609.47 840.04 683.87 999.29 662.93
00006368 00000192 667.60 258.69 391.31 536.36 810.16 495.00 1003.58 468.25 952.11 608.66 840.77 682.67 1001.60 661.67
00006369 00000193 668.19 264.45 390.36 529.71 808.84 491.74 1003.13 464.50 952.33 606.95 841.27 680.76 1003.19 659.32
00006370 00000194 668.04 261.56 390.80 530.99 808.36 491.14 1003.10 463.56 951.39 605.97 841.15 679.53 1004.07 657.71
00006371 00000195 668.22 259.92 390.93 532.92 808.62 490.66 1003.56 463.32 951.88 606.32 840.91 679.69 1004.10 658.12
00006372 00000196 669.18 261.42 390.70 532.87 809.63 490.40 1003.64 463.62 952.46 606.24 841.99 680.61 1003.47 659.48
00006373 00000197 666.63 263.24 391.32 533.95 813.37 491.63 1001.38 466.45 947.81 603.32 849.47 681.93 1007.32 662.65
00006374 00000198 666.24 263.45 391.56 534.16 813.44 491.69 1000.86 466.47 947.82 603.42 849.73 682.32 1007.10 663.00
00006375 00000199 666.20 264.01 391.20 532.73 812.86 491.01 1000.88 465.63 947.79 602.83 849.31 681.51 1007.70 662.03
00006376 00000200 669.88 264.74 389.59 528.53 809.37 489.52 1003.39 462.07 953.03 605.49 842.56 680.02 1004.00 658.43
00006377 00000201 668.79 261.30 390.07 530.50 809.01 489.02 1003.46 460.26 953.21 604.96 842.30 679.44 1004.18 656.75
00006378 00000202 669.10 261.14 390.19 530.99 809.14 489.04 1003.34 460.96 953.08 605.09 842.22 679.72 1003.95 657.58
00006379 00000203 669.49 262.23 390.06 532.74 809.59 489.92 1003.31 463.19 952.84 606.57 842.65 681.45 1003.40 660.40
00006380 00000204 666.45 263.94 392.06 534.82 813.47 491.62 1000.49 466.25 948.01 604.64 851.28 683.47 1007.58 663.92
00006381 00000205 666.30 265.22 392.55 534.23 813.19 492.18 1001.21 466.25 948.25 605.64 851.55 684.25 1008.47 664.16
00006382 00000206 666.10 264.77 392.30 533.79 813.17 491.49 1001.04 465.85 948.23 605.37 851.58 683.92 1008.13 664.12
00006383 00000207 664.81 265.54 392.40 531.65 812.78 490.40 1000.43 464.46 948.20 604.70 850.35 682.27 1007.31 662.39
00006384 00000208 669.03 263.77 390.17 529.70 809.09 489.60 1003.05 461.88 953.35 606.55 842.94 681.06 1003.90 659.20
00006385 00000209 668.71 264.72 390.40 529.11 808.94 489.49 1003.01 461.75 953.57 606.53 843.05 681.02 1004.08 659.15
00006386 00000210 668.17 262.37 391.05 533.10 809.79 490.04 1002.51 462.63 953.34 607.34 842.89 682.08 1002.23 660.59
00006387 00000211 665.44 264.63 392.00 533.58 812.59 490.79 1000.74 464.97 948.16 604.50 851.65 684.10 1007.90 664.05
00006388 00000212 666.37 263.81 391.77 534.90 812.93 491.43 1000.51 465.37 947.87 604.99 852.13 684.40 1007.80 664.16
00006389 00000213 666.45 264.38 391.59 533.80 813.04 491.19 1000.62 465.39 947.88 605.12 851.90 683.83 1007.88 663.85
00006390 00000214 669.99 263.55 389.76 532.05 810.82 489.72 1003.61 463.42 953.68 607.57 844.13 682.22 1003.23 661.53
00006391 00000215 670.17 259.91 389.64 533.77 809.69 488.96 1003.40 461.63 953.08 606.44 843.28 681.22 1004.42 659.66
00006392 00000216 670.34 262.79 389.49 530.67 809.98 489.11 1003.73 460.55 954.43 605.40 843.86 680.89 1005.11 658.33
00006393 00000217 670.53 261.15 389.36 531.95 810.64 489.10 1003.86 460.94 954.23 605.42 843.52 680.43 1004.57 658.23
00006394 00000218 670.53 259.86 389.32 534.23 810.47 489.10 1003.38 461.87 953.52 605.77 843.06 680.37 1004.51 659.04
00006395 00000219 667.49 262.00 389.92 535.02 813.65 490.58 1000.87 464.20 949.23 603.23 850.20 681.67 1008.61 661.43
00006396 00000220 667.23 262.77 390.10 533.57 813.25 490.31 1001.47 464.15 949.15 603.05 849.88 681.39 1009.40 661.30
00006397 00000221 671.62 260.69 388.37 531.11 811.47 488.43 1004.78 460.66 955.42 604.22 842.80 678.11 1005.82 656.41
00006398 00000222 670.73 258.27 388.89 530.65 811.49 487.21 1005.29 457.99 957.43 602.68 840.91 675.15 1006.34 652.64
00006399 00000223 670.16 255.49 388.95 533.90 812.43 486.43 1004.95 457.92 958.45 602.90 838.82 672.45 1006.46 650.93
00006400 00000224 670.26 260.54 390.13 531.19 810.82 488.61 1005.87 461.31 956.79 607.76 837.26 675.56 1005.34 654.88
00006401 00000225 668.15 264.83 391.95 536.29 816.07 493.99 1004.14 469.94 950.12 610.63 845.04 680.51 1008.22 662.47
00006402 00000226 669.11 273.50 391.52 535.85 816.47 500.86 1004.93 478.03 949.38 619.14 847.07 689.13 1009.05 671.75
00006403 00000227 670.47 286.42 391.07 529.00 816.42 505.37 1004.08 483.11 948.41 626.39 846.49 694.23 1007.89 677.30
00006404 00000228 671.09 288.56 390.62 526.91 817.18 506.95 1005.38 483.13 950.39 627.99 847.93 695.22 1009.54 676.98
00006405 00000229 670.51 284.32 391.81 529.16 818.27 504.58 1005.69 480.16 951.71 624.93 849.53 693.31 1009.68 674.57
00006406 00000230 670.69 276.25 391.86 533.11 819.13 500.76 1005.73 475.49 952.96 620.17 851.91 691.56 1010.04 671.99
00006407 00000231 670.73 267.90 391.70 538.02 819.93 496.53 1006.04 471.79 954.32 615.31 853.16 687.99 1009.73 668.89
00006408 00000232 670.70 267.52 392.63 537.31 819.79 495.38 1007.14 469.79 955.20 614.81 852.81 687.30 1010.31 667.72
00006409 00000233 669.82 269.84 392.35 534.74 818.97 494.94 1006.50 469.43 954.57 613.93 852.81 687.06 1010.15 667.46
00006410 00000234 670.84 269.40 391.85 535.17 819.67 495.48 1007.02 469.60 955.47 615.22 853.26 687.58 1010.48 667.71
00006411 00000235 671.44 267.83 391.40 538.06 820.14 496.38 1006.61 471.46 955.14 615.67 853.04 687.81 1010.18 668.63
00006412 00000236 671.57 267.60 391.33 538.54 820.14 496.86 1006.22 472.02 954.85 616.03 852.85 687.77 1010.41 668.58
00006413 00000237 671.45 268.35 390.86 536.75 820.42 496.53 1007.11 471.81 955.37 616.06 852.67 687.19 1010.67 668.16
00006414 00000238 670.91 268.01 391.70 535.22 820.54 495.79 1007.80 470.18 956.09 614.98 852.19 684.46 1012.09 664.94
00006415 00000239 668.89 268.13 391.63 532.59 818.22 493.59 1005.74 468.53 953.80 609.98 849.73 681.22 1011.13 662.12
00006416 00000240 668.01 265.99 391.15 532.65 816.75 491.32 1004.26 466.19 952.77 606.20 848.31 680.16 1009.68 661.14
00006417 00000241 667.95 265.77 390.53 532.51 816.06 491.13 1003.05 466.16 951.49 605.92 847.93 679.97 1008.64 661.06
00006418 00000242 667.82 267.38 391.55 532.94 817.44 491.66 1004.00 467.68 951.99 608.65 848.44 680.53 1008.05 662.45
00006419 00000243 668.36 268.25 392.06 533.59 818.73 493.43 1005.46 469.07 953.24 611.88 849.71 682.73 1008.70 664.30
00006420 00000244 669.79 269.07 390.77 533.30 819.33 494.92 1006.35 470.33 953.79 613.97 850.35 683.76 1009.88 665.08
00006421 00000245 668.99 269.37 391.83 533.37 819.09 494.45 1006.27 469.81 953.91 613.88 850.48 683.70 1009.85 664.97
00006422 00000246 668.49 267.89 391.79 534.16 818.02 493.45 1005.54 468.94 952.70 611.73 849.61 682.70 1009.32 664.13
00006423 00000247 668.14 268.33 391.37 532.83 817.30 493.07 1004.61 468.17 952.34 610.17 849.25 681.81 1009.77 662.85
00006424 00000248 667.98 265.69 391.51 534.95 817.53 492.95 1004.15 467.88 952.63 609.45 848.83 681.14 1009.48 662.09
00006425 00000249 667.59 267.80 392.25 533.39 817.96 492.95 1005.03 468.11 953.17 610.35 849.61 681.73 1009.62 662.86
00006426 00000250 668.69 269.05 392.12 532.72 818.14 493.52 1006.12 468.93 953.07 612.01 849.43 682.37 1010.18 663.73
00006427 00000251 669.15 267.55 392.55 535.18 818.58 494.02 1006.58 468.92 953.82 612.92 850.32 683.25 1011.28 664.13
00006428 00000252 669.65 268.50 391.77 534.26 818.99 494.12 1006.98 469.03 954.35 613.44 851.13 683.84 1011.55 664.68
00006429 00000253 669.95 266.55 391.83 535.64 819.19 494.15 1006.88 468.88 954.58 613.03 851.10 683.50 1011.65 664.24
00006430 00000254 669.01 268.58 392.70 533.29 818.73 493.58 1006.97 468.87 954.07 612.12 850.49 682.88 1011.37 664.07
00006431 00000255 669.31 268.17 391.36 532.45 818.46 493.55 1005.94 468.85 953.96 609.88 850.50 682.09 1010.84 663.17
00006432 00000256 668.85 267.19 391.83 532.99 818.40 492.88 1005.07 468.24 953.78 608.45 850.56 681.43 1010.02 662.62
00006433 00000257 668.98 266.87 391.84 533.45 818.46 493.00 1005.10 468.33 953.81 608.63 850.43 681.44 1010.07 662.62
00006434 00000258 668.93 267.89 391.87 533.07 818.25 493.42 1005.61 468.73 953.49 610.31 849.94 682.07 1010.16 663.24
00006435 00000259 669.54 268.45 392.23 533.43 819.18 494.06 1006.55 469.21 954.07 613.23 851.00 683.43 1010.34 664.54
00006436 00000260 669.50 270.09 392.70 532.70 819.55 494.92 1007.21 469.67 954.89 615.41 851.96 684.64 1010.94 665.36
00006437 00000261 669.98 270.39 392.04 532.70 819.91 495.44 1007.62 469.93 955.54 615.86 852.41 685.19 1011.28 665.65
00006438 00000262 669.53 270.41 391.97 532.34 818.68 494.71 1006.15 469.82 953.46 614.32 851.16 684.43 1010.39 665.39
00006439 00000263 669.21 270.23 391.31 530.91 817.99 493.19 1005.50 469.14 952.30 611.66 850.59 683.08 1009.42 664.76
00006440 00000264 668.35 268.17 391.01 531.96 817.31 492.93 1004.77 468.64 952.23 609.18 849.78 682.03 1009.36 663.45
00006441 00000265 668.26 269.05 391.12 530.57 817.31 492.80 1004.05 468.41 951.98 608.15 850.15 681.66 1008.71 662.99
00006442 00000266 668.25 268.77 391.16 531.43 817.54 492.99 1004.52 468.49 952.65 609.11 850.17 681.94 1009.43 663.20
00006443 00000267 668.62 269.34 391.63 531.87 817.83 493.30 1005.07 469.08 952.20 611.70 850.46 683.03 1009.30 664.56
00006444 00000268 668.83 270.55 392.05 531.69 818.42 494.58 1005.38 469.46 953.15 613.13 851.22 684.08 1009.55 664.91
00006445 00000269 668.90 270.18 392.21 532.37 818.74 494.62 1005.44 469.42 953.35 613.48 851.72 684.11 1009.57 664.85
00006446 00000270 668.84 269.08 391.87 531.80 818.63 493.27 1005.25 469.35 952.58 611.19 850.69 682.38 1008.98 664.19
00006447 00000271 668.00 266.92 391.36 532.61 817.56 491.60 1003.87 467.43 952.45 606.47 850.02 681.13 1008.32 662.74
00006448 00000272 667.68 264.68 389.97 531.93 816.53 489.81 1005.25 465.58 953.66 603.71 848.12 679.46 1009.69 661.23
00006449 00000273 666.39 265.64 389.97 529.54 815.81 488.67 1006.03 465.08 953.54 603.02 846.62 677.88 1010.08 660.29
00006450 00000274 667.76 263.16 389.78 532.49 817.79 493.72 1008.88 471.17 953.56 604.50 844.90 677.90 1009.01 661.29
00006451 00000275 669.33 262.47 389.90 535.26 821.18 500.91 1009.45 477.48 955.81 605.36 845.13 679.51 1007.22 662.77
00006452 00000276 668.62 262.60 390.57 535.00 819.93 497.54 1008.47 476.08 953.70 605.17 845.86 679.26 1006.75 663.54
00006453 00000277 668.13 261.58 389.53 535.25 817.52 494.06 1005.63 471.29 951.79 604.64 846.53 678.97 1008.26 661.94
00006454 00000278 667.73 261.73 389.16 533.90 815.52 491.83 1005.63 467.87 951.58 603.76 845.24 678.57 1009.60 660.58
00006455 00000279 670.87 259.61 388.49 531.74 813.77 492.38 1009.90 466.25 958.71 607.69 839.59 679.18 1004.43 659.18
00006456 00000280 671.73 259.93 387.51 531.86 816.51 495.68 1011.22 470.05 959.95 607.53 837.90 679.38 1002.43 660.17
00006457 00000281 671.19 260.32 388.95 532.72 815.71 495.11 1010.16 470.71 958.29 609.61 838.48 680.47 1001.83 662.08
00006458 00000282 670.13 260.06 389.27 534.13 812.56 494.45 1007.85 470.29 955.09 609.75 839.76 680.81 1002.97 662.26
00006459 00000283 669.59 261.95 390.00 532.54 812.54 492.92 1006.63 467.44 955.17 608.74 840.89 680.92 1002.59 661.21
00006460 00000284 669.79 262.49 389.97 531.67 811.60 491.96 1006.60 466.13 954.72 608.38 841.13 680.72 1003.14 660.60
00006461 00000285 670.08 263.33 389.83 530.28 810.83 490.98 1006.31 465.01 954.85 607.83 840.68 679.96 1003.91 659.76
00006462 00000286 669.83 262.87 389.92 529.87 810.96 490.47 1005.92 463.86 954.84 607.48 841.06 679.42 1004.10 658.72
00006463 00000287 670.33 262.51 389.62 530.25 811.64 490.08 1006.04 463.99 955.17 607.99 841.23 679.30 1003.88 659.02
00006464 00000288 670.69 262.53 389.86 530.96 812.39 490.06 1006.45 463.63 956.16 607.52 842.35 679.50 1004.57 658.93
00006465 00000289 665.74 266.10 391.30 530.69 814.20 490.43 1004.06 466.14 950.18 604.84 847.42 680.48 1008.44 662.11
00006466 00000290 665.86 265.86 391.59 531.06 814.81 490.55 1004.63 466.12 950.95 605.07 847.91 680.72 1008.60 662.29
00006467 00000291 665.62 266.99 392.00 529.90 814.99 490.75 1004.63 466.10 951.25 604.90 848.20 680.72 1008.54 662.11
00006468 00000292 665.19 266.60 392.42 530.00 814.76 490.49 1005.08 465.32 951.92 604.70 848.43 680.99 1009.50 661.93
00006469 00000293 665.04 266.37 392.48 530.17 814.57 490.42 1004.67 465.47 951.47 604.58 848.08 680.76 1009.37 661.84
00006470 00000294 665.86 265.59 391.62 530.79 815.10 490.25 1004.50 465.36 951.57 604.66 848.44 680.45 1009.07 661.60
00006471 00000295 665.74 266.04 392.00 530.70 815.19 490.39 1004.41 465.20 952.00 604.85 848.77 680.90 1009.12 661.81
00006472 00000296 665.64 267.54 392.10 529.42 815.10 490.27 1004.30 465.42 951.65 604.55 849.11 681.09 1009.06 662.23
00006473 00000297 665.47 266.77 392.44 530.37 815.21 490.40 1004.50 465.39 952.01 604.67 849.02 680.97 1009.34 662.02
00006474 00000298 665.48 266.43 392.34 530.84 814.86 490.56 1004.21 465.38 951.55 604.79 848.67 680.94 1009.33 661.84
00006475 00000299 665.46 265.94 392.03 531.20 814.16 490.16 1003.52 464.88 950.69 604.83 848.13 680.95 1009.17 661.73
00006476 00000300 665.55 266.66 391.10 529.96 813.88 489.97 1003.76 464.61 950.67 604.84 847.85 680.86 1009.40 661.56
00006477 00000301 665.47 266.90 391.05 529.68 813.85 489.81 1003.72 464.61 950.56 604.95 847.76 680.81 1009.33 661.63
00006478 00000302 665.60 266.78 391.21 530.00 814.29 489.97 1003.81 464.65 950.97 605.12 848.11 680.83 1009.33 661.57
00006479 00000303 665.36 267.62 391.44 529.30 814.02 490.46 1003.55 464.99 950.66 605.19 848.26 681.12 1009.04 661.76
00006480 00000304 665.75 267.20 391.12 529.84 813.92 490.45 1003.43 464.89 950.21 605.39 848.62 681.60 1008.85 662.13
00006481 00000305 665.78 267.15 391.49 529.83 814.26 490.49 1003.51 465.23 950.18 605.24 848.92 681.54 1008.61 662.31
00006482 00000306 665.67 268.20 391.64 529.01 814.23 490.49 1003.55 465.22 950.33 605.15 849.27 681.77 1008.52 662.49
00006483 00000307 665.52 268.12 391.80 529.00 814.57 490.42 1003.61 465.19 950.69 605.07 849.42 681.78 1008.29 662.58
00006484 00000308 665.55 267.86 391.80 529.21 814.73 490.49 1003.69 465.25 950.86 605.23 849.37 681.58 1008.44 662.39
00006485 00000309 666.03 267.16 391.57 530.02 814.98 490.69 1003.61 465.44 950.85 605.31 849.45 681.78 1008.40 662.58
00006486 00000310 666.39 267.37 391.63 530.32 815.49 490.92 1003.58 465.78 950.91 605.72 850.44 682.15 1008.19 662.98
00006487 00000311 666.91 267.46 391.05 530.26 815.50 491.12 1003.64 466.21 950.66 606.17 850.32 682.33 1008.15 663.30
00006488 00000312 667.10 267.20 391.32 531.26 815.66 491.51 1003.32 466.47 950.57 606.28 850.23 682.31 1008.17 663.15
00006489 00000313 667.23 266.88 391.18 531.51 815.65 491.50 1003.37 466.63 950.41 606.15 850.43 682.16 1008.28 663.13
00006490 00000314 667.72 266.04 390.82 532.54 816.16 491.75 1003.50 466.77 951.06 606.16 851.11 682.40 1008.54 663.25
00006491 00000315 667.30 266.57 391.35 531.97 815.99 491.90 1003.57 466.79 950.93 606.22 851.22 682.49 1008.76 663.21
00006492 00000316 667.50 267.81 391.86 531.30 816.79 492.50 1003.83 467.37 951.67 606.71 851.69 682.73 1008.74 663.47
00006493 00000317 668.17 268.78 392.11 532.21 817.87 493.39 1004.53 468.07 952.85 609.46 852.22 683.58 1009.33 664.19
00006494 00000318 669.67 270.68 391.54 533.33 818.38 495.73 1006.78 469.67 954.20 615.46 851.55 686.33 1011.17 666.32
00006495 00000319 669.92 278.07 391.52 532.97 816.98 502.51 1005.70 478.60 951.21 621.68 850.62 692.71 1010.56 673.97
00006496 00000320 672.05 290.06 391.60 533.82 819.58 516.54 1007.42 490.26 955.76 635.22 850.66 700.89 1012.96 680.68
00006497 00000321 672.37 294.17 392.37 535.61 820.85 527.82 1010.65 500.83 958.36 641.61 850.77 707.44 1014.54 686.63
00006498 00000322 672.49 293.52 391.03 539.30 822.34 533.28 1013.77 505.53 961.64 644.09 850.09 709.60 1015.05 688.58
00006499 00000323 673.26 290.51 391.11 539.14 822.41 533.08 1012.76 505.29 960.33 642.68 850.13 707.10 1015.61 686.02
00006500 00000324 673.15 287.75 389.13 538.29 819.12 527.85 1009.18 499.30 956.74 637.69 851.04 705.13 1015.74 682.92
00006501 00000325 672.92 287.86 389.45 532.52 818.51 516.37 1008.03 492.36 953.99 632.37 851.19 700.38 1014.24 681.73
00006502 00000326 671.71 280.55 389.75 534.23 817.10 508.10 1005.66 483.51 951.16 625.19 851.85 695.91 1012.59 676.51
00006503 00000327 670.45 273.69 389.81 536.97 816.27 502.92 1004.85 479.84 949.86 618.48 850.42 693.05 1009.53 674.90
00006504 00000328 669.40 272.13 389.80 536.18 815.92 500.43 1003.97 476.37 950.10 617.20 851.18 691.75 1009.28 672.98
00006505 00000329 669.26 271.79 389.25 536.01 815.55 500.11 1003.45 475.95 949.79 616.75 852.33 692.00 1009.30 673.02
00006506 00000330 668.88 273.72 389.37 535.17 815.20 501.29 1003.73 477.45 949.64 617.77 851.48 692.47 1009.64 673.73
00006507 00000331 667.87 276.49 391.39 535.30 814.49 503.07 1003.46 478.80 949.59 620.86 851.93 694.92 1010.23 675.72
00006508 00000332 667.32 277.29 392.48 537.92 815.01 506.57 1001.86 482.41 949.07 623.08 851.76 695.63 1009.82 676.55
00006509 00000333 667.77 283.95 391.75 533.81 816.44 509.59 1003.21 485.39 951.58 627.47 852.27 697.39 1010.59 678.45
00006510 00000334 667.08 286.11 392.39 535.05 816.87 513.21 1004.33 488.67 953.31 630.68 852.03 699.26 1011.66 680.09
00006511 00000335 667.40 287.91 391.93 533.17 816.57 513.41 1003.76 488.74 952.88 630.76 851.87 699.53 1011.38 680.28
00006512 00000336 666.63 288.86 392.28 530.11 815.82 511.27 1003.39 487.01 952.08 629.77 851.78 698.63 1010.52 679.71
00006513 00000337 666.87 284.23 392.06 532.28 814.45 508.14 1001.63 484.28 949.13 626.47 851.87 697.03 1010.29 678.21
00006514 00000338 665.45 279.70 392.98 534.46 812.51 505.61 1000.20 482.15 946.43 623.06 851.02 695.72 1008.75 677.18
00006515 00000339 664.41 281.23 393.05 530.37 811.42 503.41 1000.54 479.84 946.19 621.35 851.35 695.56 1008.57 676.86
00006516 00000340 664.38 279.65 392.82 530.75 811.14 501.40 1000.84 477.29 946.75 620.25 850.34 693.92 1008.82 674.90
00006517 00000341 663.56 276.87 393.10 532.25 810.38 499.32 1000.38 476.37 945.36 617.94 850.23 692.90 1008.13 674.76
00006518 00000342 664.01 277.39 393.11 531.89 810.60 498.91 1000.82 476.07 945.60 618.23 850.16 692.97 1008.21 674.95
00006519 00000343 664.95 279.23 392.95 532.77 811.59 502.08 1000.54 478.22 946.61 620.88 851.79 694.86 1009.24 675.88
00006520 00000344 665.88 279.57 393.83 538.21 813.61 507.06 1000.30 483.26 947.46 625.60 851.16 696.23 1009.33 677.48
00006521 00000345 669.25 283.87 391.91 541.03 816.93 517.80 1003.88 490.90 953.95 634.09 852.45 701.97 1014.17 680.85
00006522 00000346 669.90 291.96 391.95 538.35 818.76 525.96 1007.62 498.95 956.88 640.18 851.85 707.14 1014.54 686.04
00006523 00000347 670.49 299.87 391.66 535.53 820.30 532.27 1009.29 503.79 959.73 647.97 852.67 713.19 1013.93 690.82
00006524 00000348 669.59 301.71 394.04 536.31 820.25 537.26 1009.40 507.39 960.28 650.34 852.92 716.71 1013.20 693.12
00006525 00000349 669.77 304.63 394.27 534.47 819.98 538.43 1010.19 508.56 959.81 652.33 851.68 718.38 1012.42 694.96
00006526 00000350 669.60 301.63 394.28 536.14 820.33 538.25 1009.72 508.23 960.43 649.67 853.37 716.95 1014.00 693.12
00006527 00000351 670.00 302.78 394.05 533.37 820.77 534.37 1009.47 505.39 960.46 648.42 853.81 714.95 1012.84 692.16
00006528 00000352 670.52 299.04 392.05 535.26 820.53 530.47 1010.31 502.28 959.72 645.50 853.45 712.72 1014.30 690.70
00006529 00000353 670.54 298.92 391.38 531.62 818.72 526.90 1009.59 500.40 958.21 641.65 852.65 710.11 1014.52 689.28
00006530 00000354 671.16 291.66 390.73 534.83 819.06 521.81 1007.01 495.79 956.77 635.96 854.05 705.34 1014.85 684.82
00006531 00000355 670.79 288.03 391.31 535.11 818.20 516.63 1005.69 490.07 955.21 631.76 854.46 702.98 1013.70 682.06
00006532 00000356 669.22 287.43 391.84 531.70 816.67 510.37 1004.39 485.34 952.86 628.42 853.52 699.44 1012.60 679.73
00006533 00000357 667.78 281.09 391.81 532.21 814.52 506.01 1002.50 481.22 949.84 622.23 853.79 696.27 1011.08 676.54
00006534 00000358 667.07 276.14 392.65 534.06 813.83 501.71 1002.80 477.45 948.86 619.92 852.85 694.36 1010.14 675.07
00006535 00000359 666.26 275.93 392.67 532.60 813.05 499.01 1003.14 475.21 948.61 618.40 851.64 692.44 1009.49 673.71
00006536 00000360 665.79 275.65 392.80 532.20 812.49 498.48 1003.11 475.08 948.10 617.94 851.04 692.02 1009.47 673.65
00006537 00000361 665.82 277.88 392.68 531.18 812.43 500.33 1002.59 476.47 947.86 619.72 852.25 693.85 1009.50 674.93
00006538 00000362 665.81 279.16 392.85 531.99 812.88 503.01 1001.53 478.87 947.55 621.82 852.91 695.30 1009.05 676.09
00006539 00000363 666.52 281.75 393.08 533.42 813.47 505.45 1001.27 481.16 947.89 624.18 851.82 696.28 1008.76 677.16
00006540 00000364 665.42 286.10 394.60 534.94 814.97 510.29 1002.78 485.81 951.34 629.19 851.67 699.34 1009.97 680.29
00006541 00000365 666.52 283.84 394.07 540.75 815.74 516.20 1002.73 489.42 952.93 632.00 852.63 702.17 1012.19 681.33
00006542 00000366 667.56 287.02 392.78 538.86 815.95 519.27 1003.42 491.42 954.07 634.98 853.81 704.13 1012.93 682.39
00006543 00000367 667.20 291.10 393.17 536.10 816.04 520.74 1004.18 492.95 955.33 636.99 853.90 705.47 1013.67 683.67
00006544 00000368 667.12 291.41 393.40 536.07 816.18 520.83 1004.62 493.39 955.31 637.18 853.25 705.55 1013.51 684.07
00006545 00000369 667.02 287.84 393.39 538.65 816.20 519.95 1003.81 492.38 954.57 635.87 854.35 704.91 1013.46 683.32
00006546 00000370 666.98 285.00 393.35 540.09 815.76 518.09 1002.74 490.31 953.93 633.30 854.62 703.70 1013.71 681.90
00006547 00000371 666.65 285.81 393.06 536.59 816.06 513.55 1002.72 487.25 953.28 630.23 854.14 701.05 1012.10 680.50
00006548 00000372 666.05 285.42 393.02 531.45 813.55 506.81 1000.95 482.28 948.72 624.09 852.93 697.94 1009.20 678.62
00006549 00000373 665.83 282.19 392.55 529.46 811.70 503.59 1000.77 479.46 946.43 620.26 853.18 696.17 1009.12 676.95
00006550 00000374 667.57 273.22 391.40 536.63 812.73 502.26 1002.16 478.44 947.19 618.39 852.82 694.64 1010.22 675.65
00006551 00000375 667.87 275.46 390.37 534.28 815.69 511.67 1005.92 485.62 951.02 620.59 850.75 694.53 1008.68 674.57
00006552 00000376 668.24 274.70 390.80 537.12 817.17 515.33 1003.78 489.91 950.54 621.12 850.88 695.02 1007.34 675.50
00006553 00000377 667.12 280.18 392.07 538.97 816.28 517.73 1003.65 491.15 952.47 627.86 851.81 699.29 1011.11 678.61
00006554 00000378 669.71 284.21 390.46 542.32 816.34 527.47 1005.95 497.74 954.06 636.99 850.44 704.35 1013.81 681.22
00006555 00000379 669.60 286.77 392.98 547.69 817.91 539.91 1010.21 507.84 958.05 647.99 849.12 713.22 1015.21 688.55
00006556 00000380 668.81 290.17 393.45 548.17 816.65 543.51 1009.34 512.07 955.88 650.43 847.66 717.92 1011.97 693.90
00006557 00000381 668.03 292.24 393.16 546.95 815.68 543.50 1007.41 511.18 955.17 651.06 848.75 718.71 1012.08 693.83
00006558 00000382 668.01 289.62 393.41 547.57 814.52 539.95 1007.67 507.96 954.40 649.37 848.84 716.57 1014.34 691.82
00006559 00000383 667.74 289.44 391.67 542.28 812.67 535.44 1006.65 505.68 951.42 642.89 846.27 711.35 1013.11 688.52
00006560 00000384 666.12 285.58 388.97 540.23 811.41 528.47 1002.97 498.55 949.51 635.50 845.92 704.91 1011.04 681.80
00006561 00000385 662.37 282.87 393.14 541.39 807.23 521.38 997.46 492.20 945.38 629.90 845.21 702.12 1010.19 679.39
00006562 00000386 661.79 282.17 393.50 538.02 805.79 511.92 995.58 485.70 942.19 625.14 845.52 698.10 1009.02 677.57
00006563 00000387 661.23 279.76 395.02 538.69 805.47 508.70 995.33 483.50 940.48 623.10 845.47 696.81 1006.93 677.15
00006564 00000388 661.43 278.80 394.69 538.95 805.79 508.97 995.37 483.21 940.78 623.23 845.47 696.46 1006.85 676.34
00006565 00000389 660.98 284.00 393.22 535.20 805.32 519.18 997.24 489.54 942.89 626.32 843.11 699.33 1006.48 676.65
00006566 00000390 663.67 280.30 391.76 540.83 808.56 523.24 999.50 493.22 945.57 629.48 842.02 698.33 1008.97 675.63
00006567 00000391 663.91 286.46 393.58 537.15 808.47 524.42 999.06 495.66 944.70 633.51 841.58 699.38 1008.45 677.59
00006568 00000392 660.70 286.60 397.35 537.82 804.30 516.29 999.46 491.08 940.23 635.53 826.76 691.49 1010.07 673.14
00006569 00000393 659.57 288.91 400.04 535.86 803.08 514.18 998.35 492.13 935.41 636.80 818.29 686.41 1006.96 670.96
00006570 00000394 658.41 290.97 400.42 530.82 802.20 510.15 998.70 488.98 934.46 635.66 815.24 681.94 1006.08 667.54
00006571 00000395 656.28 290.49 401.76 526.61 800.51 505.41 999.72 485.22 934.57 630.92 814.03 678.56 1006.29 665.18
00006572 00000396 653.95 284.29 402.88 527.25 800.88 501.27 998.93 480.79 935.80 623.22 814.81 672.90 1004.89 659.35
00006573 00000397 652.35 280.25 403.08 529.26 800.02 498.23 998.88 475.71 935.95 620.48 811.27 669.92 1003.96 654.96
00006574 00000398 650.90 279.69 404.04 529.38 798.71 498.68 997.92 475.80 934.63 620.51 810.27 670.17 1002.84 654.90
00006575 00000399 652.49 285.75 403.02 527.55 797.07 501.85 995.04 480.84 930.73 626.39 809.98 672.69 1002.13 658.82
00006576 00000400 654.27 292.85 401.56 525.22 796.14 506.07 996.90 485.45 929.98 634.26 807.85 678.03 1003.57 664.58
00006577 00000401 654.15 293.88 401.56 527.19 796.17 508.79 995.86 489.49 929.00 636.15 808.35 680.78 1002.73 668.26
00006578 00000402 650.85 287.33 407.13 532.37 789.00 515.94 990.47 491.52 932.72 640.98 803.74 682.33 999.94 664.88
00006579 00000403 650.45 286.06 407.17 532.32 788.77 514.81 989.40 489.38 932.71 639.40 803.45 680.94 999.35 662.69
00006580 00000404 650.30 283.36 406.13 532.72 789.59 512.78 989.15 487.86 932.95 637.00 804.71 679.89 998.61 661.95
00006581 00000405 649.18 284.69 405.88 530.43 788.80 511.20 988.95 487.20 932.73 635.02 804.69 679.96 997.53 662.82
00006582 00000406 649.35 284.94 405.73 531.12 788.76 512.00 988.65 488.38 932.06 635.75 804.58 680.16 997.60 663.29
00006583 00000407 649.89 285.00 405.08 533.03 788.64 513.63 988.32 489.02 931.59 637.16 803.42 680.84 997.43 663.32
00006584 00000408 650.05 284.60 405.28 534.11 788.11 514.69 988.65 490.03 932.11 637.96 803.49 681.30 998.85 663.68
00006585 00000409 650.58 284.79 404.91 534.34 788.94 514.15 989.31 489.37 933.23 638.48 803.93 681.81 999.07 664.09
00006586 00000410 651.29 284.95 404.24 533.45 790.00 513.38 989.70 488.64 933.53 638.05 804.74 681.77 998.43 664.07
00006587 00000411 650.87 283.18 404.82 534.35 790.61 512.25 990.54 488.73 933.96 636.55 805.57 681.35 998.30 664.54
00006588 00000412 650.59 282.38 404.83 534.96 790.65 511.86 990.64 488.45 934.26 635.62 805.62 681.15 998.29 664.42
00006589 00000413 651.62 283.56 404.47 532.75 790.46 512.51 990.15 488.41 933.65 636.28 806.45 681.42 998.63 664.03
00006590 00000414 651.86 284.74 404.00 532.20 791.08 512.99 990.20 488.04 934.44 636.59 806.61 681.87 998.39 663.91
00006591 00000415 652.37 285.29 403.59 531.81 791.63 513.12 990.50 488.40 935.29 637.05 806.78 681.99 998.72 664.35
00006592 00000416 652.54 285.55 403.41 531.12 791.17 512.73 990.43 487.98 934.70 636.75 806.75 681.77 998.89 664.02
00006593 00000417 651.89 284.63 403.42 529.81 791.08 511.33 990.14 487.39 934.34 634.56 807.51 681.54 997.69 664.32
00006594 00000418 650.84 280.82 403.49 530.94 791.21 509.56 989.26 485.37 934.59 631.65 808.40 680.17 996.85 662.50
00006595 00000419 653.26 285.47 397.57 528.91 791.75 509.55 994.76 484.47 935.87 630.70 806.56 682.20 996.39 664.29
00006596 00000420 652.15 283.21 399.81 530.55 794.17 518.20 995.84 488.42 938.75 635.71 804.42 683.85 995.49 662.78
00006597 00000421 653.74 283.87 397.53 529.47 797.75 511.10 996.95 484.58 932.84 630.53 809.96 678.41 1001.32 660.50
00006598 00000422 653.92 287.77 396.26 529.41 796.40 512.89 993.40 490.12 928.54 633.30 808.55 681.23 998.28 666.11
00006599 00000423 654.89 291.66 397.05 533.30 793.94 515.46 994.88 493.92 926.89 639.99 803.91 685.04 1000.45 670.89
00006600 00000424 650.58 293.57 404.23 531.58 788.52 523.51 988.45 496.36 932.15 647.05 802.18 688.07 996.89 668.85
00006601 00000425 651.57 293.19 402.60 531.13 789.36 524.24 988.49 496.57 932.85 647.22 802.35 687.61 996.77 668.12
00006602 00000426 653.97 293.43 398.57 531.40 795.98 520.68 998.33 497.92 929.50 643.83 804.07 686.61 998.07 671.91
00006603 00000427 654.45 290.19 397.18 530.56 797.09 517.79 996.80 493.89 929.81 636.63 806.37 684.37 997.57 668.65
00006604 00000428 653.53 286.96 396.17 528.44 797.90 513.16 996.08 488.35 931.53 631.68 810.22 681.15 998.32 664.55
00006605 00000429 651.45 286.06 399.67 530.41 791.76 517.72 992.11 489.71 934.25 635.79 805.89 686.46 992.72 666.23
00006606 00000430 649.44 280.49 403.38 533.75 790.31 512.50 987.36 485.44 934.21 632.10 808.61 683.51 993.72 663.57
00006607 00000431 650.01 280.57 403.15 535.02 789.40 513.14 987.54 486.01 933.45 632.67 807.76 684.18 994.59 664.18
00006608 00000432 650.60 282.43 402.35 533.74 790.08 512.87 988.15 486.12 934.36 633.28 807.76 684.47 994.77 664.93
00006609 00000433 651.83 283.89 401.60 532.33 790.43 512.42 988.05 485.72 934.15 632.24 808.83 684.64 994.89 665.13
00006610 00000434 651.61 281.72 401.87 533.78 791.13 511.68 988.43 485.16 934.76 631.14 809.99 684.11 994.99 664.60
00006611 00000435 651.27 281.82 402.43 533.37 791.73 510.88 988.64 484.05 935.60 630.09 810.77 683.79 995.20 663.97
00006612 00000436 651.41 279.80 402.13 534.81 791.85 510.56 988.41 483.55 935.54 630.22 810.83 683.33 994.92 663.30
00006613 00000437 651.73 280.22 401.94 533.54 791.92 510.50 988.12 483.79 934.89 629.87 811.31 683.34 994.63 663.55
00006614 00000438 652.09 281.47 401.13 533.38 791.86 510.86 988.09 484.31 934.73 630.18 811.30 683.77 994.57 664.14
00006615 00000439 652.25 281.10 401.12 533.84 791.62 510.76 988.02 484.02 934.58 630.11 811.17 683.73 994.67 663.95
00006616 00000440 651.02 279.34 401.27 534.44 792.01 509.61 988.55 482.76 936.00 629.51 811.07 683.03 994.29 663.17
00006617 00000441 650.78 278.29 401.88 534.96 791.90 508.70 988.74 481.56 936.31 629.24 811.28 682.96 994.47 662.69
00006618 00000442 649.72 278.41 402.65 534.25 791.83 507.99 988.43 481.37 936.12 628.71 811.16 682.50 993.96 662.53
00006619 00000443 650.03 279.35 402.45 532.83 791.51 507.88 988.14 481.46 935.70 628.82 811.70 682.69 993.75 662.84
00006620 00000444 650.40 280.60 402.08 532.14 791.66 508.55 987.88 481.58 935.54 628.83 812.06 683.25 993.77 663.03
00006621 00000445 651.43 279.76 401.95 534.37 790.87 509.51 987.96 481.97 934.80 629.52 811.52 683.88 995.08 663.18
00006622 00000446 652.45 281.05 401.68 532.39 791.97 509.88 989.05 482.46 935.96 629.98 812.45 683.77 996.07 663.30
00006623 00000447 653.13 280.44 401.68 532.44 792.63 510.32 990.10 482.89 936.70 630.14 813.49 683.89 997.03 663.38
00006624 00000448 655.38 288.60 396.35 524.23 799.08 502.80 994.76 481.48 932.80 625.51 821.66 682.16 1001.12 667.08
00006625 00000449 656.36 287.18 395.89 525.18 800.83 502.18 996.36 480.34 936.04 624.59 824.15 682.21 1004.51 666.65
00006626 00000450 657.39 286.60 395.20 524.14 803.76 501.59 998.35 478.13 941.00 624.00 829.00 682.33 1007.18 665.31
00006627 00000451 659.26 282.80 395.08 525.83 807.64 501.17 1002.17 477.60 945.35 620.89 834.11 682.15 1009.02 664.88
00006628 00000452 663.54 277.65 391.62 527.19 811.21 500.32 1006.39 474.75 950.65 616.74 840.51 682.67 1012.17 663.41
00006629 00000453 666.76 269.45 396.36 530.21 817.85 500.71 1004.79 470.12 957.80 617.60 845.12 680.56 1010.49 656.86
00006630 00000454 671.05 264.67 394.10 528.94 823.10 499.76 1008.64 465.45 966.05 608.20 854.65 679.27 1015.14 652.16
00006631 00000455 674.69 261.20 390.84 529.16 826.56 497.57 1011.94 460.86 970.86 601.42 858.32 676.07 1019.59 647.03
00006632 00000456 677.06 259.89 388.88 528.35 828.58 494.90 1012.87 455.49 975.22 596.03 859.07 673.11 1021.51 642.04
00006633 00000457 678.12 257.80 388.92 528.71 830.00 491.76 1016.07 449.01 979.98 590.51 862.12 671.08 1025.97 637.06
00006634 00000458 678.84 256.16 386.49 536.04 829.70 491.41 1017.21 450.23 985.85 589.34 860.76 670.88 1031.61 640.15
00006635 00000459 679.63 254.90 386.40 535.89 831.00 490.37 1017.37 449.15 987.73 585.49 863.14 669.41 1032.41 638.59
00006636 00000460 680.32 252.71 388.07 537.89 832.51 489.69 1018.16 448.22 989.58 583.93 864.91 668.54 1033.84 637.48
00006637 00000461 680.21 253.11 388.99 536.94 833.18 490.42 1018.04 447.89 990.45 583.39 866.20 668.19 1034.55 636.26
00006638 00000462 680.48 252.59 389.26 536.61 833.47 490.22 1018.16 448.26 990.24 582.17 868.11 668.22 1035.36 636.57
00006639 00000463 680.71 251.35 389.61 537.65 833.94 489.69 1018.10 447.24 991.11 581.29 868.24 667.54 1035.30 635.63
00006640 00000464 680.13 251.33 389.96 537.09 834.35 488.92 1018.81 447.10 991.53 580.20 867.99 666.61 1034.92 635.31
00006641 00000465 680.84 250.40 389.82 536.78 833.92 487.97 1018.54 444.85 992.46 579.50 868.76 665.97 1036.60 633.62
00006642 00000466 681.20 247.05 389.73 538.16 833.55 486.53 1017.99 443.58 990.93 577.87 869.50 665.03 1036.36 632.75
00006643 00000467 680.45 242.78 391.29 539.60 834.27 484.83 1017.43 442.44 990.83 575.67 871.12 662.82 1036.15 631.08
00006644 00000468 679.92 240.13 392.90 540.27 835.37 484.04 1016.82 440.63 992.47 574.63 872.91 661.06 1036.68 628.54
00006645 00000469 679.55 239.37 394.47 539.48 836.47 483.98 1015.69 438.38 994.05 572.46 874.56 659.63 1036.57 625.31
00006646 00000470 680.01 239.03 394.49 538.27 837.60 483.87 1015.27 436.58 995.81 571.10 876.68 659.01 1037.07 623.33
00006647 00000471 679.99 236.60 394.33 538.41 838.03 483.00 1014.45 435.56 996.19 568.35 877.40 657.36 1037.03 621.52
00006648 00000472 679.71 235.96 395.54 537.59 838.07 482.74 1014.54 434.91 996.79 565.66 877.59 656.27 1038.14 620.05
00006649 00000473 679.47 236.21 395.09 535.53 837.99 481.97 1014.13 434.06 996.66 564.40 877.91 656.11 1037.32 619.86
00006650 00000474 679.49 237.48 391.48 533.64 839.66 480.47 1018.52 432.87 992.84 565.72 881.51 657.56 1036.69 618.33
00006651 00000475 678.11 237.12 392.49 531.72 837.44 480.33 1017.28 432.42 990.73 564.86 880.24 656.18 1036.87 616.50
00006652 00000476 676.68 236.75 393.24 531.00 835.72 480.22 1016.49 431.35 989.60 564.19 878.28 655.38 1036.54 614.92
00006653 00000477 675.63 238.60 393.93 528.36 835.70 480.48 1015.86 431.55 989.90 563.28 878.57 654.73 1035.88 614.33
00006654 00000478 675.75 234.14 393.40 531.85 834.21 479.84 1015.32 431.65 987.41 562.15 878.50 653.78 1036.41 613.75
00006655 00000479 675.64 233.95 392.84 531.66 834.37 479.58 1014.86 430.89 987.56 562.03 879.42 653.80 1036.07 613.41
00006656 00000480 676.02 233.18 393.79 531.32 835.01 484.48 1015.63 433.66 989.75 561.45 877.27 654.80 1035.60 613.06
00006657 00000481 676.38 233.74 394.58 530.46 836.72 488.47 1016.50 434.94 993.16 561.26 878.01 655.72 1035.77 612.15
00006658 00000482 677.35 232.39 392.78 532.27 837.95 486.34 1017.10 436.68 991.49 561.92 878.62 654.72 1035.49 614.15
00006659 00000483 676.59 233.12 392.86 531.59 835.71 483.14 1015.86 432.81 990.40 561.46 878.52 654.44 1036.08 613.04
00006660 00000484 676.17 232.33 394.25 532.38 834.97 481.93 1015.94 431.47 990.34 560.70 878.76 654.05 1037.01 612.32
00006661 00000485 675.96 232.72 394.04 532.00 834.65 480.17 1015.87 430.34 990.37 560.49 878.70 653.60 1037.12 612.30
00006662 00000486 676.45 231.52 393.53 532.98 835.18 479.78 1015.06 429.45 990.29 560.14 881.09 653.23 1037.64 611.50
00006663 00000487 676.42 230.71 393.26 534.17 835.54 479.33 1015.11 429.10 990.49 560.27 881.14 653.28 1037.32 611.65
00006664 00000488 676.21 230.74 393.77 534.03 835.84 479.14 1015.40 429.27 990.51 560.29 881.80 653.35 1037.22 612.03
00006665 00000489 676.11 231.10 393.68 533.72 835.70 478.98 1015.27 429.30 990.49 560.24 881.70 653.09 1037.39 611.91
00006666 00000490 676.32 230.96 393.57 534.03 835.65 479.20 1015.26 429.70 990.15 560.23 881.97 653.40 1037.58 612.29
00006667 00000491 676.09 230.17 393.59 534.16 835.95 479.41 1015.22 430.01 989.94 560.53 882.43 653.52 1037.13 612.54
00006668 00000492 675.75 230.88 393.76 533.31 835.63 479.17 1015.28 429.87 989.92 560.62 882.38 653.52 1037.05 612.63
00006669 00000493 675.47 231.01 393.98 532.97 835.18 479.16 1015.20 429.83 989.61 560.64 882.25 653.59 1036.94 612.69
00006670 00000494 675.21 230.04 393.93 534.53 835.23 479.16 1015.09 429.51 989.93 560.26 882.49 653.91 1037.01 612.80
00006671 00000495 675.23 229.83 393.60 534.53 834.95 479.25 1015.12 429.39 989.88 560.23 882.31 654.22 1036.97 612.90
00006672 00000496 675.16 229.13 394.04 535.65 834.20 478.84 1014.60 429.90 988.47 559.97 882.74 654.09 1037.40 613.43
00006673 00000497 674.89 229.89 393.82 535.09 833.65 478.14 1014.58 429.34 988.32 559.65 882.57 654.29 1037.49 613.68
00006674 00000498 674.70 230.55 393.81 534.51 833.51 477.80 1014.62 428.89 988.44 559.61 882.11 654.17 1037.42 613.47
00006675 00000499 674.02 231.62 394.41 533.12 833.13 476.96 1014.24 428.42 988.03 559.37 882.17 653.79 1037.08 613.37
00006676 00000500 673.61 231.04 394.96 534.29 832.80 477.19 1013.86 428.44 987.49 559.71 882.32 654.04 1037.19 613.44
00006677 00000501 674.00 231.40 394.07 534.07 832.82 476.29 1013.69 428.18 987.31 559.62 882.55 653.67 1037.09 613.56
00006678 00000502 673.76 230.55 394.17 535.79 832.45 476.30 1013.59 428.36 987.51 559.52 882.19 653.74 1037.33 613.76
00006679 00000503 673.73 230.92 394.40 536.70 832.38 476.48 1013.01 427.97 987.92 559.14 881.73 654.06 1037.25 613.66
00006680 00000504 673.39 231.13 394.20 538.86 831.80 475.85 1011.98 428.02 987.23 558.73 881.57 654.15 1037.58 614.31
00006681 00000505 673.80 229.19 395.88 544.78 829.59 474.87 1006.17 427.85 988.33 553.98 875.94 654.03 1033.64 617.67
00006682 00000506 674.62 228.61 394.21 551.00 831.73 476.93 1005.32 429.92 988.48 553.79 877.21 655.82 1030.88 619.39
00006683 00000507 674.12 227.28 393.26 556.90 831.09 476.61 1003.20 432.61 986.03 553.31 876.04 658.19 1026.88 624.20
00006684 00000508 673.91 227.54 391.90 559.09 828.99 476.36 1002.03 435.12 982.64 553.11 875.34 659.62 1025.68 627.86
00006685 00000509 673.09 225.53 391.54 564.08 826.69 476.89 999.29 436.67 978.74 552.91 875.11 661.02 1024.75 630.07
00006686 00000510 672.50 226.52 390.38 562.97 825.19 476.10 998.38 436.65 975.86 552.31 875.32 661.19 1024.63 630.60
00006687 00000511 671.99 226.46 390.51 564.38 824.11 475.66 997.64 437.04 974.60 552.25 875.30 661.39 1024.96 631.39
00006688 00000512 671.00 227.04 391.28 564.67 823.27 475.08 997.50 436.64 973.33 551.91 875.32 661.30 1025.12 631.32
00006689 00000513 671.09 226.63 389.82 564.21 822.70 474.40 997.10 436.58 972.20 551.13 875.46 660.76 1024.55 631.20
00006690 00000514 670.13 227.25 389.83 562.91 822.37 473.52 996.05 435.61 971.87 550.47 876.22 660.25 1023.88 630.58
00006691 00000515 669.69 227.90 389.15 561.57 822.17 472.61 995.59 435.37 972.04 550.06 876.32 659.74 1023.29 630.71
00006692 00000516 668.95 227.95 390.94 561.23 822.04 472.49 995.46 435.02 971.65 549.77 877.11 659.35 1023.42 630.06
00006693 00000517 669.53 228.45 390.61 559.84 822.52 472.17 995.59 434.67 971.59 549.71 877.74 659.09 1023.36 629.72
00006694 00000518 669.66 229.05 390.27 558.08 822.80 471.99 996.08 434.65 972.12 549.75 878.25 658.66 1023.57 629.35
00006695 00000519 669.84 227.25 390.32 559.45 822.96 472.29 995.37 434.56 972.30 549.56 878.53 658.28 1023.49 628.61
00006696 00000520 669.55 227.96 390.77 557.82 822.57 472.19 995.42 434.27 972.16 549.19 878.10 657.71 1023.49 627.98
00006697 00000521 669.33 227.73 391.15 557.68 822.73 471.53 995.43 433.72 972.38 548.38 878.95 657.53 1023.59 627.72
00006698 00000522 669.99 226.69 390.41 558.89 822.82 471.27 995.28 433.70 972.15 548.55 878.80 657.66 1023.28 627.98
00006699 00000523 669.82 226.17 390.64 559.43 822.71 471.31 995.37 433.57 972.34 548.75 878.64 657.84 1023.26 628.05
00006700 00000524 669.58 226.56 390.98 559.22 822.95 470.92 995.52 433.42 972.49 548.68 879.01 657.75 1023.23 628.08
00006701 00000525 669.66 226.34 390.58 559.45 822.97 470.91 995.58 433.45 972.46 548.54 879.33 657.83 1023.41 628.13
00006702 00000526 669.60 225.73 389.31 561.23 822.82 470.51 993.86 433.61 971.09 548.30 882.62 659.90 1022.24 630.54
00006703 00000527 670.48 226.86 387.05 560.70 823.68 469.57 992.75 433.50 969.86 547.44 886.52 661.03 1021.30 631.94
00006704 00000528 670.68 225.65 386.45 563.17 823.33 470.14 992.43 433.33 969.50 547.24 887.96 662.96 1021.94 633.56
00006705 00000529 672.04 221.15 385.77 563.20 829.34 475.00 998.01 429.69 976.68 550.05 877.91 670.00 1016.01 633.26
00006706 00000530 671.48 226.55 381.57 564.89 824.96 479.99 991.52 441.12 968.97 550.09 886.95 666.14 1019.16 636.92
00006707 00000531 670.62 231.01 383.82 561.09 824.04 480.01 992.01 440.77 967.61 551.15 886.59 666.66 1020.47 636.96
00006708 00000532 669.93 226.16 384.99 559.69 827.92 481.84 992.06 435.91 974.43 552.28 877.54 671.99 1011.47 634.59
00006709 00000533 665.34 230.58 388.11 555.93 825.55 483.95 988.87 438.10 972.01 552.98 877.15 673.18 1009.50 635.77
00006710 00000534 661.97 230.50 390.75 556.50 820.79 484.35 987.03 439.87 965.80 555.63 871.86 674.65 1005.41 638.17
00006711 00000535 656.42 225.31 392.36 561.31 810.95 484.02 981.03 439.46 955.52 555.88 866.53 675.28 1002.25 638.11
00006712 00000536 653.40 223.38 390.18 565.61 804.79 482.77 975.35 439.55 946.87 558.60 860.41 676.22 996.96 640.15
00006713 00000537 649.87 219.64 390.84 571.52 795.56 480.67 969.41 439.90 934.25 559.39 852.01 674.87 992.12 640.22
00006714 00000538 646.26 214.51 391.45 578.90 786.50 478.76 962.70 439.17 925.98 560.00 845.93 675.29 989.04 641.07
00006715 00000539 640.87 212.97 392.94 581.64 778.89 476.93 953.85 438.65 915.71 561.94 840.59 676.64 980.69 643.43
00006716 00000540 633.00 211.54 398.27 586.69 772.79 475.97 946.45 436.35 909.44 562.15 836.90 676.62 975.30 642.08
00006717 00000541 630.30 207.38 397.33 591.43 767.94 474.33 941.25 433.41 905.22 562.33 834.64 676.95 971.40 641.08
00006718 00000542 627.63 209.15 397.75 590.15 763.71 473.51 938.76 432.67 901.85 560.82 831.70 676.14 970.03 640.31
00006719 00000543 625.12 209.45 397.97 589.71 761.12 472.55 935.71 430.54 899.17 560.16 829.69 675.70 967.33 639.12
00006720 00000544 623.12 211.89 397.29 587.02 758.92 471.73 933.10 429.09 897.16 559.99 827.50 675.90 964.07 639.15
00006721 00000545 621.35 212.87 396.03 585.01 757.59 470.17 931.39 428.16 895.67 558.38 826.04 674.51 961.47 638.53
00006722 00000546 620.88 212.82 394.59 584.42 756.11 467.53 930.86 426.45 894.68 557.17 824.30 673.52 960.21 638.25
00006723 00000547 619.79 211.35 393.85 586.16 754.98 466.66 930.49 425.15 894.56 556.68 822.11 672.87 959.39 637.25
00006724 00000548 617.86 208.96 394.18 587.84 753.66 465.61 929.65 424.66 893.84 555.24 821.01 671.89 958.46 636.64
00006725 00000549 616.67 205.43 394.00 591.28 752.66 464.58 929.37 424.57 892.40 554.43 819.42 671.14 956.50 636.81
00006726 00000550 615.90 203.45 393.89 593.03 752.23 463.96 928.11 424.52 891.50 554.41 817.93 670.19 954.87 636.65
00006727 00000551 609.91 198.06 396.80 597.87 750.90 472.48 934.78 430.19 889.26 564.00 812.41 669.66 959.13 634.64
00006728 00000552 609.25 198.55 396.38 596.83 749.85 471.47 933.64 429.76 888.05 562.61 810.50 668.61 957.70 634.15
00006729 00000553 609.09 199.98 396.28 595.03 749.11 470.38 933.63 429.30 887.41 561.87 809.66 667.90 957.33 634.02
00006730 00000554 614.08 203.80 394.49 592.23 750.14 462.25 926.38 423.80 888.35 551.78 813.80 668.44 951.44 635.91
00006731 00000555 614.05 204.21 394.84 591.84 750.83 461.86 927.04 423.73 889.08 551.90 813.56 668.17 951.22 635.96
00006732 00000556 614.94 203.85 394.39 593.13 751.22 464.17 927.08 426.81 888.54 552.81 813.38 668.62 951.18 637.18
00006733 00000557 615.95 204.75 393.62 594.78 751.72 466.71 927.09 429.41 888.98 555.14 813.17 670.45 951.26 639.16
00006734 00000558 616.04 206.40 393.95 595.53 751.49 465.96 927.62 428.70 889.22 555.31 812.04 671.28 950.89 640.01
00006735 00000559 615.93 202.77 395.98 601.69 750.89 465.77 927.10 427.77 888.65 554.13 810.63 669.27 953.03 636.92
00006736 00000560 616.10 203.79 398.19 602.88 750.23 466.14 927.60 427.25 888.82 554.85 809.07 668.27 955.91 634.84
00006737 00000561 616.43 201.88 399.50 606.62 750.47 467.98 928.91 428.70 889.31 556.72 808.21 668.46 958.16 634.59
00006738 00000562 616.71 206.02 402.34 604.36 750.15 469.45 930.26 429.39 890.46 559.86 807.32 669.52 961.83 634.94
00006739 00000563 618.32 206.12 402.70 606.68 751.20 470.97 930.28 431.16 890.44 561.11 807.81 670.57 962.25 635.99
00006740 00000564 619.72 208.58 403.14 604.52 752.15 471.69 930.82 431.86 890.81 561.36 808.33 670.99 962.49 636.40
00006741 00000565 620.44 208.79 403.16 604.15 753.50 471.35 931.55 432.47 891.38 561.50 808.65 670.27 962.17 636.60
00006742 00000566 621.62 208.58 402.70 604.65 753.88 471.17 932.65 433.23 891.51 561.33 808.90 670.67 962.27 637.66
00006743 00000567 622.60 207.87 402.28 604.74 754.66 470.24 933.35 433.26 891.69 559.97 810.74 671.26 962.25 638.80
00006744 00000568 623.58 209.25 401.66 603.29 755.29 469.04 933.80 433.28 891.41 559.27 811.43 670.76 961.80 639.30
00006745 00000569 623.90 208.61 401.53 603.56 755.80 468.46 934.07 433.08 891.89 557.97 811.60 669.91 961.91 638.86
00006746 00000570 624.58 209.43 400.27 600.60 756.18 467.56 934.60 432.77 892.16 557.53 812.22 669.34 961.81 638.80
00006747 00000571 625.67 207.20 398.29 592.81 757.13 467.90 935.14 432.75 892.48 556.66 813.53 667.65 959.98 637.10
00006748 00000572 626.28 208.34 398.48 584.15 757.45 467.54 936.64 432.23 892.72 557.80 815.13 665.75 960.33 635.15
00006749 00000573 627.14 209.65 397.40 578.09 758.56 465.63 938.34 431.18 893.51 557.59 815.96 663.68 960.56 633.55
00006750 00000574 628.12 209.79 397.20 575.05 758.63 464.47 939.34 430.27 893.32 556.86 816.19 661.55 962.39 631.28
00006751 00000575 627.53 209.55 397.48 574.20 758.73 463.70 939.25 429.98 893.65 556.12 815.97 660.34 962.37 630.57
00006752 00000576 627.33 208.78 398.61 575.47 758.58 463.60 939.48 430.60 893.43 557.22 814.94 659.91 962.68 630.76
00006753 00000577 619.55 206.93 401.09 571.80 761.53 471.13 948.93 435.66 898.03 568.36 816.41 661.67 967.12 631.09
00006754 00000578 617.31 206.55 402.06 570.21 759.60 470.59 948.80 434.68 896.96 568.52 812.79 659.81 967.11 628.88
00006755 00000579 616.47 207.75 401.99 569.29 759.16 470.62 947.98 435.74 896.12 568.27 811.09 659.73 965.00 629.76
00006756 00000580 614.19 210.26 404.36 571.08 758.37 470.54 946.55 436.74 895.41 568.23 808.41 659.69 962.71 630.74
00006757 00000581 622.63 211.49 401.33 574.36 755.14 462.41 936.68 431.26 889.79 558.68 807.63 659.61 957.48 632.72
00006758 00000582 613.54 206.84 405.00 573.44 756.49 470.07 944.72 434.94 893.36 568.48 807.21 658.20 962.73 628.19
00006759 00000583 611.76 207.46 405.36 568.46 754.89 469.05 943.93 432.66 892.47 566.49 806.21 655.16 964.00 623.98
00006760 00000584 611.41 207.77 405.09 567.63 754.03 468.14 942.95 431.62 891.52 566.15 806.17 654.61 963.62 623.30
00006761 00000585 610.20 210.28 405.31 566.52 752.98 467.31 941.97 430.96 890.79 565.86 804.73 654.35 962.51 623.36
00006762 00000586 611.26 208.89 404.29 568.76 753.34 467.67 940.87 431.87 889.97 566.38 803.91 654.77 960.17 624.44
00006763 00000587 610.97 209.56 404.62 569.19 753.06 467.99 940.99 432.18 890.03 566.78 802.74 655.11 959.58 624.83
00006764 00000588 610.99 209.02 404.36 568.85 753.58 467.59 941.64 432.29 890.33 566.59 803.13 655.36 959.21 625.58
00006765 00000589 611.44 208.79 403.69 567.63 753.47 467.36 942.03 432.17 890.24 566.52 803.20 655.65 959.05 625.95
00006766 00000590 611.37 208.48 404.16 567.98 753.24 466.79 942.11 431.19 890.46 566.29 803.00 655.33 959.50 625.22
00006767 00000591 611.76 209.22 403.43 566.13 753.72 467.06 942.88 431.67 890.84 566.38 803.56 655.49 959.76 625.53
00006768 00000592 612.00 209.46 403.20 565.43 754.11 468.04 943.09 432.23 891.15 566.89 804.24 656.07 959.86 625.81
00006769 00000593 611.17 211.42 403.88 563.71 753.83 467.80 943.30 431.93 891.08 567.76 804.03 655.87 960.13 625.57
00006770 00000594 610.78 211.41 404.30 564.42 752.98 468.05 943.34 431.87 891.16 567.39 801.89 655.07 961.24 624.42
00006771 00000595 611.05 210.26 402.86 563.01 752.56 467.84 942.79 430.92 891.14 567.06 800.63 652.66 962.00 621.26
00006772 00000596 610.21 210.09 403.87 567.11 752.28 467.82 941.07 431.16 890.18 566.86 799.88 652.90 960.41 621.79
00006773 00000597 610.92 209.78 403.97 571.13 753.15 468.46 940.17 432.08 890.36 567.26 801.27 654.96 958.90 624.23
00006774 00000598 610.77 211.73 403.15 568.72 753.51 468.39 940.04 432.50 890.64 567.70 801.61 655.21 958.09 624.99
00006775 00000599 618.13 214.74 401.99 569.47 751.84 461.60 934.00 430.34 888.06 559.42 801.37 655.74 955.66 629.30
00006776 00000600 616.42 219.05 402.82 565.87 751.59 467.67 932.32 433.27 887.62 561.51 800.76 658.82 953.61 630.39
00006777 00000601 614.24 222.01 403.11 563.98 749.97 472.57 930.74 435.97 886.64 563.64 799.31 660.79 952.69 631.38
00006778 00000602 610.92 225.82 404.69 562.16 747.02 474.00 929.23 439.11 884.31 565.37 794.02 658.63 952.90 630.79
00006779 00000603 605.75 223.84 406.87 566.36 739.91 472.61 926.73 437.85 878.62 569.20 785.08 656.73 952.64 628.82
00006780 00000604 605.41 217.56 403.98 579.18 735.00 476.59 916.96 438.84 869.86 573.22 780.72 659.40 948.03 628.87
00006781 00000605 604.68 221.34 401.96 581.22 728.09 485.13 910.86 447.16 860.31 583.12 775.89 667.57 945.67 636.95
00006782 00000606 598.01 228.09 405.97 575.24 722.49 489.16 905.87 453.32 851.51 590.81 769.99 672.37 938.15 643.65
00006783 00000607 582.73 231.17 414.14 572.96 710.07 490.34 899.02 453.60 842.52 601.41 759.01 678.64 921.82 647.75
00006784 00000608 579.08 239.88 415.97 573.30 709.06 494.59 900.06 455.35 842.35 608.47 757.55 686.08 921.01 653.40
00006785 00000609 577.68 240.07 415.74 578.29 706.41 494.63 896.65 457.11 838.19 608.95 755.17 690.01 916.47 658.78
00006786 00000610 574.82 236.10 418.94 580.70 701.92 491.62 891.31 456.29 830.98 606.41 754.52 692.01 909.07 662.11
00006787 00000611 571.61 233.38 421.21 578.54 695.92 486.80 885.15 453.69 822.94 600.28 750.28 687.60 904.55 659.17
00006788 00000612 569.09 231.79 422.32 577.39 692.93 483.51 882.16 451.54 818.88 595.75 748.47 684.16 901.80 656.42
00006789 00000613 568.77 232.18 421.70 577.57 693.47 483.04 882.75 450.02 820.51 595.94 749.01 684.03 903.58 655.45
00006790 00000614 569.22 233.94 422.02 577.80 696.12 484.81 884.11 450.40 823.62 597.35 751.95 684.92 905.32 655.27
00006791 00000615 572.34 235.58 418.86 582.30 702.38 488.74 889.14 451.89 832.74 599.96 755.90 688.71 910.32 657.34
00006792 00000616 574.88 236.54 417.11 578.46 705.21 490.76 895.12 452.17 837.78 602.57 757.64 687.97 916.86 655.30
00006793 00000617 578.52 237.50 414.62 570.61 708.13 493.12 899.88 452.94 842.62 604.97 760.09 686.76 922.04 652.90
00006794 00000618 581.02 235.21 412.76 570.99 711.81 493.61 903.57 454.20 847.36 606.13 762.15 686.51 924.40 653.35
00006795 00000619 581.36 238.70 413.81 568.95 714.18 493.86 905.27 455.59 849.27 605.90 764.03 686.71 924.67 654.48
00006796 00000620 592.52 242.84 407.77 563.76 721.86 494.59 905.53 462.10 847.15 602.62 772.18 681.35 932.04 654.83
00006797 00000621 593.99 246.90 406.64 557.71 723.38 494.73 908.18 463.88 847.94 602.14 773.31 681.50 932.53 656.36
00006798 00000622 596.18 249.47 405.43 555.09 724.63 494.71 910.23 464.42 849.09 602.44 774.51 682.46 933.55 657.72
00006799 00000623 597.04 250.46 405.12 554.01 725.53 493.71 911.34 464.19 849.75 602.21 775.01 681.94 933.76 657.82
00006800 00000624 597.54 249.34 403.17 553.14 726.10 493.30 911.94 461.81 852.16 602.42 772.35 678.34 936.18 652.67
00006801 00000625 599.96 247.24 402.67 555.87 727.07 491.78 911.82 461.05 852.18 601.24 772.91 677.30 936.35 652.16
00006802 00000626 600.70 243.29 403.79 563.36 728.02 489.51 911.97 459.13 854.12 597.86 775.83 678.31 937.67 653.17
00006803 00000627 602.22 240.38 403.48 567.27 729.78 488.48 911.12 459.69 854.23 595.04 778.31 677.07 936.60 653.08
00006804 00000628 602.54 241.46 402.75 563.40 730.02 487.22 911.98 458.38 854.64 593.67 778.34 675.84 936.92 651.93
00006805 00000629 603.01 242.34 401.19 557.82 729.58 485.02 912.28 457.19 853.32 590.97 778.05 674.30 934.84 651.45
00006806 00000630 600.46 240.27 402.87 559.14 727.80 484.28 910.73 455.10 852.59 589.01 776.19 672.68 934.64 648.70
00006807 00000631 599.85 235.47 401.63 562.60 726.31 483.00 908.88 452.75 852.15 587.98 775.73 671.48 934.59 646.76
00006808 00000632 590.60 230.35 405.26 562.63 718.17 481.52 906.76 446.80 852.45 587.76 767.18 671.07 928.50 641.48
00006809 00000633 587.75 226.42 405.78 565.22 714.19 480.23 902.93 443.91 849.76 584.35 764.70 670.39 926.39 639.36
00006810 00000634 582.75 225.68 406.42 564.16 707.66 478.82 896.33 438.58 843.84 583.08 762.13 671.56 921.63 637.23
00006811 00000635 577.83 221.64 409.25 566.37 702.58 477.74 891.27 437.63 837.52 580.06 759.08 671.27 916.82 636.69
00006812 00000636 571.28 218.08 409.89 570.89 697.84 475.80 885.26 437.08 832.07 576.33 756.23 671.07 910.91 637.35
00006813 00000637 563.04 216.04 412.74 573.05 690.21 472.72 876.77 433.84 823.67 572.08 750.71 668.62 903.84 634.16
00006814 00000638 555.92 213.64 414.49 577.36 683.10 472.90 869.14 433.56 816.67 570.28 742.87 667.90 897.76 632.89
00006815 00000639 552.62 211.94 412.33 579.82 678.18 472.56 863.94 430.15 813.67 569.02 736.97 666.58 894.92 629.47
00006816 00000640 546.54 213.24 413.69 579.70 674.54 472.74 861.12 429.07 812.86 569.48 728.01 660.80 894.61 623.10
00006817 00000641 544.20 211.92 413.14 582.50 672.02 470.68 857.53 426.61 809.70 566.19 726.95 658.84 892.74 620.79
00006818 00000642 537.94 207.55 409.05 576.56 670.77 476.31 858.89 430.62 806.71 573.27 724.95 657.22 889.84 618.29
00006819 00000643 537.26 206.99 408.03 574.08 667.84 474.66 855.67 429.09 803.08 571.41 724.38 656.22 887.96 617.55
00006820 00000644 535.88 209.15 408.29 572.63 665.37 473.84 852.82 429.23 799.92 570.39 723.47 656.23 885.93 618.53
00006821 00000645 538.38 214.55 409.77 576.82 660.83 470.37 845.74 429.01 795.78 565.38 718.55 661.54 880.45 626.70
00006822 00000646 534.57 217.82 413.25 578.37 656.71 472.46 839.43 433.87 786.74 567.40 714.91 663.67 873.55 631.48
00006823 00000647 527.07 217.79 417.07 574.72 649.13 477.43 837.92 436.12 775.59 578.48 706.24 660.61 870.78 626.33
00006824 00000648 522.61 214.31 422.02 576.90 638.13 476.01 827.49 438.93 758.14 584.39 698.32 659.84 861.81 629.25
00006825 00000649 515.84 217.72 426.01 572.75 629.12 475.45 817.98 440.75 745.08 584.75 690.66 658.59 850.21 630.47
00006826 00000650 515.19 219.83 422.38 570.89 626.90 476.25 814.94 442.16 741.64 584.99 687.00 658.14 845.82 630.69
00006827 00000651 516.23 221.47 423.11 570.20 629.05 474.97 818.21 440.10 745.71 584.61 689.84 659.08 849.65 630.87
00006828 00000652 519.74 220.27 421.82 569.48 635.89 476.13 825.40 439.63 754.99 583.32 695.81 659.14 857.39 629.37
00006829 00000653 525.38 221.43 414.95 565.38 645.54 477.58 834.29 436.29 770.33 580.77 705.50 659.64 867.85 625.63
00006830 00000654 526.58 216.30 413.06 567.44 652.97 475.43 841.11 433.76 781.79 572.54 711.97 655.87 873.58 621.28
00006831 00000655 528.10 210.52 410.98 572.95 655.25 468.72 842.41 426.83 784.87 564.95 714.00 652.13 876.77 617.28
00006832 00000656 525.53 205.18 411.13 578.28 653.89 464.35 838.09 422.14 783.95 557.69 714.14 649.14 874.97 614.10
00006833 00000657 523.82 202.50 410.77 576.68 650.04 462.53 835.30 420.88 779.92 555.82 712.19 648.02 873.90 613.37
00006834 00000658 521.71 200.50 411.84 575.12 645.39 462.63 831.26 420.84 773.29 554.22 708.41 646.00 871.12 611.22
00006835 00000659 520.66 201.63 413.69 575.02 642.98 461.18 829.61 419.63 770.16 554.40 706.08 646.15 869.65 611.66
00006836 00000660 521.39 202.11 414.81 575.95 644.38 458.46 829.66 418.61 770.36 553.00 706.79 645.03 868.26 612.03
00006837 00000661 525.74 205.37 413.20 575.15 649.17 455.43 833.41 416.71 774.65 550.99 709.53 645.17 869.55 613.03
00006838 00000662 530.04 205.26 413.99 570.44 656.61 455.23 840.85 416.80 783.11 551.14 714.37 643.60 873.31 611.46
00006839 00000663 537.26 203.17 413.67 570.81 664.17 456.40 847.81 416.97 791.35 551.30 720.68 643.83 878.36 610.65
00006840 00000664 543.00 198.20 415.77 576.68 670.95 456.59 856.19 414.03 800.12 552.73 728.00 647.59 885.10 611.65
00006841 00000665 555.81 191.43 408.98 582.41 682.57 457.29 869.27 415.40 812.79 551.77 735.04 647.37 895.90 611.27
00006842 00000666 573.29 200.72 405.81 575.18 694.76 451.66 875.12 411.19 824.78 544.14 746.18 644.98 903.45 609.72
00006843 00000667 582.82 200.76 404.25 569.31 705.69 449.52 887.49 411.85 838.51 543.83 754.48 643.00 911.01 610.59
00006844 DELETE   590.51 206.24 401.70 558.79 715.97 446.34 900.50 408.90 852.56 541.09 762.32 639.62 921.36 608.21
00006845 00000669 596.02 200.59 402.23 558.92 724.79 441.49 912.55 415.24 853.96 541.78 776.28 632.24 937.54 610.40
00006846 00000670 600.10 200.64 401.29 555.58 730.53 440.04 916.64 415.26 858.70 541.52 779.91 630.56 938.70 609.98
00006847 00000671 601.37 205.85 402.03 550.20 733.44 440.27 920.37 415.87 861.84 543.38 781.25 631.45 939.16 611.22
00006848 00000672 604.15 202.43 400.57 552.83 738.35 444.93 923.34 418.97 864.58 543.80 783.34 631.93 939.15 610.60
00006849 00000673 606.58 206.01 400.23 549.48 743.30 450.34 924.72 420.35 869.50 545.17 785.47 633.02 939.55 608.51
00006850 00000674 609.05 205.45 400.70 549.57 744.53 452.23 926.58 421.83 870.63 545.67 786.55 633.84 940.99 609.07
00006851 00000675 610.41 203.38 401.96 550.24 743.85 450.88 929.57 421.64 870.17 544.38 786.04 633.74 942.84 609.83
00006852 00000676 610.50 202.77 404.56 550.90 744.71 446.64 932.89 420.04 871.80 545.64 787.36 633.77 943.85 611.95
00006853 00000677 612.23 199.45 405.03 555.12 746.24 444.93 937.01 419.78 874.47 545.62 788.13 634.57 946.25 613.93
00006854 00000678 612.84 199.88 404.94 554.96 749.08 444.65 939.00 420.15 877.89 545.92 790.80 634.65 948.17 614.43
00006855 00000679 614.51 196.02 403.99 561.89 751.53 445.19 941.09 420.94 880.76 547.03 791.59 635.85 949.97 615.81
00006856 00000680 614.85 197.25 403.55 565.39 753.07 444.79 941.22 421.23 882.13 548.49 792.68 637.23 950.49 617.47
00006857 00000681 614.36 198.72 404.45 569.15 753.82 445.64 941.00 422.38 883.23 550.02 792.78 639.08 950.39 619.64
00006858 00000682 614.51 198.84 404.77 575.85 754.45 445.40 940.58 423.19 884.12 550.57 791.70 640.25 949.92 621.79
00006859 00000683 615.49 198.18 404.64 580.58 755.74 445.25 941.10 423.72 885.06 550.96 792.24 641.24 950.57 623.27
00006860 00000684 616.23 198.58 403.98 579.14 756.73 445.61 941.17 424.16 886.06 550.57 793.21 640.75 950.97 622.71
00006861 00000685 616.74 197.88 403.99 577.65 756.90 445.87 941.33 423.92 886.14 549.81 794.81 641.08 951.47 622.57
00006862 00000686 616.90 197.85 404.20 574.42 757.25 446.79 942.12 424.62 886.43 550.15 795.57 641.05 951.82 622.28
00006863 00000687 617.23 198.01 404.39 572.14 757.44 448.97 942.64 425.68 886.78 551.22 796.38 642.09 952.51 622.34
00006864 00000688 617.67 201.41 403.86 570.27 758.37 449.12 943.31 426.61 888.00 552.50 796.69 642.67 952.57 623.51
00006865 00000689 626.52 207.16 399.75 572.06 761.60 443.09 939.58 421.51 888.04 546.27 800.53 642.04 949.03 623.58
00006866 00000690 625.02 210.81 402.97 581.54 761.17 442.97 939.16 421.24 888.22 546.01 801.35 646.68 949.24 627.36
00006867 00000691 623.73 212.67 405.55 587.10 761.09 442.95 937.93 423.39 886.78 547.99 798.56 648.82 947.45 631.22
00006868 00000692 623.75 211.37 404.94 578.02 758.87 447.12 937.99 426.46 884.04 550.18 796.03 645.30 948.71 627.33
00006869 00000693 614.35 206.55 407.54 569.96 754.37 453.35 941.82 430.85 883.07 558.72 789.11 643.10 950.65 624.18
00006870 00000694 611.61 204.30 410.10 572.71 750.07 450.77 940.17 429.38 878.01 556.83 786.64 643.55 947.84 625.82
00006871 00000695 610.42 206.45 410.27 571.29 747.57 447.82 937.88 427.77 873.83 556.06 786.06 643.41 944.51 626.97
00006872 00000696 617.78 214.33 406.41 572.06 751.33 443.43 932.01 422.75 873.71 547.69 791.08 643.72 938.40 625.80
00006873 00000697 617.74 213.33 406.00 575.25 753.29 444.17 932.63 423.50 876.72 549.34 791.67 643.93 939.95 626.10
00006874 00000698 618.49 212.77 405.33 574.38 754.33 445.92 933.06 425.44 877.88 549.74 791.62 643.56 941.75 625.98
00006875 00000699 613.17 206.36 406.89 565.42 752.17 452.89 940.81 429.62 880.45 557.29 791.09 643.99 949.39 624.57
00006876 00000700 614.13 205.84 406.76 562.13 752.20 453.21 940.95 428.81 880.20 557.23 793.58 643.84 950.36 623.41
00006877 00000701 614.38 205.96 406.58 561.31 752.15 454.00 940.77 428.77 880.56 557.62 794.48 643.53 951.57 622.30
00006878 00000702 614.37 206.13 406.67 561.85 752.31 454.29 940.89 429.28 880.64 557.65 793.76 643.28 951.60 622.21
00006879 00000703 614.85 206.85 405.40 560.54 753.26 455.57 940.49 429.87 881.47 558.39 794.17 643.22 951.88 621.52
00006880 00000704 614.26 206.65 404.78 559.63 753.62 457.56 941.02 431.41 882.15 558.94 792.78 642.98 951.65 621.01
00006881 00000705 613.61 208.00 404.67 560.53 753.79 458.87 940.75 433.87 881.90 559.01 791.32 643.81 949.75 622.93
00006882 00000706 612.58 208.84 405.21 560.51 753.03 459.47 940.40 433.77 881.77 559.54 792.08 645.05 949.88 623.64
00006883 00000707 611.93 209.80 405.74 561.77 752.83 459.06 940.45 434.26 881.32 559.48 791.96 646.29 948.91 625.64
00006884 00000708 611.48 207.99 406.41 569.50 753.07 459.44 939.40 434.95 881.23 559.56 791.19 647.38 948.11 627.09
00006885 00000709 618.82 215.77 402.92 571.85 754.31 453.61 932.04 431.15 879.17 551.62 795.22 649.64 943.00 630.61
00006886 00000710 619.02 217.27 402.10 573.47 755.10 453.59 930.65 431.55 878.96 551.12 795.21 649.96 940.95 631.36
00006887 00000711 619.10 217.96 402.20 571.94 754.64 454.86 930.88 432.73 878.90 552.25 794.27 649.78 941.97 631.17
00006888 00000712 619.35 218.27 403.31 567.96 753.96 456.21 932.77 433.94 878.89 553.85 792.55 648.65 943.99 630.04
00006889 00000713 612.97 215.60 404.98 559.02 754.34 463.54 940.92 437.54 883.19 562.69 791.08 646.17 950.66 624.31
00006890 00000714 612.67 215.10 404.91 560.09 755.03 464.79 940.08 438.28 883.83 564.34 790.48 645.70 950.42 623.45
00006891 00000715 618.64 226.80 405.01 561.84 753.10 466.11 932.91 439.58 880.28 564.90 788.69 650.44 947.32 629.35
00006892 00000716 618.11 232.82 404.13 562.24 754.81 467.80 930.45 442.59 880.69 564.37 790.25 651.77 944.50 632.26
00006893 00000717 622.96 225.37 401.12 554.38 756.26 462.27 938.17 438.83 882.92 562.22 786.91 642.21 951.56 624.32
00006894 00000718 620.31 213.21 396.92 549.63 759.69 456.27 944.88 430.91 888.32 556.95 788.45 634.29 952.20 613.42
00006895 00000719 624.01 207.66 395.58 551.24 763.63 447.93 949.41 422.70 896.67 550.74 798.47 633.13 959.07 611.70
00006896 00000720 632.70 211.93 392.00 552.90 771.29 439.43 951.08 416.77 904.93 545.42 809.56 634.35 963.36 615.86
00006897 00000721 636.80 212.05 390.94 556.51 776.74 442.24 954.59 418.49 909.47 544.56 816.50 638.28 964.89 618.78
00006898 00000722 640.52 210.38 387.60 555.08 777.89 443.16 956.35 419.18 910.93 546.03 819.10 639.67 966.53 620.02
00006899 00000723 639.81 211.24 388.69 554.52 776.94 444.38 955.72 419.52 909.91 548.74 817.35 640.28 966.15 620.06
00006900 00000724 638.68 215.22 390.67 551.10 775.60 444.95 955.41 421.09 908.28 551.88 815.31 640.97 965.84 621.51
00006901 00000725 638.06 218.96 392.12 549.41 774.83 445.96 954.28 422.39 906.10 554.05 814.11 642.56 964.31 623.18
00006902 00000726 637.47 220.58 394.41 552.67 774.54 446.21 955.35 423.88 905.78 553.92 814.23 645.28 964.38 626.57
00006903 00000727 638.11 220.32 395.14 557.38 774.96 446.63 954.62 425.03 905.02 553.86 814.32 646.27 963.31 627.95
00006904 00000728 640.10 220.02 394.11 554.69 775.43 447.45 956.39 425.41 906.31 554.81 814.47 645.99 964.93 627.47
00006905 00000729 641.37 219.37 394.68 553.34 774.48 449.16 958.29 426.90 907.22 558.50 809.60 642.77 969.34 624.58
00006906 00000730 643.78 221.81 391.90 546.95 776.28 449.97 960.63 427.80 909.20 559.19 810.34 641.85 970.58 624.07
00006907 00000731 644.14 224.48 393.98 548.03 777.32 451.69 962.70 428.32 911.80 560.48 810.01 644.04 972.32 625.45
00006908 00000732 645.57 225.32 395.32 547.51 779.64 452.54 965.70 429.82 914.09 561.18 814.40 646.55 973.48 628.10
00006909 00000733 647.02 228.17 395.00 544.18 780.39 452.94 966.97 429.01 914.74 562.59 817.35 648.17 974.70 628.54
00006910 00000734 648.17 228.50 393.62 542.92 781.02 453.03 967.43 429.63 914.94 562.66 818.97 648.57 974.86 629.30
00006911 00000735 648.23 227.65 393.82 543.69 780.56 453.82 967.50 430.18 914.98 563.66 819.59 650.13 975.10 630.52
00006912 00000736 649.50 227.48 391.76 545.30 780.69 454.26 966.28 430.42 914.52 563.06 821.87 651.89 973.94 631.83
00006913 00000737 649.65 226.40 391.33 545.67 780.30 454.25 966.55 430.88 914.51 564.20 821.12 652.44 973.53 632.88
00006914 00000738 649.53 226.97 391.62 546.26 780.38 454.83 966.14 431.53 914.05 564.46 821.66 652.84 973.35 633.26
00006915 00000739 648.71 227.35 392.76 550.43 780.96 454.59 963.78 431.73 912.66 562.37 822.80 652.99 971.48 633.49
00006916 00000740 649.00 226.59 392.37 550.61 780.70 453.57 963.13 430.82 911.69 561.63 823.13 653.09 970.72 633.64
00006917 00000741 647.69 226.62 393.99 552.96 780.34 453.55 961.07 430.38 910.27 561.35 823.00 652.67 970.09 632.71
00006918 00000742 646.35 227.56 394.94 552.42 778.97 453.12 960.22 429.57 908.91 561.81 821.30 653.95 968.72 633.83
00006919 00000743 645.22 228.86 395.54 551.53 778.93 453.69 960.26 429.72 908.81 562.45 820.98 654.65 968.32 634.19
00006920 00000744 645.86 227.73 394.42 552.11 777.97 454.45 960.29 430.36 908.21 562.90 820.26 655.28 968.43 634.78
00006921 00000745 646.09 227.13 393.45 550.97 776.98 454.58 959.99 429.90 907.38 563.67 819.60 655.19 968.18 634.34
00006922 00000746 645.31 225.64 393.60 552.01 775.67 454.56 958.76 429.59 906.09 563.09 818.33 655.27 966.99 634.20
00006923 00000747 645.55 223.70 392.77 552.66 774.45 454.04 957.60 429.21 904.48 563.09 817.53 654.78 966.38 633.84
00006924 00000748 645.19 225.26 392.33 551.05 773.76 454.76 956.83 429.67 903.57 562.99 816.76 654.92 965.44 633.86
00006925 00000749 644.83 223.90 392.62 553.32 773.05 455.83 956.79 431.31 902.64 563.04 815.37 655.33 965.57 634.74
00006926 00000750 644.62 225.39 392.13 552.04 772.76 456.37 956.57 432.37 902.03 563.41 814.76 655.64 964.88 635.53
00006927 00000751 644.52 226.43 392.27 550.72 772.58 456.80 956.89 432.56 902.11 564.18 814.44 655.95 965.12 635.68
00006928 00000752 644.09 226.87 392.56 550.78 772.36 457.31 956.45 432.65 902.28 564.09 814.44 655.87 965.27 635.29
00006929 00000753 644.22 226.84 392.61 549.37 771.89 457.75 956.66 432.79 902.64 564.85 812.87 655.19 965.82 634.53
00006930 00000754 644.59 226.72 392.66 548.19 771.84 457.92 956.75 432.40 902.14 564.51 814.85 655.37 966.73 634.13
00006931 00000755 644.56 228.10 393.19 547.77 772.59 457.96 957.05 432.48 903.11 564.04 816.24 656.29 966.49 634.95
00006932 00000756 644.55 228.48 394.33 552.82 773.63 458.11 957.72 433.79 903.86 563.09 818.05 659.19 965.99 638.65
00006933 00000757 643.66 227.18 395.94 559.88 775.81 457.98 955.97 435.24 903.44 562.87 819.86 660.89 963.41 641.55
00006934 00000758 644.08 229.47 396.75 559.96 778.51 460.77 959.59 439.23 906.75 568.49 818.38 661.24 965.63 643.09
00006935 00000759 648.20 229.05 394.49 557.91 785.64 464.17 967.45 443.04 916.81 572.85 822.84 661.51 972.01 643.95
00006936 00000760 659.01 241.86 386.66 540.98 797.41 467.77 978.70 442.25 933.11 574.23 831.30 660.64 982.36 640.23
CROP_BBOX: 372 0 1370 1014
