Video ID: 	5exxOVSOBps
H: 	1080
W: 	1920
FPS: 	25.0

FRAME INDEX X0 Y0 W H [Landmarks (5 Points)]

00079432 00000000 946.60 166.14 441.61 608.12 1052.83 384.29 1246.70 370.62 1146.62 473.35 1092.91 614.71 1235.91 604.32
00079433 00000001 942.26 167.88 442.29 602.65 1045.38 384.31 1245.39 365.95 1143.27 472.77 1090.05 614.08 1242.95 598.96
00079434 00000002 937.69 171.73 448.85 599.61 1043.09 383.35 1244.83 364.83 1142.75 471.18 1088.98 611.23 1244.65 595.75
00079435 00000003 932.70 171.75 452.67 603.10 1042.45 383.64 1240.98 365.41 1141.12 467.73 1087.92 610.37 1241.86 595.30
00079436 00000004 926.55 181.71 454.28 599.13 1043.38 390.94 1236.48 364.50 1146.68 472.31 1086.93 615.61 1236.33 591.50
00079437 00000005 917.52 183.07 454.03 595.10 1033.23 388.03 1227.81 361.78 1135.82 476.59 1080.10 615.28 1226.58 591.17
00079438 00000006 911.87 180.34 453.72 593.23 1024.65 390.47 1221.71 362.99 1129.78 480.95 1078.06 619.44 1222.79 594.00
00079439 00000007 909.17 180.72 454.30 592.21 1018.60 395.22 1221.18 366.06 1126.42 487.94 1073.44 623.40 1223.73 596.63
00079440 00000008 907.85 190.76 452.55 583.64 1016.13 401.33 1220.53 371.52 1125.65 495.58 1072.55 627.43 1226.74 599.75
00079441 00000009 905.51 194.48 451.98 579.99 1014.45 409.28 1218.71 378.51 1124.07 501.75 1071.10 631.48 1227.89 603.08
00079442 00000010 905.72 197.24 452.46 583.47 1014.76 416.99 1217.49 384.94 1123.71 506.92 1071.21 635.59 1231.17 606.39
00079443 00000011 905.29 206.83 453.89 584.62 1014.44 422.28 1216.65 390.79 1123.13 513.51 1070.80 643.34 1229.17 614.52
00079444 00000012 903.99 210.89 455.47 587.40 1014.28 427.02 1217.16 396.85 1124.09 518.27 1073.52 653.47 1228.60 625.68
00079445 00000013 905.48 211.73 456.00 586.37 1015.22 432.45 1219.84 400.47 1126.84 524.25 1076.36 659.15 1234.00 629.73
00079446 00000014 908.80 208.98 451.42 587.48 1017.41 436.99 1222.23 407.43 1128.88 528.22 1077.72 664.28 1233.35 636.97
00079447 00000015 909.69 210.10 457.33 595.88 1020.60 437.39 1225.23 410.40 1130.56 531.70 1079.25 666.93 1232.25 641.90
00079448 00000016 912.82 215.14 457.85 601.04 1026.16 437.06 1229.26 412.42 1132.67 533.03 1082.85 670.68 1231.60 647.72
00079449 00000017 917.64 214.87 456.53 601.09 1032.03 438.58 1234.40 415.41 1139.43 534.10 1088.33 671.62 1237.67 649.83
00079450 00000018 922.93 215.18 455.82 600.88 1037.05 439.42 1241.45 416.48 1145.48 532.96 1091.33 671.26 1245.57 649.30
00079451 00000019 927.35 219.41 457.96 596.73 1040.77 441.12 1248.00 416.89 1151.09 535.71 1093.67 669.33 1255.15 646.06
00079452 00000020 932.75 217.55 455.76 587.23 1043.42 442.53 1255.13 417.97 1156.75 541.27 1091.04 664.93 1265.79 641.14
00079453 00000021 937.93 211.25 453.58 584.00 1047.46 434.35 1264.17 412.33 1159.75 535.53 1094.71 653.46 1271.32 635.67
00079454 00000022 943.67 208.96 456.16 579.51 1053.10 431.78 1271.43 410.07 1165.44 534.04 1100.22 649.00 1278.96 631.26
00079455 00000023 948.03 205.79 458.38 587.31 1057.73 431.46 1272.22 408.89 1169.54 532.79 1106.79 648.25 1284.19 629.69
00079456 00000024 950.50 204.43 462.40 595.36 1063.01 430.65 1274.99 407.81 1173.71 530.00 1113.85 648.89 1287.66 630.28
00079457 00000025 960.77 218.24 455.57 592.13 1073.28 427.92 1277.96 403.55 1184.96 522.88 1128.49 659.82 1278.86 638.55
00079458 00000026 966.17 214.06 455.46 598.11 1078.39 425.39 1282.43 401.27 1190.64 521.94 1135.26 662.35 1283.57 640.81
00079459 00000027 971.29 214.96 451.03 589.11 1083.50 425.11 1288.25 402.81 1195.94 522.42 1139.88 659.33 1288.81 638.80
00079460 00000028 973.67 212.10 452.23 584.65 1090.68 426.68 1290.49 401.50 1203.06 521.54 1148.08 654.37 1293.55 631.03
00079461 00000029 978.66 204.43 456.15 587.90 1098.38 429.92 1295.58 399.90 1209.28 516.85 1156.01 652.11 1302.30 624.23
00079462 DELETE   984.48 193.63 455.27 585.98 1104.95 418.66 1304.36 389.95 1216.31 505.75 1158.08 637.14 1311.34 609.73
00079463 00000031 991.23 188.93 457.27 570.27 1111.33 402.81 1311.79 374.20 1223.18 491.60 1158.96 615.68 1319.00 588.01
00079464 00000032 1007.29 172.27 453.49 583.71 1119.18 388.83 1325.18 366.57 1225.14 468.79 1164.40 599.83 1332.11 580.25
00079465 00000033 1012.61 163.00 452.00 598.49 1125.86 376.48 1332.73 354.69 1233.05 458.90 1173.25 598.05 1340.67 578.60
00079466 00000034 1021.45 156.74 451.96 607.98 1135.75 366.77 1344.16 342.70 1243.64 450.77 1184.52 598.23 1354.24 576.53
00079467 00000035 1030.04 155.77 451.62 599.88 1143.90 362.03 1351.40 338.01 1255.13 447.35 1195.17 595.83 1363.31 574.01
00079468 00000036 1035.35 157.61 451.57 576.64 1152.81 357.44 1358.95 336.54 1264.73 440.38 1204.44 583.77 1360.84 564.67
00079469 00000037 1040.22 148.67 448.62 569.53 1159.77 355.59 1364.31 335.45 1271.61 438.55 1209.35 575.01 1366.43 556.31
00079470 00000038 1044.10 148.72 448.91 569.08 1163.26 357.16 1367.67 336.44 1275.24 441.95 1213.95 576.34 1370.48 557.19
00079471 00000039 1047.66 155.52 450.39 574.75 1168.41 358.88 1367.42 337.89 1277.22 441.16 1219.12 580.54 1368.47 561.48
00079472 00000040 1052.17 153.65 454.44 597.27 1173.39 364.22 1375.91 347.64 1280.95 451.62 1219.11 593.64 1375.63 577.95
00079473 00000041 1056.58 156.12 452.89 614.44 1176.53 372.75 1380.19 355.23 1284.29 461.57 1221.60 606.98 1385.24 589.76
00079474 00000042 1058.82 168.72 456.42 606.03 1180.65 381.85 1383.16 367.29 1288.98 471.43 1224.61 612.60 1389.22 597.87
00079475 00000043 1062.07 178.08 460.17 594.23 1186.00 388.99 1390.79 371.84 1297.34 483.76 1226.97 617.84 1386.03 600.48
00079476 00000044 1063.45 177.06 463.63 594.79 1187.96 389.57 1395.31 375.80 1298.79 487.98 1226.34 617.85 1387.78 603.22
00079477 00000045 1071.09 173.65 457.61 606.13 1187.48 387.60 1402.73 378.13 1294.88 482.53 1222.85 618.10 1392.75 610.19
00079478 00000046 1071.71 174.45 458.13 605.16 1188.26 388.33 1402.06 378.89 1294.75 484.53 1225.40 616.79 1391.70 609.03
00079479 00000047 1071.23 176.13 459.58 603.74 1188.65 389.36 1400.28 380.43 1294.12 486.15 1227.63 616.07 1390.73 608.81
00079480 00000048 1070.01 176.29 462.78 605.60 1187.88 391.40 1400.68 381.57 1294.62 487.79 1229.36 618.36 1393.50 610.23
00079481 00000049 1068.90 178.18 462.27 606.79 1186.36 394.13 1399.64 384.48 1293.89 490.80 1227.29 621.39 1393.56 613.57
00079482 00000050 1063.77 185.85 464.34 597.69 1186.48 400.10 1395.01 381.16 1299.77 501.10 1226.91 627.98 1390.44 609.40
00079483 00000051 1062.77 188.09 462.17 595.68 1184.36 402.62 1393.34 382.81 1297.66 502.76 1226.11 631.68 1389.66 612.35
00079484 00000052 1064.10 190.31 460.59 597.23 1183.72 404.37 1393.60 384.29 1296.99 503.29 1225.55 635.05 1389.59 615.65
00079485 00000053 1062.07 189.57 461.48 597.35 1181.22 408.09 1392.23 387.72 1294.06 506.01 1224.89 638.39 1388.51 618.81
00079486 00000054 1058.51 187.29 460.17 593.78 1177.50 406.16 1388.99 394.78 1287.15 503.40 1221.18 628.91 1389.53 618.11
00079487 00000055 1055.29 189.09 458.87 588.41 1172.36 406.42 1384.90 395.81 1282.06 506.88 1216.27 625.97 1388.40 615.54
00079488 00000056 1051.15 185.43 459.63 594.45 1167.60 405.32 1379.31 393.84 1276.35 507.80 1212.51 627.91 1382.50 617.10
00079489 00000057 1046.46 183.57 456.48 600.06 1164.03 402.78 1370.08 390.94 1268.76 506.42 1210.39 627.64 1371.75 617.07
00079490 00000058 1043.42 194.17 459.64 590.58 1161.79 406.11 1366.44 386.35 1273.48 507.93 1213.93 634.52 1365.77 615.61
00079491 00000059 1033.60 180.57 458.23 605.74 1151.23 403.87 1359.75 387.94 1261.16 507.73 1199.44 627.61 1367.16 614.32
00079492 00000060 1026.36 183.74 460.88 601.34 1144.15 404.43 1354.12 388.60 1253.59 509.16 1191.23 628.62 1357.37 615.78
00079493 00000061 1016.96 181.42 458.70 602.63 1134.60 405.52 1343.95 388.66 1244.27 508.49 1181.67 628.18 1347.43 614.75
00079494 00000062 1008.69 181.05 456.69 601.38 1124.76 412.02 1333.56 392.68 1234.66 505.00 1171.42 628.30 1337.07 613.36
00079495 00000063 999.25 182.72 457.56 599.06 1112.88 413.10 1320.52 388.29 1224.49 502.29 1163.43 628.44 1327.72 609.15
00079496 00000064 987.07 185.65 464.53 585.84 1110.37 411.28 1312.62 382.67 1225.57 500.61 1164.28 629.72 1318.78 602.28
00079497 00000065 983.34 175.32 461.04 590.08 1104.88 406.82 1308.96 378.58 1218.76 488.19 1161.10 620.68 1322.39 595.40
00079498 00000066 977.40 172.07 457.69 590.35 1097.36 397.29 1297.77 369.89 1210.43 482.42 1156.35 613.71 1315.26 589.15
00079499 00000067 969.30 174.37 456.03 593.54 1085.81 384.87 1284.19 360.44 1195.26 478.64 1145.80 613.26 1299.75 591.59
00079500 00000068 960.25 171.16 456.06 601.85 1078.72 382.52 1273.50 358.74 1187.07 476.29 1138.16 612.41 1288.08 591.77
00079501 00000069 954.52 161.28 453.17 604.42 1070.93 381.11 1270.80 358.69 1182.71 473.74 1128.75 607.17 1280.39 587.97
00079502 00000070 949.24 162.49 451.27 594.08 1062.25 379.34 1263.17 357.33 1172.78 470.12 1117.61 600.92 1270.58 582.26
00079503 00000071 941.47 165.82 449.79 587.35 1053.65 379.70 1254.21 356.10 1162.98 466.19 1109.05 598.19 1262.63 577.74
00079504 00000072 938.20 167.45 451.75 584.05 1046.64 385.09 1245.67 357.41 1152.72 464.07 1101.46 597.81 1259.11 573.84
00079505 00000073 931.75 169.50 455.25 587.93 1037.74 387.34 1239.61 358.26 1142.12 465.94 1092.86 602.87 1251.98 577.42
00079506 00000074 915.19 170.54 462.73 592.11 1028.01 390.71 1229.58 362.35 1134.55 474.73 1085.10 609.29 1245.91 583.22
00079507 00000075 910.27 171.59 459.03 594.05 1021.33 388.46 1219.43 360.48 1127.06 478.78 1081.72 614.22 1235.07 588.99
00079508 00000076 905.41 168.65 453.28 605.04 1014.85 389.28 1206.35 359.83 1119.27 480.05 1077.82 619.48 1226.01 593.70
00079509 00000077 900.08 170.15 451.76 613.03 1008.59 391.68 1200.99 360.58 1114.76 484.83 1074.03 626.20 1223.19 599.35
00079510 00000078 898.10 171.82 450.70 615.10 1005.43 391.05 1198.44 362.39 1110.60 487.20 1068.00 626.22 1219.92 601.45
00079511 00000079 894.95 170.13 452.10 615.45 1001.28 390.62 1197.85 362.90 1106.64 486.19 1060.19 622.76 1219.67 598.83
00079512 00000080 893.46 167.14 454.39 607.51 998.76 389.24 1197.96 358.37 1105.67 477.43 1057.95 614.18 1223.02 587.21
00079513 00000081 890.68 168.12 456.00 591.84 996.18 385.77 1196.04 355.53 1105.15 471.80 1056.65 603.39 1220.23 576.66
00079514 00000082 890.98 168.12 454.26 578.40 995.98 383.43 1195.46 352.50 1105.82 464.74 1055.52 595.52 1220.18 568.02
00079515 00000083 890.77 163.85 451.05 578.24 993.87 380.09 1191.82 347.38 1102.18 458.17 1051.04 590.53 1215.88 561.98
00079516 00000084 888.62 160.51 452.35 578.80 993.47 372.71 1189.41 338.22 1100.08 448.10 1051.83 585.54 1213.94 555.84
00079517 00000085 887.38 156.09 449.99 572.12 997.48 361.55 1186.27 324.39 1102.00 433.43 1058.40 573.42 1211.01 540.63
00079518 00000086 888.98 146.06 447.40 571.11 1000.50 353.00 1189.15 314.20 1107.11 422.57 1059.62 564.04 1211.46 530.01
00079519 00000087 889.70 140.24 449.22 576.45 1003.09 349.62 1193.01 309.78 1109.23 414.04 1061.97 560.74 1212.65 526.09
00079520 00000088 890.86 134.79 453.63 584.69 1000.89 344.49 1197.51 302.98 1109.50 408.53 1062.61 561.71 1218.45 525.09
00079521 00000089 890.62 113.72 453.86 596.61 997.10 337.21 1199.51 304.12 1104.28 413.22 1052.97 553.54 1224.60 525.61
00079522 00000090 891.86 114.78 451.71 586.63 999.70 336.71 1200.25 304.97 1107.35 411.38 1054.33 547.62 1223.64 520.92
00079523 00000091 891.89 118.81 453.88 578.14 1001.17 339.40 1201.03 308.44 1109.84 414.17 1056.64 546.34 1224.83 519.99
00079524 00000092 892.39 120.44 454.71 579.20 1001.68 343.13 1202.75 312.19 1110.90 417.90 1057.27 548.99 1226.74 522.55
00079525 00000093 896.12 137.86 449.70 566.62 1007.16 350.88 1201.56 312.28 1116.21 418.80 1065.70 558.70 1219.11 524.63
00079526 00000094 896.26 141.87 450.45 568.70 1007.09 353.97 1201.97 316.97 1116.31 423.99 1066.22 563.86 1219.37 530.88
00079527 00000095 897.37 143.58 451.19 573.44 1005.45 359.37 1200.19 323.10 1114.57 429.38 1066.81 570.16 1220.07 537.68
00079528 00000096 898.32 150.56 450.11 573.06 1004.45 361.99 1201.32 327.13 1113.66 437.21 1064.36 576.95 1216.89 545.84
00079529 00000097 897.65 157.25 450.73 572.59 1003.40 365.10 1202.01 333.03 1113.01 442.00 1062.81 582.59 1216.19 553.95
00079530 00000098 897.14 159.58 451.58 575.66 1004.05 367.56 1201.88 337.15 1113.09 445.66 1063.16 587.01 1216.04 559.99
00079531 00000099 895.84 159.89 454.09 590.20 1003.47 369.07 1201.94 339.45 1112.34 451.14 1062.34 594.30 1221.50 567.62
00079532 00000100 894.51 157.97 456.86 604.76 1002.89 370.33 1204.35 339.44 1112.92 453.63 1061.73 599.98 1229.37 571.88
00079533 00000101 894.65 158.39 456.38 606.29 1001.72 372.34 1203.16 341.38 1111.61 456.36 1060.85 602.25 1228.14 574.16
00079534 00000102 894.31 159.36 453.88 607.25 1002.36 373.25 1201.90 344.84 1111.05 459.62 1060.36 603.94 1225.26 578.19
00079535 00000103 894.73 161.57 453.17 603.37 1002.37 375.47 1202.44 347.88 1111.47 460.73 1060.39 604.88 1223.24 580.07
00079536 00000104 893.97 162.68 452.94 600.78 1002.12 378.71 1201.77 351.32 1111.56 463.40 1060.25 604.79 1222.00 580.25
00079537 00000105 893.57 162.47 452.46 602.45 1001.56 380.81 1200.61 353.43 1110.70 466.66 1059.49 606.39 1219.59 581.97
00079538 00000106 893.62 163.29 451.03 603.79 1001.31 381.70 1199.97 355.43 1109.26 469.79 1059.01 609.46 1215.74 586.15
00079539 00000107 893.80 163.55 449.26 605.85 1001.04 382.28 1198.90 357.32 1108.15 472.75 1058.11 611.71 1211.92 589.84
00079540 00000108 894.24 164.84 448.71 606.27 1001.05 383.27 1198.12 358.29 1106.84 474.78 1058.18 613.30 1211.25 591.55
00079541 00000109 894.21 166.69 449.71 606.92 1002.06 385.07 1199.02 360.70 1107.49 476.92 1058.63 615.94 1210.63 594.96
00079542 00000110 895.58 170.17 450.67 606.24 1003.14 386.88 1200.73 363.33 1107.80 480.63 1059.38 618.38 1211.90 598.23
00079543 00000111 897.38 170.45 451.37 608.89 1004.01 388.39 1201.49 365.38 1108.50 483.50 1059.85 621.32 1212.17 601.62
00079544 00000112 899.81 170.37 450.33 609.19 1006.18 389.90 1202.39 365.81 1110.86 484.16 1063.30 623.00 1214.17 602.33
00079545 00000113 903.40 168.58 449.83 611.23 1009.67 392.20 1205.02 366.17 1114.54 484.79 1069.20 625.36 1219.43 602.72
00079546 00000114 907.12 169.55 450.53 610.15 1013.53 392.39 1208.41 367.56 1115.86 484.68 1070.99 625.15 1220.43 603.49
00079547 00000115 909.56 170.09 453.11 608.01 1017.87 389.43 1211.42 364.62 1118.16 481.01 1075.61 622.64 1221.07 600.63
00079548 00000116 915.53 182.52 458.37 589.35 1026.98 391.47 1219.77 364.12 1127.43 484.07 1081.75 619.03 1217.71 593.70
00079549 00000117 922.02 176.00 461.81 592.58 1032.24 391.97 1225.67 365.79 1128.91 482.21 1081.08 613.90 1223.16 589.31
00079550 00000118 928.31 164.42 454.12 594.15 1035.05 384.70 1227.60 363.77 1126.44 469.28 1083.13 606.46 1230.91 586.51
00079551 00000119 938.51 161.52 451.06 587.17 1040.19 382.49 1234.38 352.14 1135.81 461.49 1083.44 597.98 1238.68 572.08
00079552 00000120 941.13 161.99 451.46 579.30 1042.42 373.37 1243.43 349.91 1140.12 449.45 1087.72 585.70 1243.73 565.61
00079553 00000121 946.29 158.59 449.54 576.99 1046.91 371.06 1248.29 347.01 1145.45 445.93 1090.27 580.99 1248.31 560.97
00079554 00000122 949.39 156.31 451.16 576.24 1052.69 365.00 1254.01 342.56 1151.92 442.40 1097.30 577.58 1250.15 558.73
00079555 00000123 957.07 154.40 448.84 577.58 1061.94 357.38 1256.31 334.73 1159.25 435.25 1112.50 577.41 1252.48 558.11
00079556 00000124 966.54 155.11 446.15 570.77 1070.66 355.47 1265.84 330.88 1171.31 432.91 1121.77 576.77 1263.09 555.41
00079557 00000125 971.38 148.43 445.72 568.78 1075.99 356.05 1271.40 330.82 1177.67 430.61 1125.70 571.16 1271.63 549.05
00079558 00000126 975.10 150.38 446.58 570.91 1080.28 355.88 1276.51 332.63 1182.75 433.50 1130.01 572.72 1277.35 552.15
00079559 00000127 976.20 151.88 449.05 575.67 1085.99 356.91 1280.46 333.92 1189.50 435.91 1137.75 577.98 1282.02 557.33
00079560 00000128 980.10 151.62 451.27 585.87 1088.04 360.74 1289.44 337.47 1190.64 441.41 1139.44 587.60 1291.52 566.26
00079561 00000129 984.92 150.57 452.20 597.15 1093.93 362.26 1295.57 341.54 1192.88 446.17 1141.13 592.81 1296.39 573.39
00079562 00000130 990.60 154.63 452.05 606.37 1101.55 363.36 1298.96 347.30 1195.32 451.51 1143.02 597.57 1297.23 581.72
00079563 00000131 994.78 152.07 455.14 611.42 1103.52 366.47 1305.34 351.89 1197.48 453.23 1141.53 598.25 1305.20 583.29
00079564 00000132 996.62 153.42 454.45 600.26 1105.71 368.92 1307.80 355.45 1200.14 452.38 1142.65 594.58 1305.51 580.65
00079565 00000133 996.84 153.30 452.51 587.55 1105.78 370.95 1307.31 357.02 1200.64 453.48 1144.95 589.71 1308.27 575.31
00079566 00000134 997.59 154.83 452.18 582.86 1106.60 370.43 1305.60 356.46 1200.59 454.03 1145.42 585.30 1306.28 570.98
00079567 00000135 997.90 155.75 452.68 580.67 1105.82 370.23 1304.49 356.24 1198.69 454.63 1144.47 584.08 1304.84 569.77
00079568 00000136 997.94 154.04 452.73 579.96 1105.01 369.34 1304.10 355.39 1197.92 454.80 1142.69 580.86 1305.97 566.65
00079569 00000137 998.51 155.09 454.25 576.07 1106.12 368.18 1305.08 353.50 1198.74 452.97 1144.26 578.85 1306.27 563.90
00079570 00000138 999.80 155.36 454.21 574.15 1109.23 366.06 1306.73 351.48 1202.16 449.69 1146.64 576.48 1306.33 561.74
00079571 00000139 1003.28 151.42 453.54 576.08 1111.63 361.96 1310.55 347.08 1204.77 444.64 1148.56 574.49 1306.83 559.46
00079572 00000140 1008.12 146.56 452.00 590.70 1114.84 359.23 1314.79 340.84 1208.83 438.08 1151.83 580.28 1309.26 562.82
00079573 00000141 1007.07 139.53 455.99 605.53 1115.94 350.09 1321.25 335.85 1211.53 432.90 1150.54 577.94 1320.96 566.92
00079574 00000142 1009.30 138.33 458.95 602.21 1120.24 346.26 1328.15 333.46 1217.32 430.74 1156.03 575.37 1328.47 565.54
00079575 00000143 1014.24 135.77 458.83 588.19 1126.86 346.63 1334.55 336.37 1224.47 430.26 1161.90 566.55 1330.17 558.86
00079576 00000144 1021.26 153.20 451.75 570.80 1134.36 350.52 1335.73 333.11 1234.17 430.35 1171.87 568.39 1322.09 553.17
00079577 00000145 1023.68 155.06 449.48 570.85 1134.17 350.93 1335.08 335.42 1233.66 434.61 1173.55 571.41 1320.33 557.82
00079578 00000146 1024.94 153.41 449.60 574.81 1134.19 357.07 1336.89 341.92 1233.26 439.99 1170.61 576.69 1323.86 563.86
00079579 00000147 1028.48 154.89 447.24 570.44 1137.09 362.49 1340.40 349.95 1233.74 447.33 1170.37 582.68 1325.90 571.64
00079580 00000148 1031.19 163.33 450.89 566.97 1139.46 364.07 1343.06 352.54 1235.23 452.45 1175.21 584.00 1330.20 573.93
00079581 00000149 1031.57 162.34 451.54 575.12 1140.37 364.50 1344.38 352.94 1237.96 453.62 1179.75 585.03 1335.02 574.77
00079582 00000150 1033.16 160.43 451.04 583.15 1140.18 364.20 1344.92 353.13 1237.15 453.91 1177.82 586.37 1336.20 576.56
00079583 00000151 1033.64 161.28 449.91 582.67 1140.07 364.37 1345.27 353.99 1236.25 454.43 1176.39 586.44 1336.77 577.25
00079584 00000152 1034.73 161.31 449.08 583.28 1139.91 364.41 1346.11 354.04 1236.95 455.32 1176.16 586.36 1337.78 577.14
00079585 00000153 1034.65 163.02 449.68 580.97 1140.26 364.82 1346.56 354.47 1237.85 456.06 1177.16 586.09 1338.80 576.80
00079586 00000154 1035.04 161.80 448.49 582.26 1141.69 366.27 1347.20 356.24 1240.55 457.72 1178.34 586.13 1340.42 577.07
00079587 00000155 1034.30 162.85 450.82 585.01 1142.24 366.33 1347.95 356.45 1241.42 459.68 1179.66 588.50 1341.01 579.66
00079588 00000156 1034.51 163.91 450.66 586.40 1141.33 368.81 1348.38 357.34 1240.83 461.50 1179.48 592.62 1343.27 582.37
00079589 00000157 1034.57 166.22 452.03 586.28 1141.93 369.31 1349.14 356.96 1241.67 461.62 1180.94 595.14 1344.20 584.20
00079590 00000158 1035.31 166.09 452.01 590.22 1141.78 372.30 1350.40 358.08 1242.36 463.77 1181.97 599.37 1346.95 586.80
00079591 00000159 1034.99 169.66 453.79 588.51 1142.48 374.98 1349.59 361.21 1242.15 466.77 1182.35 601.17 1346.70 589.02
00079592 00000160 1035.31 171.57 452.55 588.24 1143.77 378.11 1350.78 365.85 1244.43 470.80 1183.60 603.14 1348.31 592.27
00079593 00000161 1036.73 172.55 451.12 589.75 1144.63 379.83 1352.01 368.55 1245.10 474.71 1184.03 607.29 1348.24 597.41
00079594 00000162 1037.23 172.77 450.08 590.19 1145.02 382.09 1352.51 370.76 1245.70 476.02 1183.91 608.29 1348.61 598.41
00079595 00000163 1037.11 173.79 449.89 588.91 1145.32 381.91 1353.48 371.41 1246.36 476.94 1183.98 608.50 1349.13 599.35
00079596 00000164 1036.98 172.94 449.63 589.71 1144.91 382.00 1353.15 371.27 1246.09 477.22 1183.99 609.54 1348.31 600.18
00079597 00000165 1037.02 174.04 449.28 590.07 1144.62 383.18 1354.18 372.41 1246.57 478.30 1183.35 610.93 1350.32 601.51
00079598 00000166 1036.43 174.16 450.36 592.44 1144.81 384.18 1354.74 373.69 1247.02 480.48 1184.01 612.52 1350.66 603.29
00079599 00000167 1036.26 174.42 451.05 593.97 1144.64 386.79 1355.29 375.61 1247.89 482.30 1184.32 614.20 1352.44 604.36
00079600 00000168 1036.42 174.77 451.04 595.09 1144.95 388.25 1356.04 376.66 1248.69 483.71 1184.68 615.72 1353.66 605.60
00079601 00000169 1035.72 174.99 452.24 596.17 1145.10 388.92 1356.43 377.57 1249.47 484.99 1185.12 616.39 1354.29 606.47
00079602 00000170 1034.86 175.05 453.86 598.10 1145.44 389.27 1355.97 378.30 1249.85 486.90 1185.47 616.96 1353.17 607.45
00079603 00000171 1034.60 176.01 453.93 597.95 1145.82 390.10 1355.55 379.04 1249.95 487.95 1186.24 617.47 1352.80 608.06
00079604 00000172 1033.75 176.96 455.39 599.36 1147.50 392.55 1354.13 381.36 1252.18 490.32 1189.30 618.12 1352.29 608.71
00079605 00000173 1034.29 179.67 454.66 598.63 1149.73 395.33 1351.26 380.62 1252.14 492.07 1192.74 620.19 1349.85 608.20
00079606 00000174 1033.99 183.40 455.05 596.39 1151.57 395.91 1354.00 382.74 1254.50 494.07 1194.04 623.57 1349.42 613.01
00079607 00000175 1034.36 182.06 456.32 600.46 1150.40 397.46 1355.72 385.29 1254.99 496.07 1193.19 625.79 1351.90 615.81
00079608 00000176 1034.64 181.40 454.64 603.09 1151.52 395.70 1358.16 386.11 1257.56 496.35 1193.25 627.00 1352.12 619.32
00079609 00000177 1035.60 182.09 453.69 603.67 1152.04 395.55 1358.85 386.97 1258.77 496.51 1193.16 627.41 1352.56 620.56
00079610 00000178 1035.44 182.76 454.84 604.23 1151.43 395.95 1359.37 387.75 1257.66 497.47 1192.26 628.86 1351.84 622.33
00079611 00000179 1035.23 183.33 455.45 603.65 1151.10 396.62 1359.34 388.42 1256.65 498.38 1191.61 629.84 1350.81 623.41
00079612 00000180 1034.80 182.64 455.51 603.65 1151.34 397.71 1359.30 389.85 1256.78 499.15 1192.00 629.66 1351.07 623.50
00079613 00000181 1033.95 183.82 456.58 603.49 1151.16 398.07 1359.57 390.79 1255.73 500.03 1191.31 630.25 1350.41 624.66
00079614 00000182 1030.87 185.50 458.73 604.58 1149.51 399.08 1358.96 391.41 1254.77 501.68 1190.27 632.16 1349.13 626.43
00079615 00000183 1029.50 186.92 458.28 603.96 1147.46 401.40 1355.44 393.31 1251.63 502.25 1187.81 632.89 1345.46 626.95
00079616 00000184 1024.25 184.96 459.66 605.49 1143.73 401.76 1349.44 394.31 1245.83 499.68 1182.55 630.15 1339.08 624.66
00079617 00000185 1018.32 179.22 457.41 608.29 1136.86 397.43 1340.43 391.42 1235.77 494.94 1173.06 625.40 1326.57 621.58
00079618 00000186 1006.44 174.02 453.68 611.99 1127.07 396.08 1326.65 389.54 1227.47 487.04 1163.26 622.10 1309.97 617.97
00079619 00000187 995.37 171.20 454.41 604.50 1115.33 390.11 1307.71 379.66 1210.78 472.64 1155.49 614.30 1292.10 606.66
00079620 00000188 980.59 166.57 450.33 600.74 1098.33 378.14 1293.57 365.63 1198.36 470.68 1143.52 609.91 1289.09 597.90
00079621 00000189 971.14 156.92 446.37 604.48 1087.31 367.52 1282.97 353.41 1191.05 459.65 1134.67 599.50 1280.44 586.40
00079622 00000190 966.15 157.69 448.44 596.97 1077.47 360.48 1275.07 344.81 1180.62 448.53 1125.79 593.66 1266.95 579.82
00079623 00000191 961.08 155.76 443.69 588.51 1074.09 356.82 1268.78 339.41 1175.24 435.75 1120.20 585.68 1256.61 570.84
00079624 00000192 952.94 151.53 445.22 583.17 1068.76 350.32 1266.86 333.47 1169.79 425.83 1109.34 573.59 1252.84 558.93
00079625 00000193 937.36 132.75 449.71 597.55 1055.88 345.06 1256.50 334.48 1157.53 426.09 1095.29 567.04 1250.35 559.95
00079626 00000194 932.84 131.18 444.92 598.37 1050.47 343.01 1248.62 329.43 1154.68 417.04 1093.38 564.92 1246.63 555.23
00079627 00000195 932.52 141.08 446.35 593.00 1051.51 340.71 1244.38 312.79 1159.77 401.99 1094.48 569.09 1242.67 544.87
00079628 00000196 924.68 138.44 448.07 585.89 1045.43 338.90 1237.78 310.43 1151.21 400.69 1090.48 565.47 1234.03 540.73
00079629 00000197 918.92 137.92 445.23 577.43 1038.68 336.47 1232.68 310.71 1143.35 405.72 1085.11 561.30 1226.74 538.24
00079630 00000198 911.16 134.77 446.32 576.36 1030.38 337.53 1224.91 311.95 1135.78 410.90 1078.38 560.85 1219.79 537.98
00079631 00000199 903.71 138.30 441.95 574.91 1018.45 340.48 1214.53 313.73 1126.38 410.21 1068.05 563.85 1210.44 540.42
00079632 00000200 896.74 143.97 444.27 569.19 1011.10 342.74 1205.25 317.59 1116.32 412.95 1059.97 564.35 1197.78 542.84
00079633 00000201 892.08 146.44 442.77 573.49 1003.10 350.25 1197.83 325.26 1106.86 421.54 1053.59 572.19 1190.45 550.59
00079634 00000202 887.08 150.37 443.73 573.97 997.94 355.48 1197.66 331.44 1104.14 432.70 1047.82 575.49 1192.66 554.35
00079635 00000203 884.44 153.00 444.39 572.01 995.26 358.06 1195.15 334.88 1101.42 437.61 1044.42 575.41 1191.05 555.31
00079636 00000204 881.39 156.63 445.01 572.54 991.77 359.18 1191.33 337.68 1095.50 440.62 1041.67 577.52 1185.52 558.89
00079637 00000205 878.80 156.28 445.85 582.20 988.64 360.46 1185.99 340.17 1089.54 441.61 1039.61 582.48 1179.93 565.04
00079638 00000206 878.12 156.37 443.69 584.42 985.58 363.77 1183.79 343.35 1086.70 444.10 1035.20 585.22 1178.82 567.74
00079639 00000207 873.08 159.45 443.94 579.98 981.02 366.95 1179.00 346.29 1081.79 445.26 1030.74 586.42 1174.02 568.74
00079640 00000208 860.39 155.83 453.04 583.32 974.39 374.79 1167.32 348.42 1076.14 448.19 1026.31 591.06 1174.48 566.70
00079641 00000209 852.60 153.54 450.23 579.16 964.11 373.80 1156.85 345.09 1064.95 448.21 1018.19 588.97 1164.86 562.74
00079642 00000210 842.35 156.04 451.73 572.51 953.27 370.03 1147.38 339.18 1057.59 443.20 1011.27 585.85 1158.91 557.71
00079643 00000211 837.53 160.70 449.98 567.50 946.48 367.24 1139.51 334.21 1050.91 440.00 1006.54 583.15 1154.64 553.36
00079644 00000212 833.77 158.20 448.82 572.27 939.74 367.64 1133.24 332.39 1045.87 438.86 1000.70 583.99 1152.70 552.56
00079645 00000213 828.65 161.48 450.22 570.00 935.56 370.93 1129.45 333.63 1044.76 440.89 998.24 583.25 1154.52 550.03
00079646 00000214 825.03 162.53 450.09 573.04 932.24 376.05 1125.01 337.35 1042.31 440.98 994.95 585.68 1153.36 551.34
00079647 00000215 820.77 164.16 451.54 582.77 928.54 382.38 1122.68 346.51 1038.61 450.50 989.39 593.80 1152.02 562.13
00079648 00000216 813.46 166.50 452.33 596.24 922.27 388.28 1121.43 353.48 1034.97 464.19 985.11 606.64 1151.72 576.22
00079649 00000217 811.80 168.33 455.20 617.64 916.74 396.23 1121.52 358.74 1027.98 480.54 980.85 625.29 1155.81 592.90
00079650 00000218 809.90 173.99 453.73 612.35 915.14 400.73 1121.91 364.92 1026.74 487.32 978.22 629.97 1154.26 599.76
00079651 00000219 809.23 173.86 453.08 598.38 916.04 398.75 1121.80 365.00 1029.03 484.60 977.40 619.53 1147.85 591.11
00079652 00000220 807.95 170.34 451.93 599.80 912.06 396.99 1122.49 364.82 1025.38 481.47 965.30 614.21 1147.48 586.90
00079653 00000221 804.82 169.66 452.44 601.81 912.13 393.44 1120.16 363.05 1025.85 478.07 967.26 613.28 1143.45 587.28
00079654 00000222 800.90 172.90 456.57 612.55 912.49 392.18 1115.08 361.57 1022.39 477.56 972.03 620.53 1139.46 594.47
00079655 00000223 799.31 171.37 459.15 615.09 910.53 394.66 1112.48 361.25 1020.22 477.49 973.59 623.14 1138.27 594.90
00079656 00000224 800.25 171.98 458.37 604.78 912.42 394.96 1112.33 361.90 1024.12 479.58 978.83 618.18 1137.90 590.13
00079657 00000225 802.61 172.13 457.13 599.51 912.93 393.52 1113.99 361.34 1024.81 479.38 977.78 613.48 1139.04 585.90
00079658 00000226 803.71 173.22 457.20 594.11 913.84 393.15 1115.28 360.84 1026.36 477.62 978.04 609.80 1141.37 581.74
00079659 00000227 804.27 172.94 457.53 601.77 915.17 391.14 1116.89 359.24 1026.95 476.51 979.24 612.06 1145.47 584.15
00079660 00000228 806.74 173.28 458.75 604.21 916.16 391.41 1119.19 359.14 1027.59 476.26 978.74 614.45 1148.46 586.24
00079661 00000229 807.92 173.35 458.81 593.69 917.87 392.57 1120.70 359.61 1031.33 474.25 981.16 609.24 1149.96 580.44
00079662 00000230 809.74 172.33 458.96 589.82 918.98 393.08 1122.16 360.15 1032.48 473.49 981.21 606.36 1150.40 577.48
00079663 00000231 812.06 173.05 458.82 589.02 920.98 394.11 1123.29 361.62 1034.15 475.13 982.84 606.05 1151.85 577.66
00079664 00000232 813.10 172.89 456.69 593.17 922.56 394.16 1122.70 362.24 1034.74 475.65 984.32 609.08 1150.16 581.43
00079665 00000233 814.06 173.19 456.97 596.34 923.58 394.14 1123.66 362.58 1035.27 476.08 985.47 612.01 1151.19 584.72
00079666 00000234 815.83 172.91 456.16 597.57 924.13 395.00 1124.29 363.48 1035.40 477.72 986.52 615.26 1150.78 588.19
00079667 00000235 816.16 172.52 454.82 598.03 924.05 395.61 1124.00 364.38 1034.65 479.09 986.25 616.98 1149.26 590.23
00079668 00000236 816.29 172.58 454.22 596.14 923.65 396.06 1124.62 364.26 1034.27 479.31 986.07 617.93 1149.67 590.72
00079669 00000237 816.79 172.60 453.68 594.44 923.72 397.02 1124.75 365.85 1033.89 480.30 985.88 618.47 1148.31 591.95
00079670 00000238 816.63 173.23 453.48 597.03 923.77 397.73 1123.95 366.18 1033.38 481.73 986.08 620.32 1148.28 593.52
00079671 00000239 816.61 172.68 453.13 600.11 923.50 398.13 1123.21 366.33 1032.51 481.67 984.97 621.29 1147.26 594.42
00079672 00000240 816.90 171.42 452.73 603.37 923.58 399.16 1123.28 366.44 1032.70 481.12 984.30 622.24 1148.20 594.65
00079673 00000241 816.92 172.27 452.36 604.16 923.69 398.16 1123.40 366.05 1032.84 480.48 983.84 622.24 1147.46 595.24
00079674 00000242 816.66 173.27 451.83 604.90 924.31 397.35 1123.68 365.88 1033.50 481.08 984.48 622.39 1147.41 596.01
00079675 00000243 817.18 171.94 450.98 605.93 924.26 396.77 1124.52 364.46 1035.08 481.03 985.37 622.56 1149.77 595.29
00079676 00000244 817.31 171.63 452.95 610.76 923.20 396.54 1126.51 363.97 1035.48 481.72 982.30 622.70 1153.42 594.90
00079677 00000245 817.90 172.67 452.61 606.39 923.23 395.96 1127.96 364.27 1036.23 481.92 981.22 620.89 1154.01 593.79
00079678 00000246 817.72 172.37 452.78 604.26 923.46 396.13 1128.77 363.55 1037.54 480.83 982.53 619.77 1156.05 591.82
00079679 00000247 818.01 172.00 453.48 604.74 924.63 397.04 1126.67 363.21 1037.01 478.96 984.84 619.23 1155.93 590.23
00079680 00000248 818.00 172.43 453.43 607.89 925.11 397.11 1124.90 363.05 1035.63 478.83 984.68 619.37 1155.65 590.30
00079681 00000249 818.06 170.88 452.86 610.99 923.42 394.53 1125.30 361.39 1033.47 478.82 981.24 619.21 1155.48 590.78
00079682 00000250 817.36 172.18 453.64 607.45 923.29 393.05 1125.90 359.77 1032.77 475.85 981.44 616.74 1156.23 587.97
00079683 00000251 818.04 168.95 453.19 603.92 925.55 388.60 1125.54 355.60 1035.34 469.46 985.81 611.42 1154.43 582.65
00079684 00000252 823.24 170.06 450.03 593.26 933.27 386.10 1124.42 355.66 1041.02 464.25 993.91 604.55 1150.68 578.05
00079685 00000253 830.99 168.61 446.72 591.76 944.56 384.03 1131.79 352.14 1050.37 457.18 1002.29 600.86 1155.43 572.83
00079686 00000254 835.98 162.56 449.89 598.10 962.17 378.54 1145.37 346.48 1066.69 448.68 1018.08 599.18 1163.36 570.70
00079687 DELETE   852.74 159.23 446.27 586.97 978.65 375.37 1168.00 341.48 1090.69 441.40 1034.11 591.74 1186.62 561.17
00079688 DELETE   862.28 154.76 449.76 580.47 987.81 373.57 1182.23 339.44 1104.35 437.28 1038.79 584.42 1199.53 553.51
00079689 00000257 880.53 150.55 440.89 571.98 1000.54 355.57 1196.45 328.81 1113.65 425.30 1051.36 567.54 1203.33 544.27
00079690 00000258 885.59 149.42 440.75 571.71 1008.55 344.33 1201.24 320.19 1121.54 418.65 1060.73 565.28 1203.65 544.15
00079691 00000259 891.51 148.68 440.65 568.92 1014.75 338.98 1208.38 315.01 1127.65 416.28 1068.79 564.89 1210.41 543.63
00079692 00000260 893.39 147.05 442.35 559.39 1017.93 337.66 1213.55 314.59 1130.07 417.00 1067.50 555.64 1214.46 534.78
00079693 00000261 896.17 144.12 441.46 559.98 1018.13 335.19 1215.03 313.01 1129.95 417.33 1065.31 552.57 1214.88 532.66
00079694 00000262 897.87 143.78 442.56 566.70 1016.74 332.45 1214.43 312.17 1125.99 416.56 1064.03 555.19 1212.97 536.90
00079695 00000263 899.87 141.95 442.18 571.04 1017.01 332.23 1215.63 314.08 1125.13 418.86 1061.62 556.09 1213.09 539.58
00079696 00000264 899.76 140.90 443.45 569.49 1015.39 335.74 1216.71 319.71 1122.38 422.16 1057.05 554.89 1213.22 540.06
00079697 00000265 900.82 142.26 444.86 572.08 1014.44 342.14 1214.65 328.61 1118.16 425.00 1053.04 558.07 1208.43 545.53
00079698 00000266 902.67 151.12 442.03 574.20 1013.32 344.22 1211.82 333.00 1114.93 426.50 1051.76 564.33 1204.08 554.16
00079699 00000267 901.63 156.75 442.97 583.91 1011.16 347.25 1210.03 336.87 1112.27 433.14 1049.46 575.79 1202.62 566.27
00079700 00000268 900.95 157.54 441.37 580.28 1008.81 350.19 1209.61 339.11 1109.91 439.31 1047.36 578.64 1199.59 568.52
00079701 00000269 900.34 158.63 439.81 569.68 1006.89 352.29 1206.87 340.98 1107.75 442.07 1045.61 573.89 1195.99 563.70
00079702 00000270 899.70 158.95 441.11 565.81 1006.74 353.09 1206.98 342.26 1107.75 443.25 1044.90 571.06 1197.23 561.10
00079703 00000271 899.98 158.61 442.30 566.55 1007.32 353.62 1207.70 343.54 1108.06 445.30 1044.81 570.72 1198.44 561.20
00079704 00000272 900.44 160.49 441.89 570.67 1007.60 354.30 1208.01 345.10 1108.62 447.63 1044.72 574.10 1199.08 565.49
00079705 00000273 900.72 161.35 442.27 577.15 1006.45 353.58 1207.76 343.95 1107.86 449.37 1045.84 580.03 1198.89 571.15
00079706 00000274 901.50 163.81 443.22 570.20 1008.60 355.06 1208.83 346.20 1110.10 450.32 1047.99 578.19 1199.05 569.87
00079707 00000275 901.97 163.90 444.41 571.02 1009.06 355.90 1209.73 346.93 1111.03 451.06 1049.17 578.76 1201.57 570.23
00079708 00000276 903.27 159.88 444.40 582.93 1011.35 357.13 1212.29 347.38 1115.00 451.06 1051.20 584.10 1206.77 574.76
00079709 00000277 903.04 157.44 448.24 595.61 1013.98 356.80 1217.43 345.37 1120.46 451.55 1055.23 589.02 1215.22 577.60
00079710 00000278 904.52 158.31 446.79 599.79 1017.73 355.93 1221.35 346.59 1122.15 453.57 1055.34 590.36 1218.05 580.44
00079711 00000279 906.62 156.75 445.98 594.38 1022.93 357.41 1223.40 349.72 1126.15 451.36 1058.91 586.05 1214.78 577.72
00079712 00000280 908.19 158.90 445.04 579.84 1024.54 360.99 1224.02 355.27 1128.48 452.73 1058.25 578.72 1216.95 571.96
00079713 00000281 910.73 159.36 443.64 571.62 1028.43 365.06 1228.77 359.75 1133.55 455.10 1058.19 574.00 1227.00 567.78
00079714 00000282 913.61 156.86 446.13 576.90 1033.67 368.48 1231.67 360.72 1138.69 456.35 1065.26 575.88 1232.00 567.09
00079715 00000283 919.09 155.44 449.38 588.25 1041.21 366.05 1234.83 354.21 1144.45 452.62 1079.49 585.64 1231.70 573.22
00079716 00000284 923.70 157.55 452.00 591.52 1045.71 364.52 1243.50 349.65 1152.08 451.74 1087.71 590.16 1243.99 574.80
00079717 00000285 931.28 160.44 447.39 581.22 1051.58 363.54 1248.67 345.97 1158.21 448.41 1093.97 586.56 1250.40 569.14
00079718 00000286 941.63 155.41 444.66 576.47 1061.00 362.90 1259.87 342.32 1172.12 445.45 1101.09 582.70 1261.87 563.01
CROP_BBOX: 645 0 1723 1018
