Video ID: 	lfTmah-2Z-U
H: 	1080
W: 	1920
FPS: 	25.0

FRAME INDEX X0 Y0 W H [Landmarks (5 Points)]

00003301 00000000 621.62 77.31 505.60 673.59 731.92 338.04 959.78 302.03 854.96 445.66 779.33 565.67 1004.96 533.70
00003302 00000001 626.18 67.53 495.67 679.70 736.61 338.34 963.98 306.08 858.41 449.34 779.93 564.96 1004.05 536.43
00003303 00000002 625.04 66.52 499.91 682.66 737.51 339.59 966.61 307.16 861.20 453.98 781.59 567.69 1006.45 539.23
00003304 00000003 627.05 68.22 497.33 681.36 736.56 342.46 967.72 309.49 862.86 460.62 780.43 570.54 1008.89 541.62
00003305 00000004 624.92 74.31 505.88 691.19 736.05 345.21 972.02 313.95 864.11 471.42 778.69 576.38 1013.84 548.93
00003306 00000005 628.97 75.81 505.88 689.74 738.13 347.63 974.17 318.64 862.16 475.84 779.70 578.75 1012.14 553.42
00003307 00000006 631.84 68.69 510.20 701.82 739.86 351.43 973.61 319.76 858.96 477.37 776.45 581.85 1011.13 552.60
00003308 00000007 634.04 71.26 511.49 698.70 744.89 350.76 975.21 321.70 862.05 475.39 777.63 578.94 1011.14 552.07
00003309 00000008 635.10 68.15 512.32 696.66 744.89 348.06 977.14 320.64 861.87 474.81 778.93 577.74 1011.75 552.29
00003310 00000009 635.14 64.28 514.06 702.27 746.11 342.71 978.31 317.42 861.82 470.59 778.66 574.90 1011.60 551.08
00003311 00000010 635.83 61.37 517.46 699.65 745.86 338.31 980.73 312.24 862.56 464.19 781.17 572.91 1013.02 548.46
00003312 00000011 648.45 69.09 503.68 671.77 754.95 334.37 987.02 305.47 872.38 453.41 796.21 565.45 1016.76 540.06
00003313 00000012 652.91 66.08 502.22 682.11 763.74 328.88 995.01 298.78 883.39 445.39 800.15 561.13 1025.55 535.28
00003314 00000013 656.68 64.77 501.97 681.38 772.08 325.18 1002.43 297.69 891.22 441.94 806.78 558.63 1029.62 534.51
00003315 00000014 658.75 62.12 502.36 685.93 774.53 323.88 1005.91 296.21 895.35 442.19 809.03 557.42 1033.49 532.88
00003316 00000015 658.89 56.94 500.46 687.39 776.48 324.19 1005.97 297.12 899.09 443.31 810.68 557.04 1031.84 533.28
00003317 00000016 659.96 62.15 501.99 683.01 777.74 325.25 1007.13 297.84 900.30 444.36 812.85 557.77 1034.02 533.64
00003318 00000017 663.72 67.05 501.41 673.13 779.12 326.59 1011.61 300.28 903.38 449.82 815.54 559.98 1036.85 537.15
00003319 00000018 666.40 71.43 498.96 673.46 782.85 330.18 1014.25 305.53 908.76 453.11 816.64 562.66 1037.31 541.21
00003320 00000019 668.10 79.51 497.14 661.52 784.90 330.63 1016.94 307.08 910.91 452.97 818.14 561.18 1037.39 540.76
00003321 00000020 668.79 71.43 496.88 666.07 786.69 326.82 1017.93 305.42 911.18 448.15 819.22 558.70 1036.90 540.06
00003322 00000021 670.29 69.99 496.65 664.39 788.33 325.66 1021.53 304.19 914.53 444.84 822.13 557.56 1039.82 539.01
00003323 00000022 670.93 67.13 497.01 662.38 789.37 321.76 1025.50 301.27 917.16 442.71 823.80 554.71 1040.60 536.94
00003324 00000023 677.37 45.62 494.64 685.72 796.57 318.19 1031.10 298.82 923.31 443.14 829.87 554.70 1047.12 537.05
00003325 00000024 680.35 50.38 494.07 688.67 798.66 318.54 1034.11 299.85 925.78 444.17 831.12 558.34 1049.62 541.09
00003326 00000025 685.73 53.04 494.10 690.19 801.96 320.03 1037.86 302.97 926.82 448.20 833.71 561.53 1052.55 545.71
00003327 00000026 690.68 55.53 494.23 687.91 805.83 319.37 1041.31 302.89 928.77 448.57 838.22 561.25 1055.73 546.03
00003328 00000027 697.05 59.89 496.89 682.56 810.38 319.23 1046.33 300.56 932.47 447.67 846.32 562.51 1059.82 545.75
00003329 00000028 700.92 59.82 495.34 680.38 814.40 315.55 1049.12 297.21 935.41 445.73 851.12 561.87 1060.49 545.79
00003330 00000029 702.32 57.88 494.36 679.42 817.93 312.41 1051.51 295.16 938.27 443.92 855.59 560.11 1060.74 545.14
00003331 00000030 705.61 54.14 491.96 684.04 819.29 310.18 1052.44 292.39 939.79 439.92 858.63 559.22 1064.15 543.93
00003332 00000031 707.50 55.25 491.20 684.97 822.15 310.55 1054.17 293.46 942.23 439.46 859.87 559.35 1065.14 544.56
00003333 00000032 708.21 51.53 490.06 689.32 822.26 310.06 1054.58 293.46 942.76 439.99 859.98 559.86 1065.41 545.65
00003334 00000033 707.90 52.69 491.96 689.84 822.89 310.70 1054.94 293.72 943.37 440.97 861.01 560.15 1066.39 545.60
00003335 00000034 709.69 50.14 490.75 695.52 824.02 310.25 1055.39 294.18 943.67 440.96 861.69 560.99 1066.64 547.26
00003336 00000035 709.45 46.16 490.72 695.56 823.96 310.37 1055.30 295.30 943.42 445.26 861.39 563.12 1062.49 550.45
00003337 00000036 708.58 48.74 490.81 690.68 826.37 310.44 1054.20 298.29 944.09 446.52 857.71 562.97 1056.73 552.37
00003338 00000037 708.90 56.18 491.74 682.35 825.57 311.34 1056.30 300.06 942.31 448.36 856.20 564.25 1054.28 554.35
00003339 00000038 706.36 55.87 497.37 693.37 824.53 315.27 1056.08 301.45 942.44 450.32 861.17 572.07 1054.93 560.48
00003340 00000039 707.71 54.48 495.40 690.39 824.02 315.47 1055.72 301.63 942.31 451.89 862.38 573.12 1053.63 561.67
00003341 00000040 708.92 58.66 492.25 681.86 825.38 311.79 1053.80 300.69 939.66 449.30 859.05 568.29 1050.48 558.78
00003342 00000041 707.85 62.57 493.63 678.91 824.13 312.85 1054.13 301.64 938.43 450.18 858.87 568.36 1051.37 558.63
00003343 00000042 704.79 57.23 497.59 693.98 820.99 314.54 1055.16 303.55 938.72 453.01 852.56 570.16 1053.03 560.33
00003344 00000043 707.91 61.43 495.46 679.19 821.70 313.51 1056.60 302.83 937.96 451.05 853.85 566.84 1053.48 557.02
00003345 00000044 708.58 60.12 495.35 678.88 823.21 312.96 1058.04 302.23 939.99 449.96 854.98 564.86 1055.13 554.90
00003346 00000045 705.66 55.73 500.66 691.51 825.58 315.97 1057.66 301.80 943.35 449.51 862.72 570.12 1057.25 557.85
00003347 00000046 707.99 53.90 497.86 685.03 823.71 316.24 1058.23 300.91 942.53 450.15 861.99 569.35 1058.78 556.21
00003348 00000047 707.26 57.71 498.57 685.42 823.48 316.36 1058.38 300.96 942.65 450.51 861.90 571.40 1058.78 558.21
00003349 00000048 709.28 55.56 493.68 680.53 824.89 312.70 1056.72 299.70 942.85 447.36 860.08 565.05 1059.19 553.43
00003350 00000049 708.91 57.87 494.12 679.74 826.30 311.37 1055.50 298.47 942.51 444.52 859.93 562.34 1059.78 550.79
00003351 00000050 708.05 57.42 495.60 680.64 826.50 311.54 1056.08 298.83 943.46 444.80 859.23 560.38 1061.90 548.88
00003352 00000051 707.34 56.12 497.31 681.79 825.49 311.52 1056.67 298.84 943.53 446.17 859.44 561.19 1062.35 549.73
00003353 00000052 708.27 55.59 497.07 681.10 826.29 312.45 1058.16 300.26 944.62 447.21 859.00 561.11 1063.20 550.05
00003354 00000053 709.28 54.54 496.50 682.94 827.13 313.24 1058.13 300.73 944.71 447.83 858.92 561.22 1063.50 549.94
00003355 00000054 708.24 53.75 497.56 688.34 827.13 314.49 1057.48 300.80 945.96 448.07 860.10 562.42 1066.09 550.18
00003356 00000055 709.15 60.14 497.60 682.41 829.56 314.64 1059.27 301.38 948.02 446.16 861.06 561.26 1067.40 549.34
00003357 00000056 709.69 55.34 498.69 687.83 830.37 314.51 1060.18 300.65 950.40 446.15 862.32 562.03 1068.73 549.65
00003358 00000057 709.46 52.26 498.88 690.89 832.07 313.61 1061.18 299.75 952.41 446.68 864.06 561.66 1068.69 549.23
00003359 00000058 709.69 57.54 498.91 684.33 832.04 313.81 1061.96 299.79 952.57 445.85 864.38 560.55 1069.30 547.93
00003360 00000059 710.63 54.14 497.14 686.70 832.65 313.60 1061.64 300.23 953.11 445.68 863.70 559.40 1069.14 547.36
00003361 00000060 712.12 53.98 495.48 686.70 833.75 313.39 1062.39 300.21 954.19 444.95 864.14 558.60 1070.04 546.62
00003362 00000061 713.16 52.33 494.13 686.70 835.11 314.64 1060.87 302.00 953.28 443.83 864.78 557.10 1069.15 545.47
00003363 00000062 713.67 52.26 489.56 689.16 838.49 317.91 1057.06 305.77 952.39 441.17 864.31 555.48 1065.60 544.24
00003364 00000063 718.39 51.71 484.82 681.11 839.60 316.04 1057.58 307.14 950.65 440.57 864.22 555.51 1059.31 547.42
00003365 00000064 720.67 54.92 483.12 675.96 837.73 309.97 1060.26 302.81 948.51 438.46 863.21 554.69 1057.16 547.97
00003366 00000065 727.30 60.11 484.32 667.61 840.03 307.03 1067.30 302.18 949.16 436.55 864.24 552.98 1059.15 548.15
00003367 00000066 732.25 62.76 482.39 660.78 845.11 305.31 1074.87 303.80 954.16 434.22 867.36 551.24 1062.62 549.06
00003368 00000067 741.27 69.32 478.09 651.04 853.66 303.36 1082.19 305.11 960.45 433.11 874.18 548.80 1066.73 549.31
00003369 00000068 744.53 67.84 479.72 662.79 861.58 304.43 1091.88 309.47 970.20 439.03 878.33 552.80 1072.93 556.17
00003370 00000069 753.23 70.05 476.22 660.75 869.75 306.08 1100.75 312.57 978.49 440.06 885.79 553.23 1082.18 558.20
00003371 00000070 758.26 69.04 476.17 651.18 876.07 304.92 1106.26 309.97 987.24 437.91 894.25 550.12 1085.60 553.91
00003372 00000071 760.16 62.03 479.49 653.72 888.61 302.69 1116.33 309.71 998.55 433.65 902.29 542.87 1094.86 547.95
00003373 00000072 772.03 56.97 481.98 661.91 899.54 300.95 1128.72 307.82 1014.70 430.51 913.95 543.54 1110.20 549.16
00003374 00000073 782.15 67.22 482.03 649.34 910.48 293.13 1135.00 301.70 1021.06 422.96 922.25 537.24 1116.93 543.29
00003375 00000074 786.56 82.90 479.36 644.13 920.09 287.20 1145.75 295.76 1031.85 420.86 927.62 530.56 1126.89 535.87
00003376 00000075 787.92 72.28 489.73 639.93 925.12 287.42 1147.32 297.79 1035.25 414.73 933.83 523.63 1132.30 530.49
00003377 00000076 789.99 64.54 489.67 643.56 921.11 286.40 1160.19 297.69 1037.78 421.41 929.87 533.04 1134.19 542.41
00003378 00000077 799.34 75.53 481.47 635.20 928.38 284.88 1158.09 300.83 1039.80 418.68 936.13 530.97 1134.01 542.80
00003379 00000078 800.21 79.15 483.61 631.49 930.52 285.99 1157.93 301.67 1041.05 420.54 937.62 530.66 1133.24 542.44
00003380 00000079 801.01 71.01 483.79 644.17 932.68 284.92 1160.26 302.88 1042.47 420.87 938.35 532.95 1131.27 546.80
00003381 00000080 800.65 70.24 484.55 651.56 933.62 284.63 1161.03 303.18 1043.05 423.55 936.50 534.15 1132.47 548.52
00003382 00000081 801.69 70.73 484.08 653.67 935.22 286.73 1162.68 306.67 1044.89 427.58 935.69 537.26 1130.76 553.09
00003383 00000082 800.20 71.41 485.84 661.86 937.74 290.13 1161.76 312.20 1043.87 428.44 933.27 538.06 1130.57 555.80
00003384 00000083 805.36 73.39 482.59 661.74 939.28 296.05 1165.02 318.36 1044.98 431.72 934.03 543.09 1132.08 561.06
00003385 00000084 808.56 72.73 483.32 661.42 943.37 296.70 1169.86 321.13 1048.42 433.41 936.42 544.68 1134.25 564.61
00003386 00000085 811.33 78.34 483.71 661.09 946.97 294.94 1172.78 321.23 1049.91 434.64 936.52 545.76 1134.85 567.39
00003387 00000086 813.44 85.47 486.51 658.70 954.56 294.09 1181.67 324.93 1061.35 439.93 939.78 547.17 1133.29 572.59
00003388 00000087 812.73 78.06 480.63 660.55 947.75 293.83 1175.49 319.18 1055.27 436.11 936.88 549.62 1133.22 570.73
00003389 DELETE   807.79 79.07 480.47 650.96 943.26 299.94 1169.78 323.42 1050.73 437.75 935.47 550.04 1125.29 569.99
00003390 00000089 803.89 73.10 480.30 658.14 943.59 300.68 1163.34 324.77 1045.92 437.59 935.65 548.88 1117.71 569.23
00003391 00000090 803.42 62.02 481.13 671.25 942.87 297.89 1162.13 324.14 1043.66 440.15 933.88 548.63 1112.12 570.84
00003392 00000091 804.74 64.77 481.77 666.81 940.92 295.09 1164.09 320.36 1043.41 439.96 931.92 548.81 1112.49 570.20
00003393 00000092 807.22 70.09 480.68 658.88 941.99 294.48 1165.56 319.97 1044.72 439.68 933.04 547.04 1114.61 568.49
00003394 00000093 812.87 74.85 477.84 655.05 948.29 293.20 1170.18 321.25 1046.87 439.76 939.04 549.34 1118.27 572.82
00003395 00000094 819.15 93.19 479.40 640.35 955.71 293.02 1180.61 325.85 1056.72 444.21 942.08 546.76 1126.21 573.57
00003396 00000095 822.76 86.38 484.31 647.01 960.97 289.79 1188.36 325.84 1063.48 441.05 944.40 543.68 1132.52 573.23
00003397 00000096 826.85 73.33 480.26 653.59 963.33 287.72 1188.36 315.53 1063.00 434.06 950.59 542.89 1138.41 565.70
00003398 00000097 828.92 73.07 481.51 651.13 969.06 287.95 1191.37 317.50 1067.95 433.04 953.26 538.16 1141.17 562.32
00003399 00000098 828.64 65.63 489.58 660.83 975.88 294.69 1197.37 330.32 1079.24 443.77 957.39 540.02 1145.74 569.66
00003400 00000099 830.57 76.19 495.56 650.34 975.37 297.80 1197.23 332.28 1077.48 450.05 960.43 539.83 1148.16 568.46
00003401 00000100 831.83 78.59 495.49 652.87 977.05 301.80 1197.91 336.48 1077.73 453.52 961.89 542.50 1151.95 571.04
00003402 00000101 834.63 78.91 494.96 654.83 979.72 305.51 1200.77 340.40 1079.55 454.70 962.42 545.16 1153.59 573.95
00003403 00000102 838.70 75.02 492.67 658.19 980.62 304.95 1202.95 342.99 1078.38 458.33 960.75 546.28 1151.27 577.81
00003404 00000103 839.40 79.45 493.79 650.77 982.80 302.89 1203.08 338.46 1080.30 453.21 964.02 543.53 1152.46 573.13
00003405 00000104 840.02 70.81 494.76 658.22 984.03 301.72 1208.88 339.68 1084.50 454.69 964.46 544.96 1155.41 576.50
00003406 00000105 840.48 74.85 495.29 656.27 988.17 298.10 1210.45 336.47 1087.37 451.23 966.29 542.70 1157.32 574.58
00003407 00000106 842.34 79.20 495.10 652.74 991.43 298.37 1208.84 332.33 1089.83 446.52 971.66 542.05 1159.83 570.14
00003408 00000107 841.14 80.15 497.77 665.23 994.49 298.94 1209.68 333.86 1091.18 447.78 972.56 542.57 1164.96 571.33
00003409 00000108 839.71 82.72 498.85 669.22 994.53 301.25 1209.66 336.30 1090.57 449.57 971.76 543.16 1168.85 571.81
00003410 00000109 838.08 87.68 500.38 669.74 992.83 304.99 1208.05 339.66 1088.64 451.91 967.76 544.64 1169.75 572.70
00003411 00000110 836.66 86.44 501.38 671.56 988.86 306.69 1207.75 340.72 1087.51 455.21 965.53 547.47 1170.46 574.90
00003412 00000111 836.09 90.19 501.07 666.85 987.42 308.84 1206.46 341.46 1086.51 455.98 965.36 548.39 1171.11 574.63
00003413 00000112 836.00 93.75 497.31 660.94 984.88 309.26 1204.41 341.45 1084.67 456.38 962.62 548.31 1169.51 574.29
00003414 00000113 835.13 89.84 497.52 666.71 982.01 310.87 1201.43 342.92 1080.95 456.56 959.37 548.63 1170.11 574.34
00003415 00000114 832.05 90.45 499.27 671.60 979.85 311.73 1199.29 343.45 1080.50 457.26 956.03 550.00 1169.38 575.52
00003416 00000115 830.81 92.80 499.72 671.91 977.95 312.85 1198.00 344.11 1079.32 458.75 953.88 550.87 1170.23 575.90
00003417 00000116 828.75 92.58 501.62 672.42 977.22 312.79 1197.78 344.88 1078.72 459.86 952.82 551.03 1169.54 576.77
00003418 00000117 827.87 92.88 501.55 673.58 976.04 312.65 1196.53 344.62 1078.05 459.74 950.58 550.84 1168.54 576.44
00003419 00000118 829.68 93.30 499.46 671.80 976.24 313.11 1197.42 345.48 1077.79 460.12 951.23 551.20 1169.45 577.25
00003420 00000119 830.02 90.62 498.85 671.75 976.83 315.33 1199.92 347.86 1080.50 462.74 952.01 553.07 1170.47 579.39
00003421 00000120 828.65 91.72 500.94 676.02 976.88 316.97 1199.58 350.08 1080.39 464.90 950.65 554.33 1170.65 580.93
00003422 00000121 829.73 98.59 498.55 674.83 978.46 319.72 1198.80 352.28 1079.20 466.77 951.34 555.73 1169.32 581.98
00003423 00000122 831.20 102.37 496.78 672.28 979.16 321.51 1199.49 353.46 1080.11 467.85 952.40 557.01 1169.69 582.89
00003424 00000123 831.63 101.43 497.37 674.97 980.90 322.34 1200.96 354.68 1082.44 468.53 953.33 558.46 1169.82 584.77
00003425 00000124 832.36 108.12 496.87 672.01 983.01 322.17 1202.84 356.08 1085.10 471.90 952.80 559.46 1169.84 587.19
00003426 00000125 833.93 109.84 495.64 669.16 985.05 323.03 1205.12 356.91 1086.94 474.21 954.99 560.80 1169.40 588.77
00003427 00000126 835.39 113.16 494.82 663.06 987.42 323.70 1206.82 357.67 1089.77 474.93 958.01 562.10 1167.13 590.47
00003428 00000127 837.05 117.60 496.78 659.42 992.73 325.29 1209.41 360.75 1092.17 474.78 964.47 564.73 1163.67 594.86
00003429 00000128 841.25 118.81 493.59 655.77 996.29 329.55 1212.94 363.47 1096.64 478.39 969.23 570.32 1165.63 599.41
00003430 00000129 848.19 112.58 490.43 660.78 1001.61 328.83 1220.28 364.14 1102.15 476.75 974.20 573.15 1168.32 603.74
00003431 00000130 854.48 103.54 490.03 671.85 1009.16 328.63 1226.93 365.01 1110.19 479.22 981.44 576.04 1171.55 607.57
00003432 DELETE   856.95 109.85 487.71 669.51 1014.22 332.73 1230.17 368.49 1119.13 479.96 989.47 581.06 1175.74 612.17
00003433 00000132 858.55 106.30 488.59 677.41 1020.41 336.11 1234.20 369.85 1127.97 478.92 997.06 582.98 1182.66 612.61
00003434 00000133 861.38 110.36 486.87 673.02 1022.47 338.36 1236.72 372.02 1130.81 480.57 999.83 585.12 1184.33 614.89
00003435 00000134 857.40 112.22 489.83 673.93 1019.87 339.59 1235.40 373.67 1129.45 482.62 997.10 586.87 1180.92 617.06
00003436 DELETE   856.27 106.48 489.39 679.34 1018.72 344.55 1231.93 378.47 1124.20 490.53 994.80 592.17 1175.25 622.09
00003437 00000136 851.98 118.64 492.30 666.59 1012.48 348.58 1228.09 381.71 1117.14 494.44 991.47 593.53 1173.04 622.76
00003438 DELETE   849.81 119.80 491.28 667.38 1007.61 349.23 1224.54 381.12 1112.74 497.69 987.67 594.53 1170.72 622.67
00003439 00000138 849.75 119.55 487.23 664.12 1004.10 344.82 1223.71 377.40 1110.77 495.72 983.78 592.88 1171.54 621.30
00003440 00000139 847.82 111.80 485.72 668.15 999.96 341.88 1221.55 372.37 1108.38 492.50 979.47 590.91 1169.21 617.59
00003441 00000140 847.82 115.53 482.88 663.38 998.16 340.38 1219.37 370.51 1106.39 492.58 979.59 591.95 1166.71 618.38
00003442 00000141 842.86 121.46 488.17 670.74 996.76 341.77 1215.98 373.38 1103.95 498.08 978.09 597.28 1163.69 624.91
00003443 00000142 838.95 122.34 488.62 667.87 991.80 342.53 1211.54 372.95 1100.83 501.78 976.12 598.75 1158.68 625.53
00003444 00000143 834.93 125.22 490.51 663.86 988.19 344.17 1209.95 373.66 1098.50 504.14 973.23 599.93 1156.43 625.83
00003445 00000144 832.21 118.58 491.20 671.65 985.61 343.61 1207.99 372.75 1096.09 502.83 970.22 597.92 1156.68 623.19
00003446 DELETE   833.16 117.09 487.51 671.73 982.49 347.76 1204.07 375.33 1092.98 503.68 967.27 599.33 1156.27 623.14
00003447 00000146 833.29 113.66 482.72 674.24 981.57 349.81 1198.69 378.82 1090.35 504.78 967.39 599.80 1152.19 624.71
00003448 00000147 833.53 116.47 484.16 672.87 980.82 348.34 1199.40 379.04 1088.01 503.31 965.48 598.06 1151.79 624.30
00003449 DELETE   834.00 119.10 489.68 668.42 981.31 344.88 1201.68 376.69 1085.74 500.31 966.66 596.96 1150.58 624.30
00003450 00000149 841.71 119.22 486.04 661.52 984.42 342.23 1204.37 372.53 1086.62 496.09 971.10 594.00 1153.37 620.34
00003451 00000150 844.27 117.48 486.75 660.95 988.99 339.73 1208.15 370.17 1090.00 492.44 974.82 590.92 1155.70 617.40
00003452 00000151 843.62 117.99 490.97 659.05 992.03 338.51 1209.98 369.74 1092.97 489.98 975.93 588.62 1155.62 615.83
00003453 00000152 844.19 120.40 490.10 657.63 993.79 335.63 1212.06 367.60 1095.51 487.84 977.25 587.51 1157.89 615.51
00003454 00000153 844.19 117.49 490.60 660.06 996.02 332.76 1212.93 365.64 1097.65 486.19 979.09 584.60 1159.80 613.30
00003455 00000154 844.28 122.52 490.68 657.40 997.14 331.80 1214.07 365.24 1098.01 485.86 978.18 584.50 1160.52 613.71
00003456 00000155 844.00 122.04 492.25 659.36 997.69 329.97 1214.02 364.06 1095.90 484.21 979.97 584.87 1159.69 614.59
00003457 00000156 842.57 128.31 492.47 654.05 994.55 331.33 1211.06 364.43 1092.33 485.19 976.99 585.74 1157.81 614.59
00003458 00000157 840.76 118.15 489.50 663.07 991.38 335.52 1204.67 367.55 1087.46 483.45 972.16 584.80 1153.71 612.75
00003459 00000158 837.64 114.20 488.76 659.68 988.24 335.47 1200.46 366.48 1084.98 478.55 971.24 581.75 1150.71 608.62
00003460 DELETE   834.33 121.95 489.07 649.31 983.65 328.30 1197.11 363.33 1077.96 474.80 965.64 575.02 1147.21 604.92
00003461 DELETE   830.87 121.68 492.78 644.40 979.37 320.86 1196.13 356.58 1074.90 465.09 961.33 568.02 1145.97 598.25
00003462 00000161 831.99 112.11 493.01 644.54 974.22 309.90 1193.45 349.00 1065.74 460.44 954.00 561.43 1142.12 594.33
00003463 00000162 828.56 109.45 497.07 649.45 970.25 308.08 1190.75 348.27 1061.19 458.96 949.00 560.15 1136.68 593.94
00003464 00000163 827.46 102.03 498.21 655.95 966.99 305.51 1189.21 344.76 1057.71 457.08 947.14 560.74 1135.72 593.64
00003465 00000164 826.15 103.02 499.65 648.20 964.96 302.82 1189.12 344.90 1055.55 454.39 942.70 557.79 1131.18 593.15
00003466 00000165 829.50 98.14 485.45 641.68 959.45 305.43 1189.57 350.37 1044.86 455.73 935.15 558.63 1123.26 595.78
00003467 00000166 830.52 102.34 485.88 639.30 960.62 305.59 1189.67 350.48 1044.60 454.88 936.75 557.88 1123.86 594.88
00003468 00000167 832.69 104.85 493.59 634.61 968.26 305.44 1194.89 348.53 1059.22 459.83 946.29 558.80 1126.66 595.13
00003469 00000168 833.43 113.26 491.80 631.63 971.48 310.03 1195.23 350.43 1062.46 462.10 951.79 563.53 1127.57 597.86
00003470 00000169 833.78 115.86 493.71 633.16 972.95 310.56 1197.29 351.14 1064.18 461.64 952.61 565.70 1128.59 600.12
00003471 00000170 835.75 117.04 492.99 630.57 973.13 309.23 1200.49 349.37 1067.84 460.72 950.22 564.55 1134.93 598.36
00003472 00000171 840.69 113.48 490.95 630.11 978.29 307.05 1203.31 347.09 1068.43 457.32 954.42 559.83 1140.20 593.53
00003473 00000172 844.50 108.61 488.72 633.65 982.72 305.40 1205.97 346.26 1072.32 455.72 957.30 558.31 1141.07 592.82
00003474 00000173 843.53 101.27 491.39 643.30 986.65 306.71 1206.78 348.10 1074.92 455.89 962.03 557.72 1140.59 592.91
00003475 00000174 845.90 103.70 490.12 631.58 987.56 306.37 1213.16 346.60 1079.12 455.74 963.04 556.67 1146.09 590.63
00003476 00000175 845.20 103.96 493.31 634.97 989.63 305.18 1217.53 346.10 1081.58 453.55 959.90 552.80 1152.10 587.02
00003477 00000176 853.22 106.54 486.05 619.08 991.28 306.16 1219.76 345.57 1083.17 453.98 961.94 551.48 1151.92 584.71
00003478 00000177 852.02 107.14 487.99 631.48 993.98 305.59 1217.02 345.49 1083.87 455.37 969.26 556.89 1148.60 590.91
00003479 00000178 851.50 104.53 489.93 635.73 995.31 306.59 1216.70 346.94 1085.40 456.29 970.52 557.56 1148.50 592.03
00003480 00000179 852.81 106.18 490.10 638.87 998.28 305.49 1220.33 347.01 1088.62 456.26 971.34 558.49 1152.75 594.04
00003481 00000180 855.07 106.48 488.33 641.02 1001.69 306.43 1223.91 349.41 1092.89 456.22 973.09 560.56 1155.18 597.39
00003482 00000181 856.02 113.28 487.88 632.80 1002.76 314.31 1223.16 356.45 1095.43 459.68 976.06 563.17 1154.10 599.48
00003483 00000182 857.67 113.65 481.55 630.98 1007.24 322.51 1221.79 362.98 1100.00 460.08 980.00 563.80 1156.28 598.97
00003484 00000183 856.11 111.48 487.24 636.43 1011.23 321.76 1227.02 365.56 1104.04 461.89 982.79 564.71 1157.69 602.60
00003485 00000184 856.41 112.71 487.49 637.68 1010.50 317.72 1230.21 362.99 1106.21 463.63 979.48 565.64 1159.81 604.84
00003486 00000185 855.97 114.82 489.20 637.98 1011.04 315.78 1231.92 363.23 1106.39 466.74 979.81 567.26 1159.22 608.43
00003487 00000186 856.42 122.63 490.16 636.09 1009.24 316.61 1229.82 363.47 1103.89 472.45 980.19 574.55 1157.40 615.18
00003488 00000187 854.40 132.66 492.72 639.48 1007.46 321.82 1223.23 366.15 1096.93 478.17 983.95 586.27 1149.04 624.59
00003489 00000188 841.95 138.18 506.38 643.75 998.83 323.22 1224.16 372.23 1099.57 481.45 975.36 584.87 1148.48 625.81
00003490 00000189 851.81 141.84 493.81 650.52 1003.64 327.72 1216.25 371.38 1089.44 487.95 973.58 587.77 1149.00 623.76
00003491 00000190 845.23 146.42 497.76 659.33 998.71 327.56 1222.39 382.41 1090.90 488.91 960.36 588.95 1150.69 635.32
00003492 00000191 840.44 145.93 504.63 661.34 992.08 329.61 1218.69 386.04 1081.88 489.68 954.54 592.29 1147.29 639.96
00003493 00000192 837.31 146.23 506.02 666.08 986.61 331.41 1211.72 386.66 1072.97 490.93 950.88 593.79 1140.03 640.64
00003494 00000193 835.75 137.19 510.84 662.63 983.67 329.44 1202.60 379.68 1063.20 494.61 949.69 590.47 1130.77 632.78
00003495 00000194 827.03 138.32 510.91 658.90 983.88 328.26 1204.29 383.84 1065.77 489.83 941.41 588.54 1122.29 636.09
00003496 00000195 827.66 139.88 509.27 650.52 981.78 329.00 1203.31 383.72 1064.69 492.51 941.04 588.06 1118.74 635.08
00003497 00000196 825.01 140.40 511.78 651.91 980.21 329.27 1201.97 384.72 1062.38 491.88 938.88 587.54 1116.21 635.14
00003498 00000197 829.47 138.27 515.18 657.11 974.46 330.22 1195.28 380.01 1052.31 495.28 943.82 591.02 1114.13 633.06
00003499 00000198 826.85 136.31 511.17 670.72 973.34 329.85 1199.04 386.26 1055.73 485.72 941.85 592.19 1117.83 641.18
00003500 00000199 823.99 130.31 512.36 673.41 963.88 332.21 1185.29 383.28 1042.05 498.87 933.75 594.58 1114.66 637.74
00003501 00000200 818.18 130.23 505.47 662.54 962.18 331.55 1189.18 390.27 1047.88 496.37 924.18 589.71 1109.44 639.45
00003502 00000201 816.25 133.20 504.40 656.77 959.85 329.06 1187.44 389.18 1045.02 496.73 921.72 587.61 1106.69 638.41
00003503 00000202 815.52 131.07 506.29 657.32 961.03 327.65 1186.11 385.26 1043.55 491.03 926.44 585.17 1105.34 633.91
00003504 00000203 818.86 127.20 503.79 660.12 965.22 322.33 1187.64 379.10 1044.99 485.55 931.27 580.02 1105.43 628.26
00003505 00000204 824.03 122.73 504.75 657.57 969.43 312.15 1190.54 366.25 1050.44 474.62 937.99 572.72 1114.75 618.42
00003506 00000205 826.96 119.90 507.83 655.21 976.97 309.05 1196.63 359.44 1058.89 463.51 945.59 567.81 1123.15 610.43
00003507 00000206 830.30 105.71 508.73 654.44 970.88 304.60 1199.30 355.64 1058.77 453.53 943.97 557.89 1131.84 601.04
00003508 00000207 833.63 101.24 509.20 649.46 973.83 299.23 1203.53 349.93 1064.48 450.02 947.16 553.19 1134.62 595.92
00003509 00000208 834.76 97.91 508.45 650.39 974.03 295.53 1202.98 346.66 1063.18 446.70 945.81 548.99 1135.68 591.90
00003510 00000209 834.57 88.47 510.62 658.36 975.79 294.67 1203.47 343.70 1064.55 443.73 949.52 547.97 1136.50 589.14
00003511 00000210 835.44 86.34 510.04 658.13 980.14 294.12 1205.94 341.28 1069.06 440.32 956.76 548.71 1134.98 588.44
00003512 00000211 836.65 89.44 508.32 658.28 980.83 293.10 1206.74 339.49 1070.91 438.17 958.44 549.10 1137.98 588.44
00003513 00000212 836.76 91.91 507.82 654.77 980.46 290.34 1207.31 335.01 1072.87 434.35 958.09 547.70 1141.20 585.65
00003514 00000213 836.17 90.56 507.78 651.40 979.09 295.19 1203.62 338.25 1071.97 433.67 957.97 547.69 1140.15 584.06
00003515 00000214 839.38 93.82 497.56 639.51 989.92 296.03 1203.67 340.23 1073.57 431.33 958.09 541.14 1138.84 578.03
00003516 00000215 833.20 100.46 503.12 628.27 982.31 291.82 1198.24 335.30 1066.42 427.61 952.47 536.01 1135.11 571.99
00003517 00000216 829.23 101.36 491.12 624.67 966.71 290.50 1195.58 336.49 1051.06 424.53 939.86 538.83 1129.83 576.98
00003518 00000217 824.44 100.37 493.05 621.96 960.03 290.28 1192.49 337.19 1047.23 420.98 933.54 537.86 1125.78 577.05
00003519 00000218 821.83 101.77 490.49 618.13 954.70 289.32 1188.28 331.83 1044.09 421.93 930.88 540.36 1122.87 575.91
00003520 00000219 818.55 101.58 488.94 625.03 949.84 288.71 1183.88 330.15 1039.44 422.10 927.59 541.79 1121.47 576.68
00003521 00000220 815.45 100.97 486.92 626.51 945.88 286.60 1178.75 328.71 1033.36 424.52 922.49 541.09 1116.67 576.43
00003522 00000221 813.10 100.74 486.02 628.81 943.51 286.86 1175.50 330.00 1029.49 424.97 915.89 540.06 1114.23 576.04
00003523 00000222 806.91 95.32 486.76 641.73 941.30 287.78 1173.12 330.86 1028.19 428.80 910.40 543.40 1109.59 579.53
00003524 00000223 803.58 96.13 488.58 645.45 939.50 289.12 1170.13 333.00 1025.38 431.69 908.65 546.23 1105.13 583.06
00003525 00000224 798.97 103.90 491.68 644.17 937.02 290.78 1166.77 334.32 1023.15 435.00 904.26 550.16 1096.60 586.99
00003526 00000225 798.39 112.84 494.97 640.90 937.47 289.84 1169.70 342.46 1032.05 435.66 911.47 549.07 1101.71 593.01
00003527 00000226 794.77 113.50 496.77 641.86 937.13 291.37 1167.48 343.83 1029.94 435.84 911.32 549.88 1101.69 593.62
00003528 00000227 791.02 108.95 497.31 655.52 934.17 292.42 1163.63 340.20 1030.15 437.26 912.19 552.94 1100.84 592.76
00003529 00000228 787.04 98.72 495.70 659.55 931.13 297.41 1155.30 336.27 1018.46 440.30 905.48 556.81 1095.50 589.69
00003530 00000229 788.69 96.04 493.68 662.65 931.68 297.94 1153.84 336.88 1018.50 441.09 907.87 557.73 1096.04 590.59
00003531 00000230 788.92 93.86 492.12 666.92 931.87 298.57 1153.77 337.88 1018.85 442.33 907.77 559.44 1095.62 592.64
00003532 00000231 791.00 113.98 493.40 651.11 932.67 298.90 1160.25 343.92 1026.41 441.63 914.79 560.62 1099.49 597.89
00003533 00000232 789.47 101.54 490.58 658.20 932.97 300.69 1153.73 340.08 1020.06 445.61 907.95 560.51 1094.26 594.00
00003534 00000233 790.62 102.72 489.53 655.98 932.74 300.88 1154.85 339.67 1021.04 445.75 909.52 560.47 1096.15 593.55
00003535 00000234 795.11 116.08 489.76 646.40 936.11 299.48 1164.24 344.95 1032.76 443.95 917.04 561.80 1102.99 599.46
00003536 00000235 797.11 118.82 489.68 641.11 939.38 302.32 1166.68 347.33 1036.38 445.18 920.86 562.05 1104.50 599.27
00003537 DELETE   800.60 109.82 481.03 640.76 943.58 313.57 1161.11 349.12 1033.45 447.05 925.73 560.66 1107.45 591.53
00003538 00000237 809.78 107.39 481.05 636.32 958.13 317.53 1178.47 355.41 1056.95 451.59 939.22 561.03 1124.28 593.57
00003539 DELETE   818.31 107.58 485.91 635.22 974.42 320.65 1195.00 354.98 1080.71 458.86 955.82 563.48 1141.68 592.91
00003540 DELETE   824.56 103.78 484.76 646.80 999.25 315.80 1210.52 350.78 1115.93 462.04 977.26 564.42 1156.02 594.49
00003541 00000240 829.69 99.81 483.82 662.18 1013.62 319.82 1226.92 353.76 1136.72 470.34 990.83 569.20 1173.90 598.18
00003542 DELETE   837.47 110.02 492.72 661.10 1031.12 323.42 1245.15 360.73 1157.37 476.06 1006.78 577.85 1187.47 609.59
00003543 DELETE   844.10 106.44 494.77 677.80 1040.64 328.80 1256.48 362.04 1173.14 480.09 1020.21 587.27 1205.42 615.53
00003544 DELETE   848.00 104.83 493.80 685.86 1053.02 332.81 1265.02 364.55 1188.37 487.57 1029.75 591.30 1214.56 618.53
00003545 00000244 852.21 112.33 488.64 677.92 1069.32 333.85 1273.37 369.20 1198.81 496.94 1042.45 591.50 1217.78 620.25
00003546 00000245 857.74 112.22 488.72 679.88 1075.54 333.65 1278.21 368.04 1206.21 495.44 1048.50 591.82 1223.68 619.96
00003547 00000246 861.50 110.14 485.71 680.46 1079.17 333.28 1280.58 367.46 1212.55 496.50 1054.94 594.62 1225.71 622.82
00003548 00000247 862.52 112.28 488.81 680.20 1081.57 332.44 1283.78 365.64 1217.54 496.44 1060.36 596.32 1230.80 623.69
00003549 00000248 863.83 111.30 488.57 678.45 1084.00 329.65 1286.25 363.67 1220.45 495.74 1061.80 594.12 1231.73 622.18
00003550 00000249 862.74 110.16 490.90 678.93 1083.82 327.27 1287.27 361.23 1220.50 494.70 1062.83 591.78 1233.67 619.68
00003551 00000250 862.66 108.42 491.34 680.94 1083.97 325.36 1287.81 358.28 1219.82 494.31 1063.67 590.73 1233.64 617.77
00003552 00000251 864.76 111.78 488.37 677.88 1084.29 324.45 1287.34 357.10 1221.13 493.32 1065.07 591.71 1233.94 618.44
00003553 00000252 864.34 111.88 487.97 677.93 1083.13 323.67 1286.34 355.75 1220.77 494.05 1064.11 592.72 1231.77 619.12
00003554 00000253 859.85 107.68 488.27 683.84 1080.33 325.89 1283.05 358.30 1218.79 494.04 1061.02 593.11 1229.68 619.59
00003555 00000254 856.67 103.87 488.43 678.85 1075.57 335.81 1280.86 367.00 1220.33 491.35 1049.90 590.15 1230.44 616.40
00003556 DELETE   849.22 98.56 492.15 685.46 1067.79 337.15 1266.31 361.77 1206.11 490.52 1047.79 596.07 1215.79 617.64
00003557 DELETE   845.15 98.02 492.10 677.66 1052.56 337.76 1255.01 362.45 1186.97 486.44 1035.54 597.16 1203.05 618.95
00003558 00000257 840.52 106.58 479.71 651.12 1024.78 333.55 1239.34 358.60 1158.54 482.71 1007.49 585.40 1187.21 607.76
00003559 DELETE   834.79 102.24 476.15 656.18 1002.50 326.34 1225.35 356.08 1129.19 478.90 982.75 577.75 1169.74 603.44
00003560 00000259 825.31 107.09 484.35 655.07 989.91 322.50 1211.18 356.88 1107.94 477.68 967.72 574.98 1150.50 604.64
00003561 00000260 815.53 116.96 493.13 650.74 978.42 318.15 1200.02 359.96 1087.84 473.77 952.50 573.67 1134.26 609.33
00003562 00000261 818.83 120.72 482.40 646.62 963.77 310.86 1186.98 355.92 1057.86 470.21 940.67 575.67 1112.39 613.45
00003563 00000262 811.86 118.95 485.44 653.72 956.84 308.43 1178.67 354.32 1047.16 468.24 931.98 573.98 1105.63 612.00
00003564 00000263 811.10 123.48 483.62 649.83 950.31 306.84 1172.30 354.62 1037.66 468.25 924.13 572.28 1096.38 611.96
00003565 00000264 806.91 118.49 483.04 655.84 946.78 309.85 1166.64 357.92 1032.13 465.76 919.59 570.80 1093.46 610.39
00003566 00000265 807.35 126.87 482.66 649.04 947.18 312.47 1165.81 359.19 1030.90 469.32 918.26 572.43 1092.77 610.95
00003567 00000266 810.23 126.46 480.92 651.26 949.00 312.59 1167.47 358.83 1034.11 471.37 920.94 573.52 1096.28 611.57
00003568 DELETE   809.22 126.43 484.93 651.25 954.37 320.31 1171.36 362.69 1042.84 471.58 928.80 575.80 1108.07 610.42
00003569 00000268 811.85 122.55 484.91 658.54 961.39 323.37 1174.49 366.98 1049.81 476.08 932.65 574.21 1114.91 609.99
00003570 DELETE   811.95 127.24 485.79 655.68 962.62 324.58 1174.85 365.80 1053.45 477.69 934.31 572.64 1119.42 606.44
00003571 00000270 805.43 114.66 493.76 662.71 959.24 321.00 1178.57 366.66 1062.09 482.12 932.76 570.17 1125.26 608.36
00003572 00000271 810.49 123.74 488.88 657.81 957.32 323.65 1175.88 367.58 1049.06 483.92 927.17 573.23 1115.36 609.30
00003573 00000272 808.07 124.96 488.12 654.35 951.05 321.43 1168.33 366.40 1037.84 483.45 921.70 569.65 1108.25 606.48
00003574 00000273 808.48 122.04 483.89 648.05 944.66 320.20 1165.99 366.97 1030.54 481.26 916.92 567.21 1106.80 605.76
00003575 00000274 795.44 111.58 495.17 653.12 933.87 316.85 1157.50 366.95 1024.03 480.82 907.11 562.40 1099.66 604.52
00003576 00000275 795.23 112.79 485.92 645.14 933.43 317.25 1150.74 362.10 1012.55 469.13 896.80 560.17 1090.18 598.37
00003577 00000276 787.50 104.13 488.80 649.46 928.20 314.32 1147.26 360.72 1007.26 468.20 888.02 556.28 1084.18 595.52
00003578 00000277 782.62 111.78 493.92 650.31 923.92 313.50 1142.83 360.40 998.54 467.85 882.75 556.69 1081.18 596.40
00003579 00000278 780.24 110.06 492.94 654.77 920.41 315.51 1140.09 359.94 996.39 465.84 881.17 557.82 1081.05 595.37
00003580 00000279 781.21 113.23 490.66 652.42 921.64 318.10 1139.03 360.08 999.24 468.61 886.05 562.59 1080.01 598.50
00003581 00000280 785.16 117.51 488.56 647.71 926.30 320.67 1142.04 361.72 1005.87 470.82 892.39 567.63 1079.30 603.20
00003582 00000281 783.85 121.53 491.79 650.51 926.54 322.53 1141.79 362.46 1006.79 472.53 897.36 572.71 1078.72 607.70
00003583 00000282 779.66 118.63 494.04 657.09 925.50 321.62 1141.11 364.84 1004.43 472.76 894.08 573.87 1073.65 611.53
00003584 DELETE   774.11 119.14 495.49 651.66 917.85 321.61 1132.97 365.36 995.46 475.78 888.90 572.85 1064.47 610.78
00003585 00000284 769.45 116.17 495.79 650.74 908.76 321.80 1125.92 367.17 983.53 473.89 882.08 571.19 1057.27 610.02
00003586 DELETE   765.67 122.19 496.94 646.33 899.95 324.45 1114.99 370.86 973.12 475.14 875.19 573.43 1045.12 612.96
00003587 00000286 759.25 117.68 497.58 660.67 885.42 329.26 1104.38 374.93 962.27 473.07 866.78 576.05 1040.89 615.24
00003588 DELETE   762.10 122.48 488.41 679.03 889.91 326.19 1104.14 368.45 964.26 476.22 870.34 584.88 1040.35 621.71
00003589 00000288 762.77 118.01 485.73 680.97 888.22 323.40 1104.03 364.92 961.98 475.23 867.94 583.40 1041.48 619.73
00003590 00000289 754.87 108.66 498.97 677.71 887.80 318.76 1105.95 365.96 960.55 476.30 865.06 575.69 1041.45 615.56
00003591 00000290 758.99 102.23 493.89 681.35 891.44 318.10 1111.35 362.06 971.67 477.21 869.80 574.67 1051.79 612.08
00003592 00000291 766.78 112.09 491.25 671.62 902.55 318.69 1123.03 355.67 989.86 471.62 878.00 575.02 1070.26 606.48
00003593 00000292 777.75 116.12 485.04 660.06 916.85 319.76 1136.60 351.95 1007.88 467.48 891.19 574.56 1080.88 602.42
00003594 00000293 788.49 109.81 481.50 655.04 928.14 314.34 1148.86 347.99 1020.88 463.25 903.13 570.28 1091.19 599.53
00003595 00000294 792.47 104.84 483.58 648.58 934.03 310.01 1160.58 346.03 1031.55 461.34 912.00 568.27 1098.70 599.44
00003596 00000295 793.40 104.92 484.45 658.86 936.71 311.34 1159.19 347.07 1031.04 462.43 914.70 572.01 1098.10 603.10
00003597 00000296 791.06 108.04 484.69 659.13 935.53 313.33 1156.22 349.41 1031.57 465.95 912.19 573.72 1095.31 605.15
00003598 00000297 793.46 111.12 479.28 650.22 931.38 316.09 1154.33 350.68 1027.97 469.30 910.87 576.17 1094.13 606.12
00003599 00000298 791.99 103.43 479.16 657.88 930.77 318.78 1150.79 353.32 1023.79 468.76 907.09 574.30 1091.08 604.27
00003600 00000299 788.73 104.92 484.14 660.57 929.50 316.84 1148.99 353.01 1019.14 467.05 905.50 574.47 1087.99 605.89
00003601 00000300 788.09 106.52 486.88 664.26 931.25 319.50 1147.23 357.02 1018.36 468.35 907.33 576.59 1085.23 609.23
00003602 00000301 797.36 123.93 483.97 650.35 936.92 319.00 1151.64 356.93 1022.72 470.82 916.79 576.98 1084.83 608.61
00003603 00000302 801.46 121.62 481.48 658.93 942.62 318.08 1156.35 356.51 1028.92 474.09 919.91 576.97 1092.99 608.63
00003604 00000303 804.79 112.50 482.06 665.21 946.24 318.80 1161.57 358.21 1035.43 474.99 924.16 578.43 1098.96 610.64
00003605 00000304 806.04 115.96 482.13 666.44 948.32 319.39 1163.43 358.83 1038.06 476.48 925.47 580.15 1100.92 612.47
00003606 00000305 807.12 119.66 482.13 660.80 947.13 317.38 1163.79 357.52 1036.64 477.82 924.43 579.11 1099.46 612.09
00003607 00000306 807.39 123.23 480.84 651.65 945.46 316.90 1165.15 357.21 1036.39 476.44 925.67 578.70 1100.01 611.78
00003608 00000307 808.16 119.08 479.64 652.15 944.67 318.06 1165.19 358.37 1035.66 478.16 925.40 578.14 1099.70 611.26
00003609 00000308 807.89 121.21 478.91 648.36 943.67 319.28 1165.43 359.93 1034.29 480.02 924.58 578.36 1100.80 611.70
00003610 00000309 806.16 122.72 480.50 647.12 944.08 319.28 1163.49 360.79 1032.38 480.82 923.16 576.94 1096.93 611.15
00003611 00000310 806.73 117.74 480.71 652.57 943.82 321.62 1162.85 363.33 1032.32 482.53 922.45 577.51 1097.83 611.87
00003612 00000311 803.95 120.90 481.93 652.70 942.91 325.20 1159.92 364.80 1032.24 483.68 923.21 580.17 1097.68 612.62
00003613 00000312 802.34 122.78 483.09 651.70 942.52 328.54 1159.73 367.94 1031.70 485.85 922.88 583.29 1096.22 615.65
00003614 00000313 800.89 115.13 486.41 663.94 943.69 331.15 1160.26 370.26 1034.06 489.80 922.73 586.11 1097.29 618.25
00003615 00000314 799.54 116.00 487.06 666.34 944.85 333.94 1159.69 372.94 1035.11 491.00 923.23 587.62 1098.03 619.71
00003616 00000315 799.93 120.04 485.21 662.33 944.17 337.37 1159.69 375.83 1035.98 493.95 923.77 589.14 1099.46 620.69
00003617 00000316 799.18 119.50 484.78 662.35 944.65 337.63 1158.38 376.27 1036.98 493.68 924.39 589.15 1098.27 620.84
00003618 00000317 798.15 126.69 483.21 656.87 941.91 337.59 1157.21 374.32 1034.93 495.51 923.30 591.61 1099.22 621.56
00003619 00000318 798.20 134.10 482.93 650.97 941.54 338.78 1157.66 375.47 1035.53 497.91 922.67 592.59 1101.75 622.32
00003620 00000319 797.08 130.58 484.07 656.08 942.40 340.21 1159.45 376.34 1039.73 500.10 923.63 594.41 1103.65 623.84
00003621 00000320 796.49 128.39 486.18 660.25 944.52 340.79 1161.97 378.44 1043.19 501.31 923.91 595.17 1106.04 626.00
00003622 00000321 790.83 123.14 492.76 668.69 940.83 345.24 1164.25 383.75 1039.50 505.42 919.56 599.46 1106.56 633.04
00003623 00000322 796.24 128.44 486.96 661.53 944.74 343.89 1162.35 382.02 1042.75 504.87 921.74 598.15 1104.53 629.47
00003624 00000323 796.29 131.13 487.19 663.33 945.43 343.80 1160.26 382.27 1040.44 504.94 920.40 598.03 1102.43 629.61
00003625 00000324 798.15 132.12 484.88 660.25 942.74 341.11 1159.07 379.44 1036.69 505.74 919.63 597.98 1100.78 629.43
00003626 00000325 797.85 131.85 484.73 659.61 940.73 340.45 1156.51 378.42 1032.16 505.49 918.18 596.79 1098.74 627.89
00003627 00000326 796.28 129.83 485.34 663.98 940.35 341.90 1154.20 378.90 1031.58 505.82 916.81 596.94 1098.01 627.22
00003628 DELETE   788.39 116.08 494.04 676.33 939.04 349.24 1161.59 399.56 1039.07 516.47 913.45 592.14 1106.60 633.47
00003629 00000328 792.21 111.30 492.62 683.63 946.38 351.66 1166.80 398.32 1049.87 515.38 921.80 594.87 1116.02 632.90
00003630 DELETE   800.89 119.64 487.44 676.82 961.50 344.84 1171.22 383.76 1058.75 505.03 933.61 598.15 1114.18 630.36
00003631 00000330 806.31 121.99 484.88 676.71 964.60 340.48 1179.36 375.22 1066.79 504.74 937.92 596.62 1125.16 625.49
00003632 00000331 809.57 108.39 483.81 685.94 969.36 340.22 1188.95 379.76 1084.65 508.29 940.99 594.46 1139.68 627.90
00003633 00000332 813.06 108.38 482.34 684.79 972.71 340.26 1192.46 379.65 1089.22 511.58 942.93 594.00 1143.23 627.41
00003634 00000333 813.16 110.42 483.93 682.18 972.35 341.22 1193.10 381.21 1088.48 512.83 941.53 594.39 1142.66 628.33
00003635 00000334 810.11 117.51 482.53 676.18 967.29 339.51 1188.76 382.09 1081.84 513.67 936.68 594.98 1134.77 631.30
00003636 00000335 812.62 117.13 482.51 691.22 964.87 337.62 1182.13 373.31 1066.30 507.42 934.99 601.06 1127.77 630.84
00003637 00000336 803.62 113.34 489.67 695.51 952.54 336.73 1174.43 371.29 1059.35 509.62 932.68 602.32 1128.71 632.13
00003638 00000337 799.89 113.84 490.73 697.04 948.28 336.38 1168.89 372.58 1052.22 507.73 928.88 601.17 1124.34 632.41
00003639 00000338 796.57 113.95 490.80 696.72 945.43 335.70 1164.05 372.03 1048.85 507.40 925.61 599.31 1120.41 630.85
00003640 00000339 795.88 115.20 489.71 691.55 944.67 334.66 1164.34 369.94 1049.51 505.45 925.65 596.54 1120.18 627.15
00003641 00000340 801.68 120.28 482.84 682.50 954.30 333.13 1166.38 368.72 1051.59 498.31 928.19 593.18 1115.69 621.73
00003642 00000341 802.13 119.21 481.93 677.01 955.87 333.16 1168.38 368.04 1056.18 498.06 931.69 592.24 1115.96 620.40
00003643 00000342 800.10 120.53 484.20 674.56 957.45 331.67 1169.34 368.61 1056.31 498.35 931.49 588.05 1113.62 618.04
00003644 00000343 800.28 120.05 482.42 666.07 955.56 333.34 1168.21 369.63 1055.43 497.60 932.51 588.58 1109.83 618.16
00003645 00000344 800.58 121.17 480.70 658.93 952.46 334.56 1165.60 370.78 1052.45 498.06 932.13 587.85 1107.16 617.52
00003646 00000345 800.03 120.62 479.98 660.51 950.78 333.27 1164.10 369.21 1049.94 497.95 931.32 587.62 1105.14 617.04
00003647 00000346 800.18 116.87 480.51 665.61 950.08 331.02 1163.78 367.35 1047.85 496.09 931.50 588.17 1102.48 617.95
00003648 00000347 799.77 119.96 480.70 664.18 950.08 330.64 1163.33 366.95 1046.98 495.45 930.96 589.00 1101.64 618.75
00003649 00000348 795.64 112.48 482.64 668.32 941.70 331.86 1161.71 367.97 1042.49 491.26 922.06 587.53 1107.87 618.86
00003650 00000349 797.00 108.89 478.79 669.17 940.14 330.24 1162.14 364.57 1042.83 488.91 919.29 585.30 1110.52 615.16
00003651 00000350 793.58 110.05 480.79 669.22 938.50 327.70 1157.75 362.33 1038.99 488.29 918.88 583.85 1105.43 613.93
00003652 00000351 792.26 110.68 480.12 665.11 934.13 327.74 1152.89 363.60 1032.04 487.56 915.23 584.81 1097.41 615.95
00003653 00000352 791.65 115.59 479.54 662.02 931.55 328.56 1150.24 363.54 1028.87 487.11 912.55 585.60 1096.13 615.93
00003654 00000353 790.32 110.14 479.43 667.03 930.89 327.41 1151.75 365.22 1026.40 487.17 906.37 583.70 1095.30 616.28
00003655 00000354 787.38 114.85 481.17 658.92 929.72 327.32 1148.94 365.31 1022.28 485.57 905.50 581.18 1091.38 614.14
00003656 00000355 786.26 115.71 481.05 653.41 927.27 334.01 1142.12 370.52 1018.37 483.53 903.86 581.63 1085.74 613.35
00003657 00000356 787.05 109.92 475.92 656.29 925.25 337.91 1138.47 370.69 1017.92 483.24 904.72 582.27 1084.38 610.88
00003658 00000357 786.41 111.63 478.42 652.60 926.27 336.57 1138.95 370.58 1018.14 482.76 906.31 580.39 1082.77 610.13
00003659 00000358 785.85 114.30 479.64 649.70 926.94 329.76 1139.77 364.81 1018.35 483.09 910.18 578.12 1082.00 608.91
00003660 00000359 785.37 111.70 482.20 655.87 929.63 325.96 1142.03 362.14 1019.84 482.88 911.66 578.16 1082.20 609.88
00003661 00000360 786.65 111.55 482.44 656.99 930.63 325.35 1144.88 360.94 1022.72 482.18 912.61 579.92 1083.13 611.17
00003662 00000361 787.36 116.16 481.02 654.04 929.36 324.36 1143.95 359.23 1022.16 482.18 913.47 582.45 1082.61 613.19
00003663 00000362 786.73 113.06 481.62 657.77 929.47 324.22 1144.57 359.26 1022.51 482.64 913.24 583.30 1082.72 614.07
00003664 00000363 785.60 111.49 480.79 662.76 927.18 325.55 1144.99 360.51 1022.34 482.54 906.33 584.16 1085.74 614.69
00003665 00000364 786.76 111.90 477.25 653.03 926.02 325.30 1146.62 358.74 1023.79 479.65 907.11 581.19 1088.81 610.41
00003666 00000365 786.20 105.92 480.85 663.78 927.24 323.77 1146.68 358.31 1022.32 477.82 907.77 580.60 1088.71 610.56
00003667 00000366 788.58 107.51 478.63 658.15 927.40 324.54 1145.61 358.28 1022.71 478.10 911.93 582.37 1087.95 611.83
00003668 00000367 786.94 109.47 481.49 662.67 927.84 323.56 1143.85 358.25 1019.50 478.70 911.49 582.81 1085.42 613.14
00003669 00000368 787.20 108.16 481.71 660.83 927.50 323.10 1144.58 357.98 1020.35 477.23 911.16 580.89 1086.08 611.37
00003670 00000369 785.77 106.91 481.69 665.38 928.12 323.99 1145.20 358.67 1021.40 477.63 908.89 580.22 1087.73 610.31
00003671 00000370 785.52 109.24 479.92 659.05 928.04 323.76 1146.97 359.03 1022.55 477.44 906.06 576.05 1090.20 606.65
00003672 00000371 786.03 107.76 480.01 662.81 927.98 324.16 1147.12 358.75 1022.59 477.02 906.55 577.55 1090.24 607.54
00003673 00000372 788.35 107.66 479.56 658.71 928.26 324.40 1145.66 359.11 1020.62 477.92 910.61 579.18 1086.23 609.42
00003674 00000373 782.70 106.24 490.91 659.44 918.96 323.74 1142.19 359.40 1018.33 481.49 906.05 575.50 1083.73 606.21
00003675 00000374 781.98 112.74 484.05 654.84 923.76 322.53 1140.16 359.06 1012.74 476.54 905.43 576.45 1077.11 608.76
00003676 00000375 781.02 116.65 483.55 652.80 922.50 322.86 1138.12 358.71 1010.79 476.49 904.42 576.46 1076.50 608.05
00003677 00000376 777.01 115.81 491.80 658.22 913.53 324.24 1137.26 359.33 1012.73 479.05 900.83 577.55 1081.02 608.01
00003678 00000377 787.14 128.30 483.76 652.65 925.73 323.81 1138.98 357.59 1012.27 481.31 910.07 580.83 1081.86 608.97
00003679 00000378 789.17 126.26 483.15 656.82 928.29 324.28 1139.61 356.77 1014.27 480.89 913.32 580.56 1086.55 607.37
CROP_BBOX: 444 0 1518 965
