Video ID: 	iS68LmqFVeA
H: 	2160
W: 	3840
FPS: 	23.976023976023978

FRAME INDEX X0 Y0 W H [Landmarks (5 Points)]

00001195 00000000 1420.17 359.22 936.83 1326.78 1522.94 910.97 1908.66 909.09 1595.38 1151.69 1578.42 1374.23 1882.89 1372.97
00001196 00000001 1422.86 359.71 945.69 1334.26 1529.52 915.78 1916.23 914.20 1603.21 1156.85 1586.11 1394.19 1871.59 1394.44
00001197 00000002 1421.77 371.77 951.35 1336.90 1532.49 923.92 1920.06 926.92 1606.11 1171.96 1588.79 1415.59 1856.60 1420.01
00001198 00000003 1421.18 382.90 946.83 1323.29 1531.66 930.34 1920.96 936.43 1602.26 1175.93 1585.01 1420.76 1850.03 1427.44
00001199 00000004 1424.91 381.45 941.52 1317.80 1532.95 930.80 1921.18 937.59 1603.01 1172.88 1582.32 1415.30 1850.10 1422.65
00001200 00000005 1433.53 374.98 939.41 1316.24 1539.41 924.65 1927.67 934.11 1611.28 1168.51 1587.69 1403.88 1860.76 1413.90
00001201 00000006 1439.33 363.96 944.39 1335.49 1551.17 928.85 1932.61 931.99 1623.09 1162.34 1603.39 1402.27 1875.77 1407.10
00001202 00000007 1446.56 365.99 944.29 1336.56 1557.04 937.10 1935.07 936.50 1628.36 1161.04 1611.31 1400.05 1889.33 1401.28
00001203 00000008 1440.16 379.19 943.41 1333.93 1565.38 944.18 1930.67 933.56 1639.47 1170.62 1611.82 1397.29 1901.58 1390.34
00001204 00000009 1435.30 385.38 942.25 1332.93 1558.73 945.12 1926.31 934.84 1631.58 1173.85 1603.61 1400.80 1897.30 1394.20
00001205 00000010 1437.33 381.51 939.47 1328.95 1545.26 936.08 1926.32 941.78 1609.17 1167.04 1594.08 1399.79 1886.77 1404.60
00001206 00000011 1435.31 375.34 941.01 1325.38 1544.40 931.52 1924.84 936.80 1608.47 1158.73 1591.21 1393.58 1881.10 1398.28
00001207 00000012 1439.71 367.64 936.18 1322.79 1546.09 930.47 1929.54 935.36 1616.66 1155.88 1592.57 1384.44 1888.67 1389.18
00001208 00000013 1444.01 372.62 938.52 1322.31 1553.38 935.56 1932.85 938.21 1626.99 1162.79 1606.68 1389.33 1896.43 1392.33
00001209 00000014 1442.73 385.32 942.02 1339.13 1569.89 944.57 1934.21 933.26 1640.82 1167.95 1618.80 1400.04 1906.28 1392.08
00001210 00000015 1441.70 384.78 946.81 1325.73 1557.57 944.81 1936.00 947.15 1632.62 1174.24 1614.11 1400.22 1899.64 1402.80
00001211 00000016 1441.62 384.51 940.36 1316.41 1550.64 942.53 1930.29 941.12 1627.65 1173.14 1610.47 1397.86 1892.03 1397.72
00001212 00000017 1438.22 376.25 941.61 1322.69 1543.32 926.54 1926.63 929.02 1621.26 1167.56 1603.85 1393.10 1888.05 1396.37
00001213 00000018 1439.62 368.25 939.50 1328.44 1542.38 919.15 1926.49 924.62 1610.23 1155.40 1592.16 1391.32 1875.22 1397.22
00001214 00000019 1440.79 360.73 939.91 1332.96 1543.20 904.87 1919.82 905.68 1609.36 1151.57 1597.68 1391.70 1873.84 1394.11
00001215 00000020 1447.23 359.93 942.23 1331.06 1549.23 901.03 1923.59 901.35 1618.50 1155.62 1610.01 1389.56 1880.07 1392.17
00001216 00000021 1453.50 354.26 939.94 1332.94 1555.95 898.72 1930.60 893.92 1631.47 1156.94 1621.35 1391.93 1886.78 1390.96
00001217 00000022 1459.86 349.27 937.25 1334.48 1560.84 894.02 1934.55 889.77 1636.65 1155.57 1625.84 1390.38 1887.12 1389.98
00001218 00000023 1461.11 339.74 937.14 1336.75 1560.13 885.02 1933.20 881.84 1634.44 1148.28 1620.59 1381.79 1884.63 1382.65
00001219 00000024 1466.53 337.74 932.13 1335.61 1562.73 876.74 1936.91 877.88 1635.28 1146.00 1618.35 1375.13 1886.65 1380.00
00001220 00000025 1473.39 338.36 925.12 1335.87 1567.19 877.68 1942.18 874.82 1641.47 1144.36 1624.09 1373.30 1898.81 1374.84
00001221 00000026 1476.53 342.57 925.93 1332.65 1573.06 877.76 1941.00 872.19 1643.22 1141.53 1636.01 1375.90 1899.43 1374.76
00001222 00000027 1471.44 346.59 929.54 1337.13 1569.65 882.77 1939.29 874.25 1639.20 1142.46 1635.79 1385.73 1898.80 1381.77
00001223 00000028 1464.63 349.63 930.02 1337.19 1562.39 884.74 1934.97 877.80 1631.41 1142.63 1627.04 1384.22 1900.55 1381.29
00001224 00000029 1457.48 353.14 936.67 1334.84 1557.64 888.63 1931.78 880.80 1627.94 1142.45 1624.12 1384.54 1901.58 1380.63
00001225 00000030 1455.28 354.60 937.36 1329.99 1555.73 882.94 1932.28 875.16 1628.79 1140.56 1622.74 1379.47 1905.00 1375.53
00001226 00000031 1453.21 351.98 938.39 1328.93 1558.04 879.01 1933.55 870.51 1630.80 1133.93 1624.69 1373.35 1906.77 1368.69
00001227 00000032 1456.76 348.79 935.00 1327.14 1561.52 876.52 1932.37 867.06 1629.73 1127.47 1624.67 1367.67 1904.70 1362.17
00001228 00000033 1455.99 344.39 937.83 1327.70 1561.64 873.39 1928.87 863.87 1625.63 1121.42 1623.31 1363.73 1900.77 1358.20
00001229 00000034 1453.10 343.14 938.92 1324.54 1561.18 869.15 1927.66 861.31 1624.67 1116.76 1618.71 1356.87 1896.01 1352.81
00001230 00000035 1456.97 339.85 933.35 1322.55 1562.98 868.69 1928.53 861.81 1624.83 1114.02 1616.21 1350.24 1898.20 1346.98
00001231 00000036 1458.62 337.47 933.56 1320.57 1563.65 865.30 1931.02 858.97 1627.34 1113.18 1613.86 1340.88 1903.51 1338.08
00001232 00000037 1458.57 334.63 933.95 1321.83 1564.16 864.83 1931.75 857.20 1628.03 1110.89 1613.64 1338.78 1905.09 1334.90
00001233 00000038 1453.77 331.00 936.73 1322.75 1561.30 860.20 1930.61 853.32 1626.78 1108.19 1610.03 1333.36 1907.25 1329.81
00001234 00000039 1449.93 328.88 938.55 1323.48 1558.63 857.06 1927.90 849.97 1623.91 1104.48 1606.17 1328.30 1907.83 1324.42
00001235 00000040 1446.62 328.51 937.68 1328.58 1555.54 854.45 1927.00 848.67 1620.12 1103.85 1602.55 1329.43 1904.86 1326.61
00001236 00000041 1442.86 328.86 938.26 1345.22 1555.54 855.67 1925.20 847.71 1617.62 1099.37 1604.35 1332.66 1906.25 1327.82
00001237 00000042 1440.27 330.25 936.16 1357.95 1552.82 859.80 1924.81 847.90 1616.77 1099.51 1606.02 1343.45 1909.45 1335.07
00001238 00000043 1437.72 324.75 935.34 1359.78 1551.60 859.09 1923.72 846.68 1616.65 1098.19 1604.80 1344.52 1902.61 1336.05
00001239 00000044 1434.01 315.77 939.78 1345.50 1545.99 851.66 1925.35 842.71 1618.28 1097.19 1594.10 1335.85 1893.94 1330.78
00001240 00000045 1430.72 307.58 941.73 1338.86 1544.17 847.11 1928.11 837.04 1618.88 1087.80 1586.69 1328.32 1890.55 1322.63
00001241 00000046 1431.24 306.52 939.18 1341.89 1543.15 844.87 1925.87 834.87 1616.28 1084.26 1584.08 1329.61 1887.72 1323.89
00001242 00000047 1429.20 308.28 938.70 1359.16 1541.32 844.34 1923.45 834.40 1611.80 1081.24 1581.70 1338.32 1877.85 1333.05
00001243 00000048 1426.73 315.47 937.93 1338.41 1533.84 856.29 1918.86 849.36 1603.82 1090.31 1572.38 1337.93 1876.70 1334.74
00001244 00000049 1425.36 319.48 924.60 1327.72 1531.25 880.46 1908.11 881.09 1599.88 1095.20 1570.44 1335.72 1869.14 1337.20
00001245 00000050 1422.76 330.87 925.38 1335.00 1539.02 889.03 1913.18 892.59 1607.35 1104.07 1576.10 1343.84 1868.09 1347.27
00001246 00000051 1424.76 347.13 932.75 1339.89 1541.26 902.64 1927.42 903.47 1614.07 1120.09 1578.29 1371.67 1870.86 1374.17
00001247 00000052 1428.48 367.99 936.06 1334.06 1542.38 912.75 1934.85 910.00 1619.26 1149.56 1589.05 1397.55 1879.07 1397.53
00001248 00000053 1425.20 383.07 940.26 1330.59 1542.59 923.86 1942.80 922.33 1630.63 1167.93 1597.25 1408.96 1894.07 1409.16
00001249 00000054 1419.41 398.31 945.12 1311.90 1539.08 931.03 1944.13 930.11 1634.29 1179.79 1596.42 1412.93 1899.02 1413.10
00001250 00000055 1418.21 406.11 941.46 1298.76 1532.15 933.26 1939.29 936.44 1629.17 1189.35 1590.75 1418.07 1886.63 1421.32
00001251 DELETE   1405.90 404.91 942.38 1297.15 1513.11 946.47 1919.08 945.92 1613.13 1194.31 1581.02 1426.91 1869.59 1426.66
00001252 00000057 1399.02 400.06 943.36 1298.73 1505.80 934.16 1907.55 937.17 1596.49 1193.68 1569.83 1418.44 1857.51 1421.08
00001253 00000058 1409.25 402.16 936.86 1302.10 1510.77 918.13 1908.45 925.92 1587.94 1192.15 1572.75 1417.77 1855.21 1424.55
00001254 00000059 1412.11 406.27 939.65 1310.28 1511.31 912.30 1910.46 909.46 1593.55 1189.42 1584.82 1428.09 1862.50 1426.26
00001255 00000060 1417.48 405.40 939.06 1311.35 1515.54 909.80 1915.13 908.63 1598.16 1187.74 1585.19 1424.68 1868.38 1424.46
00001256 00000061 1421.16 407.59 938.40 1298.32 1517.64 909.80 1921.68 909.68 1605.77 1188.43 1583.60 1422.09 1869.93 1423.10
00001257 00000062 1421.37 408.27 939.80 1296.37 1518.92 910.36 1921.70 912.95 1605.71 1190.77 1584.03 1422.87 1866.12 1426.19
00001258 00000063 1419.64 405.75 942.58 1297.10 1517.46 910.67 1920.23 911.85 1604.40 1191.96 1584.98 1423.63 1864.62 1425.70
00001259 00000064 1420.68 402.07 943.61 1297.01 1514.48 908.33 1919.02 908.23 1602.35 1192.01 1583.43 1418.03 1868.52 1419.19
00001260 00000065 1427.78 392.46 944.09 1306.66 1523.78 908.21 1921.14 908.04 1605.54 1184.67 1592.20 1411.15 1878.22 1412.23
00001261 00000066 1435.95 375.57 940.32 1332.11 1552.99 910.76 1928.71 899.37 1630.49 1174.79 1607.47 1404.85 1892.74 1398.24
00001262 00000067 1443.85 369.49 941.19 1340.56 1561.46 909.12 1935.58 896.79 1638.61 1169.05 1614.12 1403.45 1899.26 1396.68
00001263 00000068 1449.15 369.70 938.23 1340.19 1564.91 909.19 1938.80 897.95 1640.40 1168.25 1615.34 1401.87 1903.87 1396.07
00001264 00000069 1452.53 366.95 935.07 1342.86 1567.26 908.98 1940.75 900.53 1640.93 1169.40 1614.23 1401.76 1903.31 1398.32
00001265 00000070 1453.98 367.23 933.86 1336.94 1567.54 906.97 1940.15 901.99 1639.61 1169.39 1611.08 1397.04 1901.36 1396.40
00001266 00000071 1456.16 365.78 930.92 1333.43 1568.04 906.37 1940.31 901.46 1640.09 1167.64 1611.00 1394.78 1899.78 1394.29
00001267 00000072 1453.77 364.16 935.29 1340.04 1568.67 907.82 1942.73 900.10 1642.71 1164.17 1612.23 1394.38 1905.13 1391.40
00001268 00000073 1450.41 362.65 938.32 1364.90 1574.08 907.07 1944.55 898.41 1642.71 1162.09 1619.54 1396.97 1912.94 1392.86
00001269 00000074 1450.39 363.22 936.75 1369.34 1572.13 908.47 1939.12 898.63 1637.18 1164.03 1621.58 1401.42 1915.08 1395.78
00001270 00000075 1440.54 365.70 945.85 1367.04 1562.52 909.24 1929.66 896.46 1626.52 1164.34 1615.98 1403.51 1911.52 1395.20
00001271 00000076 1433.81 371.15 942.03 1359.30 1548.87 908.90 1921.37 896.79 1613.62 1170.15 1605.11 1410.87 1895.49 1402.67
00001272 00000077 1427.20 384.52 943.08 1324.15 1519.56 907.30 1908.26 903.84 1587.10 1179.37 1592.14 1421.59 1864.99 1419.71
00001273 00000078 1424.93 390.85 936.47 1317.60 1513.19 905.40 1904.26 900.43 1585.80 1181.75 1586.09 1423.68 1858.42 1420.52
00001274 00000079 1415.73 395.61 944.22 1328.33 1512.23 911.34 1899.03 897.40 1585.45 1183.19 1596.35 1432.35 1866.56 1421.02
00001275 00000080 1409.74 400.19 944.16 1327.67 1506.92 911.68 1891.72 897.23 1579.08 1186.70 1593.09 1431.31 1869.11 1419.22
00001276 00000081 1405.41 398.94 941.22 1321.23 1502.26 910.49 1888.25 897.23 1574.56 1186.07 1584.82 1426.42 1865.85 1415.28
00001277 00000082 1400.82 397.63 940.98 1314.37 1498.65 908.48 1886.58 896.46 1572.11 1185.84 1579.56 1421.65 1862.15 1411.65
00001278 00000083 1400.16 392.36 939.71 1324.20 1499.97 909.57 1885.53 891.76 1575.68 1183.30 1585.24 1421.86 1869.12 1407.20
00001279 00000084 1397.10 380.28 950.37 1331.70 1497.85 906.62 1886.13 879.87 1577.17 1171.84 1590.49 1419.26 1876.64 1397.50
00001280 00000085 1402.77 358.50 947.38 1334.05 1501.72 897.74 1889.16 865.03 1584.49 1152.41 1595.86 1404.67 1883.73 1378.22
00001281 00000086 1411.17 335.48 952.35 1328.45 1512.06 881.43 1899.68 847.55 1601.38 1129.16 1603.68 1381.77 1888.68 1354.93
00001282 00000087 1418.12 313.40 963.65 1324.54 1527.88 862.91 1908.10 829.47 1623.45 1112.50 1620.22 1351.99 1905.39 1325.54
00001283 00000088 1440.74 283.06 957.90 1331.88 1552.42 844.70 1916.31 806.77 1637.92 1085.82 1630.29 1316.56 1910.90 1287.30
00001284 00000089 1459.01 252.53 956.09 1348.88 1573.22 828.64 1935.27 777.85 1650.50 1053.62 1647.41 1298.07 1929.93 1259.22
00001285 00000090 1476.58 234.06 938.07 1338.57 1590.02 809.53 1950.82 756.68 1679.43 1023.95 1670.92 1276.39 1944.63 1235.54
00001286 00000091 1501.44 214.29 939.88 1325.25 1602.27 781.29 1968.10 730.59 1685.68 1001.14 1693.26 1262.11 1948.93 1221.91
00001287 00000092 1520.56 195.36 936.21 1333.54 1617.83 761.48 1979.75 708.41 1697.04 978.49 1706.84 1240.26 1968.91 1197.38
00001288 00000093 1526.64 173.39 936.30 1345.68 1619.54 745.36 1982.95 694.22 1697.56 961.70 1702.07 1228.02 1966.52 1187.11
00001289 00000094 1525.02 169.41 937.08 1350.41 1620.23 732.88 1981.97 687.69 1697.42 954.37 1700.96 1223.16 1960.08 1187.70
00001290 00000095 1517.13 169.82 935.58 1350.33 1613.39 730.11 1971.75 686.77 1687.24 953.21 1692.98 1222.10 1949.62 1188.51
00001291 00000096 1501.90 173.35 928.79 1344.19 1596.61 738.69 1955.92 696.62 1674.76 961.92 1672.01 1230.26 1922.57 1199.03
00001292 00000097 1471.53 188.67 937.28 1337.01 1570.89 742.86 1943.42 707.86 1654.70 981.10 1649.69 1237.93 1911.61 1212.19
00001293 00000098 1440.15 207.70 947.43 1333.91 1547.67 752.48 1928.64 719.25 1632.63 983.04 1628.46 1254.67 1889.58 1229.40
00001294 00000099 1416.18 219.58 943.03 1340.66 1525.85 757.53 1914.91 725.81 1610.17 989.26 1600.99 1267.01 1874.91 1242.56
00001295 00000100 1390.98 223.96 935.88 1328.48 1496.13 755.44 1894.31 728.40 1585.41 1003.57 1573.97 1270.62 1855.65 1249.40
00001296 00000101 1375.73 215.62 914.01 1357.22 1480.53 769.83 1844.01 744.60 1558.82 999.22 1539.58 1254.79 1808.60 1237.44
00001297 00000102 1343.97 228.75 917.44 1351.07 1453.85 779.67 1822.23 757.05 1532.38 1019.60 1510.73 1263.40 1789.58 1248.16
00001298 00000103 1305.09 230.73 942.47 1351.57 1426.71 787.38 1807.55 762.56 1516.95 1035.09 1483.71 1267.85 1781.00 1250.47
CROP_BBOX: 775 0 2963 2045
