Video ID: 	yfYchU1gpOY
H: 	2160
W: 	3840
FPS: 	23.976023976023978

FRAME INDEX X0 Y0 W H [Landmarks (5 Points)]

00051497 00000000 1633.99 504.47 576.65 728.79 1774.87 808.35 2028.27 793.73 1898.26 989.64 1823.55 1055.54 2042.91 1038.53
00051498 00000001 1633.66 509.67 581.21 722.87 1770.04 815.54 2028.76 803.06 1896.53 987.85 1825.07 1059.83 2039.29 1042.41
00051499 00000002 1634.23 512.31 579.48 721.44 1771.34 819.54 2029.22 804.04 1899.04 988.03 1827.94 1062.38 2040.89 1042.86
00051500 00000003 1633.03 509.12 581.24 721.66 1770.99 815.34 2029.51 802.49 1898.55 983.57 1826.01 1058.48 2038.66 1040.99
00051501 00000004 1634.61 500.05 575.32 730.57 1775.60 808.84 2029.91 793.42 1900.27 984.54 1824.60 1055.46 2042.33 1038.45
00051502 00000005 1635.44 500.56 575.64 728.59 1776.37 804.76 2032.98 789.10 1903.73 980.69 1824.98 1053.32 2042.79 1036.27
00051503 00000006 1633.97 500.51 578.20 729.13 1775.81 804.78 2031.65 789.27 1902.77 980.31 1823.39 1050.62 2044.03 1033.42
00051504 00000007 1632.08 507.84 583.81 718.38 1768.59 808.79 2033.51 798.55 1898.03 983.48 1823.77 1053.60 2038.79 1037.39
00051505 00000008 1636.70 511.79 576.00 719.00 1775.45 810.01 2036.94 797.01 1903.79 986.14 1820.37 1052.26 2046.81 1036.97
00051506 00000009 1639.73 509.22 571.12 720.84 1777.49 811.63 2035.72 794.83 1906.01 986.18 1824.92 1055.05 2048.84 1036.79
00051507 00000010 1639.25 501.17 572.19 727.92 1777.62 809.12 2035.07 791.43 1905.65 983.18 1827.06 1055.51 2047.77 1036.81
00051508 00000011 1638.65 502.55 572.92 725.96 1778.22 806.16 2035.79 789.89 1906.55 982.04 1827.15 1054.27 2046.21 1036.63
00051509 00000012 1641.30 499.06 570.29 728.14 1780.15 805.19 2036.95 788.18 1908.12 979.92 1828.33 1051.68 2048.85 1033.30
00051510 00000013 1641.51 497.90 571.09 731.70 1781.09 805.93 2036.30 788.39 1908.67 979.62 1829.32 1052.84 2049.45 1034.10
00051511 00000014 1641.01 498.62 572.80 730.11 1780.13 806.09 2036.91 787.95 1909.03 978.47 1829.35 1053.96 2049.09 1035.08
00051512 00000015 1640.86 501.19 572.89 727.88 1780.06 806.50 2036.89 788.12 1909.15 979.30 1830.58 1055.22 2049.47 1036.06
00051513 00000016 1641.98 498.37 572.23 730.80 1780.57 805.23 2037.34 787.90 1908.25 980.44 1829.48 1054.61 2049.77 1036.15
00051514 00000017 1639.85 499.87 573.67 725.70 1779.69 803.40 2036.46 785.34 1908.87 978.72 1830.20 1051.19 2050.07 1031.54
00051515 00000018 1641.02 496.89 571.20 726.25 1780.62 802.50 2036.60 784.05 1909.34 976.74 1831.13 1049.28 2049.65 1029.39
00051516 00000019 1637.67 491.89 574.18 731.11 1780.51 801.82 2037.62 782.84 1911.75 975.10 1830.21 1046.74 2050.46 1026.46
00051517 00000020 1636.83 493.23 575.66 727.35 1778.87 799.18 2036.79 780.69 1910.53 973.46 1829.01 1046.82 2048.53 1027.00
00051518 00000021 1637.15 493.44 576.75 726.09 1776.83 797.31 2036.50 778.80 1908.39 971.70 1827.43 1046.93 2048.62 1027.20
00051519 00000022 1637.52 490.02 575.40 728.83 1776.45 796.40 2041.49 777.70 1910.81 970.19 1826.67 1046.31 2052.45 1026.41
00051520 00000023 1637.70 484.74 575.46 728.29 1779.19 794.03 2039.06 773.89 1910.70 967.30 1832.10 1046.33 2048.89 1025.29
00051521 00000024 1636.94 480.45 575.34 731.13 1779.78 795.99 2035.72 774.41 1910.48 964.92 1833.76 1045.94 2047.24 1024.00
00051522 00000025 1636.96 478.18 575.29 733.68 1779.23 792.96 2036.32 771.60 1909.69 963.84 1832.51 1044.81 2047.83 1022.81
00051523 00000026 1636.38 477.14 575.91 732.86 1779.06 791.40 2034.72 770.60 1908.56 964.00 1832.98 1045.02 2045.53 1023.53
00051524 00000027 1635.16 473.89 577.14 736.18 1778.73 791.83 2033.16 769.53 1908.10 959.50 1834.03 1045.58 2043.55 1023.53
00051525 00000028 1635.76 472.10 577.46 735.59 1777.69 789.89 2033.21 769.00 1906.22 958.90 1831.34 1043.12 2043.50 1022.07
00051526 00000029 1635.91 472.71 577.50 732.63 1778.14 789.50 2031.35 768.29 1906.24 957.12 1832.91 1043.74 2041.87 1022.78
00051527 00000030 1635.42 470.76 578.43 732.26 1777.04 789.12 2032.38 766.21 1906.40 952.81 1832.50 1041.14 2044.35 1018.92
00051528 00000031 1634.58 468.21 579.23 732.88 1776.71 786.46 2032.43 764.21 1906.14 953.22 1833.75 1041.39 2043.35 1019.56
00051529 00000032 1634.80 464.92 577.24 734.81 1776.66 785.07 2031.09 762.73 1905.67 948.52 1832.89 1039.13 2041.98 1017.55
00051530 00000033 1634.80 464.80 575.45 731.74 1776.58 780.76 2033.32 758.08 1907.79 946.02 1832.20 1039.61 2042.41 1017.84
00051531 00000034 1634.87 463.07 576.67 732.09 1776.20 777.40 2034.61 755.76 1907.87 940.45 1830.32 1034.79 2042.18 1013.92
00051532 00000035 1634.75 460.55 575.77 735.30 1777.91 775.64 2036.92 753.78 1910.16 937.67 1830.67 1031.81 2043.03 1010.69
00051533 00000036 1633.90 454.06 576.28 743.83 1779.14 773.95 2034.14 750.92 1910.81 931.83 1831.94 1027.86 2043.13 1005.62
00051534 00000037 1635.76 448.19 574.69 744.08 1780.69 769.19 2034.47 743.70 1913.36 922.16 1834.25 1021.52 2044.70 997.34
00051535 00000038 1635.90 440.07 575.62 744.78 1781.67 763.18 2035.09 736.31 1914.75 913.64 1835.96 1017.75 2044.10 992.92
00051536 00000039 1635.99 436.86 577.46 741.89 1783.32 758.62 2036.14 732.26 1916.19 906.64 1837.61 1008.59 2043.71 983.79
00051537 00000040 1634.10 433.15 579.75 739.28 1782.18 755.23 2035.65 727.59 1915.78 902.58 1839.72 1006.88 2044.46 980.94
00051538 00000041 1631.96 427.27 578.59 744.13 1785.20 752.92 2035.96 722.67 1923.38 904.05 1837.52 1002.00 2050.69 976.24
00051539 00000042 1630.62 424.94 578.93 745.27 1784.66 752.12 2035.88 721.50 1923.48 903.64 1837.95 1001.22 2050.13 975.08
00051540 00000043 1631.56 427.75 577.89 741.88 1785.01 752.60 2036.09 722.59 1923.05 904.06 1837.85 1003.09 2047.84 977.73
00051541 00000044 1630.92 428.07 579.13 745.08 1786.61 754.03 2035.26 724.63 1923.69 905.25 1838.07 1003.07 2047.44 978.05
00051542 00000045 1631.17 426.69 579.02 745.60 1786.59 754.26 2036.20 723.95 1924.46 904.31 1839.20 1003.64 2048.79 977.99
00051543 00000046 1632.40 429.80 577.01 740.24 1785.80 753.27 2036.64 722.43 1924.86 903.87 1838.99 1002.41 2051.41 976.04
00051544 00000047 1631.77 426.91 578.10 741.51 1785.30 752.23 2037.10 721.41 1924.43 901.98 1839.74 1001.82 2050.42 975.70
00051545 00000048 1631.53 428.10 578.72 739.89 1785.33 752.38 2037.68 721.13 1925.19 901.21 1840.12 1001.53 2051.73 975.08
00051546 00000049 1632.57 428.23 578.00 741.40 1786.52 752.41 2037.04 722.60 1924.74 902.62 1839.55 1001.34 2050.39 975.95
00051547 00000050 1632.61 429.54 578.45 741.11 1786.81 753.75 2037.15 723.38 1925.09 902.70 1840.08 1002.95 2050.60 977.30
00051548 00000051 1632.29 429.29 578.91 741.79 1786.56 754.43 2037.46 723.94 1925.40 904.00 1839.48 1002.69 2051.68 976.86
00051549 00000052 1632.36 428.34 578.81 742.44 1786.67 754.74 2037.68 724.14 1925.45 903.48 1839.77 1003.04 2051.59 977.28
00051550 00000053 1632.17 428.54 579.21 743.00 1786.94 754.47 2037.83 724.29 1925.56 903.56 1839.82 1003.53 2050.45 978.18
00051551 00000054 1631.76 426.97 580.96 746.10 1786.91 754.39 2038.07 723.75 1925.51 903.48 1840.76 1004.09 2051.60 978.28
00051552 00000055 1632.73 428.63 580.88 743.77 1787.97 752.83 2037.80 722.91 1925.23 901.83 1841.31 1001.83 2051.34 976.59
00051553 00000056 1632.95 426.15 580.27 746.22 1788.29 752.18 2039.13 721.33 1927.10 901.60 1842.11 1001.40 2054.50 975.15
00051554 00000057 1631.89 423.83 581.72 746.89 1787.77 750.87 2039.40 720.47 1927.08 902.67 1841.48 1000.34 2054.31 974.18
00051555 00000058 1632.33 422.63 581.09 747.50 1788.23 750.13 2039.22 721.36 1926.21 902.18 1839.67 998.06 2052.81 973.23
00051556 00000059 1632.49 421.12 581.42 749.10 1788.81 748.76 2039.98 720.80 1926.09 900.09 1839.33 997.39 2052.46 973.36
00051557 00000060 1632.56 419.86 581.05 749.48 1788.69 748.05 2040.02 719.58 1926.20 898.57 1840.46 997.29 2052.48 972.99
00051558 00000061 1632.72 420.29 581.13 748.99 1788.79 748.14 2039.68 719.72 1926.15 898.61 1840.16 996.65 2052.63 972.32
00051559 00000062 1632.60 420.64 581.29 748.85 1788.28 748.48 2039.66 720.42 1925.68 900.37 1839.15 996.82 2052.48 972.65
00051560 00000063 1632.83 421.54 581.08 748.61 1788.69 748.53 2038.83 721.23 1924.88 901.42 1838.65 995.97 2052.44 972.16
00051561 00000064 1633.02 421.91 580.91 748.45 1788.68 748.57 2039.59 720.51 1926.19 900.16 1838.66 996.17 2053.55 971.90
00051562 00000065 1633.79 422.09 579.38 745.79 1788.86 747.27 2039.83 718.52 1926.15 897.25 1840.11 996.38 2051.86 971.98
00051563 00000066 1632.56 418.63 581.88 748.97 1788.91 743.74 2040.07 717.11 1926.42 899.17 1837.81 992.05 2053.43 968.48
00051564 00000067 1632.27 415.92 582.25 749.92 1788.88 742.00 2040.22 715.70 1925.00 895.76 1838.56 992.54 2051.03 969.68
00051565 00000068 1631.45 412.60 582.74 752.54 1790.04 739.63 2040.04 713.45 1925.83 893.26 1839.56 991.36 2050.91 968.57
00051566 00000069 1628.70 408.28 586.81 759.08 1789.03 736.36 2037.51 708.73 1924.90 890.52 1839.92 990.04 2050.86 965.94
00051567 00000070 1627.06 401.84 587.81 763.78 1787.11 732.54 2035.18 703.75 1921.80 889.42 1839.26 985.34 2052.24 959.42
00051568 00000071 1626.11 401.26 586.57 762.46 1786.68 729.30 2035.55 700.67 1921.72 884.91 1838.72 983.04 2051.00 957.23
00051569 00000072 1627.57 397.66 584.91 766.41 1786.51 727.84 2034.30 698.80 1919.92 883.14 1837.75 982.20 2050.65 956.14
00051570 00000073 1627.60 398.58 586.55 765.82 1787.17 727.63 2038.17 694.62 1925.09 879.11 1841.18 981.45 2056.87 952.22
00051571 00000074 1626.40 396.31 590.04 767.88 1786.66 726.75 2040.02 692.21 1927.55 880.18 1845.15 981.98 2059.54 951.08
00051572 00000075 1624.74 394.30 592.46 772.29 1786.53 728.14 2038.46 690.29 1928.53 878.42 1847.44 980.75 2063.94 946.77
00051573 00000076 1623.96 394.69 591.26 767.65 1788.47 728.07 2041.56 688.13 1933.71 876.65 1852.24 981.29 2067.21 945.35
00051574 00000077 1624.48 398.89 588.36 762.41 1787.54 732.24 2038.17 689.66 1934.25 878.72 1850.08 977.75 2070.45 939.05
00051575 00000078 1623.04 398.08 583.60 757.90 1787.04 734.08 2034.97 687.97 1936.75 882.42 1851.63 973.77 2073.51 930.99
00051576 00000079 1619.40 399.63 584.46 756.26 1784.13 735.43 2030.68 686.09 1934.71 884.14 1847.52 967.63 2072.72 921.61
00051577 00000080 1616.23 399.40 584.62 755.40 1780.30 734.95 2025.72 684.56 1929.82 884.74 1839.46 961.34 2070.83 913.71
00051578 00000081 1614.87 395.95 584.14 756.51 1775.29 733.56 2020.60 683.48 1921.03 881.55 1829.71 955.35 2062.95 907.80
00051579 00000082 1613.98 393.31 582.44 757.90 1771.33 733.03 2018.06 683.70 1914.56 882.72 1820.67 946.98 2059.54 899.10
00051580 00000083 1612.10 393.25 584.48 752.93 1765.73 732.41 2015.97 681.16 1909.69 879.50 1817.36 944.04 2058.32 894.80
00051581 00000084 1609.90 390.54 587.45 755.59 1762.69 730.97 2016.39 679.73 1908.34 877.49 1813.57 942.31 2058.93 893.24
00051582 00000085 1610.71 391.35 584.65 756.32 1761.22 730.10 2015.28 680.05 1905.20 877.07 1808.27 939.42 2057.25 891.00
00051583 00000086 1610.87 391.92 584.20 763.17 1762.32 731.80 2013.22 682.85 1903.57 882.87 1808.52 941.79 2057.36 893.68
00051584 00000087 1610.81 392.56 583.93 766.87 1761.99 734.04 2012.07 684.21 1901.95 886.31 1806.67 942.52 2058.69 893.37
00051585 00000088 1610.61 393.17 584.76 768.28 1761.81 732.17 2013.91 687.00 1900.81 887.34 1803.26 941.67 2058.11 895.92
00051586 00000089 1611.82 396.08 582.53 763.74 1761.53 733.53 2014.15 688.70 1901.01 889.23 1801.09 942.14 2056.75 896.84
00051587 00000090 1613.34 398.96 581.29 767.04 1763.34 734.12 2014.27 690.48 1901.53 892.99 1801.64 944.29 2057.02 899.83
00051588 00000091 1611.54 399.41 583.78 765.13 1762.14 736.82 2014.77 692.42 1901.34 895.64 1802.61 947.81 2058.97 902.77
00051589 00000092 1611.03 401.68 584.91 766.25 1760.85 736.76 2014.86 692.99 1899.68 898.63 1800.98 949.86 2059.19 905.28
00051590 00000093 1612.27 402.16 582.83 766.42 1761.54 736.25 2014.36 695.08 1898.36 899.77 1800.39 949.92 2058.27 907.39
00051591 00000094 1611.32 403.88 582.26 765.43 1759.89 736.73 2013.93 696.37 1897.07 899.70 1797.60 949.40 2056.39 907.72
00051592 00000095 1610.49 404.09 582.81 765.52 1759.89 738.20 2012.14 696.22 1896.58 898.77 1798.44 950.55 2055.35 907.70
00051593 00000096 1609.74 402.55 583.04 766.40 1758.53 736.21 2011.84 697.16 1893.98 901.49 1794.08 948.26 2053.02 907.49
00051594 00000097 1609.63 401.11 582.56 768.01 1757.78 736.63 2011.73 696.78 1893.74 900.30 1792.77 947.26 2053.55 905.89
00051595 00000098 1609.83 400.54 582.21 768.94 1758.41 737.17 2011.52 696.88 1894.05 900.23 1793.58 947.65 2053.78 905.97
00051596 00000099 1610.00 400.51 582.24 767.96 1758.06 737.74 2012.28 697.21 1894.23 901.42 1794.38 947.95 2055.41 905.97
00051597 00000100 1610.89 402.91 581.62 764.47 1757.98 738.72 2011.47 697.95 1893.28 901.87 1794.88 948.27 2055.07 906.22
00051598 00000101 1610.97 402.95 581.04 763.80 1757.94 738.18 2011.52 697.46 1893.36 901.92 1795.16 947.80 2055.05 905.72
00051599 00000102 1611.25 405.04 580.14 761.77 1758.07 738.38 2011.31 697.97 1893.69 901.55 1794.96 948.30 2054.40 906.61
00051600 00000103 1612.47 404.98 578.50 761.87 1758.04 738.68 2011.26 698.52 1893.57 902.62 1794.34 948.21 2055.17 906.59
00051601 00000104 1611.71 404.48 579.48 763.11 1757.87 740.04 2011.39 699.11 1893.78 902.33 1794.23 950.27 2055.36 908.39
00051602 00000105 1609.30 404.08 581.06 766.68 1757.86 739.88 2012.25 700.03 1894.34 904.59 1793.96 951.63 2054.93 910.40
00051603 00000106 1609.81 407.59 580.67 763.03 1758.54 741.61 2011.24 701.18 1894.28 908.04 1795.00 952.36 2054.26 910.66
00051604 00000107 1608.63 406.32 581.05 764.16 1758.14 743.18 2011.17 701.11 1895.10 907.56 1795.45 953.40 2054.73 910.56
00051605 00000108 1608.04 406.74 580.93 764.90 1757.18 743.81 2010.72 701.37 1894.01 908.34 1794.50 954.19 2054.84 911.04
00051606 00000109 1607.13 406.39 582.13 766.73 1756.19 743.58 2010.32 701.65 1892.84 907.15 1792.87 953.93 2053.77 911.37
00051607 00000110 1607.94 406.11 580.98 766.81 1756.42 744.91 2010.57 702.47 1893.83 907.48 1793.16 954.55 2054.06 911.82
00051608 00000111 1609.35 407.32 579.02 763.86 1757.58 745.47 2010.31 704.72 1894.32 909.47 1793.68 954.42 2053.28 912.99
00051609 00000112 1608.26 409.31 581.69 763.63 1758.15 745.68 2010.15 705.25 1894.20 912.75 1795.30 955.73 2053.78 914.24
00051610 00000113 1609.46 408.45 579.82 763.68 1757.92 748.49 2011.39 705.32 1896.72 914.96 1795.89 955.69 2055.99 912.14
00051611 00000114 1610.26 409.48 578.44 762.29 1757.84 750.68 2011.30 707.25 1897.69 916.97 1794.60 955.69 2055.63 912.33
00051612 00000115 1610.04 410.06 580.03 762.82 1758.26 752.01 2013.42 706.92 1900.43 915.40 1796.86 957.89 2058.85 913.26
00051613 00000116 1609.27 411.64 581.85 761.25 1759.04 753.01 2015.90 707.81 1903.32 915.44 1798.18 958.19 2059.79 913.72
00051614 00000117 1610.34 414.22 580.63 758.16 1760.75 753.45 2016.79 708.57 1905.09 916.70 1800.10 960.08 2059.82 915.97
00051615 00000118 1610.11 413.31 580.88 759.14 1761.18 752.87 2018.01 708.28 1907.21 916.65 1800.08 960.79 2059.59 917.26
00051616 00000119 1612.15 414.39 578.47 756.38 1762.25 753.84 2017.70 709.05 1908.18 917.35 1802.37 960.53 2059.99 916.65
00051617 00000120 1613.62 414.08 577.84 756.76 1762.63 753.51 2018.11 709.75 1907.64 917.86 1801.81 960.11 2060.00 917.10
00051618 00000121 1613.94 413.53 577.90 758.46 1763.12 754.53 2018.14 710.71 1907.64 917.85 1802.45 960.79 2060.90 917.68
00051619 00000122 1614.16 413.58 577.45 758.50 1763.51 754.97 2018.67 710.73 1908.62 918.36 1802.85 960.37 2061.48 916.90
00051620 00000123 1614.53 414.60 576.91 756.85 1763.87 754.53 2018.66 710.62 1909.06 917.20 1802.78 959.82 2060.82 916.79
00051621 00000124 1614.57 415.17 577.57 755.57 1763.94 754.40 2019.14 708.98 1910.60 916.15 1803.76 960.16 2061.53 916.07
00051622 00000125 1615.06 415.19 577.60 754.33 1764.41 754.52 2019.76 708.73 1911.58 916.45 1804.75 959.80 2062.21 915.40
00051623 00000126 1614.93 415.41 576.97 755.42 1764.12 754.98 2019.57 709.95 1910.86 916.45 1803.71 960.18 2061.72 916.42
00051624 00000127 1614.15 415.07 578.70 757.38 1764.37 754.08 2020.85 710.51 1910.61 919.43 1804.12 961.20 2062.92 918.14
00051625 00000128 1615.03 419.42 578.99 753.83 1766.13 755.68 2021.51 712.25 1912.03 919.73 1806.49 963.10 2062.81 920.40
00051626 00000129 1615.77 420.08 578.29 754.64 1767.23 756.77 2023.23 713.80 1913.84 919.92 1807.26 965.43 2063.70 923.25
00051627 00000130 1616.23 418.04 577.39 757.01 1768.31 757.79 2024.10 715.06 1914.77 919.76 1807.71 966.37 2064.41 924.40
00051628 00000131 1616.52 419.07 577.00 756.67 1767.94 757.82 2023.86 715.52 1913.88 920.38 1806.86 966.04 2064.32 924.34
00051629 00000132 1616.83 418.50 576.72 757.64 1767.21 757.48 2022.56 715.38 1912.16 919.90 1806.82 965.52 2063.75 923.86
00051630 00000133 1617.70 422.07 578.30 752.41 1767.45 757.92 2023.82 716.15 1911.98 921.61 1807.52 966.09 2064.56 924.60
00051631 00000134 1617.86 422.73 581.28 748.86 1767.99 758.97 2025.44 715.39 1914.07 923.07 1811.28 966.51 2067.20 923.32
00051632 00000135 1618.75 422.88 581.19 750.08 1768.29 761.32 2026.69 715.46 1916.39 923.01 1812.27 969.29 2069.27 924.70
00051633 00000136 1621.25 423.12 578.59 751.45 1770.07 759.57 2028.28 715.99 1916.86 923.19 1812.96 969.87 2069.45 927.04
00051634 00000137 1622.46 423.46 577.01 749.22 1771.25 759.13 2029.99 715.75 1918.94 922.82 1813.58 969.73 2069.60 927.49
00051635 00000138 1624.52 424.99 577.77 749.38 1773.42 760.31 2030.62 716.08 1920.06 921.99 1818.03 972.39 2071.54 929.40
00051636 00000139 1623.31 427.82 581.38 749.45 1772.01 760.67 2029.95 716.07 1918.25 925.78 1816.67 972.91 2072.50 929.44
00051637 00000140 1622.87 429.30 581.33 747.16 1771.25 764.50 2030.97 719.11 1919.49 926.26 1815.52 975.21 2072.76 931.58
00051638 00000141 1624.79 434.20 579.89 745.97 1771.93 764.96 2031.22 722.99 1917.88 928.95 1813.42 976.16 2071.35 935.56
00051639 00000142 1622.88 438.89 584.11 746.03 1774.54 772.97 2031.37 730.32 1920.23 935.13 1814.30 980.56 2069.17 939.89
00051640 00000143 1624.16 452.24 583.86 740.73 1773.88 781.96 2037.89 744.70 1921.42 946.57 1814.88 990.11 2069.01 951.00
00051641 00000144 1627.65 465.95 578.32 743.88 1772.40 796.77 2038.61 759.84 1918.62 959.58 1813.72 1002.38 2073.25 963.15
00051642 00000145 1631.50 485.33 572.46 734.30 1776.20 808.02 2039.01 774.55 1919.16 974.53 1817.62 1013.86 2073.40 977.33
00051643 00000146 1633.76 496.71 569.37 726.34 1776.15 817.74 2038.35 784.95 1917.45 989.43 1817.11 1017.21 2073.83 981.25
00051644 00000147 1638.97 513.15 567.41 714.86 1780.39 829.94 2040.32 795.62 1919.94 996.99 1822.84 1030.21 2072.70 994.07
00051645 00000148 1642.45 527.03 568.42 700.20 1783.80 833.67 2044.67 802.69 1922.00 1001.69 1823.54 1033.54 2072.61 1000.50
00051646 00000149 1642.97 544.57 576.13 683.39 1786.73 837.72 2053.66 813.21 1928.38 1008.49 1831.07 1032.14 2076.05 1002.33
00051647 00000150 1646.16 547.29 575.13 682.94 1792.06 841.77 2057.32 819.44 1932.00 1013.73 1831.55 1035.29 2075.96 1008.07
00051648 00000151 1648.69 543.04 574.46 689.27 1796.96 844.55 2060.24 821.65 1937.55 1009.99 1835.47 1040.53 2077.80 1013.30
00051649 00000152 1653.47 544.96 577.73 686.76 1800.71 846.28 2064.16 824.72 1939.34 1013.70 1838.83 1041.28 2080.57 1015.37
00051650 00000153 1654.57 538.61 579.78 695.91 1804.11 844.78 2068.08 823.10 1943.42 1011.77 1842.00 1042.44 2084.52 1016.69
00051651 00000154 1655.06 536.83 581.60 696.82 1804.12 842.77 2069.71 823.13 1942.50 1012.41 1842.60 1040.18 2084.05 1016.22
00051652 00000155 1654.88 539.87 581.12 691.51 1804.21 842.61 2069.77 824.23 1942.28 1012.49 1842.72 1039.51 2081.66 1016.53
00051653 00000156 1654.82 538.17 579.83 692.99 1804.48 839.77 2071.32 821.12 1943.44 1009.90 1842.25 1038.43 2083.00 1015.48
00051654 00000157 1653.71 534.85 581.22 692.72 1803.26 838.88 2071.78 819.29 1944.17 1009.21 1841.61 1035.71 2084.05 1011.83
00051655 00000158 1656.05 536.41 576.88 693.62 1805.04 837.99 2070.65 818.39 1944.13 1006.95 1845.61 1036.12 2085.08 1011.67
00051656 00000159 1653.09 531.26 579.06 698.99 1804.69 838.30 2070.58 815.43 1946.72 1003.74 1846.85 1036.18 2086.70 1009.04
00051657 00000160 1652.83 527.07 582.79 705.51 1804.98 833.42 2071.22 811.87 1945.39 1002.86 1848.26 1035.00 2087.96 1008.50
00051658 00000161 1659.45 516.49 572.44 716.89 1809.44 832.26 2066.79 800.53 1948.71 996.60 1848.24 1037.46 2092.11 1005.07
00051659 00000162 1655.97 496.34 580.00 744.10 1823.02 820.84 2085.66 786.71 1967.65 992.60 1857.56 1032.58 2104.77 998.15
00051660 DELETE   1666.65 485.42 577.09 741.06 1844.01 809.69 2103.55 763.59 2006.84 968.24 1882.90 1025.64 2127.97 981.98
00051661 DELETE   1684.97 456.52 578.78 753.70 1874.06 792.06 2128.84 736.44 2049.36 945.69 1910.98 1003.18 2156.43 953.65
00051662 DELETE   1696.94 435.97 572.59 754.15 1896.65 784.03 2148.29 709.50 2088.63 921.39 1936.38 992.91 2174.52 932.87
00051663 00000166 1705.79 431.37 571.44 742.74 1910.13 771.98 2157.64 693.94 2105.87 907.24 1956.76 985.65 2189.64 922.92
00051664 00000167 1712.12 426.39 565.64 746.89 1918.83 768.04 2161.60 690.56 2113.47 904.43 1961.64 983.31 2191.40 920.93
00051665 00000168 1712.96 431.47 566.27 744.18 1920.03 769.88 2163.73 692.74 2114.60 907.48 1962.88 987.81 2192.90 925.89
00051666 00000169 1716.20 426.77 562.67 743.99 1923.49 769.10 2165.11 691.35 2116.86 905.57 1967.77 987.47 2194.56 925.27
00051667 00000170 1716.11 427.29 563.43 743.27 1924.54 766.02 2164.42 687.37 2119.35 903.08 1968.22 985.43 2193.94 922.62
00051668 00000171 1716.67 426.83 564.79 746.89 1920.68 767.00 2165.75 691.81 2112.08 908.79 1961.09 985.11 2193.70 924.13
00051669 00000172 1716.67 442.70 568.20 737.92 1921.24 778.06 2168.27 705.25 2109.81 920.78 1956.43 993.60 2189.77 934.93
00051670 00000173 1718.39 444.63 563.07 754.96 1921.01 784.78 2165.56 720.05 2107.78 926.23 1953.41 999.39 2190.72 946.37
00051671 00000174 1722.44 446.36 564.42 751.48 1922.43 783.06 2167.18 719.81 2107.31 925.20 1955.05 998.21 2193.34 945.91
00051672 00000175 1721.95 446.93 561.79 756.72 1918.42 786.64 2167.65 723.35 2105.71 930.96 1944.71 999.81 2191.80 947.74
00051673 00000176 1717.42 464.74 565.17 756.97 1910.78 799.35 2168.78 743.65 2096.15 951.19 1933.24 1011.49 2186.41 964.55
00051674 00000177 1707.07 501.38 566.91 740.06 1891.22 830.78 2153.41 780.13 2068.14 979.65 1920.43 1037.25 2174.43 993.79
00051675 DELETE   1700.35 553.43 576.25 701.47 1871.02 859.63 2136.90 827.22 2027.58 1023.04 1890.78 1060.19 2148.40 1027.92
00051676 DELETE   1679.06 606.88 579.38 654.88 1839.40 893.20 2108.74 872.36 1984.59 1061.73 1856.51 1073.38 2111.86 1051.26
00051677 00000180 1681.13 643.75 564.16 631.91 1827.45 919.62 2104.73 916.87 1965.64 1096.50 1837.82 1087.04 2098.07 1079.72
00051678 00000181 1683.69 663.40 563.89 622.62 1822.52 934.99 2100.53 944.92 1952.25 1113.42 1835.66 1104.67 2085.63 1106.49
00051679 00000182 1694.36 679.86 569.17 615.97 1827.16 941.22 2104.93 949.87 1954.46 1122.26 1839.65 1109.07 2095.12 1109.97
00051680 00000183 1692.40 661.06 567.67 638.37 1828.56 942.30 2111.02 941.86 1963.37 1126.09 1849.46 1114.67 2105.08 1106.76
00051681 00000184 1697.53 653.00 570.83 639.00 1842.80 928.86 2125.80 929.59 1983.71 1109.31 1858.37 1101.71 2117.74 1095.91
00051682 00000185 1704.33 638.26 568.39 651.23 1855.16 919.62 2131.83 921.54 1992.48 1106.74 1866.59 1090.04 2121.50 1086.09
00051683 00000186 1708.61 629.38 571.77 659.88 1866.94 915.67 2140.54 915.34 2006.70 1100.28 1877.76 1088.63 2131.83 1083.26
00051684 00000187 1710.37 643.50 573.35 648.67 1870.69 923.33 2147.79 920.47 2014.26 1101.62 1883.88 1100.48 2136.07 1092.44
00051685 00000188 1716.91 649.72 568.75 644.45 1875.11 929.73 2155.37 929.68 2019.28 1106.88 1887.99 1108.50 2139.75 1102.41
00051686 00000189 1724.07 653.12 568.30 638.95 1883.78 932.17 2162.72 936.24 2026.01 1107.71 1892.85 1110.51 2139.79 1108.75
00051687 00000190 1735.79 646.29 565.64 645.45 1895.31 928.53 2172.06 931.44 2036.78 1103.17 1899.82 1105.34 2148.81 1103.40
00051688 00000191 1730.38 632.36 581.21 667.13 1901.00 917.82 2182.23 915.25 2047.07 1107.40 1902.56 1095.05 2156.03 1088.53
00051689 00000192 1731.11 623.36 586.20 670.04 1903.04 906.80 2191.02 905.79 2052.52 1103.94 1899.28 1083.26 2166.26 1079.25
00051690 00000193 1733.28 620.31 584.69 667.64 1906.36 906.59 2184.06 901.44 2050.10 1084.90 1900.46 1082.42 2164.55 1074.01
00051691 00000194 1735.34 622.19 586.20 673.40 1909.02 909.62 2195.36 906.28 2059.70 1101.25 1903.30 1084.18 2172.22 1078.71
00051692 00000195 1740.26 624.50 581.80 671.52 1913.21 916.40 2195.57 915.29 2060.69 1104.21 1911.20 1090.22 2169.88 1086.26
00051693 00000196 1741.51 628.08 581.47 669.09 1916.68 922.47 2196.60 918.18 2064.89 1103.68 1917.98 1096.13 2168.83 1089.36
00051694 00000197 1742.85 625.80 580.83 667.21 1917.77 921.18 2198.27 915.95 2066.41 1105.78 1917.56 1089.41 2174.31 1082.42
00051695 00000198 1743.03 615.14 582.98 675.29 1923.83 908.18 2192.72 902.74 2066.46 1087.55 1916.93 1086.59 2172.34 1077.99
00051696 00000199 1745.21 607.31 581.85 681.65 1927.26 901.14 2194.65 895.56 2068.39 1075.73 1918.11 1078.71 2175.73 1070.58
00051697 00000200 1744.49 605.03 581.48 681.71 1926.06 897.98 2196.14 889.51 2071.05 1074.63 1917.30 1076.48 2178.86 1066.40
00051698 00000201 1745.81 606.24 580.48 679.09 1926.39 900.63 2196.49 889.94 2072.54 1075.84 1921.17 1079.22 2181.41 1066.92
00051699 00000202 1745.37 607.37 581.41 681.95 1928.53 902.93 2196.15 892.09 2074.21 1074.52 1921.54 1081.99 2180.49 1069.60
00051700 00000203 1746.75 604.78 578.56 679.67 1926.82 901.22 2195.01 888.86 2072.85 1071.03 1922.95 1080.78 2181.30 1067.09
00051701 00000204 1754.27 595.73 568.98 682.89 1927.95 893.26 2190.27 879.27 2071.15 1061.27 1925.73 1074.66 2179.85 1059.47
00051702 00000205 1757.19 574.26 572.69 702.21 1932.15 876.19 2197.15 856.52 2082.57 1047.40 1936.14 1071.66 2189.61 1052.23
00051703 00000206 1761.62 546.35 576.07 726.15 1947.97 860.69 2206.61 828.43 2108.63 1024.23 1951.60 1062.68 2205.51 1033.93
00051704 00000207 1761.63 526.83 577.42 731.40 1958.84 846.63 2216.86 799.04 2132.02 1003.82 1972.07 1051.42 2222.87 1010.06
00051705 00000208 1761.29 497.78 576.10 749.90 1970.02 830.47 2225.86 772.03 2156.32 978.81 1992.12 1040.03 2239.34 992.10
00051706 00000209 1763.57 477.68 576.97 756.34 1979.71 817.98 2233.28 750.54 2175.24 957.28 2007.85 1029.07 2252.19 974.44
00051707 00000210 1762.40 468.28 575.73 748.37 1984.16 804.53 2232.60 727.11 2189.72 938.15 2017.48 1017.62 2260.94 955.96
00051708 00000211 1761.89 449.24 573.85 751.60 1985.61 799.09 2226.14 716.80 2190.44 923.18 2020.25 1005.73 2259.22 940.58
00051709 00000212 1756.77 441.24 575.42 757.56 1979.53 794.72 2220.17 711.58 2184.45 922.25 2010.49 1003.27 2252.39 937.07
00051710 00000213 1751.01 443.49 573.94 754.94 1970.61 797.57 2210.80 708.79 2175.28 922.12 2002.32 1004.77 2245.33 933.82
00051711 00000214 1742.90 439.92 579.92 764.33 1961.07 800.02 2202.83 706.58 2168.59 927.15 1997.00 1005.73 2240.54 930.81
00051712 00000215 1735.99 430.38 582.77 769.00 1957.65 798.17 2198.54 705.65 2163.07 922.62 1996.74 1003.91 2237.72 929.94
00051713 00000216 1728.65 423.57 584.92 772.30 1951.59 793.53 2192.43 701.10 2156.38 916.57 1990.19 999.92 2231.26 926.11
00051714 00000217 1726.49 424.90 588.62 765.68 1948.36 789.25 2187.60 700.13 2160.02 914.33 1986.94 997.48 2223.50 927.70
00051715 00000218 1725.22 421.68 583.29 772.97 1946.96 792.41 2186.21 701.60 2148.76 915.89 1985.32 997.39 2225.87 924.90
00051716 00000219 1725.13 431.75 587.12 770.97 1946.83 796.59 2187.98 706.21 2149.69 923.90 1988.49 1004.36 2229.48 931.78
00051717 00000220 1729.98 442.22 582.00 770.74 1947.83 803.02 2189.88 717.34 2150.55 939.97 1989.10 1012.61 2229.38 944.15
00051718 00000221 1734.70 453.77 576.23 771.39 1945.47 812.92 2189.10 730.32 2147.14 953.81 1984.38 1023.37 2222.63 957.61
00051719 00000222 1730.14 467.71 571.51 765.67 1941.06 826.72 2187.76 752.57 2133.87 963.94 1977.94 1036.19 2215.63 977.68
00051720 00000223 1722.02 497.80 572.76 739.72 1926.39 839.01 2178.67 771.49 2115.29 974.97 1961.73 1044.73 2205.11 990.37
00051721 00000224 1713.73 514.02 575.94 724.53 1906.11 847.62 2164.54 785.85 2089.05 988.07 1940.64 1047.65 2186.55 996.92
00051722 00000225 1708.77 537.47 574.37 719.98 1888.70 851.91 2146.75 800.00 2060.28 1000.87 1920.00 1053.09 2165.12 1003.81
00051723 00000226 1705.64 541.80 576.81 710.06 1879.44 850.13 2147.15 808.32 2043.74 1016.08 1908.85 1057.85 2163.86 1017.60
00051724 00000227 1702.96 541.86 579.21 711.61 1872.34 853.35 2140.63 814.89 2033.73 1021.83 1902.16 1060.23 2157.19 1022.49
00051725 00000228 1703.03 545.41 577.74 713.29 1868.59 856.97 2134.43 819.19 2027.09 1021.56 1898.94 1061.69 2155.36 1023.99
00051726 00000229 1700.79 547.46 579.07 709.72 1866.85 856.58 2132.17 819.63 2024.09 1021.06 1898.93 1062.73 2152.38 1025.43
00051727 00000230 1697.54 540.55 582.94 716.40 1866.59 854.53 2133.48 817.67 2025.65 1021.07 1897.75 1059.97 2151.60 1023.15
00051728 00000231 1692.29 538.58 590.08 718.00 1864.75 849.83 2133.34 812.75 2024.49 1015.37 1897.15 1059.51 2152.01 1022.37
00051729 00000232 1691.64 538.00 588.80 714.54 1867.42 847.74 2136.31 810.20 2028.85 1013.12 1898.21 1055.92 2152.03 1018.61
00051730 00000233 1693.76 535.64 585.61 716.52 1866.24 845.95 2136.23 808.14 2027.50 1012.95 1899.18 1055.59 2152.98 1017.80
00051731 00000234 1692.92 537.53 586.29 713.81 1866.50 846.76 2136.55 808.94 2028.12 1013.14 1898.86 1055.89 2152.43 1018.11
00051732 00000235 1693.89 533.28 585.05 720.19 1870.08 849.20 2136.44 810.77 2031.51 1014.48 1899.87 1056.76 2150.65 1019.13
00051733 00000236 1694.78 531.43 585.01 723.25 1869.38 850.64 2135.80 810.59 2032.36 1009.58 1900.97 1059.41 2152.03 1020.75
00051734 00000237 1693.07 530.49 586.38 721.81 1870.10 847.92 2139.33 806.34 2035.30 1010.22 1901.38 1055.93 2155.71 1015.65
00051735 00000238 1694.48 528.79 584.27 720.49 1869.81 842.56 2140.64 801.73 2034.76 1006.68 1902.32 1052.61 2155.80 1012.86
00051736 00000239 1695.07 523.79 583.34 723.85 1871.03 839.74 2139.60 800.72 2034.01 1001.91 1903.03 1049.41 2154.27 1010.84
00051737 00000240 1695.18 523.41 582.45 722.29 1871.55 838.42 2139.72 800.47 2033.86 1002.16 1903.83 1048.23 2153.39 1010.52
00051738 00000241 1694.02 525.99 585.11 721.09 1871.71 839.29 2140.68 800.06 2035.62 1002.64 1902.48 1048.75 2154.01 1010.15
00051739 00000242 1694.34 523.57 584.71 725.05 1871.07 840.81 2140.78 800.99 2035.40 1004.49 1902.70 1051.42 2154.61 1012.56
00051740 00000243 1693.17 523.87 586.66 723.74 1870.59 839.88 2141.52 799.44 2036.23 1003.63 1902.49 1051.15 2155.27 1011.78
00051741 00000244 1695.09 524.30 582.18 722.02 1870.76 838.01 2140.54 800.41 2033.79 1003.25 1902.83 1048.17 2154.25 1010.77
00051742 00000245 1694.91 519.05 583.16 725.68 1870.06 834.53 2142.14 797.83 2034.27 998.00 1902.83 1045.51 2157.20 1008.59
00051743 00000246 1696.78 517.10 579.82 722.55 1869.86 837.46 2139.44 799.34 2032.85 999.41 1905.92 1044.58 2156.11 1006.21
00051744 00000247 1694.83 511.90 577.14 731.29 1869.51 836.47 2134.59 794.74 2033.98 998.63 1904.51 1045.28 2155.04 1006.10
00051745 00000248 1695.05 517.67 582.03 722.21 1869.55 836.10 2140.64 799.18 2033.21 999.03 1904.57 1045.25 2154.79 1007.93
00051746 00000249 1695.46 516.89 581.32 724.45 1870.06 835.61 2140.39 799.25 2033.03 998.32 1905.44 1044.54 2154.87 1007.43
00051747 00000250 1696.11 514.33 575.37 726.34 1869.34 836.00 2133.78 793.59 2033.12 997.48 1905.62 1044.51 2154.55 1004.65
00051748 00000251 1695.45 510.10 575.37 730.08 1869.48 830.06 2133.73 791.51 2032.18 994.35 1903.36 1041.16 2153.43 1003.89
00051749 00000252 1693.05 506.09 576.79 736.92 1867.40 830.82 2132.55 789.01 2032.40 994.04 1904.49 1042.08 2154.60 1002.06
00051750 00000253 1693.77 507.05 576.20 735.85 1867.46 829.96 2131.67 788.75 2031.39 993.79 1904.34 1041.81 2154.19 1002.19
00051751 00000254 1693.92 508.49 576.76 733.83 1867.78 830.96 2133.29 791.70 2031.14 995.55 1903.25 1042.29 2153.76 1004.36
00051752 00000255 1695.24 510.45 575.95 729.58 1868.44 831.55 2133.67 791.20 2032.24 994.04 1903.04 1041.75 2154.57 1003.18
00051753 00000256 1696.07 511.17 575.22 727.99 1868.31 831.40 2133.14 791.16 2031.57 993.19 1904.29 1042.20 2154.46 1003.61
00051754 00000257 1695.63 508.05 574.48 733.73 1868.33 831.39 2132.28 790.33 2031.70 993.55 1905.69 1042.59 2154.32 1003.27
00051755 00000258 1695.67 508.37 575.04 731.68 1868.65 827.31 2133.65 786.40 2032.80 990.57 1905.74 1040.38 2155.78 1001.01
00051756 00000259 1694.67 506.56 575.77 732.32 1868.14 826.93 2132.94 786.51 2032.25 988.92 1904.45 1039.61 2154.65 1000.71
00051757 00000260 1694.57 510.19 576.53 728.48 1867.61 827.08 2133.99 787.41 2032.02 991.78 1903.93 1039.51 2154.87 1001.08
00051758 00000261 1694.58 507.32 575.55 733.16 1868.19 829.05 2131.74 788.63 2031.17 992.14 1904.25 1040.38 2153.66 1001.31
00051759 00000262 1694.90 508.01 574.45 732.46 1867.70 830.25 2132.12 789.22 2031.21 993.09 1903.91 1040.98 2153.24 1001.63
00051760 00000263 1694.83 507.46 575.17 731.10 1867.16 826.96 2130.63 787.35 2029.24 991.34 1904.27 1039.54 2152.78 1000.90
00051761 00000264 1695.67 505.21 572.71 731.95 1866.70 824.86 2131.04 786.05 2029.29 988.69 1902.79 1038.18 2152.36 1000.16
00051762 00000265 1695.41 504.72 573.36 734.14 1866.98 823.27 2130.71 785.10 2029.00 987.62 1902.98 1036.74 2153.16 999.12
00051763 00000266 1695.26 504.94 573.68 731.19 1866.56 823.13 2130.80 784.58 2028.31 987.09 1904.17 1037.25 2153.13 999.24
00051764 00000267 1696.77 504.50 572.48 733.65 1867.32 825.33 2131.40 785.97 2029.95 987.82 1904.57 1039.12 2154.39 1000.74
00051765 00000268 1695.59 507.31 575.11 731.12 1867.35 826.66 2130.46 788.74 2028.04 992.22 1904.34 1039.51 2152.46 1002.17
00051766 00000269 1694.71 507.51 576.16 730.21 1866.62 826.80 2130.43 788.14 2028.15 992.45 1904.40 1039.65 2152.68 1001.67
00051767 00000270 1696.93 504.14 572.28 733.60 1866.79 824.65 2131.16 785.30 2029.12 987.12 1904.87 1039.95 2154.18 1001.51
00051768 00000271 1694.13 502.01 574.26 735.98 1866.36 822.55 2130.34 784.50 2027.88 986.75 1903.29 1037.83 2152.59 1000.23
00051769 00000272 1692.71 501.67 575.45 736.03 1865.76 819.76 2129.86 782.49 2027.11 986.58 1902.59 1037.49 2151.83 1000.53
00051770 00000273 1693.20 500.95 574.81 735.80 1865.89 821.18 2129.04 783.87 2026.63 985.41 1902.50 1036.85 2151.27 999.90
00051771 00000274 1693.57 500.01 574.22 737.42 1865.66 823.59 2129.77 785.03 2027.86 984.99 1902.92 1038.01 2153.15 1000.17
00051772 00000275 1695.53 502.13 572.82 735.15 1866.76 824.10 2130.73 784.88 2029.48 985.59 1905.29 1039.58 2154.64 1001.21
00051773 00000276 1694.72 500.30 574.64 738.05 1865.39 823.47 2129.55 784.13 2027.78 984.74 1904.84 1039.76 2154.59 1001.16
00051774 00000277 1691.90 498.65 576.76 740.59 1863.91 823.52 2127.80 783.04 2026.41 984.34 1902.90 1038.70 2152.52 999.22
00051775 00000278 1691.79 496.16 576.33 744.47 1863.61 819.61 2126.31 781.66 2023.54 984.95 1902.31 1037.36 2151.14 999.35
00051776 00000279 1691.18 494.30 575.31 747.02 1863.18 817.91 2125.04 781.76 2021.78 983.59 1900.48 1036.50 2149.79 999.88
00051777 00000280 1690.59 495.92 577.07 745.91 1862.57 818.80 2125.13 781.90 2021.70 985.13 1900.79 1037.26 2149.69 1000.00
00051778 00000281 1692.28 497.66 575.81 743.71 1862.39 821.71 2126.14 784.39 2021.66 987.54 1900.94 1037.97 2151.18 1000.30
00051779 00000282 1692.79 501.74 574.22 738.35 1861.96 823.72 2125.95 785.44 2021.42 988.51 1901.93 1039.19 2150.97 1000.91
00051780 00000283 1692.55 500.21 574.96 740.41 1862.43 823.51 2126.06 784.17 2022.79 988.14 1902.55 1039.08 2152.17 999.82
00051781 00000284 1691.66 498.57 574.92 742.86 1863.10 819.14 2124.27 782.55 2021.83 985.23 1901.74 1037.32 2149.48 1000.19
00051782 00000285 1692.18 491.95 574.61 749.54 1864.23 817.41 2123.95 782.09 2020.86 982.22 1902.39 1036.59 2149.51 1000.52
00051783 00000286 1692.98 494.39 572.81 744.12 1864.02 814.11 2123.42 780.13 2020.42 978.17 1902.18 1035.18 2147.57 1000.47
00051784 00000287 1692.88 489.92 572.72 747.07 1863.88 813.77 2123.49 780.65 2019.55 977.67 1900.83 1033.81 2147.37 999.92
00051785 00000288 1692.62 491.30 573.15 749.46 1863.88 815.87 2123.52 781.24 2020.35 979.73 1901.90 1036.01 2148.09 1000.91
00051786 00000289 1692.64 494.03 574.05 749.19 1863.59 816.61 2123.02 782.62 2019.20 983.52 1901.43 1036.91 2148.01 1001.91
00051787 00000290 1691.77 495.94 574.90 745.13 1862.50 816.66 2123.65 782.86 2018.96 983.88 1900.90 1036.72 2147.98 1001.76
00051788 00000291 1691.88 493.43 574.31 749.04 1863.03 816.41 2122.75 781.97 2018.70 982.10 1900.99 1036.67 2147.44 1001.48
00051789 00000292 1690.19 490.89 575.29 746.24 1861.49 812.94 2122.83 779.16 2018.27 979.68 1900.26 1034.28 2146.75 999.58
00051790 00000293 1688.70 485.26 577.59 751.42 1859.87 810.90 2121.05 778.90 2014.90 979.01 1898.39 1033.39 2145.37 999.93
00051791 00000294 1688.25 486.96 577.44 749.35 1858.77 811.12 2119.70 779.31 2013.08 978.41 1896.38 1032.76 2143.70 999.55
00051792 00000295 1685.15 489.43 579.61 747.61 1857.16 812.83 2120.99 779.17 2015.21 980.05 1895.76 1033.90 2144.24 999.40
00051793 00000296 1688.16 492.04 575.73 747.10 1858.71 818.00 2121.99 782.20 2016.71 983.15 1896.99 1036.28 2145.63 1000.22
00051794 00000297 1685.07 495.42 580.26 743.61 1857.13 817.59 2122.80 780.90 2017.59 985.74 1897.87 1037.06 2146.83 999.83
00051795 00000298 1686.65 492.75 577.24 746.20 1857.65 817.58 2122.65 781.49 2017.00 983.70 1896.64 1036.66 2145.59 1000.37
00051796 00000299 1685.50 491.68 578.26 747.05 1856.91 815.81 2120.55 780.75 2015.38 980.59 1895.00 1034.26 2143.68 998.82
00051797 00000300 1686.36 487.04 577.78 751.21 1857.61 813.21 2119.85 779.77 2014.54 978.29 1896.23 1035.12 2143.53 1000.96
00051798 00000301 1685.93 488.30 578.33 748.99 1857.58 813.72 2119.64 779.68 2014.69 979.14 1896.74 1034.80 2143.24 1000.14
00051799 00000302 1687.26 489.98 576.05 748.62 1857.35 816.53 2120.20 781.47 2014.95 980.27 1896.07 1035.16 2143.91 999.82
00051800 00000303 1686.92 492.34 577.84 749.01 1857.43 816.31 2121.08 781.04 2015.17 981.72 1897.43 1036.75 2144.64 1001.02
00051801 00000304 1687.52 493.11 577.55 748.32 1857.83 816.45 2121.01 781.30 2015.11 982.11 1897.87 1037.16 2144.70 1001.48
00051802 00000305 1687.74 492.17 577.63 746.65 1858.15 814.64 2121.08 781.44 2014.40 981.01 1896.84 1034.85 2143.82 1000.62
00051803 00000306 1685.88 493.10 581.93 746.89 1856.24 810.73 2120.34 778.20 2011.59 980.48 1896.35 1034.62 2144.57 1000.69
00051804 00000307 1684.81 495.15 581.75 744.23 1854.97 810.14 2119.10 777.96 2009.80 984.80 1894.48 1033.54 2143.83 999.27
00051805 00000308 1681.42 495.03 586.04 747.56 1851.36 811.72 2119.88 778.53 2008.73 983.08 1892.03 1036.12 2143.44 1001.53
00051806 00000309 1680.78 499.65 585.43 743.51 1851.22 817.26 2119.72 782.27 2009.80 988.95 1891.96 1038.83 2141.89 1002.95
00051807 00000310 1681.39 503.62 584.57 742.51 1849.73 825.44 2118.72 788.33 2008.09 996.90 1889.90 1042.52 2142.01 1005.22
00051808 00000311 1679.73 506.47 585.42 742.95 1849.19 830.52 2115.77 793.02 2005.95 998.18 1887.82 1044.28 2138.77 1007.14
00051809 00000312 1677.93 501.75 586.03 750.40 1848.79 829.85 2114.73 792.15 2005.98 996.69 1886.46 1044.84 2137.61 1007.76
00051810 00000313 1676.61 503.04 587.87 746.44 1846.15 824.86 2113.25 789.80 2001.12 997.73 1884.21 1043.08 2136.31 1007.40
00051811 00000314 1674.42 501.48 588.97 747.42 1843.80 823.81 2111.89 787.95 1999.26 993.98 1882.47 1041.50 2134.69 1005.26
00051812 00000315 1674.21 503.49 588.24 746.17 1843.33 823.49 2110.90 789.95 1996.56 996.07 1880.54 1041.19 2132.46 1006.55
00051813 00000316 1675.36 504.96 587.13 744.31 1844.24 826.02 2110.65 792.63 1996.57 999.88 1882.18 1043.03 2132.01 1008.63
00051814 00000317 1676.17 504.96 586.99 744.95 1845.18 828.28 2111.10 794.94 1997.24 999.64 1881.91 1043.72 2132.39 1009.70
00051815 00000318 1676.06 499.39 587.19 748.89 1844.56 823.03 2112.07 789.96 1997.67 994.53 1880.97 1040.22 2133.13 1006.18
00051816 00000319 1676.51 486.27 585.80 755.53 1845.60 812.65 2110.46 782.64 1996.75 984.26 1881.01 1032.45 2131.81 1000.73
00051817 00000320 1678.64 476.16 583.45 760.32 1846.08 801.39 2110.21 774.48 1995.83 974.65 1879.60 1028.51 2131.68 999.14
00051818 00000321 1677.66 471.37 586.80 764.31 1845.76 797.55 2110.25 770.75 1995.53 972.84 1879.26 1025.70 2131.45 996.31
00051819 00000322 1678.12 477.65 585.31 758.56 1845.62 801.37 2109.13 776.35 1993.49 976.45 1878.11 1026.31 2130.54 998.03
00051820 00000323 1679.70 489.90 583.27 748.77 1843.76 806.11 2109.61 783.45 1989.72 986.84 1878.00 1030.46 2128.55 1003.84
00051821 00000324 1679.61 500.13 582.99 742.97 1843.58 814.42 2108.96 791.74 1987.89 993.03 1875.95 1036.53 2124.73 1010.82
00051822 00000325 1682.75 500.20 582.21 746.25 1844.55 812.77 2109.14 794.56 1985.06 993.00 1874.74 1036.11 2123.94 1013.93
00051823 00000326 1684.06 500.46 583.40 742.97 1845.17 808.72 2109.23 792.97 1982.74 991.70 1874.13 1032.54 2122.47 1012.06
00051824 00000327 1686.67 492.57 580.19 744.38 1845.68 802.73 2109.27 788.49 1982.84 984.83 1873.25 1028.40 2120.68 1009.59
00051825 00000328 1687.34 492.60 581.91 746.15 1845.37 798.83 2109.32 785.39 1982.51 984.17 1873.57 1026.49 2123.94 1007.48
00051826 00000329 1690.16 493.90 578.67 743.38 1847.11 798.19 2109.53 787.43 1981.27 983.34 1873.88 1026.83 2121.27 1010.44
00051827 00000330 1695.73 498.48 574.84 741.04 1849.51 800.23 2108.97 791.90 1979.78 987.31 1875.58 1028.56 2120.83 1013.98
00051828 00000331 1696.81 507.53 574.77 735.30 1848.58 805.44 2109.37 797.19 1977.81 996.09 1875.31 1031.84 2122.60 1016.83
00051829 00000332 1698.95 506.92 572.58 739.34 1849.94 808.14 2112.21 799.99 1980.45 995.80 1873.33 1034.54 2124.75 1020.36
00051830 00000333 1699.45 508.09 572.56 738.15 1850.59 808.93 2112.72 799.84 1981.95 995.77 1873.80 1034.68 2125.71 1019.75
00051831 00000334 1699.55 507.03 572.43 737.34 1849.94 806.71 2112.79 798.37 1980.78 996.56 1874.02 1033.71 2125.07 1019.19
00051832 00000335 1699.14 503.91 571.57 741.73 1850.56 805.17 2111.38 796.90 1980.90 991.27 1873.64 1033.04 2124.27 1018.87
00051833 00000336 1699.86 501.25 572.51 741.19 1850.97 801.30 2111.94 794.31 1981.61 989.01 1877.07 1033.55 2122.99 1020.30
00051834 00000337 1698.68 499.78 574.19 741.30 1851.01 800.01 2112.27 792.32 1982.86 987.75 1877.76 1033.79 2122.34 1020.30
00051835 00000338 1698.95 497.33 573.51 743.87 1852.11 800.09 2111.81 792.47 1983.38 985.76 1879.22 1033.49 2122.06 1020.08
00051836 00000339 1702.13 495.13 571.08 741.95 1854.11 797.11 2113.03 792.03 1983.18 985.86 1879.62 1030.89 2122.00 1019.26
00051837 00000340 1698.90 493.92 575.25 742.57 1853.38 795.44 2114.46 790.82 1983.96 985.08 1877.42 1029.28 2121.64 1018.25
00051838 00000341 1696.20 492.77 577.52 741.85 1852.41 793.70 2115.83 788.96 1985.12 982.40 1877.07 1027.95 2120.65 1017.10
00051839 00000342 1695.97 489.69 579.37 744.57 1851.74 790.73 2115.69 787.41 1983.62 977.96 1874.99 1025.96 2119.78 1016.29
00051840 00000343 1698.42 487.40 573.95 746.94 1854.16 792.15 2114.78 787.85 1986.08 973.19 1875.76 1026.95 2119.29 1017.23
00051841 00000344 1698.28 486.65 574.42 744.23 1854.61 792.24 2114.65 787.97 1986.45 972.84 1876.50 1026.44 2118.09 1016.96
00051842 00000345 1699.68 485.85 574.16 747.93 1855.32 792.17 2114.14 789.22 1984.95 976.30 1878.35 1027.11 2119.34 1017.94
00051843 00000346 1701.11 481.78 573.92 748.40 1856.65 790.61 2117.27 787.12 1988.48 975.56 1881.58 1028.82 2121.00 1019.65
00051844 00000347 1701.96 477.34 572.34 749.52 1857.98 788.64 2116.60 784.14 1989.60 969.51 1883.18 1024.51 2122.57 1014.23
00051845 00000348 1704.20 470.13 571.11 753.93 1861.14 784.25 2117.56 780.75 1991.62 965.83 1886.06 1022.46 2123.46 1012.95
00051846 00000349 1704.67 461.35 571.86 758.10 1862.16 779.07 2119.12 775.02 1993.03 958.73 1888.12 1018.74 2124.38 1009.08
00051847 00000350 1709.34 456.59 568.28 757.52 1866.59 777.35 2120.20 775.94 1994.58 956.21 1890.99 1016.48 2121.80 1009.52
00051848 00000351 1708.16 457.34 570.59 755.18 1868.51 777.80 2121.92 777.06 1996.62 956.64 1893.50 1015.91 2122.56 1009.41
00051849 00000352 1710.47 464.30 567.03 748.10 1869.90 778.94 2123.10 778.74 1998.20 963.11 1894.84 1018.57 2124.19 1011.84
00051850 00000353 1710.63 462.85 567.38 752.26 1870.21 782.65 2123.58 781.07 1999.52 964.92 1894.10 1019.86 2125.44 1012.39
00051851 00000354 1710.46 464.36 568.33 750.07 1871.25 783.13 2125.47 781.11 2001.80 964.92 1894.61 1019.78 2126.53 1011.97
00051852 00000355 1710.54 462.20 568.86 747.90 1872.33 780.18 2126.04 778.66 2002.43 959.92 1896.41 1014.94 2126.81 1007.41
00051853 00000356 1710.62 456.50 568.80 749.97 1874.69 776.31 2128.25 773.82 2005.58 954.45 1898.58 1007.18 2129.21 998.57
00051854 00000357 1709.79 451.09 569.50 756.18 1872.55 773.82 2127.30 771.10 2003.42 953.18 1896.30 1005.04 2128.56 996.30
00051855 00000358 1709.79 452.45 570.28 755.22 1872.30 774.27 2127.35 771.93 2002.63 952.80 1896.68 1007.04 2129.06 998.52
00051856 00000359 1710.52 454.27 569.15 755.08 1872.23 778.21 2126.26 776.00 2001.70 955.10 1898.12 1010.78 2128.04 1002.63
00051857 00000360 1710.99 459.73 568.49 750.77 1871.45 780.02 2125.54 778.77 2000.60 960.56 1895.72 1013.52 2127.08 1006.00
00051858 00000361 1710.03 461.22 569.59 748.90 1870.65 780.33 2126.50 779.43 2000.72 963.56 1894.04 1014.59 2127.69 1007.30
00051859 00000362 1709.39 458.63 570.16 750.44 1871.32 779.28 2126.68 776.50 2002.17 957.22 1895.52 1010.77 2128.29 1002.22
00051860 00000363 1710.17 453.32 570.41 751.26 1871.82 773.66 2127.18 771.63 2002.10 952.71 1895.60 1004.53 2128.46 996.26
00051861 00000364 1710.40 452.29 568.93 754.36 1871.45 772.76 2126.16 769.27 2002.56 948.41 1895.78 1004.73 2129.18 995.41
00051862 00000365 1709.78 451.23 570.27 754.98 1871.17 774.07 2126.14 771.83 2000.91 951.09 1895.25 1005.20 2127.95 996.91
00051863 00000366 1710.45 458.54 569.20 751.51 1872.36 777.05 2127.52 775.69 2002.92 956.11 1895.90 1010.19 2128.30 1002.62
00051864 00000367 1711.14 466.42 567.84 742.88 1872.03 779.58 2125.98 778.35 2001.90 959.75 1895.16 1012.65 2127.22 1005.17
00051865 00000368 1710.78 463.33 569.00 745.96 1873.31 779.64 2126.43 778.40 2002.94 960.69 1898.86 1014.01 2127.63 1006.49
00051866 00000369 1709.97 454.51 569.50 757.09 1873.50 777.42 2126.95 774.69 2003.53 956.74 1900.68 1010.96 2131.63 1001.65
00051867 00000370 1709.64 455.55 570.37 753.07 1871.56 772.79 2126.51 768.98 2002.88 954.24 1900.12 1009.69 2131.01 999.35
00051868 00000371 1710.44 453.68 569.40 756.45 1871.81 771.85 2126.22 768.21 2002.50 951.34 1899.95 1006.50 2131.60 996.21
00051869 00000372 1709.48 451.69 569.67 759.07 1871.20 773.44 2125.18 768.13 2002.60 953.26 1901.27 1009.51 2131.63 997.92
00051870 00000373 1710.04 459.37 568.10 752.11 1870.99 774.55 2126.11 770.48 2002.07 956.18 1899.07 1009.52 2132.30 998.77
00051871 00000374 1709.38 454.58 569.14 756.74 1869.98 778.40 2125.59 773.72 2001.52 955.43 1898.46 1011.43 2131.10 1000.96
00051872 00000375 1707.58 457.36 570.16 751.80 1868.29 777.19 2122.00 771.19 1999.72 951.29 1897.99 1009.73 2127.78 998.33
00051873 00000376 1704.12 454.36 574.39 750.72 1864.89 771.95 2119.48 765.20 1995.87 947.69 1897.24 1004.44 2126.61 991.64
00051874 00000377 1701.15 450.57 574.93 748.91 1859.14 768.37 2112.58 762.61 1988.22 941.85 1892.37 1002.92 2116.69 992.05
00051875 00000378 1697.29 448.95 575.72 753.32 1855.64 767.61 2110.26 761.22 1986.72 937.04 1885.70 1000.97 2114.42 989.95
00051876 00000379 1696.15 445.26 575.85 757.03 1851.10 768.56 2105.66 763.99 1978.95 937.95 1880.26 1002.02 2108.19 992.97
00051877 00000380 1693.83 445.92 577.87 758.94 1845.74 772.66 2100.10 767.66 1972.52 942.72 1878.44 1005.47 2106.75 995.97
00051878 00000381 1689.83 446.35 579.26 757.20 1841.19 772.33 2095.83 768.38 1967.44 941.20 1873.04 1005.01 2100.87 997.01
00051879 00000382 1686.93 441.30 580.23 760.61 1834.34 770.00 2088.24 765.05 1958.90 940.09 1867.41 1004.02 2094.69 995.43
00051880 00000383 1680.42 437.61 580.73 757.97 1822.05 761.54 2082.47 758.36 1947.49 927.00 1854.70 999.68 2083.30 994.10
00051881 00000384 1668.53 435.49 583.31 754.12 1801.43 745.87 2063.19 749.56 1912.89 918.98 1828.70 990.50 2058.17 990.87
00051882 DELETE   1656.32 431.22 571.50 748.68 1770.29 735.04 2020.21 750.34 1859.17 911.18 1795.99 978.17 2015.80 986.43
00051883 DELETE   1634.48 432.33 563.40 739.96 1739.18 725.38 1982.09 750.15 1809.35 907.75 1749.95 968.54 1970.24 985.62
00051884 DELETE   1624.47 435.95 557.15 724.04 1711.52 717.94 1948.83 740.18 1771.18 900.13 1728.36 969.86 1937.07 985.82
00051885 00000388 1620.48 438.32 548.54 722.31 1694.61 713.82 1925.65 746.86 1737.20 893.60 1714.65 961.30 1913.23 985.02
00051886 00000389 1611.66 446.30 545.48 721.89 1687.64 719.62 1914.21 749.78 1726.60 897.87 1707.67 966.48 1905.16 987.03
00051887 00000390 1605.71 448.56 547.61 722.68 1681.29 720.73 1905.10 750.38 1719.35 898.99 1702.01 966.14 1901.04 986.30
00051888 00000391 1599.14 452.99 549.94 719.89 1675.01 717.50 1898.20 744.88 1714.63 897.29 1697.84 966.84 1893.58 986.03
00051889 00000392 1597.84 449.39 548.52 724.65 1673.80 719.68 1897.89 739.41 1715.51 893.81 1703.78 974.46 1893.98 987.45
00051890 00000393 1595.76 447.20 552.46 732.26 1672.38 719.50 1896.76 737.40 1715.18 896.03 1702.17 976.72 1893.83 988.66
00051891 00000394 1598.11 447.54 552.05 737.04 1678.03 727.91 1908.35 741.73 1726.96 900.52 1705.95 982.22 1903.07 991.27
CROP_BBOX: 1156 0 2830 1721
