Video ID: 	TwqTbfSFiM8
H: 	1080
W: 	1920
FPS: 	25.0

FRAME INDEX X0 Y0 W H [Landmarks (5 Points)]

00002921 00000000 871.76 212.82 355.73 524.69 885.63 502.32 1012.18 400.17 927.30 529.93 967.99 663.93 1085.98 577.35
00002922 00000001 866.27 211.03 354.78 526.90 879.09 500.93 1005.14 400.50 918.80 530.06 961.09 664.09 1079.57 579.07
00002923 00000002 865.20 215.88 349.13 525.81 876.09 499.81 1000.46 402.04 914.35 530.35 957.06 663.48 1075.13 580.49
00002924 00000003 858.69 213.48 348.82 533.34 872.65 498.44 996.73 405.85 910.67 533.95 951.88 665.04 1070.92 586.04
00002925 00000004 854.69 211.17 346.73 536.27 869.02 498.96 991.79 406.22 907.46 535.31 949.02 665.00 1066.64 586.28
00002926 00000005 851.04 214.45 346.69 540.71 855.03 492.07 987.30 403.28 897.48 533.33 944.96 669.98 1064.40 598.46
00002927 00000006 847.57 208.99 358.21 551.98 868.16 498.14 991.61 407.86 908.09 536.56 949.74 673.43 1064.60 596.03
00002928 00000007 848.38 206.25 351.01 553.37 856.02 490.06 989.78 400.52 898.97 531.81 951.78 672.51 1066.93 599.79
00002929 00000008 846.10 206.97 353.80 549.93 853.89 491.66 991.10 401.09 898.25 532.88 947.90 673.53 1065.87 600.19
00002930 00000009 846.80 209.39 353.77 548.36 852.07 496.65 993.32 400.88 901.35 535.34 945.67 675.74 1071.37 598.39
00002931 00000010 847.51 200.11 359.82 559.59 866.05 499.54 998.45 407.44 909.42 534.10 946.49 671.26 1068.64 593.44
00002932 00000011 854.33 196.19 359.47 558.44 869.30 493.30 1000.99 401.55 910.74 529.12 951.02 664.50 1073.68 586.58
00002933 00000012 859.18 197.38 356.00 544.62 874.57 491.97 1007.73 398.98 916.54 525.69 960.06 659.91 1080.45 581.11
00002934 00000013 861.87 198.87 364.01 549.95 889.51 473.40 1021.82 394.65 921.29 517.59 967.76 643.97 1078.99 577.49
00002935 00000014 868.21 195.82 368.99 550.93 895.58 457.87 1034.38 385.90 926.18 512.45 970.61 638.18 1090.91 577.02
00002936 00000015 875.96 194.14 367.91 553.14 905.84 451.43 1043.98 384.69 934.47 508.45 975.11 632.94 1098.62 575.87
00002937 00000016 884.08 200.92 363.85 542.45 915.37 446.48 1060.52 381.50 952.80 500.21 979.46 627.03 1109.82 572.05
00002938 00000017 891.80 196.38 368.55 545.36 928.38 434.82 1077.25 374.39 972.80 489.96 987.14 617.25 1124.23 566.11
00002939 00000018 899.93 191.67 368.91 549.23 937.46 434.97 1086.46 372.63 985.04 490.12 999.11 615.59 1137.40 562.47
00002940 00000019 915.24 182.51 366.11 556.61 943.76 435.89 1100.39 367.49 996.53 485.90 1012.89 621.80 1161.78 563.20
00002941 00000020 927.50 183.84 369.05 559.16 954.26 427.49 1108.16 363.57 1002.91 485.56 1016.40 616.86 1171.13 561.27
00002942 00000021 934.68 180.21 363.82 558.35 963.16 417.84 1118.68 362.18 1010.43 480.68 1015.96 610.03 1173.60 561.65
00002943 00000022 939.80 180.73 365.07 558.93 971.07 411.88 1126.65 360.64 1016.49 473.09 1018.01 603.96 1176.44 558.95
00002944 00000023 942.77 184.61 362.77 550.14 974.11 410.33 1132.26 359.56 1023.82 471.23 1018.61 602.12 1180.32 558.23
00002945 00000024 934.59 185.34 365.79 547.70 978.98 406.02 1137.73 366.57 1020.95 469.62 1020.51 591.22 1175.20 556.95
00002946 00000025 937.92 183.24 366.28 551.29 980.83 406.02 1140.77 367.82 1023.68 470.23 1022.26 592.25 1177.23 559.38
00002947 00000026 938.11 182.10 368.43 553.94 982.25 405.04 1142.70 370.15 1024.67 471.74 1023.28 593.21 1177.26 563.34
00002948 00000027 938.12 183.94 367.26 550.61 982.88 406.19 1146.10 373.86 1026.73 472.98 1020.70 594.38 1176.16 567.13
00002949 00000028 937.51 183.89 366.49 554.35 981.65 407.05 1147.53 376.36 1028.02 473.05 1017.85 601.54 1170.36 576.23
00002950 00000029 938.64 176.33 367.97 574.95 982.80 404.83 1144.37 379.19 1026.70 477.09 1017.90 604.98 1165.68 583.71
00002951 00000030 934.70 182.81 369.28 560.93 981.94 404.25 1144.38 383.51 1025.96 478.59 1011.40 600.66 1158.73 583.91
00002952 00000031 934.54 184.49 366.30 553.87 978.14 404.84 1134.42 376.53 1017.73 479.97 1011.25 611.25 1145.84 587.03
00002953 DELETE   930.75 169.61 358.30 561.05 962.27 401.46 1120.00 378.61 987.89 474.15 984.10 605.31 1117.32 587.54
00002954 00000033 926.17 166.13 354.89 554.31 949.19 395.99 1098.82 384.58 954.42 471.08 954.36 588.86 1084.92 583.01
00002955 00000034 921.42 163.02 338.34 559.54 946.07 386.03 1082.27 381.12 940.56 459.60 946.16 586.10 1058.56 585.35
00002956 00000035 917.67 169.41 336.23 565.80 943.57 382.82 1065.44 373.84 922.55 456.18 948.94 592.53 1061.60 586.90
00002957 DELETE   917.19 173.44 322.13 575.79 962.96 379.39 1056.66 375.97 918.08 462.18 970.04 599.57 1053.55 595.11
00002958 DELETE   909.41 181.28 336.31 565.08 959.40 399.66 1054.40 394.04 925.69 476.61 963.63 605.91 1045.31 600.99
00002959 00000038 908.70 202.07 346.56 547.53 957.97 415.70 1051.99 412.47 919.64 495.68 959.83 613.46 1040.84 610.35
00002960 DELETE   916.13 209.79 344.91 548.72 948.91 430.80 1052.72 434.50 926.12 518.59 962.85 628.33 1044.61 629.50
00002961 DELETE   916.96 215.42 347.40 550.71 947.48 440.84 1051.87 445.98 925.57 531.03 963.01 635.02 1048.55 637.09
00002962 00000041 918.95 214.24 350.02 548.56 945.93 445.77 1051.26 449.69 926.32 539.19 963.98 638.23 1051.51 639.51
00002963 00000042 918.55 213.45 355.28 556.76 929.76 452.02 1058.96 440.89 920.74 543.07 961.95 648.08 1069.14 642.06
00002964 00000043 918.11 214.66 356.64 556.02 929.68 452.55 1057.46 435.96 919.95 543.09 968.75 650.16 1072.78 639.58
00002965 00000044 919.17 211.93 354.82 557.09 927.21 453.08 1056.73 431.20 918.77 537.30 967.85 648.02 1077.70 632.99
00002966 00000045 919.78 209.20 344.52 550.48 947.23 443.17 1061.54 432.42 928.26 526.64 978.65 632.77 1078.78 619.83
00002967 00000046 909.32 220.02 355.44 528.56 934.23 438.25 1056.32 430.66 921.26 529.78 959.79 627.62 1062.76 620.90
00002968 00000047 908.23 223.52 354.45 520.13 930.81 437.67 1054.93 431.70 918.52 530.29 956.03 625.92 1059.22 620.47
00002969 00000048 904.20 221.28 357.67 520.25 928.66 436.10 1052.15 428.01 915.42 527.64 953.97 625.06 1056.94 617.75
00002970 00000049 903.00 221.26 358.84 526.12 926.34 434.56 1054.58 429.32 915.69 529.80 949.44 628.57 1055.91 623.89
00002971 00000050 909.40 218.12 352.38 540.37 918.58 440.33 1059.70 430.53 927.51 535.91 954.75 635.63 1076.13 630.87
00002972 00000051 910.96 221.69 353.26 535.76 920.21 437.20 1064.90 429.41 931.94 536.70 951.84 640.65 1070.15 637.38
00002973 00000052 908.90 216.00 356.65 539.55 922.01 434.89 1072.24 426.31 936.22 533.95 949.16 645.36 1061.56 641.57
00002974 00000053 915.59 222.56 349.68 525.72 935.67 432.48 1075.19 432.75 949.81 534.00 960.73 642.53 1055.78 641.26
00002975 DELETE   921.44 212.81 351.98 538.49 937.30 443.89 1078.18 440.23 950.26 530.10 961.96 642.42 1063.37 638.03
00002976 DELETE   926.82 205.17 352.48 548.30 937.81 445.55 1091.36 436.99 957.83 532.38 963.96 641.50 1085.58 633.63
00002977 DELETE   927.36 204.27 355.45 550.56 945.29 441.52 1091.97 437.39 955.90 530.97 968.74 638.98 1092.89 634.00
00002978 00000057 925.43 206.21 358.71 548.08 945.69 431.34 1092.50 428.98 956.18 530.68 968.23 634.35 1092.41 630.57
00002979 00000058 926.06 215.25 353.80 536.28 947.61 427.07 1094.31 428.36 957.43 530.21 967.77 630.64 1091.73 629.69
00002980 00000059 926.92 207.59 354.88 544.30 949.16 427.20 1094.29 429.48 956.73 530.11 967.08 629.15 1092.39 629.26
00002981 00000060 927.35 209.59 355.31 543.06 948.76 429.19 1094.95 431.60 956.44 532.31 967.79 629.50 1094.38 629.51
00002982 00000061 926.71 214.77 355.29 537.74 948.67 430.12 1094.76 431.42 956.75 533.61 968.90 630.27 1096.00 629.25
00002983 00000062 926.21 213.75 355.16 539.24 948.38 431.34 1095.97 432.45 957.52 533.56 968.08 630.12 1096.85 628.94
00002984 00000063 928.56 211.08 352.74 543.14 949.75 432.66 1096.96 431.32 957.54 533.98 971.07 633.48 1099.38 630.33
00002985 00000064 925.79 203.59 362.89 561.25 953.27 427.38 1100.95 425.90 960.79 528.21 979.11 635.71 1101.07 632.95
00002986 00000065 930.56 207.39 356.54 561.62 947.49 429.62 1096.62 427.77 961.62 526.59 966.14 646.15 1078.75 644.14
00002987 00000066 925.47 193.16 356.32 578.06 942.44 427.69 1092.15 427.98 957.67 525.48 960.12 647.82 1066.64 647.43
00002988 00000067 924.38 196.70 350.98 573.17 943.41 425.26 1085.72 426.33 954.62 523.09 960.40 644.10 1060.16 644.50
00002989 00000068 924.99 193.06 344.54 571.24 944.34 426.93 1077.08 427.07 949.75 520.40 962.29 638.46 1059.73 637.97
00002990 00000069 913.67 201.48 363.43 568.47 931.73 432.94 1071.55 420.01 929.48 522.73 960.68 643.50 1075.55 635.64
00002991 00000070 914.50 207.05 360.76 558.69 926.82 433.01 1068.46 422.09 926.22 525.94 955.07 641.20 1072.72 635.29
00002992 00000071 913.53 204.69 361.44 558.70 923.90 434.71 1068.26 424.14 926.96 529.60 952.73 640.57 1072.86 634.77
00002993 00000072 913.24 209.92 363.32 557.52 922.53 437.33 1067.02 424.37 924.22 532.67 954.19 645.07 1073.81 637.65
00002994 00000073 912.98 208.54 363.28 561.26 923.83 439.48 1065.78 425.46 924.43 533.89 955.87 647.85 1072.17 639.66
00002995 00000074 913.40 205.97 359.78 567.31 927.09 434.84 1070.20 425.70 929.73 529.07 951.06 650.61 1060.43 646.59
00002996 00000075 912.72 205.34 354.47 567.27 926.25 435.51 1067.48 426.83 929.46 524.01 944.90 650.32 1049.79 646.90
00002997 00000076 901.81 198.57 364.79 571.04 940.25 433.63 1053.07 421.12 919.14 514.04 942.19 642.33 1026.14 633.85
00002998 00000077 904.42 204.53 357.11 551.54 935.96 436.24 1059.82 428.46 929.98 515.13 942.90 641.61 1028.11 634.89
00002999 00000078 904.12 205.60 354.94 551.63 932.04 434.75 1060.10 431.81 928.13 520.43 938.21 643.30 1024.91 640.63
00003000 00000079 908.43 215.63 350.54 540.83 932.14 438.24 1058.88 437.36 933.99 529.04 944.56 647.70 1028.29 646.13
00003001 00000080 909.52 220.79 352.41 544.14 930.36 441.58 1059.11 440.63 935.04 537.01 948.59 653.92 1033.93 651.77
00003002 00000081 910.33 220.08 353.57 551.03 932.18 451.42 1056.46 444.66 935.24 542.35 954.16 659.88 1038.06 652.92
00003003 00000082 908.10 210.77 356.98 566.18 915.08 457.35 1056.39 439.17 923.77 547.62 947.74 667.23 1050.38 655.47
00003004 00000083 909.65 208.02 356.52 569.48 912.18 464.54 1054.59 438.69 921.35 554.44 955.02 671.32 1066.25 653.03
00003005 00000084 909.76 208.01 355.80 570.81 910.04 466.79 1054.28 439.94 920.01 557.01 954.66 671.61 1070.94 652.39
00003006 00000085 909.11 213.95 357.94 563.22 911.46 469.91 1053.02 440.39 919.32 557.65 959.95 669.98 1076.21 648.22
00003007 00000086 907.57 213.11 359.87 559.97 910.35 466.60 1051.03 439.13 916.69 557.71 961.07 667.14 1075.87 646.87
00003008 00000087 907.87 216.74 359.06 553.37 912.06 465.73 1051.42 437.95 918.64 555.73 963.47 664.24 1077.61 643.64
00003009 00000088 909.58 213.01 360.05 547.37 928.43 460.89 1053.84 443.71 932.37 551.88 970.56 651.47 1077.80 634.25
00003010 00000089 903.41 224.27 361.52 541.33 923.11 453.40 1053.77 437.99 922.26 544.47 959.80 641.78 1072.27 628.76
00003011 00000090 896.20 221.19 367.65 548.65 917.05 449.98 1049.76 428.49 914.84 537.31 953.41 644.16 1069.48 625.54
00003012 00000091 895.81 223.17 367.26 555.01 915.30 453.53 1049.61 432.57 914.65 540.69 951.92 646.75 1073.37 628.46
00003013 00000092 892.31 232.07 370.55 553.03 912.40 453.95 1051.54 432.79 914.90 544.34 949.75 651.35 1076.71 632.74
00003014 00000093 886.28 231.13 374.83 558.84 906.76 458.27 1047.62 435.02 909.43 546.29 942.55 653.16 1073.96 632.83
00003015 00000094 872.87 232.95 381.27 563.81 897.94 459.67 1042.37 436.70 906.52 550.42 935.41 655.69 1072.97 635.46
00003016 00000095 862.88 231.46 384.60 581.61 890.37 465.51 1032.64 440.24 897.11 556.39 932.41 666.31 1069.01 644.10
00003017 00000096 854.35 227.77 387.37 599.86 878.66 468.23 1025.03 446.40 883.19 567.59 924.46 672.50 1068.09 652.47
00003018 00000097 842.44 225.72 392.13 602.19 866.79 477.00 1007.34 450.99 864.85 575.02 914.93 684.28 1053.42 659.05
00003019 00000098 838.41 222.71 391.20 618.00 865.87 479.58 1003.72 458.43 859.44 578.21 911.58 688.07 1046.10 666.38
00003020 00000099 835.48 244.82 380.41 599.95 859.55 491.93 988.01 468.17 847.34 590.70 911.96 696.52 1035.36 672.67
00003021 00000100 824.37 257.50 381.53 598.25 850.98 504.66 976.67 475.63 843.82 600.89 908.48 707.62 1031.93 678.67
00003022 00000101 820.38 265.06 383.13 596.85 844.19 512.52 975.30 482.18 843.15 611.33 904.03 715.58 1033.27 686.31
00003023 00000102 818.81 267.99 384.90 597.31 841.61 517.53 975.51 484.73 843.28 615.84 902.62 721.17 1034.21 690.24
00003024 00000103 823.25 270.20 378.90 595.64 844.22 517.28 979.22 486.83 848.61 615.89 903.49 719.76 1036.00 690.93
00003025 00000104 829.85 271.99 371.73 595.26 849.03 522.32 986.06 491.48 856.79 617.26 904.52 721.36 1038.83 692.37
00003026 00000105 836.97 266.39 373.47 601.47 863.03 511.30 994.51 487.44 861.02 612.86 921.78 714.94 1044.77 690.92
00003027 DELETE   843.92 256.55 374.55 606.44 871.33 510.88 1002.97 484.22 871.15 604.73 926.23 713.24 1048.64 687.34
00003028 00000107 851.28 254.66 378.22 598.17 879.07 504.97 1014.56 480.21 880.48 601.35 931.85 708.71 1059.81 684.86
00003029 00000108 859.28 254.87 373.98 587.76 886.57 497.01 1021.24 476.27 890.49 594.67 936.68 698.98 1065.49 678.66
00003030 00000109 865.97 248.96 371.79 588.65 895.49 489.28 1022.69 474.27 894.95 590.32 945.35 693.43 1066.38 677.92
00003031 00000110 872.18 254.47 369.32 582.02 905.34 485.05 1022.30 473.20 894.38 585.83 947.14 692.45 1056.96 679.98
00003032 00000111 876.60 254.05 366.04 585.35 911.66 487.45 1018.96 471.33 892.07 586.63 953.67 699.92 1051.63 683.95
00003033 00000112 875.00 252.51 372.97 585.66 913.52 485.26 1018.64 469.87 892.27 585.23 951.94 700.74 1046.58 685.37
00003034 00000113 873.99 244.38 374.42 583.96 910.10 485.15 1021.66 469.23 892.67 582.84 946.12 696.62 1045.59 681.24
00003035 00000114 872.80 242.11 378.93 583.03 910.61 486.45 1024.90 466.34 897.27 578.60 942.91 695.37 1044.39 676.64
00003036 DELETE   872.43 237.81 383.07 579.23 906.91 481.80 1028.56 462.19 900.23 575.58 937.95 690.65 1045.76 672.49
00003037 00000116 871.06 236.12 383.00 573.83 903.28 478.06 1031.08 456.07 904.14 570.59 937.96 685.00 1052.72 665.01
00003038 00000117 870.53 231.28 379.28 572.65 900.98 476.15 1031.71 453.77 906.56 571.86 938.84 681.77 1056.44 661.32
00003039 00000118 870.59 226.93 380.01 579.35 901.15 470.10 1030.97 448.77 903.40 566.45 935.87 677.84 1054.57 658.32
00003040 00000119 873.05 212.99 383.54 598.12 900.80 469.06 1027.37 444.79 901.47 558.92 937.50 679.24 1043.43 658.67
00003041 00000120 866.90 200.63 390.67 609.67 896.90 463.22 1024.42 436.93 898.93 550.83 933.81 674.66 1040.66 652.68
00003042 00000121 860.69 198.33 390.74 599.75 888.14 458.90 1020.45 435.89 893.73 545.75 920.41 669.66 1025.27 650.56
00003043 00000122 858.18 190.82 391.32 606.26 883.99 461.67 1015.76 436.17 890.42 547.02 919.40 670.22 1022.46 648.89
00003044 00000123 855.93 189.88 392.87 604.88 882.60 460.55 1012.40 434.41 887.89 546.27 918.52 669.12 1020.00 647.04
00003045 00000124 855.39 186.41 395.94 610.78 883.15 459.28 1011.99 432.39 887.01 545.32 919.38 670.44 1021.05 647.84
00003046 00000125 854.51 183.07 404.31 615.27 883.56 463.40 1015.14 430.47 890.52 544.08 923.54 671.99 1028.21 644.56
CROP_BBOX: 567 0 1671 1080
