Video ID: 	d-zgr31q5F4
H: 	1080
W: 	1920
FPS: 	29.97002997002997

FRAME INDEX X0 Y0 W H [Landmarks (5 Points)]

00004022 00000000 472.03 194.66 485.08 707.56 590.04 489.74 803.53 483.90 694.63 654.65 625.70 726.52 810.50 721.06
00004023 00000001 477.16 194.45 488.54 708.21 589.40 489.42 805.56 482.48 692.02 657.54 625.88 722.87 810.85 716.97
00004024 00000002 480.68 200.57 488.82 699.83 591.19 487.59 809.13 483.62 692.56 658.85 627.24 723.36 809.62 720.24
00004025 00000003 481.91 204.30 491.23 695.26 595.74 486.24 814.32 484.05 698.11 659.40 632.50 725.09 811.66 723.58
00004026 00000004 488.17 189.67 490.30 715.76 604.05 488.65 823.71 484.97 707.32 662.86 640.15 728.46 820.39 725.68
00004027 00000005 500.18 182.98 484.73 724.38 615.61 490.52 833.46 486.76 718.91 662.19 648.72 729.80 831.36 726.63
00004028 00000006 508.39 181.69 483.56 727.25 629.29 492.53 845.32 485.89 736.19 659.83 664.37 736.38 844.47 730.63
00004029 00000007 514.85 192.02 484.41 719.65 641.29 493.37 857.61 489.90 750.60 666.88 674.29 738.75 854.00 735.66
00004030 00000008 515.16 201.22 489.94 710.65 645.57 490.26 865.16 489.24 758.64 668.65 676.93 737.55 859.57 736.70
00004031 00000009 522.43 203.26 486.72 703.64 649.98 487.36 868.92 486.42 761.78 660.08 679.21 731.92 862.75 731.40
00004032 00000010 529.55 197.75 482.46 703.52 655.42 477.90 872.22 480.28 765.20 649.97 680.49 722.05 863.89 724.05
00004033 00000011 533.94 194.76 480.33 701.96 661.58 470.06 877.32 473.12 772.80 636.91 684.72 715.62 866.41 718.21
00004034 00000012 539.81 183.15 477.91 711.14 667.23 464.32 883.67 468.81 780.01 630.59 684.80 708.66 872.14 712.53
00004035 00000013 544.62 174.26 478.35 713.59 674.58 459.45 892.15 464.99 788.04 625.30 689.22 702.56 877.30 707.55
00004036 00000014 553.69 166.16 470.90 722.71 681.77 462.56 901.69 460.69 793.59 626.20 689.69 704.46 883.07 704.08
00004037 00000015 557.33 162.21 470.65 723.60 688.74 460.02 909.27 458.51 802.21 623.46 694.18 699.48 890.60 699.24
00004038 00000016 557.59 167.69 468.75 717.12 691.71 459.40 911.37 457.84 806.17 622.22 693.68 696.18 893.04 695.97
00004039 00000017 553.58 167.80 468.52 717.60 689.07 461.10 908.06 459.27 803.41 625.72 691.74 696.98 890.61 696.55
00004040 00000018 549.58 162.45 465.77 725.68 681.08 464.88 898.08 462.80 793.98 627.05 685.38 700.70 882.62 699.92
00004041 00000019 527.66 184.51 483.54 704.16 669.04 463.96 888.05 461.78 786.67 623.96 680.96 704.21 876.14 702.64
00004042 00000020 523.57 190.92 480.61 702.37 660.85 467.60 872.93 466.04 779.53 628.12 681.01 708.84 870.98 707.15
00004043 00000021 517.47 183.65 480.38 710.20 655.97 471.09 865.92 466.46 775.59 627.17 679.42 710.87 867.80 706.47
00004044 00000022 512.40 183.14 483.28 713.70 655.98 472.22 864.66 465.97 777.62 626.52 682.14 713.34 868.76 707.50
00004045 00000023 510.90 194.09 482.71 701.20 652.41 473.89 864.74 463.77 774.14 624.81 679.24 713.42 865.94 704.91
00004046 00000024 515.05 199.01 477.72 701.98 650.93 475.92 866.29 466.67 775.56 631.62 679.55 715.73 864.58 706.05
00004047 00000025 517.79 192.88 481.49 702.68 660.54 478.90 870.13 468.99 784.96 634.71 687.31 716.70 877.33 707.95
00004048 00000026 522.54 192.30 479.16 701.34 664.05 480.84 874.74 471.10 788.65 638.44 689.68 715.91 879.70 707.39
00004049 00000027 528.21 195.19 474.77 696.51 668.19 480.60 880.35 471.54 792.74 639.64 692.79 714.70 883.14 706.94
00004050 00000028 530.03 194.65 477.40 693.86 671.29 478.26 885.05 471.00 795.58 638.63 695.91 712.53 885.19 706.32
00004051 00000029 532.44 192.23 478.23 694.61 674.67 476.11 888.82 469.81 799.38 638.12 700.55 712.29 887.58 707.06
00004052 00000030 529.15 200.66 477.81 687.09 675.46 476.24 890.38 464.77 802.19 635.97 700.55 713.90 889.00 704.09
00004053 00000031 530.25 187.02 482.35 699.51 672.37 470.84 887.30 466.55 796.48 632.78 696.49 708.54 884.80 704.74
00004054 00000032 521.43 187.63 484.91 701.41 663.39 475.09 878.88 465.84 784.86 629.66 687.90 712.88 874.30 705.37
00004055 00000033 513.87 179.83 484.62 704.95 650.36 480.25 861.55 473.31 765.81 628.23 674.78 711.19 855.84 705.80
00004056 00000034 513.66 164.39 476.14 720.26 637.18 478.22 847.69 476.08 741.51 629.60 660.14 712.30 842.35 710.42
00004057 DELETE   503.80 153.36 481.13 732.85 617.73 475.69 831.59 476.25 714.20 631.51 639.47 707.16 822.70 707.59
00004058 DELETE   490.59 161.64 486.91 720.61 602.87 468.12 818.25 470.52 695.88 623.80 628.15 702.21 807.51 704.40
00004059 DELETE   483.37 159.67 486.49 717.94 583.47 465.97 798.52 466.31 671.98 628.36 609.40 699.52 792.85 700.04
00004060 00000038 475.17 157.68 489.52 718.47 567.49 466.27 779.19 462.14 651.36 619.94 597.40 701.79 777.63 698.69
00004061 00000039 469.46 154.74 483.25 719.43 560.50 463.80 771.05 466.38 638.03 619.90 596.73 697.44 766.20 698.06
00004062 00000040 461.15 162.52 485.65 713.55 543.85 463.17 755.97 463.85 618.40 619.91 582.01 699.40 754.60 699.11
00004063 00000041 457.05 177.74 484.37 701.99 535.28 465.56 743.14 465.57 606.93 624.22 576.60 701.49 746.23 700.78
00004064 00000042 450.89 179.95 487.80 699.80 527.53 466.81 735.15 465.87 599.37 629.85 574.50 704.25 743.88 702.56
00004065 00000043 445.62 178.28 486.91 700.39 519.85 464.91 724.95 466.98 589.10 631.86 565.52 700.98 735.47 701.92
00004066 00000044 439.04 171.62 486.17 706.20 512.60 465.67 712.92 462.60 579.83 628.55 560.95 702.82 728.07 699.56
00004067 00000045 435.61 169.02 486.10 709.68 507.79 465.30 704.18 461.15 572.07 626.04 558.95 705.36 721.96 701.30
00004068 00000046 429.05 168.27 488.70 711.93 501.37 467.45 697.30 461.23 565.63 628.13 552.17 706.38 718.49 700.59
00004069 00000047 425.62 169.50 489.48 711.34 498.10 468.86 692.37 460.46 561.29 628.38 549.24 706.88 714.97 699.41
00004070 00000048 422.80 168.71 490.22 713.08 495.95 468.41 688.66 459.02 558.62 625.88 547.22 707.51 710.97 699.29
00004071 00000049 416.31 171.81 492.98 710.70 492.78 467.89 685.71 457.13 557.18 622.81 544.61 706.34 709.20 696.89
00004072 00000050 416.27 169.17 490.89 712.18 491.27 465.72 683.60 454.31 555.45 620.06 543.47 704.89 706.49 694.95
00004073 00000051 414.29 166.02 492.30 713.91 491.15 463.72 683.29 451.33 555.74 616.06 543.41 704.41 705.29 693.68
00004074 00000052 411.45 167.85 493.42 709.60 490.33 462.65 684.48 449.14 557.38 613.58 544.04 703.30 706.82 691.59
00004075 00000053 411.77 166.79 493.59 711.32 491.18 462.28 686.31 447.85 559.26 611.51 544.96 703.89 707.83 691.36
00004076 00000054 409.54 164.68 495.54 712.72 492.58 462.75 688.58 446.76 563.56 609.61 546.71 704.35 709.68 690.53
00004077 00000055 411.42 167.20 493.69 711.36 492.06 464.94 688.32 447.34 564.02 612.48 548.13 706.15 712.40 690.82
00004078 00000056 406.27 163.20 497.83 716.92 489.83 465.13 686.94 448.66 562.71 614.07 545.01 707.09 709.98 692.76
00004079 00000057 400.40 165.99 502.42 715.96 484.82 463.54 682.46 450.16 555.66 617.92 538.98 707.81 701.87 696.30
00004080 00000058 397.11 164.67 504.27 719.88 481.48 463.94 678.01 451.21 550.24 617.71 534.41 710.47 696.03 699.73
00004081 00000059 395.44 164.19 502.71 722.63 481.68 462.34 678.95 455.54 549.56 617.58 537.97 706.58 693.17 698.78
00004082 00000060 394.76 168.46 503.16 719.60 481.16 462.86 678.32 455.79 548.87 618.05 538.08 707.39 693.70 699.35
00004083 00000061 393.92 169.27 503.58 718.08 481.02 464.14 679.24 456.71 549.95 620.64 538.59 707.98 694.61 699.64
00004084 00000062 392.35 170.02 504.77 717.54 480.57 465.28 678.82 457.69 549.29 622.58 539.64 708.21 695.27 699.67
00004085 00000063 388.77 173.72 509.11 714.94 478.68 466.50 676.53 458.33 547.61 622.68 538.15 709.07 693.69 699.99
00004086 00000064 389.03 178.42 504.11 710.30 474.65 468.87 672.51 459.05 543.12 624.37 534.97 709.85 692.16 699.39
00004087 00000065 388.69 173.74 503.09 715.79 471.06 470.68 669.44 457.86 537.90 624.40 532.87 713.09 691.14 700.22
00004088 00000066 386.40 172.05 503.87 718.71 467.63 470.93 667.37 458.32 535.36 627.08 530.95 714.99 690.42 702.32
00004089 00000067 384.58 175.14 504.29 715.30 465.32 470.89 665.59 458.79 534.01 628.31 529.55 714.58 689.44 702.30
00004090 00000068 385.87 173.52 503.97 716.48 468.07 470.44 666.96 457.03 536.37 623.69 531.48 714.10 689.91 700.80
00004091 00000069 386.38 172.01 503.60 717.59 470.58 469.74 668.19 455.50 539.28 621.23 533.33 712.84 691.41 698.76
00004092 00000070 387.12 175.13 503.39 714.87 470.69 469.00 667.60 455.67 538.23 621.98 532.72 712.11 691.19 698.71
00004093 00000071 385.02 169.47 504.42 716.71 467.40 469.52 666.59 456.91 534.45 623.37 529.14 711.80 689.35 699.20
00004094 00000072 381.47 173.36 505.91 708.03 461.47 469.42 664.28 461.28 529.78 631.23 524.10 710.73 684.60 701.95
00004095 00000073 380.81 176.23 502.32 702.48 455.43 469.55 659.65 465.91 521.51 636.47 515.13 711.32 678.84 706.35
00004096 00000074 377.92 176.63 503.49 702.30 452.50 469.97 657.59 465.30 520.05 635.43 511.97 712.02 676.66 706.32
00004097 00000075 379.44 181.44 503.86 698.61 454.53 469.54 658.04 465.36 521.09 636.66 516.29 712.48 677.58 707.18
00004098 00000076 381.38 179.65 505.42 701.57 458.76 469.45 663.50 464.07 526.22 636.26 522.56 714.72 682.59 708.44
00004099 00000077 380.97 171.59 508.87 708.51 460.86 471.61 670.25 463.52 532.92 633.12 522.86 715.80 685.03 707.51
00004100 00000078 383.89 175.59 508.34 700.64 463.45 471.39 675.20 463.06 537.35 631.15 523.03 713.89 687.15 705.41
00004101 00000079 385.37 177.09 507.01 699.78 466.95 471.47 677.16 464.48 540.59 632.57 523.44 711.17 688.74 703.76
00004102 00000080 387.23 179.29 504.95 699.50 470.72 472.54 679.41 463.89 545.76 632.85 527.74 712.33 690.91 703.70
00004103 00000081 387.91 176.57 505.40 701.92 472.71 472.81 684.07 463.79 550.08 633.03 529.38 712.96 692.30 704.07
00004104 00000082 391.03 176.88 501.76 701.01 473.54 472.50 685.32 464.92 551.58 634.46 528.82 711.79 693.99 703.94
00004105 00000083 389.16 176.81 503.32 700.73 472.03 473.28 685.25 466.29 551.01 636.24 527.43 711.93 693.04 704.56
00004106 00000084 390.30 176.13 500.13 702.59 470.90 476.35 680.74 467.53 548.03 636.79 527.16 714.82 691.06 705.96
00004107 00000085 387.69 177.01 500.80 702.29 467.21 478.61 675.89 470.03 542.21 639.55 524.32 716.91 687.85 708.36
00004108 00000086 386.06 181.84 502.82 695.83 464.56 479.18 674.10 471.83 538.64 641.99 522.35 717.31 683.91 709.90
00004109 00000087 385.08 182.74 502.55 694.42 463.18 479.48 674.08 471.77 538.54 642.08 521.60 717.66 682.87 710.08
00004110 00000088 389.34 184.75 498.37 692.99 464.91 480.19 673.20 471.14 539.21 640.30 522.42 717.68 683.57 708.89
00004111 00000089 389.69 179.55 499.22 699.95 470.09 480.89 677.18 470.31 546.50 639.68 528.01 718.44 689.11 708.23
00004112 00000090 389.20 175.01 501.11 704.37 473.16 480.88 681.29 469.31 552.20 639.28 532.32 719.06 691.87 708.06
00004113 00000091 388.65 176.48 501.91 703.58 472.78 481.69 682.20 469.61 552.78 640.55 533.29 720.19 692.12 708.75
00004114 00000092 386.81 176.61 502.95 703.76 470.13 482.60 679.48 473.33 548.34 645.66 530.38 720.92 690.06 711.80
00004115 00000093 386.48 182.14 501.82 700.01 463.91 484.74 673.59 476.92 538.71 648.85 523.82 723.42 683.45 715.57
00004116 00000094 380.80 198.17 502.69 684.70 456.24 486.27 664.59 482.75 529.05 658.21 519.99 725.68 677.50 721.52
00004117 00000095 379.26 195.10 501.68 691.15 455.77 489.52 659.33 487.60 524.52 660.93 519.41 727.28 675.16 724.27
00004118 00000096 377.87 202.19 501.66 685.05 452.19 489.90 655.74 489.72 521.05 666.14 518.83 727.79 675.09 725.95
00004119 00000097 375.55 192.91 502.43 695.17 451.62 492.69 655.11 492.07 521.21 668.36 517.76 730.26 673.97 728.14
00004120 00000098 373.23 204.41 506.11 685.43 449.24 492.68 653.56 494.24 519.61 672.22 515.21 731.10 672.53 730.76
00004121 00000099 370.69 194.66 505.46 697.23 446.13 495.40 648.96 497.46 514.74 675.91 512.07 734.35 668.08 734.44
00004122 00000100 365.36 193.73 504.70 699.09 440.88 496.40 639.48 498.14 508.47 675.73 509.10 735.51 662.50 735.49
00004123 00000101 356.04 202.34 508.11 690.10 434.12 496.33 631.72 499.98 501.39 677.73 504.58 733.35 657.09 735.09
00004124 00000102 354.83 213.02 503.40 677.48 430.27 496.32 624.83 498.92 495.45 674.06 498.05 732.60 648.65 733.85
00004125 00000103 351.79 197.17 505.40 691.71 425.84 494.62 623.41 495.62 491.68 668.91 490.26 730.23 646.10 730.21
00004126 00000104 354.69 198.13 504.89 687.62 428.06 490.71 627.09 491.94 494.69 666.29 492.37 727.70 646.74 728.00
00004127 00000105 356.33 209.64 510.77 673.91 432.53 488.27 632.37 490.16 500.81 665.06 500.21 725.77 650.67 726.55
00004128 00000106 360.61 202.40 510.08 682.40 437.73 487.22 636.56 486.41 506.45 664.00 508.29 728.03 658.29 726.04
00004129 00000107 362.54 189.67 511.99 698.47 440.86 485.75 641.23 482.27 510.83 659.53 513.23 729.23 663.40 724.70
00004130 00000108 365.15 187.01 510.20 703.97 441.36 484.53 641.38 479.70 510.36 657.07 512.84 729.41 665.58 723.60
00004131 00000109 368.14 193.12 507.27 697.16 442.55 484.13 642.91 480.77 510.74 658.14 512.94 728.20 665.58 723.66
00004132 00000110 368.82 195.93 509.26 693.15 443.88 485.15 644.87 482.44 512.79 660.11 514.80 728.80 667.42 724.80
00004133 00000111 371.59 200.03 506.95 689.19 446.67 486.36 648.93 484.83 516.95 663.75 517.29 728.44 671.70 725.39
00004134 00000112 375.51 199.50 503.84 689.60 451.91 489.91 655.17 487.72 522.69 664.02 519.97 728.30 676.34 724.83
00004135 00000113 374.51 194.43 504.53 696.70 452.92 494.05 656.47 489.82 525.30 668.64 522.19 731.75 680.71 726.51
00004136 00000114 374.61 196.38 506.31 694.76 450.59 495.75 655.66 492.21 523.36 675.00 521.79 734.38 680.21 729.79
00004137 00000115 374.20 203.44 504.80 687.98 451.27 496.61 655.02 494.36 523.47 677.28 522.49 735.21 677.19 731.92
00004138 00000116 375.18 199.31 499.84 693.42 449.78 498.69 652.11 495.88 521.64 679.36 519.22 737.43 674.57 733.72
00004139 00000117 371.31 206.74 504.52 686.77 448.73 500.16 650.22 498.02 521.02 680.94 518.37 739.75 671.06 736.66
00004140 00000118 369.66 209.53 504.44 685.01 447.25 500.34 649.30 497.87 520.47 681.24 517.25 740.32 670.11 736.98
00004141 00000119 370.04 209.96 504.05 686.05 446.58 500.36 647.37 497.77 518.72 680.82 517.63 741.11 669.32 737.60
00004142 00000120 371.38 202.40 502.55 694.73 447.76 499.15 646.24 496.02 518.01 677.69 520.37 738.85 670.19 734.71
00004143 00000121 372.64 191.38 503.14 706.98 450.22 495.62 647.43 491.83 518.99 672.48 522.56 736.07 675.19 731.09
00004144 00000122 377.86 192.30 499.33 702.85 454.98 492.16 652.03 487.63 522.39 663.23 523.03 729.61 677.70 724.01
00004145 00000123 381.95 192.19 499.51 694.52 457.02 487.48 660.37 479.57 528.92 656.57 523.42 723.88 682.56 715.86
00004146 00000124 384.56 186.49 500.96 696.90 463.07 484.72 669.01 474.07 537.52 648.63 526.09 720.00 685.97 709.74
00004147 00000125 387.69 179.72 497.92 699.40 465.65 480.90 672.96 469.30 541.53 642.00 526.67 716.07 688.48 705.06
00004148 00000126 393.43 182.13 493.72 694.24 468.79 477.01 676.03 466.65 543.74 636.23 527.28 711.99 689.49 701.77
00004149 00000127 391.54 180.82 497.90 694.93 472.38 471.54 681.74 463.92 549.14 632.99 531.07 709.83 690.92 701.98
00004150 00000128 392.56 183.80 498.71 696.91 475.37 470.22 683.41 463.72 551.23 630.79 531.75 709.44 692.73 702.55
00004151 00000129 394.77 182.17 497.60 704.53 478.10 471.89 683.49 463.78 554.42 630.41 535.13 710.88 695.33 702.33
00004152 00000130 399.66 181.05 496.98 708.80 480.21 475.08 683.54 461.64 555.55 632.44 530.79 721.02 698.03 709.99
00004153 00000131 399.84 181.13 496.99 710.68 480.09 478.75 685.94 463.86 557.71 635.86 532.03 724.04 701.04 711.65
00004154 00000132 402.50 176.85 493.94 715.77 482.57 480.15 687.13 465.60 559.67 637.18 534.24 724.52 702.56 712.30
00004155 00000133 407.39 174.95 491.12 714.56 487.07 480.87 691.44 466.14 565.01 638.59 539.18 723.77 706.68 711.37
CROP_BBOX: 137 0 1241 1069
