Video ID: 	mhk0Ui6dCag
H: 	1080
W: 	1920
FPS: 	25.0

FRAME INDEX X0 Y0 W H [Landmarks (5 Points)]

00016793 00000000 702.77 263.63 401.49 518.88 802.65 462.58 977.30 468.91 883.41 552.89 816.05 641.47 965.44 647.47
00016794 00000001 700.58 260.55 401.05 520.47 797.19 461.00 969.26 466.90 875.54 549.53 810.44 640.01 955.32 645.61
00016795 00000002 698.63 261.17 398.62 516.82 792.14 459.47 962.30 464.69 867.56 547.22 805.16 638.56 946.53 643.66
00016796 00000003 697.21 259.87 397.05 515.44 786.81 457.61 955.89 461.76 860.59 544.79 800.45 637.45 939.45 641.84
00016797 00000004 696.39 257.14 394.62 514.97 783.61 456.34 951.90 459.89 856.44 543.94 797.33 636.52 934.70 640.43
00016798 00000005 696.24 257.69 393.63 511.86 781.41 455.60 951.15 458.11 854.08 541.20 796.15 636.29 934.39 639.13
00016799 00000006 696.00 256.10 393.19 512.52 780.41 455.19 950.31 457.15 853.07 540.17 796.18 636.17 934.28 638.54
00016800 00000007 695.87 255.80 392.85 512.51 779.78 454.95 950.11 456.99 852.39 539.77 795.58 636.12 933.58 638.51
00016801 00000008 696.06 256.14 392.48 512.29 779.97 454.64 950.34 456.86 852.58 539.45 795.45 635.52 933.29 638.07
00016802 00000009 696.01 255.62 392.58 514.40 779.89 455.17 950.51 458.22 852.09 539.54 794.08 636.75 931.71 640.09
00016803 00000010 695.69 254.09 392.84 517.69 778.16 456.39 949.98 459.88 850.27 542.17 792.58 640.76 929.58 644.32
00016804 00000011 695.07 255.40 391.89 516.87 776.39 456.65 946.14 459.35 846.39 542.25 791.61 642.68 924.02 645.65
00016805 00000012 695.37 254.60 390.37 519.19 774.68 454.68 943.41 457.98 843.13 541.53 791.21 644.35 919.57 647.86
00016806 00000013 694.39 253.82 389.71 523.42 773.10 455.57 940.14 458.32 840.14 540.21 790.11 645.30 914.27 648.59
00016807 00000014 694.28 255.73 389.14 521.60 771.24 456.71 938.34 458.06 836.67 541.44 787.55 645.47 913.53 647.63
00016808 00000015 689.95 257.85 393.96 522.31 769.94 456.86 939.92 457.90 826.00 542.17 789.20 651.72 909.31 652.75
00016809 00000016 691.82 257.93 389.70 528.07 768.15 458.88 933.89 457.69 830.44 545.22 784.83 651.88 907.89 652.29
00016810 00000017 687.02 259.05 397.57 537.90 767.84 460.95 937.86 461.85 821.72 544.58 787.91 658.01 908.94 658.46
00016811 00000018 688.42 260.64 398.04 533.26 766.50 467.75 938.99 466.88 824.66 550.30 785.58 659.32 914.32 658.13
00016812 00000019 691.42 262.32 394.71 521.49 766.66 468.08 939.02 467.41 824.63 551.08 784.39 656.33 914.52 655.48
00016813 00000020 691.26 259.20 394.65 518.22 769.33 461.95 939.59 464.41 823.83 547.29 783.75 649.18 913.35 651.13
00016814 00000021 691.67 258.43 393.72 510.72 769.35 455.87 939.55 461.31 821.75 544.88 781.38 642.80 912.39 647.30
00016815 00000022 691.10 256.21 394.76 515.97 769.94 455.09 940.58 462.10 822.19 544.65 781.11 643.67 910.37 649.50
00016816 00000023 691.11 254.73 395.21 525.29 771.39 457.25 941.52 466.13 822.53 546.89 781.36 647.70 908.94 654.92
00016817 00000024 692.94 256.55 393.61 526.71 771.73 462.11 941.58 468.46 822.58 548.65 781.96 651.96 910.19 657.24
00016818 00000025 693.91 256.81 393.60 524.18 772.83 460.99 942.88 468.14 823.64 549.02 782.14 649.42 912.87 655.33
00016819 00000026 696.63 257.51 389.14 519.09 778.57 455.79 947.13 466.98 840.51 549.15 786.24 639.09 922.80 648.89
00016820 00000027 697.54 258.11 392.27 516.61 783.14 453.29 951.27 464.75 846.35 548.31 788.97 636.53 926.62 646.67
00016821 00000028 700.33 262.91 393.56 514.48 787.28 453.59 955.18 465.04 849.90 548.08 791.53 636.75 930.01 647.13
00016822 00000029 703.93 264.29 393.14 514.62 790.87 454.59 960.29 466.74 852.65 551.40 793.56 639.92 932.34 651.20
00016823 00000030 705.82 262.01 394.82 516.56 795.56 454.84 963.95 468.92 857.34 551.57 796.20 639.06 935.25 652.03
00016824 00000031 706.24 260.91 397.10 517.14 797.30 454.61 966.11 468.75 860.78 548.89 797.96 636.77 939.20 649.71
00016825 00000032 706.99 259.63 395.95 516.24 801.55 460.60 967.93 475.53 866.12 545.81 800.22 634.33 943.96 647.83
00016826 00000033 708.96 260.65 395.62 512.38 801.96 456.85 971.25 472.58 866.26 545.43 800.58 632.51 944.95 646.53
00016827 00000034 709.23 259.67 396.52 510.73 800.88 454.64 971.95 470.83 867.08 545.02 800.50 631.63 945.68 645.76
00016828 00000035 709.59 259.55 396.92 510.34 801.54 453.33 972.72 469.07 868.15 544.87 802.03 631.57 946.56 645.25
00016829 00000036 709.86 260.22 397.84 509.75 801.91 453.36 973.60 468.33 868.88 544.06 803.03 631.73 947.08 644.81
00016830 00000037 709.76 259.73 398.23 509.93 801.81 452.45 973.83 467.35 869.18 542.46 803.14 630.58 947.63 643.54
00016831 00000038 709.39 259.17 398.54 510.24 801.65 452.48 974.35 467.23 869.84 541.78 803.53 630.53 948.52 643.28
00016832 00000039 708.28 258.99 399.32 511.46 801.77 452.19 974.49 467.16 870.68 542.46 803.35 630.95 948.08 643.90
00016833 00000040 707.61 259.08 398.81 512.25 801.43 452.34 974.14 467.33 870.66 543.69 803.15 632.12 947.26 645.11
00016834 00000041 706.43 259.11 399.16 519.30 800.89 451.75 974.17 466.68 870.55 543.98 803.19 634.46 946.31 647.75
00016835 00000042 705.63 257.76 399.30 523.44 800.06 451.19 972.41 466.59 869.99 545.03 802.74 635.64 944.19 649.46
00016836 00000043 705.19 257.82 398.94 523.77 799.48 452.47 972.39 467.11 869.27 547.75 802.13 637.84 943.23 651.08
00016837 00000044 705.95 259.09 399.38 522.29 799.86 453.06 972.85 467.39 869.06 549.27 802.72 639.15 943.01 652.18
00016838 00000045 706.81 259.45 398.84 522.28 800.56 454.45 973.09 468.29 869.56 550.56 803.42 640.42 943.32 653.19
00016839 00000046 708.01 261.01 398.61 520.58 801.01 454.32 973.85 467.92 869.93 549.76 804.39 640.78 943.41 653.32
00016840 00000047 709.26 259.01 398.68 519.87 800.61 450.65 974.65 464.34 869.27 542.87 805.42 637.70 942.53 649.95
00016841 00000048 711.14 259.15 397.73 515.05 800.99 444.85 975.40 457.50 868.79 533.75 807.11 633.88 940.68 645.06
00016842 00000049 710.14 255.80 398.74 512.76 799.03 439.99 974.31 451.73 867.23 526.76 806.76 628.78 939.08 638.92
00016843 00000050 711.54 252.27 396.61 505.07 799.74 445.13 970.21 456.97 864.82 524.11 803.21 622.23 941.55 632.66
00016844 00000051 710.16 248.03 398.06 507.15 799.74 447.52 971.87 458.39 864.21 518.08 801.76 619.68 944.91 629.18
00016845 00000052 709.18 253.46 397.91 504.44 798.55 444.98 971.62 454.86 864.73 517.10 801.81 619.88 944.05 628.70
00016846 00000053 710.82 252.85 396.28 517.51 799.11 441.16 969.69 451.40 863.42 514.90 803.80 620.58 940.87 630.36
00016847 00000054 713.62 253.85 395.33 524.18 800.34 442.66 971.38 450.12 864.19 518.08 806.94 627.29 943.13 635.06
00016848 00000055 712.50 254.59 395.43 522.17 800.05 442.45 970.00 455.13 864.74 526.29 808.01 628.40 942.70 640.05
00016849 00000056 713.78 257.69 395.20 517.36 801.87 444.86 971.86 457.12 866.36 531.72 810.74 631.16 944.34 642.32
00016850 00000057 714.34 257.95 395.73 518.22 803.06 449.00 975.61 461.30 869.29 536.79 809.10 635.88 946.15 647.11
00016851 00000058 711.20 258.05 398.93 515.29 802.21 455.61 977.80 468.24 872.17 541.16 808.84 639.06 948.38 650.14
00016852 00000059 711.15 258.11 398.79 509.45 801.93 455.62 976.19 469.64 871.15 543.44 807.10 636.35 947.53 648.32
00016853 00000060 709.48 256.57 399.77 508.24 800.51 453.87 975.51 467.29 870.96 538.54 806.07 633.44 948.85 644.78
00016854 00000061 708.68 255.52 399.96 508.74 798.72 450.65 976.09 462.89 869.74 533.88 805.04 632.20 950.61 642.63
00016855 00000062 706.31 257.10 401.68 507.25 797.77 447.76 974.84 459.10 869.34 530.16 804.93 630.24 948.57 639.93
00016856 00000063 704.05 255.78 401.92 509.70 796.59 450.13 973.67 461.86 869.82 532.35 803.62 630.98 949.31 640.91
00016857 00000064 703.14 255.11 401.52 513.95 796.25 454.81 972.19 467.82 869.07 539.42 801.70 635.59 946.90 646.60
00016858 00000065 703.40 259.56 399.23 513.63 797.62 459.09 972.02 472.09 870.13 545.43 802.42 638.94 946.66 650.16
00016859 00000066 704.15 260.71 399.50 513.77 798.33 460.02 971.90 472.36 870.36 548.05 803.86 640.92 947.05 651.80
00016860 00000067 705.40 263.22 399.64 514.92 799.43 461.26 973.74 472.59 871.69 549.00 806.91 643.44 949.02 653.85
00016861 00000068 707.45 266.05 399.51 514.90 801.35 463.27 975.55 474.97 872.95 551.51 808.81 645.53 951.32 656.30
00016862 00000069 710.38 268.03 398.46 514.49 803.97 464.74 977.96 475.83 874.45 553.32 810.32 647.94 952.16 658.37
00016863 00000070 713.14 267.77 397.74 515.54 807.18 465.01 980.15 477.14 876.42 553.17 813.04 647.59 953.46 658.97
00016864 00000071 714.56 267.71 397.64 515.09 808.96 463.66 981.60 477.21 878.25 551.99 813.62 645.03 954.72 657.49
00016865 00000072 714.01 267.09 398.44 514.74 808.71 462.45 982.08 477.44 877.63 550.91 810.65 642.18 954.28 655.86
00016866 00000073 712.40 267.63 397.83 510.25 807.68 462.90 980.57 477.16 877.91 550.17 810.29 640.10 952.50 653.00
00016867 00000074 710.75 267.61 398.05 509.39 806.58 462.33 979.89 476.17 877.81 550.37 809.86 640.10 951.61 652.58
00016868 00000075 708.60 266.82 399.09 512.86 804.51 463.17 979.33 476.07 876.80 553.02 809.53 643.96 951.39 655.70
00016869 00000076 707.59 266.53 399.20 519.08 803.73 464.77 977.73 476.94 876.44 555.59 810.28 648.98 950.31 660.35
00016870 00000077 707.76 270.78 399.40 515.33 806.62 470.82 975.98 482.71 875.00 552.58 811.92 649.94 946.44 660.80
00016871 00000078 705.86 270.77 400.86 516.75 804.71 472.21 975.15 483.32 873.52 554.58 810.66 651.55 947.00 661.77
00016872 00000079 703.66 268.92 402.45 522.56 801.68 471.49 973.33 482.18 870.81 559.71 808.70 654.80 943.79 664.73
00016873 00000080 703.30 267.93 400.67 525.99 799.26 471.31 971.79 479.74 869.71 560.30 808.54 657.78 943.66 665.93
00016874 00000081 700.60 263.49 402.08 534.49 796.77 469.10 970.87 476.86 869.50 560.65 809.74 659.07 944.15 666.69
00016875 00000082 700.55 265.92 401.50 536.28 796.23 468.31 969.23 476.58 868.50 563.31 810.95 660.69 945.75 668.68
00016876 00000083 702.50 268.13 400.21 535.50 796.70 469.49 968.18 476.09 868.58 565.24 813.12 662.21 947.34 669.06
00016877 00000084 703.01 268.19 400.44 536.78 796.79 470.74 968.40 476.50 868.90 565.73 815.09 663.63 949.77 669.76
00016878 00000085 704.04 270.14 401.33 535.39 797.80 471.33 968.71 474.99 870.20 566.62 817.56 664.68 950.72 669.20
00016879 00000086 703.74 265.80 403.10 535.75 799.52 469.54 972.98 474.04 873.68 563.40 817.10 662.13 950.57 667.17
00016880 00000087 705.77 264.64 400.94 527.58 799.49 464.61 974.55 471.95 874.21 556.13 812.96 652.16 951.04 659.40
00016881 00000088 704.87 258.30 401.38 527.35 798.43 456.88 973.37 464.43 873.25 547.27 811.30 644.89 949.77 652.24
00016882 00000089 704.35 260.95 401.52 517.94 797.78 450.83 973.67 458.91 873.87 535.37 810.04 635.62 951.21 642.79
00016883 00000090 702.42 258.18 402.50 516.45 796.89 447.79 971.81 454.07 874.62 528.47 811.09 631.37 953.09 636.95
00016884 00000091 702.30 259.26 402.28 512.34 796.27 446.16 971.46 452.21 874.75 526.45 811.06 629.94 951.39 635.02
00016885 00000092 702.99 256.14 402.88 514.05 797.06 450.00 973.29 455.94 876.80 529.95 811.83 633.14 954.91 638.12
00016886 00000093 705.47 257.58 401.93 513.91 799.62 452.38 975.62 459.28 877.80 534.31 812.56 635.46 956.99 641.42
00016887 00000094 705.59 258.25 404.51 517.57 799.93 454.60 977.99 462.81 877.43 538.56 811.84 637.65 958.86 644.91
00016888 00000095 705.81 260.40 404.83 514.49 800.61 455.04 979.21 462.81 878.20 542.18 812.22 638.31 960.40 645.32
00016889 00000096 706.62 260.38 404.52 512.43 801.10 454.49 979.39 461.69 878.81 540.66 813.92 637.14 962.54 643.61
00016890 00000097 708.07 257.19 403.86 514.30 802.12 452.95 980.35 460.16 880.25 539.66 816.57 637.82 962.50 644.14
00016891 00000098 708.23 255.65 404.80 518.19 803.07 454.75 981.49 462.98 881.68 540.11 815.74 638.06 964.35 645.22
00016892 00000099 708.37 255.74 405.41 524.13 804.15 454.74 983.96 464.95 883.30 543.08 815.00 641.00 963.94 650.02
00016893 00000100 708.59 258.35 403.69 527.58 806.23 456.68 983.63 467.21 884.78 548.43 816.45 643.46 962.82 653.05
00016894 00000101 708.27 261.94 404.71 527.17 807.18 460.53 984.42 470.75 885.32 553.68 817.66 648.54 961.84 658.06
00016895 00000102 707.92 266.63 405.55 523.79 809.53 465.83 984.41 473.73 886.63 558.70 821.62 653.72 961.39 661.46
00016896 00000103 709.04 267.13 404.82 523.03 811.54 467.80 987.82 477.22 889.34 559.73 823.91 654.73 966.12 663.47
00016897 00000104 709.20 267.10 404.77 521.98 811.45 467.34 988.01 476.39 889.67 559.47 824.03 654.47 965.27 662.87
00016898 00000105 709.57 263.19 403.00 520.91 809.82 461.28 985.96 470.89 887.47 553.37 821.93 649.96 961.56 658.86
00016899 00000106 709.07 261.26 402.31 517.10 808.98 456.77 985.35 467.39 887.18 549.23 818.11 642.95 963.19 652.46
00016900 00000107 710.31 259.19 402.13 516.47 809.48 454.39 986.92 465.39 888.36 543.66 817.48 640.07 966.44 649.79
00016901 00000108 713.62 256.32 400.21 514.56 811.51 453.16 988.22 462.84 891.75 537.12 822.54 636.58 970.88 645.18
00016902 00000109 719.92 254.93 397.87 511.00 821.12 455.52 993.92 463.77 900.13 532.63 834.13 633.76 978.88 640.97
00016903 DELETE   724.33 255.41 396.94 508.49 825.25 457.10 996.91 464.06 903.38 531.33 836.08 630.36 983.45 636.25
00016904 DELETE   725.67 254.25 396.65 511.68 826.54 456.51 996.66 463.63 904.90 532.30 839.34 633.74 981.52 639.71
00016905 00000112 726.74 254.67 393.47 518.16 825.20 457.35 993.77 466.61 901.30 535.17 838.51 642.19 970.86 650.34
00016906 00000113 723.55 257.24 392.80 519.29 821.64 458.67 989.49 468.92 896.64 539.31 835.15 645.08 963.75 654.39
00016907 00000114 720.85 259.10 393.30 516.72 816.77 457.92 986.42 469.49 889.27 541.95 827.70 643.15 961.20 653.73
00016908 00000115 716.28 260.26 397.65 512.24 810.70 454.91 987.24 467.02 884.47 539.97 819.66 639.05 964.38 649.80
00016909 00000116 714.15 253.90 397.63 512.66 808.05 450.53 984.15 461.22 882.26 531.61 819.14 633.05 963.03 642.39
00016910 00000117 707.81 250.51 402.24 508.58 805.09 448.01 979.56 455.94 881.78 524.85 816.92 625.22 959.83 631.97
00016911 00000118 703.50 249.35 405.20 507.89 803.16 444.01 978.22 450.57 880.98 522.45 815.14 619.67 957.69 625.13
00016912 00000119 700.78 245.07 403.19 512.83 799.75 443.71 975.72 448.39 880.89 518.70 814.70 621.96 956.50 625.80
00016913 00000120 700.09 246.89 399.43 515.33 795.29 445.25 968.91 446.42 876.86 516.60 815.90 628.02 948.96 629.23
00016914 00000121 700.22 250.37 398.73 513.95 793.59 448.54 966.49 448.20 874.71 520.47 815.75 631.69 948.27 631.78
00016915 00000122 700.27 251.89 399.22 514.08 793.04 451.93 967.20 451.28 873.58 525.42 816.94 636.05 949.99 635.87
00016916 00000123 701.46 253.89 399.42 514.33 794.01 453.06 967.40 455.08 872.39 532.13 815.07 638.16 946.59 640.24
00016917 00000124 699.64 256.07 401.52 521.70 793.41 456.70 966.15 459.70 871.32 541.83 816.21 646.60 942.14 649.41
00016918 00000125 697.05 258.81 403.21 529.15 792.70 464.92 968.09 467.81 871.48 552.00 813.55 656.90 940.14 659.96
00016919 00000126 694.93 254.83 399.48 541.22 791.13 470.26 963.94 472.94 870.00 555.64 810.12 664.15 934.03 667.62
00016920 00000127 690.71 255.99 398.11 540.07 786.14 468.51 958.55 468.19 865.94 553.44 806.43 663.84 928.00 665.02
00016921 00000128 688.46 258.48 396.34 522.69 779.81 462.19 951.16 460.23 858.78 542.24 800.99 650.44 926.41 650.01
00016922 00000129 685.47 255.12 395.86 515.91 773.65 459.73 944.68 456.01 850.15 535.50 794.99 641.28 925.25 639.18
00016923 00000130 678.22 244.89 397.85 517.41 768.25 459.07 943.17 449.89 851.35 538.48 796.71 644.73 937.40 636.37
00016924 00000131 675.70 252.59 399.91 517.56 764.69 465.31 939.11 451.62 848.50 542.50 796.99 649.11 939.72 636.87
00016925 00000132 673.42 266.45 400.06 515.60 763.75 477.37 936.45 462.16 847.44 556.80 796.91 660.38 937.45 647.67
00016926 00000133 670.45 280.61 403.85 515.30 764.01 492.22 932.17 476.15 846.92 572.30 800.15 673.59 934.08 660.64
00016927 00000134 670.02 286.74 408.28 516.05 763.72 496.47 933.97 483.59 845.67 580.56 799.03 678.74 933.25 668.19
00016928 00000135 675.67 290.78 403.38 508.99 758.28 498.16 930.29 479.11 844.28 584.53 795.77 680.44 932.44 663.88
00016929 00000136 679.44 288.71 404.39 512.41 762.62 498.15 936.85 480.53 849.16 585.45 798.86 681.36 937.25 665.86
00016930 DELETE   678.87 281.22 411.78 521.14 775.24 494.71 951.70 480.65 855.59 578.69 813.12 679.31 948.60 667.66
00016931 00000138 684.75 282.50 410.41 516.59 785.69 495.12 960.34 483.28 868.58 575.18 822.04 675.76 959.00 666.03
00016932 00000139 688.35 281.79 412.68 516.98 791.72 492.31 967.54 483.38 875.64 574.06 826.61 674.33 965.61 666.88
00016933 00000140 690.63 280.64 412.95 517.13 794.01 489.57 969.84 480.86 878.06 571.94 827.92 672.68 966.55 665.65
00016934 00000141 692.15 276.92 410.32 518.61 793.15 485.65 970.18 477.08 877.04 567.06 825.91 669.16 965.36 662.61
00016935 00000142 693.09 272.00 409.81 521.30 791.53 481.88 971.13 474.68 875.15 562.11 822.52 665.73 964.19 660.34
00016936 00000143 694.54 267.70 407.77 521.60 790.78 478.38 970.38 473.10 873.87 558.32 820.55 661.36 963.69 657.42
00016937 00000144 697.91 266.59 404.17 517.89 792.38 473.52 970.43 470.37 874.33 554.38 817.85 655.37 960.10 653.29
00016938 00000145 698.42 264.61 404.25 517.32 793.26 470.43 970.17 468.69 873.88 552.79 815.57 652.25 956.47 651.36
00016939 00000146 699.06 263.32 404.08 519.27 793.58 469.07 970.99 467.82 874.24 551.62 815.75 651.80 956.65 651.33
00016940 00000147 698.89 263.38 404.37 522.90 793.66 469.51 971.66 468.70 874.54 552.76 816.48 654.25 956.52 654.19
00016941 00000148 699.15 263.91 404.91 528.14 795.30 470.69 972.67 470.46 875.92 555.70 819.21 659.35 956.11 659.91
00016942 00000149 700.33 262.65 403.67 531.66 796.94 470.45 972.63 470.59 877.00 556.31 821.07 659.67 954.85 660.66
00016943 DELETE   701.02 264.66 402.66 527.12 799.05 470.69 969.75 472.05 876.72 554.98 821.46 655.17 954.39 657.18
00016944 00000151 703.84 262.19 398.62 525.88 798.74 470.27 968.81 470.97 875.16 548.72 820.05 651.58 954.51 653.22
00016945 DELETE   704.27 262.29 397.92 520.97 797.14 462.71 968.21 464.66 872.02 542.90 815.87 645.09 950.53 647.94
00016946 00000153 703.96 260.00 398.77 518.57 796.07 457.89 968.80 461.90 870.33 536.54 812.32 638.25 951.30 642.49
00016947 00000154 703.80 256.68 397.12 517.54 794.60 453.55 967.85 458.78 869.36 534.03 810.09 634.38 950.91 639.43
00016948 00000155 701.26 255.11 398.57 515.43 790.94 450.49 965.15 455.02 866.33 527.73 807.30 631.23 947.85 635.51
00016949 00000156 699.85 253.55 399.07 512.22 789.18 447.75 962.99 451.63 864.93 524.16 806.09 626.66 945.43 630.16
00016950 00000157 699.14 252.60 398.78 513.36 788.13 446.96 962.38 449.61 864.97 523.52 806.93 627.21 946.48 629.70
00016951 00000158 699.05 253.21 399.70 519.41 788.59 447.55 963.50 449.41 865.98 524.05 808.89 630.74 948.83 632.82
00016952 00000159 701.96 254.57 398.68 521.96 790.32 446.17 967.15 447.62 868.17 523.98 812.07 633.55 951.32 635.41
00016953 00000160 703.94 255.94 398.23 518.21 792.45 444.76 968.82 445.48 870.07 523.40 813.73 632.57 952.12 633.81
00016954 00000161 704.67 251.63 398.50 508.14 792.83 445.88 969.37 446.38 870.34 525.16 811.81 629.85 954.86 630.23
00016955 00000162 704.04 249.94 399.35 501.53 792.32 445.66 968.05 447.04 868.70 524.56 808.05 624.71 952.57 625.64
00016956 00000163 703.02 249.21 399.48 502.06 791.52 444.86 967.31 445.92 868.16 523.45 807.58 624.12 951.62 624.80
00016957 00000164 702.47 250.27 399.81 504.03 791.16 444.99 967.45 447.07 867.98 524.31 808.03 626.35 950.89 627.85
00016958 00000165 701.45 250.53 399.72 506.37 790.78 444.85 967.11 447.28 868.13 525.02 808.50 628.00 950.55 629.77
00016959 00000166 700.47 252.00 399.52 511.18 791.18 443.65 966.87 447.11 869.05 523.89 808.24 628.02 948.35 630.95
00016960 00000167 700.69 252.05 399.28 510.54 791.04 443.60 967.18 446.43 869.13 524.56 808.92 628.84 948.85 631.20
00016961 00000168 700.44 253.30 399.12 508.45 791.34 443.80 967.49 446.41 869.95 526.00 809.51 629.83 949.76 631.82
00016962 00000169 701.35 252.77 399.15 506.72 790.98 444.95 967.58 447.19 869.08 527.40 810.22 630.99 950.86 632.57
00016963 00000170 700.83 251.99 399.04 507.43 790.84 446.80 966.68 449.74 868.86 529.95 809.38 631.37 951.44 633.49
00016964 00000171 700.44 254.39 397.83 506.06 790.65 449.76 966.02 452.91 868.96 532.93 808.11 632.66 950.72 635.06
00016965 00000172 699.29 255.68 397.72 508.76 789.99 451.38 965.36 454.99 868.07 535.36 806.18 634.38 949.76 637.40
00016966 00000173 697.82 256.75 398.90 515.45 790.45 450.65 964.76 455.42 868.41 535.66 806.88 636.73 946.30 641.08
00016967 00000174 697.69 258.35 399.94 512.66 789.00 453.60 963.13 457.33 867.31 538.06 806.53 638.62 945.03 642.14
00016968 00000175 697.66 261.61 398.68 507.70 788.19 456.61 962.44 460.37 865.72 543.86 803.97 639.25 944.22 642.66
00016969 00000176 697.47 258.74 397.28 511.98 788.36 461.29 960.10 465.78 864.21 551.24 802.27 643.39 942.54 647.49
00016970 00000177 695.32 262.39 395.83 510.86 790.42 475.41 959.32 478.44 864.12 553.38 801.56 645.99 941.24 649.02
00016971 00000178 692.69 264.20 396.48 514.87 786.14 475.09 956.79 477.83 859.56 553.60 799.58 648.14 937.81 650.95
00016972 00000179 688.16 258.38 401.37 525.90 779.27 479.30 952.69 478.98 851.99 560.26 796.55 660.64 927.92 659.28
00016973 00000180 686.30 261.12 401.79 529.92 778.51 485.38 948.65 484.64 846.61 562.00 797.73 668.06 919.11 666.26
00016974 00000181 685.59 268.55 400.27 528.84 775.36 490.08 946.58 489.36 843.08 570.41 796.32 674.34 918.96 672.41
00016975 00000182 685.57 273.05 399.48 531.89 771.43 493.95 944.91 494.71 839.56 582.72 792.69 680.68 921.76 679.71
00016976 00000183 684.83 267.79 400.78 544.04 770.97 497.93 944.30 500.41 839.58 589.08 793.74 685.96 921.45 686.45
00016977 00000184 686.30 274.28 400.54 541.91 769.14 502.92 942.88 507.16 838.79 597.71 792.38 691.32 922.80 693.17
00016978 DELETE   689.21 291.41 399.83 529.91 771.67 505.57 942.58 514.26 838.80 604.73 791.77 692.57 921.24 697.94
00016979 00000186 691.72 296.85 399.32 529.58 775.23 511.15 944.51 520.04 842.84 610.03 792.36 694.75 924.36 700.40
00016980 DELETE   693.18 300.06 400.37 529.24 777.59 512.12 947.16 521.84 845.29 612.87 792.59 694.48 927.52 700.60
00016981 DELETE   693.09 297.98 402.39 531.17 778.80 511.01 950.17 521.68 847.93 611.94 792.36 693.25 930.18 700.09
00016982 DELETE   694.38 294.51 402.79 531.24 780.38 511.51 952.58 520.72 852.91 611.22 795.21 691.25 934.52 697.08
CROP_BBOX: 484 15 1369 988
