Video ID: 	3r5zdeXOzc0
H: 	1080
W: 	1920
FPS: 	25.0

FRAME INDEX X0 Y0 W H [Landmarks (5 Points)]

00005992 00000000 656.59 237.29 473.69 652.93 739.39 507.35 951.91 455.92 855.04 612.52 815.45 741.68 999.83 698.34
00005993 DELETE   647.71 235.88 467.77 658.17 723.12 509.71 937.89 459.10 831.16 614.98 791.75 741.50 981.82 698.83
00005994 00000002 648.43 234.79 463.91 651.46 721.75 503.16 930.67 453.89 823.45 609.36 790.80 733.25 971.73 691.61
00005995 00000003 654.58 223.61 453.55 652.87 720.39 500.36 930.13 447.88 817.41 599.31 785.52 729.03 965.41 684.17
00005996 00000004 657.57 218.38 448.45 651.47 720.27 497.82 929.76 444.84 814.55 590.41 780.99 724.58 959.48 678.93
00005997 00000005 656.95 219.70 453.04 646.61 727.33 502.62 927.50 449.10 813.19 588.59 782.83 718.22 957.52 673.15
00005998 00000006 666.89 218.47 450.72 655.45 734.44 499.78 933.82 448.47 813.64 584.92 785.63 717.18 962.49 673.89
00005999 00000007 673.59 221.29 446.18 659.43 738.02 494.22 942.05 443.99 820.45 584.69 788.76 721.98 972.60 678.87
00006000 00000008 676.14 221.55 447.88 670.57 742.12 493.73 943.36 444.14 821.70 586.68 793.35 726.61 977.47 684.08
00006001 00000009 677.55 222.36 446.47 671.46 743.95 494.03 944.76 442.71 822.81 582.67 791.53 724.13 981.12 680.00
00006002 00000010 677.18 222.89 446.00 670.00 742.93 491.77 943.03 444.01 818.67 582.80 786.39 720.09 979.12 678.53
00006003 00000011 677.32 220.88 446.62 667.59 741.44 491.50 944.49 444.54 815.66 582.18 781.66 715.49 979.97 674.08
00006004 00000012 676.70 220.05 448.11 661.93 740.83 490.78 946.67 446.14 815.16 582.18 778.34 712.20 979.26 672.50
00006005 00000013 676.48 221.45 450.72 661.00 740.63 490.75 946.90 448.13 815.98 587.29 778.52 710.99 981.38 672.96
00006006 00000014 676.84 225.27 452.00 662.57 739.33 493.72 946.53 453.55 818.68 597.45 781.48 716.37 985.29 680.66
00006007 00000015 675.93 234.27 452.99 660.15 740.32 497.15 947.99 459.30 823.81 608.45 786.92 726.14 984.86 693.31
00006008 00000016 675.18 234.81 458.45 662.30 738.64 503.54 947.60 463.63 819.29 616.04 784.46 734.19 977.38 700.66
00006009 00000017 677.05 233.99 454.25 662.53 741.27 497.74 950.24 462.13 827.69 612.60 787.86 730.70 979.01 699.88
00006010 00000018 680.38 231.49 452.55 662.78 747.63 495.34 956.34 461.20 836.75 610.19 791.74 726.46 983.23 696.51
00006011 00000019 685.43 232.77 452.90 670.62 753.16 498.93 968.71 457.35 848.68 608.46 804.76 738.33 995.16 701.60
00006012 00000020 690.89 226.35 456.77 676.26 762.97 495.17 972.47 458.49 858.00 610.54 813.80 735.68 999.20 703.49
00006013 00000021 698.24 228.82 455.79 674.13 769.65 496.11 992.58 459.42 872.34 614.48 817.85 735.38 1013.85 702.77
00006014 00000022 704.17 228.18 455.90 676.40 777.73 492.20 993.48 462.80 876.67 611.06 821.90 733.94 1012.67 707.01
00006015 00000023 706.77 230.41 457.01 665.50 782.72 496.39 1009.75 468.13 887.13 619.11 823.97 735.71 1023.86 709.93
00006016 00000024 708.98 231.34 455.50 663.42 788.10 496.01 1014.57 469.38 893.19 622.27 831.18 738.50 1026.03 713.82
00006017 00000025 714.31 234.55 449.33 662.82 792.58 493.20 1011.10 469.12 893.48 617.70 835.97 737.17 1023.04 715.00
00006018 00000026 715.56 234.16 450.71 662.36 795.70 488.35 1016.11 464.34 899.63 612.15 836.78 733.50 1026.50 711.36
00006019 00000027 717.30 225.22 447.39 663.62 800.32 479.31 1020.72 457.85 904.22 605.29 839.61 724.64 1030.04 704.47
00006020 00000028 717.61 213.83 448.24 665.44 801.14 469.04 1023.85 449.47 904.70 595.61 837.68 711.03 1033.74 692.35
00006021 00000029 716.63 205.47 446.97 664.39 803.17 460.75 1030.46 442.46 911.00 582.10 838.45 702.50 1036.37 685.34
00006022 00000030 715.60 193.93 446.34 666.15 804.71 453.42 1034.26 434.68 916.07 567.60 837.72 691.58 1039.82 674.55
00006023 00000031 716.60 187.89 448.05 661.70 807.41 444.46 1039.52 427.85 919.40 558.06 835.83 681.47 1041.19 666.44
00006024 00000032 725.76 170.51 447.57 680.38 811.03 429.87 1033.86 415.14 918.89 547.91 837.05 671.14 1041.59 658.43
00006025 00000033 717.60 165.20 464.49 683.20 808.21 431.93 1033.49 411.64 911.14 537.95 831.08 663.77 1043.99 646.56
00006026 00000034 719.29 160.45 466.32 682.56 808.05 427.95 1034.85 406.16 911.22 531.99 830.65 658.53 1049.42 639.88
00006027 00000035 722.43 159.56 459.72 677.19 811.55 418.06 1038.28 400.77 920.98 532.23 836.00 652.57 1055.43 637.15
00006028 00000036 723.15 158.37 459.68 674.43 813.86 417.51 1040.72 400.41 923.24 527.56 836.50 649.73 1056.91 634.59
00006029 00000037 725.50 161.47 460.47 672.32 815.61 420.33 1041.80 401.77 923.75 527.49 839.74 652.36 1058.29 636.05
00006030 00000038 728.43 170.41 459.70 676.63 815.75 429.34 1041.46 405.92 922.62 530.76 842.09 663.49 1058.40 643.54
00006031 00000039 733.60 184.42 460.55 676.34 819.76 445.22 1049.12 416.00 925.11 541.36 848.26 678.99 1068.97 652.86
00006032 00000040 740.38 204.28 455.45 660.20 821.68 460.23 1053.92 428.86 928.69 557.55 852.79 695.03 1075.36 667.04
00006033 00000041 746.04 215.61 458.24 659.32 824.60 475.67 1056.22 444.73 928.35 572.70 856.75 709.10 1074.72 681.74
00006034 00000042 753.64 232.11 456.27 657.61 831.48 488.72 1060.65 457.99 933.45 586.26 863.89 721.99 1078.67 695.02
00006035 00000043 759.81 234.51 457.78 660.98 838.25 492.49 1064.73 462.40 940.00 593.25 871.56 728.31 1081.25 702.01
00006036 00000044 766.94 225.58 453.26 655.11 846.99 481.00 1071.15 456.47 946.19 583.23 882.12 723.39 1074.16 702.16
00006037 00000045 772.67 210.66 447.52 646.76 855.18 460.84 1076.80 433.47 959.67 560.04 900.65 703.96 1082.51 680.14
00006038 00000046 781.81 184.77 446.97 651.58 867.04 442.14 1094.24 420.78 971.16 532.09 906.22 681.29 1094.15 661.70
00006039 00000047 796.92 167.52 446.79 679.18 875.75 428.72 1103.78 408.12 981.12 527.28 904.60 674.08 1097.62 657.49
00006040 00000048 797.46 178.73 456.45 677.26 891.13 428.66 1112.36 412.54 990.96 529.47 919.39 677.34 1095.24 664.09
00006041 00000049 807.27 179.99 450.55 674.45 895.55 437.66 1122.85 421.36 998.59 539.82 923.39 685.43 1111.33 671.19
00006042 00000050 814.68 189.08 447.06 667.48 901.58 443.72 1132.27 429.03 1007.70 549.71 927.31 689.61 1123.49 675.99
00006043 00000051 820.74 199.28 449.28 663.28 908.56 449.37 1141.33 436.22 1018.00 561.16 936.09 697.93 1129.80 685.69
00006044 00000052 825.63 201.96 447.97 663.36 913.34 454.84 1146.95 441.85 1024.46 564.71 938.50 700.95 1139.50 688.43
00006045 00000053 827.87 204.33 449.84 661.73 917.30 456.35 1150.14 441.64 1030.72 565.63 942.95 699.92 1147.99 685.54
00006046 00000054 830.26 202.97 448.75 663.56 921.11 453.36 1151.38 436.25 1034.70 563.82 950.10 699.29 1150.58 682.89
00006047 00000055 831.84 199.06 448.46 661.53 921.55 452.44 1152.14 433.34 1036.00 559.76 952.05 696.17 1153.13 678.08
00006048 00000056 833.13 198.65 451.29 658.91 921.76 453.70 1153.31 431.89 1036.36 557.42 954.12 694.93 1158.83 674.48
00006049 00000057 834.86 200.98 454.23 655.56 923.56 455.23 1156.73 433.82 1038.75 557.34 953.88 691.51 1166.19 671.10
00006050 00000058 835.43 201.38 455.87 659.77 924.90 456.47 1157.30 434.17 1040.05 558.85 955.48 691.19 1170.15 669.92
00006051 00000059 835.14 202.24 453.70 664.45 926.30 455.13 1156.59 433.69 1041.34 559.53 957.05 692.75 1169.47 672.27
00006052 00000060 836.47 203.12 451.79 662.87 925.44 454.51 1155.65 432.89 1040.97 561.32 957.64 694.10 1169.20 673.56
00006053 00000061 838.22 204.53 449.62 653.04 924.95 457.26 1156.21 435.12 1040.44 562.11 957.76 693.79 1168.61 672.74
00006054 00000062 837.89 202.62 452.18 652.38 925.45 457.21 1157.90 437.28 1040.30 560.12 957.72 693.34 1164.46 674.40
00006055 00000063 837.55 202.63 451.19 653.24 925.01 458.48 1156.79 438.16 1039.53 561.24 956.98 694.51 1163.30 675.31
00006056 00000064 836.63 208.31 450.66 648.66 923.14 461.30 1154.23 441.83 1035.73 564.72 953.58 696.88 1161.71 678.13
00006057 00000065 835.41 207.00 451.64 653.14 922.53 461.52 1152.51 443.14 1034.61 568.79 952.30 698.21 1157.58 680.59
00006058 00000066 834.42 208.22 448.87 646.97 921.36 461.81 1151.78 444.09 1033.15 566.81 949.98 696.74 1153.25 679.90
00006059 00000067 831.79 206.48 449.47 647.56 920.48 459.45 1150.40 440.50 1033.78 564.96 951.30 692.49 1155.97 674.62
00006060 00000068 829.95 201.37 449.18 651.43 919.65 457.88 1151.47 438.36 1033.59 561.36 950.68 692.20 1156.24 673.59
00006061 00000069 829.43 201.71 448.91 657.26 920.18 455.44 1149.98 434.93 1034.50 559.24 951.63 694.45 1155.66 675.16
00006062 00000070 828.89 199.68 448.22 663.00 920.29 455.13 1148.94 433.43 1034.92 559.58 952.81 696.40 1154.56 676.29
00006063 00000071 828.33 199.07 448.60 663.03 919.93 454.84 1147.16 432.49 1033.99 559.71 954.13 695.35 1153.48 674.76
00006064 00000072 827.77 199.56 448.76 665.01 919.31 455.64 1145.53 432.70 1034.17 562.83 955.72 698.20 1152.39 677.40
00006065 00000073 827.08 203.82 450.75 669.06 918.35 457.59 1144.84 435.24 1032.71 566.73 952.82 701.22 1153.63 680.82
00006066 00000074 825.85 202.87 452.99 671.30 916.64 460.85 1144.30 438.76 1030.48 569.28 950.10 702.85 1152.90 682.65
00006067 00000075 825.89 206.39 449.99 664.04 915.76 460.90 1142.62 439.92 1028.82 569.78 949.62 703.30 1147.02 684.31
00006068 00000076 826.02 208.99 448.28 645.50 911.03 460.98 1142.28 437.73 1024.87 566.48 949.34 700.48 1147.28 679.40
00006069 00000077 827.76 195.78 446.87 653.43 912.97 457.07 1143.22 433.88 1027.11 561.28 952.31 696.16 1147.77 675.09
00006070 00000078 827.80 185.04 447.78 662.19 915.56 460.85 1138.90 433.90 1024.60 559.87 954.14 694.18 1145.44 671.12
00006071 00000079 828.53 191.70 445.37 659.72 917.43 461.26 1147.02 432.94 1033.24 546.48 956.42 694.98 1157.19 669.61
00006072 00000080 826.27 187.10 450.51 674.07 919.02 455.37 1148.55 428.24 1034.81 546.21 954.35 695.09 1156.97 670.75
00006073 00000081 826.30 185.29 452.63 677.57 918.53 452.55 1147.46 425.26 1034.31 550.14 952.54 692.53 1159.67 668.01
00006074 00000082 825.47 185.53 453.29 675.63 918.13 451.59 1147.06 424.29 1033.47 551.77 951.40 689.84 1160.59 665.11
00006075 00000083 825.75 186.77 452.79 671.23 916.80 451.73 1146.56 424.74 1032.44 551.35 950.17 687.67 1161.07 663.04
00006076 00000084 826.14 188.40 451.05 661.07 915.34 452.42 1146.52 425.75 1031.76 553.37 951.86 688.60 1159.82 664.18
00006077 00000085 826.22 189.95 450.03 659.71 914.48 452.44 1146.91 426.83 1031.38 555.33 951.63 691.01 1156.64 667.49
00006078 00000086 825.90 189.95 446.50 658.15 912.94 452.83 1145.28 427.55 1030.92 555.86 951.50 692.08 1153.85 668.75
00006079 00000087 824.26 190.63 446.94 656.31 912.15 451.54 1144.07 427.46 1029.96 555.57 950.58 691.12 1150.67 668.83
00006080 00000088 821.63 189.31 448.19 660.08 910.98 449.77 1142.43 427.36 1027.22 552.73 946.06 689.06 1147.26 668.21
00006081 00000089 820.88 188.05 450.34 661.54 907.51 450.94 1141.62 429.78 1021.43 552.19 937.38 687.37 1148.25 667.55
00006082 00000090 819.11 189.47 452.10 662.45 906.55 451.73 1139.90 430.80 1018.82 552.89 934.60 686.63 1147.32 666.88
00006083 00000091 818.40 192.67 452.16 664.78 906.57 451.73 1138.32 430.08 1018.60 555.74 935.38 688.15 1147.07 667.89
00006084 00000092 817.84 194.41 451.41 668.05 905.94 451.07 1137.14 430.31 1018.91 559.07 935.06 690.83 1145.87 671.41
00006085 00000093 817.52 196.55 451.10 668.25 905.16 452.57 1136.47 430.88 1018.61 559.69 934.07 691.68 1145.17 671.74
00006086 00000094 817.03 198.99 451.49 662.41 904.81 454.47 1136.25 433.07 1017.65 559.82 932.62 690.49 1144.71 670.69
00006087 00000095 815.92 198.09 452.24 660.18 902.91 454.72 1134.49 432.79 1015.41 559.46 930.75 688.69 1143.25 668.39
00006088 00000096 814.95 195.74 453.88 658.69 900.97 452.50 1133.25 430.02 1012.77 555.65 929.27 685.77 1141.90 664.94
00006089 00000097 814.32 191.63 454.71 658.89 899.27 451.36 1132.02 428.83 1010.22 552.17 928.08 683.54 1140.35 662.58
00006090 00000098 813.91 182.69 454.17 668.91 895.07 446.88 1127.92 424.06 1004.44 551.89 924.00 683.13 1135.51 663.24
00006091 00000099 813.40 180.37 453.66 668.91 894.57 444.60 1127.97 423.77 1004.12 549.83 922.48 683.44 1131.55 665.39
00006092 00000100 812.42 181.20 453.01 668.61 894.01 444.60 1125.59 423.91 1003.22 548.90 921.69 683.54 1128.65 665.69
00006093 00000101 811.40 181.11 452.85 673.45 893.30 445.04 1124.86 424.69 1002.54 551.68 920.03 685.19 1128.93 667.59
00006094 00000102 809.34 181.04 451.47 675.84 891.84 445.77 1121.85 426.99 1001.17 555.72 918.74 686.63 1125.97 670.32
00006095 00000103 808.63 187.35 450.99 676.56 891.83 448.72 1121.74 429.95 1001.31 559.97 919.62 693.16 1124.11 677.05
00006096 00000104 808.09 194.21 451.13 672.28 891.70 452.90 1123.65 433.86 1001.78 565.27 918.40 695.90 1124.97 679.63
00006097 00000105 808.28 201.02 453.21 658.19 894.36 459.82 1130.40 440.78 1006.18 569.21 916.98 695.38 1131.73 677.68
00006098 00000106 808.88 200.97 453.39 657.07 894.36 459.78 1130.90 439.78 1006.22 566.93 918.11 694.94 1133.03 676.33
00006099 00000107 810.20 198.60 454.21 657.61 894.19 456.73 1130.55 435.27 1007.55 563.27 919.86 689.91 1136.71 669.70
00006100 00000108 812.77 195.22 454.39 655.05 896.37 451.73 1129.48 429.46 1006.30 555.55 923.18 683.53 1137.07 662.66
00006101 00000109 815.39 186.32 452.59 662.62 894.10 444.79 1126.50 422.10 1000.64 549.90 920.26 680.16 1133.76 660.47
00006102 00000110 817.13 180.59 455.26 665.26 896.64 443.28 1129.76 420.09 1002.08 546.99 923.48 680.26 1135.16 660.21
00006103 00000111 818.38 183.13 457.26 662.55 901.28 443.22 1134.07 422.12 1005.63 548.31 925.21 678.84 1138.00 660.41
00006104 00000112 821.39 181.80 457.25 665.49 905.82 446.65 1138.58 426.96 1011.20 554.20 930.74 681.54 1142.43 663.88
00006105 00000113 826.59 195.05 453.14 656.29 913.94 450.00 1146.73 431.94 1022.89 556.23 939.90 682.89 1154.49 665.47
00006106 00000114 828.51 196.85 452.84 655.26 917.34 452.50 1150.66 436.67 1028.31 562.66 947.40 689.67 1153.88 674.07
00006107 00000115 832.48 197.57 449.34 650.40 917.68 453.41 1153.88 442.00 1027.76 567.24 947.09 692.51 1149.06 680.86
00006108 00000116 833.88 196.15 448.22 654.57 919.00 452.85 1153.15 441.62 1028.09 567.27 947.50 693.23 1147.57 681.66
00006109 00000117 834.90 196.68 444.72 653.88 919.10 448.89 1152.14 437.25 1028.71 562.53 946.68 690.85 1147.86 678.96
00006110 00000118 836.16 192.65 444.38 652.13 919.63 447.03 1150.60 433.27 1027.52 556.96 949.39 687.06 1148.11 673.27
00006111 00000119 836.42 193.34 444.87 651.74 920.28 443.90 1151.23 431.96 1026.89 550.93 946.39 684.22 1147.69 671.90
00006112 00000120 835.51 189.34 447.54 656.22 919.54 443.17 1151.67 432.02 1024.63 546.26 943.20 682.90 1146.62 671.23
00006113 00000121 835.88 189.96 445.88 653.78 919.21 441.77 1150.59 431.32 1021.41 546.22 942.76 680.94 1144.58 669.73
00006114 00000122 834.76 188.96 446.86 655.77 918.32 439.89 1150.06 429.92 1021.20 545.37 942.97 682.93 1140.02 672.36
00006115 00000123 835.44 187.78 445.04 653.36 916.81 440.54 1150.07 431.16 1018.83 544.60 940.90 682.71 1138.26 672.69
00006116 00000124 835.45 183.51 446.68 653.32 916.28 438.49 1148.19 427.79 1018.04 543.06 943.91 681.29 1135.58 670.35
00006117 00000125 835.28 181.26 445.57 654.63 913.39 436.30 1146.35 424.61 1015.34 537.72 939.80 679.79 1133.42 668.33
00006118 00000126 833.44 173.10 447.09 659.19 911.06 432.29 1144.98 421.74 1011.02 533.03 935.21 677.05 1129.23 666.72
00006119 00000127 831.27 174.11 450.01 657.83 906.77 431.55 1137.67 418.70 1001.60 525.03 929.26 674.73 1120.55 662.70
00006120 00000128 825.82 178.06 451.55 657.27 897.95 435.49 1123.02 420.08 985.12 526.66 916.04 673.51 1106.58 659.96
00006121 00000129 827.09 176.90 439.68 652.03 890.61 435.94 1105.55 416.41 969.85 528.40 908.53 671.14 1088.24 655.28
00006122 00000130 819.14 164.39 439.34 669.82 880.53 438.03 1094.39 417.15 953.56 530.44 898.92 672.49 1077.02 655.66
00006123 00000131 814.13 163.42 438.20 669.83 873.12 445.84 1082.63 423.14 940.47 533.27 893.90 675.25 1064.48 656.77
00006124 00000132 808.89 168.66 437.24 663.15 868.35 451.14 1070.96 429.85 934.04 535.17 888.89 676.05 1053.34 658.67
00006125 00000133 809.54 175.08 422.49 659.57 861.66 456.82 1062.25 435.36 924.71 538.96 880.75 680.15 1045.04 662.82
00006126 00000134 805.87 180.91 430.76 655.13 857.53 463.59 1052.40 439.32 914.30 535.09 878.29 685.17 1031.84 665.89
00006127 00000135 802.55 185.13 434.18 657.12 853.76 464.72 1047.84 438.40 907.21 534.12 874.12 688.56 1030.16 667.46
00006128 00000136 800.65 188.91 427.71 658.81 852.66 465.80 1045.06 441.26 905.14 541.70 873.31 690.16 1031.02 670.30
00006129 00000137 797.62 192.91 428.71 653.19 850.82 469.33 1047.33 447.26 908.77 550.01 873.21 691.03 1034.30 673.09
00006130 00000138 801.85 194.85 423.84 659.25 852.40 464.69 1052.71 445.96 914.21 556.26 874.01 694.16 1037.10 679.40
00006131 00000139 806.24 193.26 429.48 670.89 857.60 459.25 1061.88 442.46 920.85 560.91 878.67 698.83 1045.76 685.67
00006132 00000140 798.99 195.58 433.75 668.85 860.01 461.32 1058.93 446.10 918.42 568.45 881.48 695.29 1055.91 681.88
00006133 00000141 804.55 191.80 447.62 676.69 862.88 465.97 1067.59 450.17 927.51 573.16 888.30 697.05 1064.36 684.68
00006134 00000142 808.44 189.96 442.71 683.26 867.40 464.06 1071.94 448.59 932.50 572.48 893.70 698.06 1073.26 685.44
00006135 00000143 813.59 189.06 442.52 688.27 875.67 460.49 1080.08 443.40 941.40 571.93 904.14 696.24 1088.33 681.97
00006136 00000144 817.68 189.36 444.99 688.29 884.13 454.24 1096.14 431.56 958.68 564.17 912.01 699.50 1102.76 678.88
00006137 00000145 825.12 190.49 443.78 682.85 890.80 454.61 1102.92 430.99 970.60 563.80 922.40 700.51 1114.43 678.85
00006138 00000146 828.63 195.29 439.35 673.58 895.35 454.06 1108.69 429.35 981.81 564.22 927.78 696.95 1124.98 674.04
00006139 00000147 828.67 194.81 444.54 674.53 900.86 457.00 1115.97 430.14 993.28 567.07 936.79 697.76 1134.37 672.89
00006140 00000148 828.44 197.83 449.35 673.27 904.69 459.87 1122.25 434.43 999.80 572.17 939.78 701.05 1138.30 677.60
00006141 00000149 829.74 204.91 449.74 667.54 904.14 463.60 1120.58 438.55 997.25 577.34 937.94 702.43 1136.83 679.37
00006142 00000150 828.19 209.02 450.31 664.54 903.49 464.61 1118.31 440.76 993.93 577.93 933.85 701.34 1132.97 679.12
00006143 00000151 826.05 208.99 450.22 668.05 899.30 467.67 1112.65 442.65 985.86 579.16 927.25 703.50 1127.18 680.40
00006144 00000152 823.72 208.21 450.65 669.13 895.01 468.78 1106.08 444.91 977.20 579.60 921.48 703.25 1120.43 681.31
00006145 00000153 822.34 211.37 451.91 668.30 890.56 468.70 1100.95 446.50 967.83 580.70 916.97 704.18 1114.93 683.66
00006146 00000154 821.75 210.02 449.65 670.53 886.66 467.86 1096.08 446.56 961.98 582.25 913.93 704.67 1109.10 684.71
00006147 00000155 820.55 207.51 444.69 672.26 881.87 468.07 1089.45 447.76 950.87 583.48 909.06 705.82 1100.33 686.47
00006148 00000156 816.38 201.63 448.88 677.59 876.91 471.86 1081.43 454.97 939.83 586.55 903.72 705.48 1090.40 691.82
00006149 00000157 812.93 203.43 447.63 678.75 873.51 475.43 1076.40 458.75 936.26 591.36 900.09 707.75 1084.54 694.51
00006150 00000158 813.22 201.14 446.70 679.75 871.98 475.58 1076.31 457.47 935.59 590.41 899.49 707.80 1085.53 693.42
00006151 00000159 813.39 199.44 449.10 679.42 874.14 476.32 1079.70 453.78 938.79 586.55 905.25 708.02 1091.96 689.58
00006152 00000160 816.58 198.54 449.12 684.36 877.55 466.65 1085.12 441.97 944.45 581.11 908.30 707.97 1097.76 684.94
00006153 00000161 816.11 197.25 451.09 687.27 879.69 466.89 1088.45 436.54 953.34 576.31 914.72 709.43 1103.38 681.98
00006154 00000162 816.05 202.34 451.09 676.77 882.71 463.70 1093.14 433.28 961.90 573.82 917.64 704.71 1109.83 677.18
00006155 00000163 815.09 200.79 449.07 678.02 883.30 462.42 1091.83 430.39 964.57 571.09 922.50 706.63 1107.16 678.07
00006156 00000164 814.92 193.89 453.35 680.71 883.58 460.59 1096.88 428.21 971.18 570.32 924.97 707.89 1106.28 679.54
00006157 00000165 814.93 195.53 451.73 677.70 881.92 458.51 1100.37 424.25 975.35 566.46 925.53 707.24 1111.21 677.29
00006158 00000166 812.79 192.31 452.02 677.29 880.07 457.00 1100.07 421.77 973.57 563.56 925.05 705.66 1111.08 674.80
00006159 00000167 805.89 188.08 450.62 683.81 877.41 455.46 1092.44 424.10 966.72 562.60 918.14 702.45 1097.58 675.04
00006160 00000168 798.82 196.16 439.67 677.14 871.70 456.68 1087.41 425.60 960.35 557.86 912.69 702.69 1094.14 675.53
00006161 00000169 790.84 191.41 441.56 673.80 861.02 456.10 1073.05 429.00 943.64 562.47 901.17 702.02 1076.75 678.17
00006162 00000170 784.57 193.38 440.02 662.11 850.67 465.29 1057.39 436.73 930.20 565.86 887.95 700.00 1063.23 675.64
00006163 DELETE   776.79 188.29 444.35 668.81 835.75 470.80 1041.39 436.99 906.34 564.74 872.87 706.21 1049.26 677.24
00006164 00000172 770.86 182.04 436.76 682.18 827.93 455.87 1027.03 431.67 889.39 561.27 859.61 701.69 1028.50 680.11
00006165 00000173 767.42 181.90 435.19 687.77 821.19 455.64 1018.45 432.02 874.12 561.03 849.08 700.56 1018.78 679.19
00006166 00000174 765.34 181.69 435.38 679.15 812.54 451.69 1010.16 431.60 862.47 561.43 839.63 698.94 1003.75 681.88
00006167 00000175 761.91 171.66 434.01 685.79 809.73 447.05 1005.07 430.30 854.13 558.34 834.68 694.23 995.18 680.10
00006168 00000176 760.31 172.30 432.51 685.70 810.67 445.96 1002.00 429.58 852.87 555.15 833.68 691.82 989.00 678.38
00006169 00000177 762.25 173.95 428.79 680.02 813.14 443.82 1002.60 428.60 854.20 554.49 837.93 693.42 986.44 681.26
00006170 00000178 774.10 173.98 429.51 667.63 812.19 442.27 999.39 425.12 854.40 553.25 853.75 694.46 979.17 682.03
00006171 00000179 776.45 170.76 443.47 673.38 818.97 438.37 1008.93 421.06 865.57 548.82 861.62 694.14 986.25 681.63
00006172 00000180 779.02 170.78 441.27 690.33 823.64 433.57 1018.23 419.31 875.09 550.06 865.10 695.52 997.20 685.72
00006173 00000181 777.09 169.31 455.97 691.74 831.99 439.11 1032.16 421.34 894.12 554.87 874.60 695.15 1017.46 681.74
00006174 00000182 776.86 176.33 446.59 684.32 836.42 441.87 1045.20 419.83 908.00 559.70 875.67 701.38 1041.59 682.09
00006175 00000183 779.95 177.71 454.61 685.12 846.30 442.76 1059.34 420.68 922.60 557.34 886.66 700.60 1054.76 681.19
00006176 00000184 783.00 184.68 447.02 679.49 850.99 445.27 1063.19 420.96 929.88 556.95 893.24 700.63 1062.00 679.69
00006177 00000185 787.01 187.75 446.44 676.27 855.56 446.59 1066.16 424.00 932.69 559.08 894.61 697.31 1068.17 677.26
00006178 00000186 787.34 184.58 445.11 676.58 856.82 445.08 1066.57 422.57 933.11 555.85 894.57 694.41 1069.17 674.07
00006179 00000187 786.90 179.58 447.28 677.70 856.85 442.00 1068.04 419.20 933.26 552.11 895.27 693.17 1067.63 672.50
00006180 00000188 785.75 178.66 443.14 671.54 854.06 439.59 1066.10 418.63 931.84 551.14 891.73 689.68 1065.75 671.04
00006181 00000189 783.36 176.61 442.65 673.76 850.56 437.42 1063.53 416.87 928.37 548.99 887.32 688.79 1064.80 670.12
00006182 00000190 782.20 177.05 442.88 675.60 848.92 438.74 1062.03 418.34 925.77 548.86 884.13 688.86 1063.98 670.05
00006183 00000191 782.39 176.11 444.97 678.19 848.42 440.15 1059.14 419.27 921.94 551.73 882.88 686.85 1066.88 666.77
00006184 00000192 784.35 180.37 444.72 670.48 851.23 443.16 1061.29 422.88 924.83 553.92 882.99 683.00 1070.43 663.65
00006185 00000193 789.00 180.96 447.48 665.16 856.49 445.08 1067.69 423.97 929.56 554.22 886.95 679.79 1077.52 659.45
00006186 00000194 801.96 174.79 449.81 663.53 859.88 446.93 1074.71 424.82 933.16 554.52 892.32 675.13 1081.68 656.87
00006187 00000195 807.70 170.35 455.08 672.00 867.49 444.85 1081.96 423.01 938.64 556.78 899.22 673.92 1093.68 655.78
00006188 00000196 810.53 171.75 451.26 678.38 869.60 445.76 1084.10 422.87 939.21 558.32 903.14 678.58 1096.36 659.49
00006189 00000197 814.01 168.80 445.34 678.64 873.10 444.00 1086.94 421.99 941.64 555.99 903.54 675.04 1095.00 657.06
00006190 00000198 816.50 164.77 441.52 677.68 872.69 439.63 1087.42 421.46 942.45 554.06 904.22 677.54 1082.07 663.58
00006191 00000199 818.36 156.61 440.24 678.14 873.50 431.99 1088.00 417.80 941.53 549.40 901.36 673.41 1076.51 663.10
00006192 00000200 819.45 155.54 438.80 680.56 874.33 427.06 1088.04 414.94 940.53 545.14 899.27 670.71 1073.37 662.31
00006193 00000201 821.05 150.48 439.45 688.15 876.06 423.44 1088.94 411.36 940.16 539.30 897.67 668.31 1072.73 659.97
00006194 00000202 824.36 151.56 434.80 688.15 877.73 420.48 1090.75 409.55 941.17 537.75 897.53 668.04 1073.75 660.89
00006195 00000203 828.13 154.50 435.70 683.83 882.34 421.19 1093.50 411.21 947.90 539.92 902.64 668.20 1074.85 661.98
00006196 00000204 828.52 164.13 433.15 676.63 889.64 418.38 1093.83 409.40 957.94 537.23 906.81 667.50 1080.48 660.31
00006197 00000205 829.14 168.32 438.50 678.95 895.38 420.17 1108.53 413.48 969.42 540.56 913.72 671.93 1097.40 665.75
00006198 00000206 830.85 168.58 444.34 685.41 897.44 422.22 1109.01 411.86 970.57 540.60 917.37 674.62 1102.54 664.94
00006199 00000207 831.66 170.50 447.10 685.27 897.94 428.32 1109.62 412.55 970.90 544.40 922.44 679.36 1112.36 664.63
00006200 00000208 834.14 172.38 440.75 682.73 898.62 432.13 1111.21 415.44 971.79 546.69 922.63 679.41 1117.21 663.66
00006201 00000209 834.26 173.96 441.28 685.68 899.92 431.71 1108.98 414.10 972.47 545.37 924.92 677.22 1121.30 660.25
00006202 00000210 834.21 175.68 441.36 679.53 899.30 433.76 1109.93 414.38 972.94 544.50 924.64 676.68 1126.22 657.96
00006203 00000211 833.97 170.11 442.37 677.20 899.21 426.97 1111.89 408.76 973.96 537.37 921.59 667.75 1123.79 650.45
00006204 00000212 829.96 156.55 453.23 675.79 896.86 413.82 1108.53 398.03 972.08 529.05 918.47 651.63 1117.79 636.77
00006205 00000213 832.54 154.58 443.55 682.51 897.23 414.66 1108.80 396.18 971.20 523.22 920.99 652.47 1123.11 634.95
00006206 00000214 829.65 150.84 446.12 701.36 897.53 411.63 1106.59 392.08 969.00 518.33 920.64 656.15 1120.17 637.80
00006207 00000215 827.65 148.99 443.84 712.43 898.60 406.30 1106.52 390.09 967.71 513.54 920.11 658.24 1110.14 643.01
00006208 00000216 824.83 148.75 440.93 716.33 896.20 402.93 1102.62 388.03 964.65 510.51 916.57 657.99 1095.78 644.61
00006209 00000217 824.16 147.63 433.92 699.08 890.51 403.09 1088.21 386.31 954.96 509.28 912.18 656.02 1076.01 642.93
00006210 00000218 819.75 137.47 436.25 699.63 887.30 398.34 1083.34 381.16 948.58 502.05 906.81 650.38 1065.99 636.80
00006211 00000219 827.27 137.91 436.27 690.58 882.38 399.35 1080.12 383.06 935.83 499.84 901.84 645.08 1056.90 633.55
00006212 00000220 820.49 135.80 433.75 691.13 878.07 402.66 1076.76 386.80 932.84 502.98 897.01 644.05 1055.99 632.75
00006213 00000221 817.97 143.25 435.95 691.92 873.45 413.22 1075.36 392.15 929.29 510.79 895.89 655.99 1061.20 640.25
00006214 00000222 814.29 150.21 437.75 699.80 868.46 422.15 1075.57 402.82 929.17 527.94 892.64 668.61 1064.10 654.18
00006215 00000223 811.88 157.98 434.26 709.29 871.95 426.03 1076.94 409.01 938.59 542.54 898.49 685.08 1069.53 671.46
00006216 00000224 813.20 169.17 431.29 700.32 871.72 436.49 1076.13 420.59 938.39 557.13 900.42 691.61 1071.06 678.89
00006217 00000225 804.28 181.93 422.96 669.08 862.65 446.06 1068.87 426.28 931.96 561.06 896.31 693.20 1068.45 675.66
00006218 00000226 810.69 165.99 428.00 683.60 866.25 433.31 1074.90 416.49 934.11 544.40 891.20 678.63 1069.13 664.91
00006219 00000227 810.56 158.23 435.17 670.72 864.08 427.12 1074.33 411.32 929.38 536.83 887.13 661.84 1063.95 650.36
00006220 00000228 811.73 148.63 449.49 676.89 864.44 417.00 1069.75 396.64 925.73 524.69 890.41 659.40 1056.32 644.28
00006221 00000229 811.11 147.14 445.46 678.57 864.86 413.51 1068.67 393.46 926.18 521.04 890.90 657.44 1053.26 642.61
00006222 00000230 809.65 146.27 455.61 684.00 862.61 414.85 1066.17 397.50 922.72 529.30 888.74 660.36 1052.21 647.89
00006223 00000231 806.62 164.02 451.01 674.53 857.67 427.02 1062.64 411.84 919.69 542.48 886.76 668.53 1051.79 657.55
00006224 00000232 801.21 164.51 437.78 689.21 856.53 435.75 1062.56 421.03 928.32 563.41 889.50 684.67 1060.08 672.50
00006225 00000233 792.16 184.14 455.86 685.39 846.52 447.74 1060.76 433.71 920.26 580.96 882.06 699.06 1061.06 687.21
00006226 00000234 777.30 200.76 451.98 676.64 838.95 461.27 1043.15 439.50 907.88 585.57 883.32 710.05 1059.98 689.15
00006227 00000235 773.02 201.70 447.59 686.83 834.78 462.71 1036.93 436.84 903.22 583.03 877.36 712.40 1060.21 687.99
00006228 00000236 772.28 196.18 438.49 683.83 833.30 455.71 1031.74 430.13 900.74 574.59 873.31 702.42 1059.12 677.72
00006229 00000237 773.39 193.00 440.25 675.49 831.94 451.91 1032.29 426.36 901.50 568.56 869.73 692.82 1061.66 667.87
00006230 00000238 769.48 189.93 446.04 676.79 828.20 452.02 1030.51 424.57 899.04 568.38 868.42 691.13 1063.45 664.53
00006231 00000239 767.40 192.50 446.86 673.82 826.02 453.30 1029.49 425.85 898.52 571.31 867.33 691.44 1063.20 664.76
00006232 00000240 769.23 193.77 449.77 671.35 828.05 456.68 1031.14 429.34 898.83 574.21 867.78 692.48 1063.94 665.49
00006233 00000241 766.25 202.86 450.54 665.14 826.37 460.49 1028.01 433.30 895.76 577.07 865.71 694.23 1061.43 667.42
00006234 00000242 764.63 201.78 448.87 666.14 824.99 462.30 1027.22 434.83 894.73 577.60 864.14 695.67 1059.42 668.84
00006235 00000243 764.79 202.80 446.46 665.42 825.15 461.54 1026.79 433.59 894.82 576.26 863.99 694.66 1059.75 667.42
00006236 00000244 765.15 200.03 448.34 664.96 824.93 461.68 1026.57 432.17 893.84 572.97 864.54 693.16 1059.71 664.56
00006237 00000245 768.07 199.64 443.16 660.83 823.52 457.97 1027.63 428.79 893.76 569.49 862.21 690.12 1060.77 661.89
00006238 00000246 768.60 193.00 442.01 668.30 824.56 453.67 1028.38 426.61 893.54 567.20 861.36 687.25 1060.77 660.95
00006239 00000247 770.63 189.91 440.89 670.88 826.58 448.43 1028.25 423.28 892.66 561.87 860.99 684.19 1057.05 659.81
00006240 00000248 773.14 190.58 439.15 670.39 828.17 446.48 1028.76 422.23 891.96 559.56 861.30 683.78 1057.04 660.09
00006241 00000249 776.12 193.12 436.75 667.11 832.98 446.28 1031.11 422.68 896.64 556.83 864.65 681.55 1059.57 658.43
00006242 00000250 777.91 184.34 440.43 672.08 836.39 445.30 1035.63 421.38 900.18 554.41 867.29 678.68 1063.30 655.18
00006243 00000251 781.78 180.36 447.00 673.20 842.10 444.64 1043.83 420.00 904.91 551.22 870.99 673.96 1069.49 650.16
00006244 00000252 784.52 175.28 447.88 676.60 848.04 444.51 1052.13 417.58 914.59 549.15 876.11 670.32 1078.12 645.06
00006245 00000253 799.03 163.26 452.44 687.64 855.00 437.65 1064.82 412.24 923.05 538.69 879.65 664.80 1080.91 643.46
00006246 00000254 802.61 161.85 454.39 685.52 861.24 437.10 1069.61 408.48 927.90 536.36 887.73 663.76 1087.19 639.91
00006247 00000255 807.10 159.73 453.36 685.92 867.24 433.07 1074.12 402.63 934.08 533.67 895.98 663.09 1091.53 637.85
00006248 00000256 811.73 158.21 454.61 686.27 871.06 431.15 1078.17 401.00 937.42 535.03 900.27 663.39 1094.66 638.30
00006249 00000257 811.40 159.97 454.15 685.81 869.28 432.52 1076.77 404.66 937.16 540.93 900.67 666.16 1090.80 643.15
00006250 00000258 806.66 159.51 445.87 687.55 864.67 436.26 1074.47 413.02 932.74 545.63 895.89 670.07 1078.20 651.66
00006251 00000259 801.34 163.04 445.09 684.61 857.81 438.10 1069.02 419.49 924.41 549.14 887.91 672.41 1067.79 657.89
00006252 00000260 797.80 155.82 438.53 696.49 855.26 431.65 1060.80 415.04 920.23 548.98 881.60 673.30 1060.62 659.01
00006253 00000261 784.80 184.23 441.93 662.15 842.22 437.23 1040.92 424.25 903.04 560.40 874.53 679.42 1048.69 665.45
00006254 00000262 781.16 185.15 440.70 665.43 834.11 439.08 1034.00 426.74 892.70 564.35 867.88 685.60 1040.57 672.42
00006255 00000263 779.29 189.36 431.11 664.71 831.61 441.09 1029.09 428.80 888.55 565.24 865.41 687.48 1035.55 674.50
00006256 00000264 778.52 192.38 428.99 661.91 830.61 443.02 1028.86 430.07 888.28 565.32 862.95 687.16 1039.14 673.41
00006257 00000265 780.41 191.36 433.53 664.42 835.19 444.93 1031.18 428.62 893.25 563.31 868.16 683.21 1049.90 666.13
00006258 00000266 781.08 189.83 440.81 663.01 839.79 445.60 1036.72 429.05 900.70 562.59 872.96 678.96 1058.69 661.33
00006259 00000267 782.08 188.34 447.11 663.16 842.32 444.76 1041.22 427.97 905.07 561.61 873.62 676.15 1062.87 658.27
00006260 00000268 781.29 185.31 449.97 665.39 843.59 445.43 1043.85 428.40 908.08 561.04 873.35 675.32 1064.62 657.46
00006261 00000269 791.47 170.58 445.58 683.73 848.27 449.48 1054.58 427.44 911.13 557.19 872.93 676.36 1065.04 657.13
00006262 00000270 782.32 184.47 448.60 663.75 846.27 458.35 1047.96 434.98 912.82 561.89 876.27 679.26 1068.21 656.58
00006263 00000271 780.84 188.07 444.20 657.88 840.50 446.38 1042.65 428.62 909.68 562.60 875.83 682.34 1056.61 664.45
00006264 00000272 778.28 184.47 438.57 659.91 835.40 442.53 1039.09 426.59 904.95 561.50 869.75 684.85 1048.18 668.89
00006265 00000273 778.59 183.07 441.01 662.05 834.80 440.35 1038.28 427.35 900.96 561.36 867.78 686.47 1042.08 673.27
00006266 00000274 778.67 183.83 437.35 660.00 834.90 440.52 1038.84 426.77 902.92 560.68 868.87 687.10 1042.91 673.20
00006267 00000275 781.90 183.67 442.04 655.71 837.16 441.56 1043.83 426.68 906.07 561.28 871.27 686.90 1046.37 672.50
00006268 00000276 785.88 179.45 444.48 658.17 846.01 443.16 1054.93 429.68 914.21 558.72 874.66 682.59 1052.78 669.86
00006269 00000277 787.98 176.25 442.78 660.15 848.20 443.27 1055.33 429.50 914.55 557.15 875.95 681.22 1054.00 668.36
00006270 00000278 786.20 177.23 436.46 659.23 843.17 441.17 1046.95 424.59 906.01 555.40 872.46 679.97 1049.46 664.91
00006271 00000279 784.53 174.85 433.32 663.11 835.05 440.02 1032.78 422.95 889.67 553.19 864.73 682.03 1036.85 666.02
00006272 00000280 780.50 179.03 435.55 670.24 831.42 436.86 1026.35 420.83 878.36 550.40 858.63 682.51 1025.55 667.70
00006273 00000281 778.53 180.70 432.99 674.61 826.93 437.77 1020.12 419.72 871.57 549.86 856.47 684.23 1029.42 667.05
00006274 00000282 777.62 181.21 430.99 671.58 825.87 437.77 1019.24 419.03 872.08 550.29 856.25 683.38 1028.81 665.71
00006275 00000283 777.04 178.81 435.21 664.83 826.47 438.23 1026.58 417.01 881.21 549.99 858.83 681.80 1034.74 662.43
00006276 00000284 774.92 174.70 440.84 667.94 826.03 437.92 1029.78 413.97 886.23 552.62 862.94 685.12 1039.85 663.32
00006277 00000285 772.38 177.24 446.31 672.91 827.86 438.72 1030.21 411.81 891.12 552.03 867.87 684.60 1044.38 659.87
00006278 00000286 772.55 178.25 447.97 673.73 826.06 441.80 1028.25 411.91 889.25 552.20 867.50 686.14 1048.11 658.93
00006279 00000287 772.50 179.24 440.50 671.52 823.69 442.39 1023.32 413.84 881.68 551.61 862.37 685.06 1044.97 658.89
00006280 00000288 774.12 175.80 439.95 671.87 822.04 440.70 1019.88 415.68 872.00 552.95 857.20 684.55 1034.65 661.27
00006281 00000289 781.00 170.99 434.78 667.67 820.86 433.48 1014.26 413.75 865.87 551.53 857.49 677.29 1018.26 661.69
00006282 00000290 781.21 179.05 425.84 658.79 827.45 441.21 1023.50 422.47 877.01 556.47 859.58 684.84 1028.73 667.98
00006283 00000291 791.37 168.87 434.07 677.69 841.07 429.19 1033.16 413.47 890.08 546.85 873.26 673.20 1032.49 660.21
00006284 00000292 798.61 158.29 435.66 694.04 849.99 429.21 1046.81 410.52 903.76 543.25 877.95 672.04 1049.54 656.15
00006285 00000293 800.30 154.86 442.14 700.30 854.67 428.08 1056.24 409.72 911.62 543.07 881.17 671.73 1060.38 655.71
00006286 00000294 800.50 159.67 438.80 694.69 857.31 429.55 1061.30 409.31 919.85 543.24 884.78 672.74 1064.13 655.24
00006287 00000295 792.79 174.52 438.47 675.84 853.67 440.52 1057.49 416.65 919.96 550.11 887.57 681.73 1064.11 660.63
00006288 00000296 799.21 161.34 439.82 690.32 854.80 435.95 1060.18 416.26 920.89 551.22 886.90 681.87 1056.93 665.50
00006289 00000297 801.42 172.61 434.45 681.44 853.30 436.09 1050.76 421.68 912.21 556.92 886.81 686.21 1045.51 674.39
00006290 00000298 804.40 181.54 427.74 671.69 855.74 434.74 1047.05 423.00 909.91 556.37 889.83 686.77 1037.19 677.54
00006291 00000299 808.19 178.98 423.30 672.47 858.82 430.22 1047.96 420.00 908.44 551.51 889.43 682.41 1035.96 674.44
00006292 00000300 811.94 164.34 429.28 675.75 862.26 426.36 1058.85 415.65 914.58 542.19 888.20 673.57 1040.30 665.38
00006293 00000301 815.41 161.97 439.21 670.31 865.86 427.26 1066.72 415.37 918.60 539.29 893.78 671.02 1048.57 662.75
00006294 00000302 822.57 155.92 435.82 678.45 872.62 426.14 1073.96 411.61 928.10 537.97 902.08 671.74 1055.29 661.59
00006295 00000303 817.63 157.52 437.47 690.04 876.04 425.40 1075.79 410.90 935.77 538.61 901.07 675.94 1057.53 665.01
00006296 00000304 816.60 165.76 445.71 685.46 874.06 430.94 1071.47 415.44 930.32 545.07 901.05 682.30 1053.65 670.88
00006297 00000305 813.46 173.92 439.60 673.91 868.12 436.24 1065.04 421.93 924.57 550.68 898.83 685.65 1046.87 674.92
00006298 00000306 810.91 172.06 438.14 673.91 861.03 432.58 1053.64 422.93 910.73 550.99 889.23 681.44 1033.12 674.40
00006299 00000307 806.88 168.77 434.93 674.71 854.43 425.54 1043.78 419.39 897.50 544.52 881.43 676.35 1019.36 672.12
00006300 00000308 804.03 170.78 423.47 670.65 850.52 420.00 1039.65 417.04 894.22 539.98 874.89 671.27 1013.80 669.76
00006301 00000309 801.93 167.48 427.64 675.13 847.84 419.22 1044.72 416.51 895.61 540.63 869.69 672.67 1019.24 671.04
00006302 00000310 805.69 161.81 433.44 687.89 856.12 424.09 1057.45 417.55 908.89 541.74 877.54 674.50 1038.09 669.43
00006303 00000311 811.32 166.82 436.13 698.57 866.69 430.10 1067.82 416.04 925.32 544.18 892.22 684.48 1055.22 673.54
00006304 00000312 813.17 179.88 437.39 684.76 869.87 446.60 1068.86 428.66 928.32 554.08 902.50 688.51 1071.42 673.43
00006305 00000313 814.92 182.60 441.35 678.18 873.54 459.51 1069.66 440.29 933.39 561.34 905.70 690.00 1077.03 674.00
00006306 00000314 811.10 178.63 443.71 680.57 862.17 460.41 1067.67 438.13 922.19 558.03 894.94 689.20 1072.47 670.41
00006307 00000315 802.17 186.16 455.08 667.56 854.47 457.86 1051.72 440.28 908.44 560.94 882.42 682.79 1059.67 668.10
00006308 00000316 799.55 170.47 429.09 680.75 849.90 433.99 1043.92 423.57 892.16 543.75 868.36 669.61 1041.71 660.32
00006309 00000317 792.40 180.28 428.25 664.50 844.49 435.80 1036.21 425.49 887.59 546.80 867.15 670.61 1044.35 659.34
00006310 00000318 794.13 180.05 428.83 664.27 846.06 435.16 1037.15 426.09 888.14 547.26 867.36 669.04 1044.67 658.85
00006311 00000319 805.08 170.55 431.45 680.25 855.84 427.73 1049.54 421.60 898.47 540.15 872.00 665.02 1045.65 659.24
00006312 00000320 813.15 176.90 439.91 677.45 859.19 440.60 1064.28 429.06 909.70 544.35 882.72 677.33 1062.00 667.85
00006313 00000321 820.13 174.81 442.68 682.08 864.33 443.84 1074.30 424.70 920.27 547.41 893.75 682.58 1076.37 666.66
00006314 00000322 827.02 168.63 436.06 688.63 871.35 445.99 1081.62 422.63 929.26 547.19 901.34 684.31 1084.99 665.23
00006315 00000323 828.37 169.32 442.14 683.93 875.12 440.62 1086.38 416.95 936.73 545.02 906.45 681.07 1090.31 661.82
00006316 00000324 825.48 166.38 445.98 687.74 875.71 440.54 1087.05 416.39 938.67 546.04 906.92 680.32 1093.00 660.40
00006317 00000325 819.37 161.08 443.89 688.92 871.67 440.71 1083.40 418.31 934.51 545.40 899.39 676.71 1086.91 658.45
00006318 00000326 810.57 164.92 449.32 677.85 859.84 440.26 1073.01 420.35 923.24 544.19 885.68 672.29 1075.62 656.02
00006319 00000327 799.29 168.14 443.27 679.30 854.15 431.96 1063.27 418.30 914.37 543.47 872.66 667.57 1062.32 655.39
00006320 00000328 785.14 178.57 440.90 666.41 839.26 436.99 1039.21 424.05 893.68 548.80 863.29 672.72 1048.79 658.90
00006321 00000329 781.68 176.04 433.40 670.53 828.69 434.71 1029.02 421.99 876.52 546.12 849.33 675.38 1033.87 662.56
00006322 00000330 771.86 174.00 424.38 675.43 814.01 428.63 1010.79 417.35 855.36 544.96 834.09 674.36 1011.67 663.56
00006323 00000331 776.47 177.77 404.77 668.45 810.72 432.65 1005.62 420.45 843.30 540.94 835.92 672.64 1003.69 663.46
00006324 00000332 767.37 183.94 413.93 668.36 817.07 440.46 1007.52 431.57 857.13 547.80 842.39 672.07 1009.22 664.33
00006325 00000333 766.78 185.43 416.47 669.33 816.18 443.53 1008.83 432.19 862.51 552.25 844.50 675.59 1013.22 665.78
00006326 00000334 767.32 185.93 434.33 672.64 813.71 445.86 1016.34 426.06 865.38 557.76 844.73 689.74 1024.44 670.50
00006327 00000335 766.93 183.24 442.88 675.71 814.93 448.22 1023.76 427.64 874.19 560.30 846.78 695.52 1029.55 675.76
00006328 00000336 763.19 184.56 446.33 674.47 818.72 448.25 1029.24 425.59 886.66 561.32 857.47 699.24 1033.57 678.48
00006329 00000337 764.04 183.62 449.67 663.78 817.38 447.58 1036.81 426.76 891.45 564.46 851.71 698.80 1034.64 679.45
00006330 00000338 763.33 177.92 452.59 666.83 819.30 444.10 1039.54 426.46 896.70 564.13 851.47 696.11 1033.09 679.77
00006331 00000339 761.51 177.47 457.18 668.29 818.70 444.41 1039.51 426.21 896.16 564.18 851.92 699.31 1030.44 682.45
00006332 00000340 758.52 182.01 456.66 667.27 818.44 443.53 1033.22 424.27 894.08 562.45 857.30 702.20 1021.48 684.69
00006333 00000341 761.28 185.00 449.15 663.88 815.86 447.00 1021.71 428.52 880.02 559.91 851.44 705.38 1005.30 690.12
00006334 00000342 755.43 180.30 439.50 661.23 807.78 445.50 1009.14 428.23 869.43 560.66 844.42 702.31 990.31 688.51
00006335 00000343 752.98 184.39 444.83 656.44 801.84 453.16 997.77 435.71 859.78 565.41 841.45 698.38 977.59 685.63
00006336 00000344 746.98 178.98 441.81 663.69 796.92 451.13 996.51 436.54 853.96 564.92 834.32 698.80 973.16 688.30
00006337 00000345 746.27 173.95 434.92 675.59 795.80 441.22 994.19 431.32 847.17 553.01 821.48 697.63 963.91 690.07
00006338 00000346 746.49 173.80 427.40 674.09 796.14 440.79 993.52 432.36 846.16 551.97 818.31 693.13 963.87 686.67
00006339 00000347 749.81 173.75 428.37 674.56 798.26 439.66 995.61 431.10 847.43 552.11 820.79 693.04 968.63 686.47
00006340 00000348 753.09 176.59 435.66 671.13 804.40 441.27 1002.37 431.12 852.92 554.68 826.23 694.98 975.78 687.13
00006341 00000349 758.84 183.22 434.89 667.99 811.94 445.84 1008.21 432.79 862.64 559.92 839.17 701.87 985.74 691.29
00006342 00000350 773.59 180.41 438.46 668.98 815.80 450.22 1013.80 438.74 872.18 567.83 856.01 701.74 992.61 693.88
00006343 00000351 769.97 184.33 443.46 665.17 829.50 456.71 1027.25 442.05 889.55 566.51 862.30 703.07 1011.34 690.44
00006344 00000352 769.88 186.20 451.12 668.06 832.02 456.65 1036.50 439.78 896.99 565.82 865.04 703.90 1023.88 688.81
00006345 00000353 774.27 182.68 453.14 672.53 836.68 449.64 1040.94 436.82 901.74 568.17 868.98 702.39 1024.82 690.59
00006346 00000354 774.49 183.65 452.14 671.93 834.93 447.68 1039.61 436.14 899.17 569.73 867.62 703.41 1021.20 692.81
00006347 00000355 772.63 186.96 438.31 668.10 829.68 447.24 1034.04 436.47 893.45 570.81 861.19 704.89 1015.65 695.15
00006348 00000356 771.94 191.07 437.17 662.78 827.90 446.64 1031.04 436.60 889.67 568.62 857.53 705.16 1008.88 696.15
00006349 00000357 769.52 192.32 431.67 678.27 828.27 444.90 1024.72 435.19 883.60 563.88 854.63 704.64 1004.41 696.35
00006350 00000358 768.39 192.80 431.20 680.79 824.55 446.60 1020.69 437.03 877.11 567.72 849.43 704.11 1006.52 695.39
00006351 00000359 768.41 197.81 433.11 670.08 821.15 450.54 1019.11 439.72 875.50 573.44 849.40 705.97 1007.31 696.22
00006352 00000360 768.37 202.68 435.26 662.27 821.03 452.79 1020.31 443.72 876.29 577.08 849.18 708.98 1005.71 700.57
00006353 00000361 768.40 202.38 436.66 660.51 822.00 455.29 1022.60 446.22 879.44 579.09 850.45 711.45 1003.87 703.18
00006354 00000362 770.23 197.82 431.31 665.49 824.95 454.10 1027.45 447.49 882.90 576.21 846.69 708.43 1006.13 702.44
00006355 00000363 773.01 195.93 429.77 662.43 827.73 448.70 1031.66 442.21 884.98 567.41 845.99 700.38 1010.53 694.32
00006356 00000364 777.71 190.62 419.19 656.83 832.23 440.02 1035.47 433.93 890.95 556.19 848.52 689.16 1013.36 684.11
00006357 00000365 780.86 182.71 428.18 656.41 836.03 435.57 1039.92 428.96 891.06 547.53 851.56 681.83 1018.59 676.07
00006358 00000366 784.53 175.37 428.02 667.95 837.43 428.81 1039.85 421.07 890.53 538.99 853.44 678.96 1019.82 672.24
00006359 00000367 783.66 172.91 432.68 675.91 840.70 424.73 1040.03 418.63 891.33 534.63 854.40 673.64 1018.27 668.00
00006360 00000368 786.63 173.33 426.39 671.17 838.98 426.15 1039.64 420.14 889.87 540.26 855.04 677.41 1019.47 671.87
00006361 00000369 786.83 176.20 423.08 664.89 837.34 429.04 1037.26 426.03 886.60 546.02 851.03 676.36 1018.04 673.50
00006362 00000370 784.85 185.74 417.05 662.54 833.98 432.34 1031.64 431.72 880.61 552.78 845.87 679.13 1009.77 678.85
00006363 00000371 780.10 192.21 424.51 671.58 829.01 442.16 1022.41 439.57 870.04 560.81 842.81 690.78 1004.09 687.94
00006364 00000372 779.30 202.45 412.74 677.04 827.38 446.12 1015.36 445.76 865.80 571.23 843.47 697.49 1005.33 696.01
00006365 00000373 777.84 203.82 415.55 680.67 828.23 450.17 1016.20 449.59 867.40 577.65 845.20 702.23 1008.90 699.99
00006366 00000374 778.23 210.15 419.54 664.53 827.77 454.60 1020.29 453.72 872.82 581.77 846.16 704.13 1009.95 702.06
00006367 00000375 779.22 211.53 421.51 654.63 830.25 456.62 1025.89 454.26 880.08 582.81 850.00 707.97 1009.64 705.06
00006368 00000376 781.07 209.37 425.67 657.37 833.16 456.82 1033.99 454.62 888.25 585.96 851.29 708.66 1016.98 706.01
00006369 00000377 783.01 202.40 432.05 665.00 837.85 457.06 1039.81 453.08 895.18 586.21 858.99 709.05 1025.50 704.79
00006370 00000378 785.40 200.33 431.79 663.18 843.32 453.87 1046.32 447.95 904.77 583.61 871.12 705.98 1034.12 699.84
00006371 00000379 786.71 194.86 435.76 665.65 846.41 450.86 1051.34 443.50 909.00 577.92 876.27 702.36 1041.60 694.47
00006372 00000380 787.73 192.80 439.65 666.66 849.16 450.30 1054.05 439.40 913.38 571.85 880.44 699.41 1047.93 688.30
00006373 00000381 785.77 190.12 437.57 665.60 844.99 445.15 1049.91 435.45 909.42 568.63 875.34 694.33 1046.47 683.93
00006374 00000382 781.69 192.29 429.39 657.55 838.83 442.33 1040.35 433.85 901.10 564.13 866.51 688.25 1038.76 679.09
00006375 00000383 779.72 189.51 431.53 659.91 834.00 440.85 1034.71 436.10 890.18 561.24 853.37 682.64 1028.86 676.89
00006376 00000384 776.63 180.77 426.55 674.05 828.63 440.45 1025.46 434.06 875.77 558.33 847.42 681.73 1019.69 674.91
00006377 00000385 773.88 179.80 408.39 674.78 822.55 437.44 1015.33 430.23 862.71 551.69 841.05 680.02 1008.45 673.00
00006378 00000386 769.97 186.70 404.93 666.18 819.33 433.27 1007.76 426.67 854.64 549.38 837.69 677.63 1000.43 671.17
00006379 00000387 771.28 182.57 398.37 666.56 819.71 435.55 1008.65 432.32 855.41 545.20 841.39 673.62 995.47 671.16
00006380 00000388 773.21 181.18 414.91 673.84 822.42 433.06 1013.17 424.34 857.42 546.61 840.75 679.97 1006.97 671.42
00006381 00000389 775.18 179.67 428.24 675.81 823.57 434.41 1020.98 424.95 864.70 549.03 843.83 681.83 1016.91 672.44
00006382 00000390 777.07 176.06 437.48 680.10 827.96 435.02 1025.90 425.05 871.84 547.66 846.86 680.69 1021.84 670.71
00006383 00000391 777.69 177.36 428.97 678.99 829.63 436.59 1027.44 425.03 877.76 547.58 849.72 680.86 1025.05 669.61
00006384 00000392 775.66 174.69 432.92 683.54 828.92 436.41 1026.95 424.50 876.67 548.13 850.05 682.31 1025.05 670.57
00006385 00000393 773.18 173.83 434.94 684.51 824.77 436.72 1024.22 422.76 870.03 547.82 846.22 684.38 1021.43 671.05
00006386 00000394 770.69 175.04 425.89 683.17 820.90 436.20 1019.20 421.87 865.41 548.03 843.30 683.05 1020.12 669.29
00006387 00000395 768.54 179.41 423.26 678.57 818.00 436.98 1014.17 422.02 860.13 549.33 841.70 683.88 1013.29 669.82
00006388 00000396 766.98 179.39 414.04 672.77 817.57 441.09 1007.33 429.12 857.80 545.15 846.03 676.56 1005.40 666.62
00006389 00000397 764.46 177.86 416.12 674.47 815.67 440.37 1005.46 429.38 855.68 546.45 845.64 676.52 1004.28 667.32
00006390 00000398 763.63 178.01 419.03 671.88 815.15 442.30 1005.03 429.32 857.24 547.80 846.72 675.93 1006.75 664.95
00006391 00000399 763.93 180.37 419.72 667.72 816.39 440.14 1010.18 428.63 862.82 548.52 846.09 673.10 1011.16 663.33
00006392 00000400 761.19 178.03 425.62 675.45 810.75 435.52 1005.74 418.42 858.68 550.66 838.49 680.00 1009.53 665.23
00006393 00000401 759.86 173.45 424.02 681.97 809.74 434.54 1005.45 416.72 859.44 550.31 838.90 680.09 1011.04 664.79
00006394 00000402 757.17 168.61 427.40 689.64 808.41 433.75 1005.40 414.98 859.13 549.92 836.85 680.76 1010.54 664.86
00006395 00000403 760.67 171.07 426.45 678.26 803.92 439.99 1004.97 418.66 851.92 547.17 838.11 679.21 1009.22 662.15
00006396 00000404 756.10 174.53 422.62 670.48 801.16 440.07 1002.21 421.43 848.53 547.01 834.57 677.32 1001.92 662.64
00006397 00000405 752.38 174.34 423.42 670.32 797.99 440.58 1000.55 424.28 847.20 547.87 830.88 677.13 997.17 664.65
00006398 00000406 747.35 179.37 427.67 671.50 803.86 444.95 1000.26 433.93 858.66 556.36 835.65 678.77 999.06 669.45
00006399 00000407 747.42 181.44 423.27 676.17 805.41 447.61 1003.72 434.97 863.31 563.49 839.94 686.02 1006.37 675.16
00006400 00000408 746.47 185.17 426.95 676.43 806.53 450.73 1004.06 437.82 865.90 567.91 842.48 689.91 1010.37 678.88
00006401 00000409 743.46 187.18 430.79 672.39 802.76 452.94 1002.50 441.31 863.11 572.36 836.88 691.29 1004.87 681.46
00006402 00000410 742.40 192.10 432.31 660.09 798.52 452.96 1001.23 445.14 858.92 575.49 831.12 694.12 987.84 688.07
00006403 00000411 741.52 189.72 424.26 664.53 795.45 454.19 1002.43 447.84 854.46 579.42 825.60 698.79 984.44 694.18
00006404 00000412 741.86 190.02 424.53 663.74 796.40 453.90 1002.77 447.31 855.29 578.67 826.52 698.75 983.15 694.00
00006405 00000413 743.40 185.55 431.87 666.22 798.14 453.99 1004.01 446.03 860.63 576.89 830.26 697.35 985.63 691.69
00006406 00000414 744.46 187.77 429.18 657.64 803.81 452.09 1005.24 441.97 865.25 572.17 840.27 694.91 987.44 687.23
00006407 00000415 747.77 186.91 432.74 666.12 808.95 450.53 1006.78 436.33 871.42 567.98 848.74 695.33 996.57 684.09
00006408 00000416 749.73 185.97 424.14 671.30 811.90 450.19 1010.41 436.28 872.58 566.77 848.53 694.92 1002.39 683.57
00006409 00000417 750.12 186.76 427.58 670.32 810.81 451.99 1009.48 439.04 870.86 569.40 846.34 693.50 1004.89 683.00
00006410 00000418 750.18 187.93 429.92 666.27 808.83 453.00 1006.86 441.50 867.80 570.33 842.95 692.50 999.03 683.42
00006411 00000419 751.36 188.34 429.60 666.50 808.79 452.04 1006.92 442.63 866.96 569.85 840.40 691.38 997.17 684.15
00006412 00000420 754.76 189.20 425.70 666.19 811.49 450.06 1009.67 441.54 868.29 566.68 840.99 689.74 997.70 683.30
00006413 00000421 754.99 186.14 430.58 674.35 812.05 444.59 1017.33 435.06 873.68 567.33 838.57 692.40 1008.31 683.35
00006414 00000422 755.52 189.08 426.06 671.67 812.39 445.65 1018.63 435.95 875.99 569.27 840.54 694.72 1008.65 685.72
00006415 00000423 755.08 190.80 426.10 670.75 809.97 447.33 1016.26 436.89 872.40 573.08 840.39 699.10 1004.61 689.97
00006416 00000424 756.62 193.65 427.48 668.89 809.48 454.19 1012.19 446.69 866.49 577.86 838.25 699.48 994.59 694.58
00006417 00000425 756.34 194.60 429.25 669.08 809.52 457.03 1010.53 449.59 865.46 580.09 837.72 701.37 994.04 696.53
00006418 00000426 758.20 192.13 426.37 667.27 810.62 457.86 1013.01 451.75 866.54 579.74 837.27 700.65 991.76 697.08
00006419 00000427 758.14 194.73 432.23 663.35 811.67 454.17 1020.06 446.34 874.89 578.93 838.38 704.03 1000.99 696.69
00006420 00000428 758.76 194.66 430.35 663.99 813.27 455.36 1022.42 446.62 878.12 580.24 841.10 705.89 1005.72 697.51
00006421 00000429 758.09 203.96 436.18 663.00 816.28 457.96 1019.91 448.61 880.72 583.31 847.08 709.40 1006.95 700.39
00006422 00000430 758.48 214.65 440.19 661.88 817.04 464.71 1015.64 455.21 879.26 593.53 851.25 715.65 1013.93 706.30
00006423 00000431 759.34 224.49 439.16 663.50 816.09 470.01 1010.64 458.91 875.80 600.87 853.97 720.35 1019.72 710.01
00006424 00000432 758.43 221.39 434.12 677.18 810.74 464.55 1001.17 450.18 862.75 600.72 854.22 726.50 1015.94 713.58
00006425 00000433 758.93 214.79 432.81 686.76 809.88 461.55 996.72 450.17 853.73 598.31 849.84 723.80 1010.86 713.26
00006426 00000434 766.55 209.94 421.67 688.25 816.28 460.36 1004.00 451.64 847.31 593.05 848.39 718.80 1008.78 711.87
00006427 00000435 768.46 211.47 419.02 688.17 815.71 459.39 1002.18 451.67 843.74 591.82 846.64 717.83 1007.24 711.72
00006428 00000436 769.80 209.15 410.76 686.52 817.60 454.73 1002.91 448.49 843.66 585.37 845.39 709.60 1006.31 704.85
00006429 00000437 761.17 198.73 412.10 689.11 809.91 452.15 994.55 446.36 842.79 581.73 837.11 706.65 998.45 700.19
00006430 00000438 767.12 193.19 409.53 674.52 814.06 451.18 1003.77 448.86 848.10 576.81 839.97 699.61 989.15 698.64
00006431 00000439 767.16 190.78 414.18 660.97 811.83 448.29 1004.33 449.80 848.95 577.73 836.14 696.69 978.37 699.21
00006432 00000440 771.32 186.80 416.41 652.79 816.31 441.57 1003.79 442.41 853.64 568.86 840.65 686.76 974.37 688.87
00006433 00000441 776.49 182.82 414.61 654.36 815.31 429.88 1004.02 434.68 849.01 562.91 842.00 685.02 977.32 690.18
00006434 00000442 772.83 185.69 419.30 654.87 821.12 433.79 1009.14 431.73 857.32 561.67 841.45 684.31 989.93 682.27
00006435 00000443 776.35 182.40 410.88 667.71 820.71 431.41 1010.10 424.58 860.18 558.20 845.20 684.11 1003.09 677.78
00006436 00000444 784.27 180.95 405.19 661.09 828.28 430.22 1013.74 418.86 865.91 549.38 855.24 674.80 1016.18 663.67
00006437 00000445 789.92 166.48 415.08 676.49 827.69 418.00 1017.66 406.88 863.48 540.40 855.14 664.47 1016.97 655.85
00006438 00000446 793.27 163.92 421.02 679.92 833.76 419.46 1021.11 406.44 871.48 541.12 863.72 664.63 1023.13 653.72
00006439 00000447 791.13 172.45 418.95 671.10 835.60 431.04 1023.34 414.41 875.82 551.47 868.34 674.32 1036.21 657.92
00006440 00000448 791.68 173.95 417.48 666.69 834.08 432.83 1021.37 414.34 873.90 549.98 867.03 673.89 1036.27 655.92
00006441 00000449 795.00 168.99 425.21 671.58 833.13 423.11 1014.64 407.15 864.71 539.66 864.66 663.07 1021.77 649.36
00006442 00000450 793.02 164.53 419.69 673.72 829.08 423.03 1011.60 406.70 861.08 540.13 860.86 663.47 1016.76 650.06
00006443 00000451 793.15 172.49 418.41 664.57 828.36 426.77 1011.78 408.11 861.65 542.51 863.26 667.91 1016.32 652.91
00006444 00000452 795.16 174.96 417.84 660.90 828.70 428.47 1011.79 412.83 862.42 549.59 865.91 673.08 1011.62 660.74
00006445 00000453 794.54 177.48 420.32 661.69 827.65 432.00 1011.74 417.86 863.56 555.36 865.35 679.71 1008.29 668.69
00006446 00000454 785.21 186.11 418.55 656.40 825.65 442.26 1011.31 426.68 862.08 562.06 858.10 689.98 1009.57 675.59
00006447 00000455 792.91 184.84 410.74 659.56 822.28 437.44 1005.68 421.60 855.11 555.49 863.08 687.86 997.88 675.70
00006448 00000456 781.26 182.15 409.46 667.44 822.79 441.93 1002.95 424.61 853.04 556.09 851.14 691.09 997.27 675.92
00006449 00000457 781.63 181.35 410.30 671.07 821.40 443.12 1003.29 425.06 853.66 560.95 853.71 693.31 1003.70 676.99
00006450 00000458 783.57 185.12 416.52 664.29 823.28 447.53 1008.42 428.76 856.43 565.78 857.89 692.80 1017.89 674.54
00006451 00000459 786.83 189.62 418.50 659.44 826.33 446.91 1011.42 430.73 860.37 565.10 859.12 690.51 1019.59 674.36
00006452 00000460 788.45 188.23 431.18 660.42 829.49 445.41 1016.70 432.33 863.48 563.78 859.35 689.05 1021.75 675.45
00006453 00000461 788.42 187.91 427.37 660.39 829.86 445.46 1017.16 431.11 865.08 562.57 859.87 688.59 1023.41 674.04
00006454 00000462 787.75 188.74 423.28 660.39 829.15 447.59 1016.25 430.86 864.08 562.77 860.07 689.36 1025.17 672.60
00006455 00000463 786.73 189.89 421.66 660.86 828.55 446.34 1014.70 429.20 863.03 560.86 859.96 687.34 1025.84 670.09
00006456 00000464 787.01 189.52 425.94 658.04 828.01 445.15 1016.75 427.23 863.90 559.46 859.31 685.80 1027.52 668.04
00006457 00000465 786.67 187.18 432.87 661.21 830.92 444.61 1019.19 427.72 867.72 558.74 861.77 684.93 1028.09 668.16
00006458 00000466 787.19 189.04 428.48 659.90 830.50 444.76 1019.91 428.24 869.39 560.21 862.29 685.56 1029.62 669.19
00006459 00000467 787.15 189.82 429.35 660.29 829.31 445.38 1017.59 430.07 865.42 562.71 861.02 688.08 1026.66 672.38
00006460 00000468 785.60 192.37 419.57 661.64 827.51 448.96 1011.53 432.53 860.11 566.36 860.29 692.66 1019.62 676.17
00006461 00000469 783.51 193.54 413.74 661.60 825.51 450.70 1008.64 433.98 859.10 569.32 859.57 695.14 1016.07 678.84
00006462 00000470 785.94 192.09 412.38 657.33 826.09 452.44 1010.42 437.28 862.38 572.16 858.90 696.66 1012.66 682.26
00006463 00000471 786.17 194.42 420.93 652.03 827.80 453.37 1015.64 437.37 869.57 573.47 861.05 699.13 1015.76 684.24
00006464 00000472 787.35 195.06 414.36 652.74 830.17 452.98 1016.10 436.49 871.94 572.25 863.58 698.14 1017.74 682.73
00006465 00000473 787.85 193.66 418.29 652.84 830.45 453.61 1016.95 436.45 871.40 571.52 863.82 698.17 1017.90 682.11
00006466 00000474 788.55 195.67 425.92 651.72 831.07 452.51 1016.17 437.51 867.85 571.44 863.26 698.11 1014.65 683.77
00006467 00000475 789.36 197.99 416.61 649.74 831.11 453.79 1016.82 436.87 870.89 570.51 863.84 699.22 1016.81 683.38
00006468 00000476 789.41 195.50 419.65 653.86 833.53 453.08 1020.55 434.97 876.41 569.72 868.96 699.11 1023.58 682.21
00006469 00000477 789.59 194.86 420.24 653.51 833.16 453.68 1020.79 434.13 876.13 568.80 868.88 699.51 1025.96 681.25
00006470 00000478 788.67 196.91 416.00 650.36 831.84 454.68 1016.83 434.94 871.69 567.54 864.08 695.73 1021.89 677.37
00006471 00000479 788.29 195.12 417.12 650.06 828.41 455.41 1011.67 438.16 859.60 570.09 855.60 693.59 1014.02 676.97
00006472 00000480 789.09 187.15 419.02 658.65 827.93 455.00 1010.43 437.46 863.45 565.57 860.41 685.86 1009.06 670.99
00006473 00000481 788.91 195.12 430.95 647.16 829.06 454.55 1016.58 438.87 861.11 567.95 854.03 692.43 1014.31 677.36
00006474 00000482 788.51 196.64 416.03 646.81 830.43 455.63 1017.56 435.47 872.04 570.87 863.46 697.33 1023.26 678.64
CROP_BBOX: 231 0 1502 1080
