Video ID: 	VWsZQzWmo14
H: 	1080
W: 	1920
FPS: 	23.976023976023978

FRAME INDEX X0 Y0 W H [Landmarks (5 Points)]

00001906 00000000 640.73 346.67 463.48 637.96 687.74 623.53 842.38 601.76 713.38 754.23 758.00 847.73 879.68 826.96
00001907 00000001 641.54 355.24 461.47 630.03 687.96 625.46 842.09 606.44 714.45 757.46 758.50 846.76 877.46 828.29
00001908 00000002 644.47 353.31 464.36 630.94 691.47 622.34 848.26 607.45 722.45 756.38 760.87 843.40 883.21 829.93
00001909 00000003 646.80 353.28 462.53 629.27 695.31 621.90 850.90 606.94 726.00 754.65 764.39 842.31 885.44 828.93
00001910 00000004 649.95 347.68 462.35 630.03 699.46 619.02 853.92 604.88 729.20 750.57 768.79 837.93 887.99 825.20
00001911 00000005 651.65 348.39 462.83 624.28 701.76 621.33 852.82 605.21 732.39 748.23 773.12 835.82 888.07 821.28
00001912 00000006 656.53 344.55 462.99 621.41 702.58 616.63 853.73 600.61 730.55 746.07 773.10 840.97 883.03 826.03
00001913 00000007 657.15 343.44 460.64 619.34 703.85 613.98 855.65 599.09 733.14 743.71 772.65 835.62 884.14 821.83
00001914 00000008 657.82 340.25 460.46 619.78 706.30 612.35 857.66 596.73 736.13 738.90 773.47 830.94 885.10 816.80
00001915 00000009 656.78 333.09 463.68 627.87 707.13 610.66 859.17 594.23 737.30 735.13 773.48 829.43 885.28 814.73
00001916 00000010 656.45 332.27 465.02 626.62 707.37 607.73 862.22 591.66 738.85 730.96 772.92 825.98 887.89 811.60
00001917 00000011 658.92 329.47 464.13 628.56 709.83 605.16 862.36 589.46 738.75 726.85 775.98 822.21 891.47 807.99
00001918 00000012 660.69 328.88 463.03 629.77 711.26 604.69 862.00 587.06 737.91 723.53 777.95 821.14 894.29 805.00
00001919 00000013 662.09 331.07 459.58 632.60 710.01 606.46 864.24 584.19 737.29 722.01 780.58 824.92 901.86 804.45
00001920 DELETE   654.42 338.31 466.76 647.05 705.79 616.88 869.03 593.06 741.87 737.64 781.40 841.37 910.70 819.23
00001921 00000015 654.91 343.34 465.61 647.75 712.79 621.25 863.63 601.67 747.78 738.64 785.04 839.85 900.65 822.44
00001922 00000016 654.16 354.58 466.85 637.53 713.54 626.67 865.43 613.09 750.59 749.09 783.14 843.57 896.69 831.47
00001923 00000017 653.71 358.15 469.59 632.62 714.02 630.22 874.43 615.64 756.52 752.21 778.75 847.32 896.51 835.20
00001924 00000018 653.20 358.58 471.59 631.80 714.93 628.81 881.40 612.91 762.00 752.90 776.35 848.06 898.81 835.30
00001925 00000019 654.01 356.95 471.54 630.09 716.23 626.69 884.78 608.59 766.40 750.27 778.55 846.24 901.78 831.84
00001926 00000020 654.12 356.66 470.44 627.31 716.40 624.56 888.19 604.49 771.16 748.40 779.41 844.37 904.89 828.28
00001927 00000021 650.95 356.44 472.69 626.45 715.60 624.66 888.00 603.96 772.35 749.40 781.30 844.11 906.89 827.30
00001928 00000022 646.20 359.41 476.18 622.67 713.58 628.74 885.70 606.70 772.72 752.82 781.81 845.94 906.69 828.00
00001929 00000023 641.72 367.18 479.05 618.69 710.89 634.17 883.82 613.78 770.95 760.43 778.17 848.93 906.18 832.42
00001930 00000024 638.17 373.71 478.07 610.18 707.65 639.72 879.95 619.74 769.32 767.83 776.85 851.05 906.22 834.58
00001931 00000025 636.54 375.33 478.10 608.57 705.90 640.46 877.90 620.94 767.39 769.29 775.13 850.57 906.08 834.32
00001932 00000026 636.79 375.02 475.90 604.11 705.47 638.91 878.41 619.58 767.74 766.38 775.07 847.61 906.57 831.47
00001933 00000027 638.59 370.67 476.87 604.10 707.25 635.71 880.33 614.97 770.68 761.40 776.68 845.03 908.47 827.74
00001934 00000028 640.74 369.29 473.62 603.07 709.38 631.08 881.67 610.58 772.95 758.18 779.49 842.04 909.29 824.98
00001935 00000029 642.34 367.61 472.89 604.70 709.90 630.08 882.78 608.90 772.87 756.17 779.79 840.36 911.33 822.71
00001936 00000030 642.47 368.00 473.06 606.38 710.36 630.30 882.28 610.21 772.65 757.59 781.15 840.42 911.69 823.67
00001937 00000031 642.72 371.77 475.20 606.92 710.15 634.16 881.38 614.79 770.57 761.36 780.83 842.48 912.56 826.40
00001938 00000032 641.46 378.47 470.37 602.92 707.23 641.78 873.01 624.77 765.37 765.41 779.92 843.23 909.47 828.38
00001939 00000033 640.12 376.27 470.05 604.62 706.21 641.69 872.38 623.42 764.64 764.35 779.13 843.48 909.64 827.52
00001940 00000034 640.17 365.28 471.07 611.62 707.62 634.40 875.45 618.89 765.33 759.28 777.60 838.13 908.91 824.51
00001941 00000035 644.84 349.52 473.55 622.16 707.13 618.93 883.60 601.54 764.74 752.92 775.41 839.49 906.67 824.60
00001942 00000036 648.79 344.63 471.51 622.29 711.56 611.66 884.58 594.63 767.95 745.09 777.21 830.26 907.38 815.98
00001943 00000037 653.78 351.73 471.46 615.44 716.55 608.89 885.31 588.06 770.89 742.68 789.33 824.26 921.70 806.44
00001944 00000038 657.65 354.99 469.61 628.28 718.63 620.96 885.92 600.60 769.40 745.20 789.58 836.41 924.47 818.96
00001945 00000039 659.31 354.45 468.67 625.04 718.99 621.23 890.31 603.22 771.29 747.54 785.57 836.04 923.96 820.63
00001946 00000040 664.32 352.41 468.04 617.43 724.34 616.15 901.32 596.69 779.47 739.02 788.79 832.06 926.04 815.72
00001947 00000041 667.26 354.82 465.91 604.70 730.05 610.74 907.85 591.94 786.78 732.69 797.15 827.05 929.13 810.99
00001948 00000042 668.88 353.60 476.27 601.33 730.21 602.12 903.52 587.68 784.71 740.55 799.28 820.89 924.96 808.94
00001949 00000043 664.89 350.40 477.22 605.96 727.02 599.59 897.39 587.03 778.18 738.50 794.48 819.45 918.41 809.15
00001950 00000044 665.28 352.25 473.73 608.38 726.69 599.34 896.89 587.56 776.97 737.79 791.79 822.13 913.82 812.66
00001951 00000045 669.33 352.57 459.82 610.67 731.25 605.21 904.60 585.94 785.67 727.68 795.50 824.26 922.95 808.11
00001952 00000046 669.45 354.34 462.43 609.78 732.72 606.12 907.28 587.20 788.33 728.91 798.19 825.80 925.78 809.80
00001953 00000047 665.71 353.76 460.12 612.96 729.51 610.61 903.76 590.24 786.79 732.04 795.41 830.05 921.63 812.95
00001954 00000048 662.45 351.41 461.83 618.61 724.80 610.80 899.17 590.50 781.52 733.28 788.93 831.96 916.62 815.15
00001955 00000049 660.25 345.74 472.88 619.18 721.07 602.16 896.41 583.78 776.78 734.56 788.40 827.83 915.24 812.90
00001956 DELETE   662.33 333.73 472.19 622.84 721.95 592.30 896.15 572.44 775.45 720.96 789.18 813.99 921.01 797.34
00001957 00000051 668.06 321.79 471.97 627.93 726.65 585.45 898.09 564.18 778.67 715.31 792.03 805.20 927.65 787.35
00001958 00000052 671.31 326.41 474.28 617.40 733.67 588.43 901.56 571.96 784.44 714.96 800.32 798.86 933.90 784.04
00001959 00000053 672.83 332.72 475.85 616.79 736.32 597.97 904.16 576.14 791.33 722.71 807.81 806.48 940.22 787.05
00001960 00000054 671.11 345.76 476.74 610.71 736.09 604.36 907.99 581.48 795.25 732.84 810.74 815.88 941.46 796.07
00001961 DELETE   669.67 354.68 463.75 605.35 734.74 610.26 912.17 584.63 795.72 726.30 805.80 825.62 940.02 803.95
00001962 00000056 673.69 348.02 472.38 609.16 737.14 603.33 909.29 582.06 794.41 732.02 808.89 821.32 932.23 803.55
00001963 DELETE   675.53 332.40 469.95 621.13 737.77 592.17 907.89 578.56 788.65 724.64 800.80 811.05 923.45 799.87
00001964 00000058 671.78 327.28 467.07 619.14 736.13 595.84 900.20 581.69 783.66 715.44 793.29 806.21 912.15 794.28
00001965 00000059 670.07 327.31 468.08 620.98 729.28 588.99 894.47 574.42 776.67 718.36 790.22 808.07 910.10 796.14
00001966 00000060 666.84 326.79 474.20 625.87 726.24 587.43 892.70 569.53 774.79 722.01 794.90 813.37 914.66 798.77
00001967 DELETE   673.99 320.52 470.07 631.44 733.64 587.31 902.96 568.50 785.21 720.13 798.58 811.25 924.51 795.80
00001968 DELETE   681.03 316.49 465.63 633.65 737.83 577.09 909.01 563.88 785.58 712.74 793.53 805.06 922.62 794.58
00001969 00000063 688.50 309.82 460.83 636.21 744.22 571.13 915.26 563.55 790.08 708.82 791.97 798.09 923.61 792.14
00001970 00000064 691.85 308.06 462.27 636.45 748.43 582.36 919.38 571.16 796.01 708.37 796.92 802.96 923.15 793.73
00001971 DELETE   695.00 309.35 461.42 638.00 750.10 578.36 926.12 572.38 801.48 718.73 801.53 809.34 926.93 804.70
00001972 DELETE   693.45 317.92 469.79 642.75 752.84 577.72 933.03 572.76 805.52 727.25 807.88 812.31 941.62 807.60
00001973 00000067 698.57 327.15 469.79 634.60 760.13 578.93 944.55 571.07 815.88 723.07 812.98 806.33 960.76 798.54
00001974 00000068 704.08 322.55 469.79 637.49 776.14 581.32 959.34 573.95 832.64 717.64 824.26 804.48 975.30 797.37
00001975 00000069 709.88 320.99 467.80 640.50 783.40 578.69 964.69 572.39 837.87 720.39 832.50 800.73 988.28 794.57
00001976 00000070 711.09 325.34 469.74 642.33 786.12 583.82 964.89 575.77 842.04 722.45 838.74 807.34 989.17 799.63
00001977 00000071 709.88 335.62 470.65 641.11 780.13 594.86 961.30 582.29 836.88 730.75 836.69 818.39 989.97 806.59
00001978 00000072 707.77 335.58 470.53 645.21 775.44 596.41 956.53 585.01 828.90 730.51 829.62 821.82 980.70 811.23
00001979 00000073 705.55 332.59 467.39 640.22 775.35 590.20 954.84 584.60 827.31 725.35 821.13 814.39 966.92 808.98
00001980 00000074 700.64 322.25 466.91 640.19 768.83 575.79 955.12 578.34 824.87 719.49 809.13 801.51 957.70 802.66
00001981 00000075 702.01 320.36 465.31 631.65 774.03 575.17 954.35 577.09 826.33 708.58 808.64 797.06 952.62 798.29
00001982 00000076 700.50 319.62 465.77 630.31 773.02 571.06 955.59 574.60 825.20 705.76 806.12 794.06 952.58 796.80
00001983 00000077 699.52 319.30 465.45 631.17 770.18 573.29 953.03 574.67 823.44 707.95 805.37 796.70 951.82 797.53
00001984 00000078 697.55 326.97 464.93 622.97 766.47 574.68 950.51 575.49 819.15 710.39 803.06 798.87 949.24 799.07
00001985 00000079 695.70 330.42 463.99 619.10 764.61 574.87 948.81 575.17 817.59 711.23 801.20 799.73 946.71 799.40
00001986 00000080 695.17 328.54 465.16 619.46 764.30 573.91 948.74 574.52 817.65 710.61 800.74 798.90 946.48 798.95
00001987 00000081 698.89 330.00 462.52 615.91 767.98 582.74 953.17 585.76 823.50 710.71 802.48 797.66 946.98 799.64
00001988 00000082 698.20 332.28 464.44 612.93 766.65 585.57 953.07 585.64 825.70 712.19 805.32 802.32 946.27 802.22
00001989 00000083 699.73 329.30 462.32 618.47 767.09 582.43 950.91 582.62 822.51 711.67 805.22 802.00 945.01 801.88
00001990 00000084 699.71 319.23 466.93 626.90 769.70 568.29 950.11 566.08 824.65 701.75 812.32 794.91 951.22 792.92
00001991 00000085 702.02 315.33 467.44 626.75 773.04 564.80 952.46 563.20 828.33 698.07 814.95 789.62 953.95 788.25
00001992 00000086 705.34 309.06 466.42 627.99 775.51 561.18 954.29 559.11 830.22 693.83 815.98 785.76 954.93 784.03
00001993 00000087 707.38 303.44 466.03 632.13 776.78 557.13 955.54 554.52 831.43 690.22 816.41 784.66 952.32 782.66
00001994 00000088 709.49 299.90 464.72 633.01 779.14 554.76 959.79 551.09 834.81 687.72 818.12 784.85 952.10 782.34
00001995 00000089 712.62 300.39 466.30 630.12 783.45 554.72 962.81 550.39 839.11 685.50 822.04 782.13 956.06 779.22
00001996 00000090 715.02 298.86 466.32 627.72 784.22 555.08 963.40 548.87 841.19 684.74 823.90 782.28 959.80 777.78
00001997 00000091 714.16 300.03 468.25 625.79 783.80 555.12 961.37 548.64 838.48 683.05 824.48 781.50 959.47 776.66
00001998 00000092 711.87 298.19 468.77 626.80 781.01 553.71 957.92 547.14 834.11 680.29 820.94 779.09 955.16 774.26
00001999 00000093 711.80 297.84 466.50 625.85 782.25 560.74 954.28 553.43 832.56 675.69 820.08 776.08 950.02 770.30
00002000 00000094 707.85 298.09 468.10 625.01 779.04 561.51 952.03 553.13 831.30 676.88 818.53 776.43 948.39 769.76
00002001 00000095 703.80 300.04 469.06 625.89 773.43 558.55 948.82 548.95 828.41 678.60 816.86 780.39 947.90 772.55
00002002 00000096 699.25 299.72 468.61 628.74 765.04 558.63 945.01 547.04 822.40 687.11 812.42 786.49 951.98 776.79
00002003 00000097 696.64 306.81 467.37 621.38 754.53 560.94 932.34 543.45 806.29 691.39 808.99 786.55 951.03 771.00
00002004 00000098 692.51 307.46 469.70 625.82 749.62 562.72 921.22 545.66 796.13 694.48 807.62 786.73 948.93 771.22
00002005 00000099 683.82 310.57 469.32 624.35 740.48 570.98 906.86 548.32 786.27 693.82 802.74 788.64 940.79 768.84
00002006 00000100 673.51 312.30 471.22 625.75 730.99 578.21 894.77 552.80 778.26 697.66 795.77 792.13 930.76 770.50
00002007 00000101 663.82 315.15 470.85 624.47 723.52 583.16 887.08 556.84 774.73 704.72 790.48 796.40 923.27 774.53
00002008 00000102 657.57 315.12 470.63 626.52 719.03 585.20 882.35 561.46 771.44 709.56 785.00 801.45 915.31 781.80
00002009 00000103 653.45 327.70 472.69 618.63 714.39 591.03 878.11 565.74 767.63 717.55 787.73 809.86 914.13 788.78
00002010 00000104 645.72 336.46 476.97 612.25 710.34 597.16 877.58 572.45 768.88 726.48 790.36 815.84 915.71 794.78
00002011 00000105 642.23 341.48 481.03 609.07 713.30 610.20 884.27 585.47 776.94 728.51 790.21 820.49 916.12 799.29
00002012 00000106 641.70 344.43 481.14 608.58 712.15 614.71 884.66 588.20 777.20 734.15 790.92 826.37 916.53 803.82
00002013 00000107 639.21 345.64 483.99 612.91 710.46 614.05 881.75 587.16 774.44 737.53 790.82 830.39 916.89 807.43
00002014 00000108 639.79 349.24 483.27 612.73 708.89 609.13 878.83 582.77 771.28 740.96 792.50 835.89 913.38 813.69
00002015 00000109 640.14 351.33 482.59 611.40 710.13 608.27 879.02 583.36 771.61 740.73 793.58 836.09 912.32 815.03
00002016 00000110 640.77 350.81 483.23 611.68 711.18 608.77 880.77 583.50 773.30 740.37 793.84 836.72 912.79 815.38
00002017 00000111 641.51 350.67 482.73 611.94 712.26 609.48 881.10 583.63 774.50 740.49 795.40 837.68 913.00 815.87
00002018 00000112 642.24 349.57 482.47 613.74 712.26 609.50 881.65 584.08 774.51 741.25 795.11 838.02 913.39 816.54
00002019 00000113 642.40 351.76 482.07 612.62 711.92 610.40 881.13 584.46 774.14 741.95 794.86 839.49 912.67 817.62
00002020 00000114 643.05 350.51 481.44 615.29 712.84 612.29 881.39 585.60 775.18 742.57 795.44 840.93 913.34 818.40
00002021 00000115 641.54 353.50 482.95 614.27 710.23 613.59 881.04 586.52 773.67 746.13 793.53 843.92 913.33 821.05
00002022 00000116 638.15 359.00 484.28 611.10 707.11 616.09 879.99 587.46 771.84 748.77 791.63 845.94 913.41 821.76
00002023 00000117 636.63 359.72 486.07 607.78 704.52 617.32 878.50 588.85 770.18 751.92 789.96 845.78 912.74 821.71
00002024 00000118 637.69 352.97 484.74 610.56 704.77 614.76 878.92 588.89 769.50 751.15 787.26 842.92 910.84 820.96
CROP_BBOX: 323 0 1478 1080
