Video ID: 	OTkhrjeNglU
H: 	1080
W: 	1920
FPS: 	25.0

FRAME INDEX X0 Y0 W H [Landmarks (5 Points)]

00007135 00000000 863.30 212.51 372.43 552.58 905.44 426.50 1054.01 442.76 919.45 542.37 919.92 620.01 1049.61 631.79
00007136 00000001 863.61 213.68 372.29 553.45 905.78 427.41 1053.96 442.70 919.24 542.53 921.18 620.89 1050.94 631.88
00007137 00000002 864.04 213.84 371.96 556.02 906.69 427.16 1055.31 441.83 919.72 541.12 922.41 620.88 1053.34 631.42
00007138 00000003 865.82 212.42 379.15 556.73 913.31 430.49 1054.91 437.99 923.71 535.50 926.46 619.21 1055.62 623.97
00007139 00000004 867.85 209.95 378.31 556.69 915.15 430.74 1055.94 436.28 926.52 533.44 928.70 619.24 1056.64 622.45
00007140 00000005 869.08 205.56 373.27 551.28 910.44 421.13 1061.66 432.67 926.56 531.82 926.33 613.38 1060.78 621.22
00007141 00000006 871.66 201.03 373.10 546.88 912.97 418.88 1066.03 427.95 932.57 526.47 930.64 608.25 1068.23 614.06
00007142 00000007 874.31 196.05 373.47 547.35 915.63 416.66 1069.74 424.67 936.68 522.71 933.43 606.01 1071.21 610.97
00007143 00000008 877.48 196.61 372.46 546.48 919.03 416.89 1072.01 424.57 938.66 520.65 937.20 605.11 1073.04 609.80
00007144 00000009 880.13 199.31 370.85 545.67 921.29 417.48 1072.85 425.40 939.78 520.62 939.68 605.31 1073.72 610.12
00007145 00000010 883.77 205.34 371.36 542.04 921.92 426.06 1072.42 423.81 946.00 520.70 940.13 606.52 1077.37 604.90
00007146 00000011 883.85 204.74 373.22 553.75 923.29 428.39 1071.56 424.98 946.40 522.83 943.43 610.45 1081.08 607.46
00007147 00000012 884.03 213.45 374.03 557.22 925.01 433.60 1067.38 427.83 944.09 527.49 950.45 617.68 1085.05 611.93
00007148 00000013 883.64 225.65 373.98 554.72 926.18 438.98 1064.25 435.07 942.47 537.37 951.64 623.83 1086.16 619.50
00007149 00000014 882.52 228.90 376.43 558.80 925.17 444.52 1061.15 440.94 939.41 544.69 951.86 630.92 1086.49 626.88
00007150 00000015 881.36 231.78 376.61 555.36 923.37 449.37 1060.48 447.09 939.74 552.49 949.96 635.64 1083.49 632.90
00007151 00000016 880.98 233.57 375.94 552.23 921.99 450.75 1062.01 451.68 939.72 556.96 945.83 640.53 1077.16 640.78
00007152 00000017 879.77 235.19 378.10 548.52 921.60 450.95 1063.38 454.59 941.11 560.12 944.13 644.90 1070.67 647.80
00007153 00000018 879.19 235.24 377.38 547.33 921.47 452.18 1062.59 457.82 939.79 562.68 942.93 645.68 1067.62 650.10
00007154 00000019 878.47 236.39 376.31 544.06 920.71 451.81 1061.91 457.92 939.12 562.84 942.03 644.24 1066.36 648.93
00007155 00000020 878.10 235.95 375.92 542.27 920.67 450.83 1061.80 458.51 939.13 562.13 941.08 641.61 1065.17 647.45
00007156 00000021 878.27 235.45 375.64 540.78 921.04 451.07 1062.91 458.16 940.41 560.95 940.04 638.11 1067.95 643.41
00007157 00000022 877.20 237.44 377.90 538.61 920.59 451.76 1063.10 457.37 939.10 558.77 938.69 634.23 1073.14 637.99
00007158 00000023 876.95 237.11 378.58 537.65 920.66 451.16 1063.58 455.94 938.92 556.66 939.63 630.87 1076.74 633.73
00007159 00000024 876.39 240.61 378.47 533.34 921.16 450.80 1063.64 455.15 940.03 554.56 940.95 628.13 1079.96 630.44
00007160 00000025 878.21 239.16 376.47 533.22 923.02 449.31 1064.18 453.31 940.99 551.70 942.81 625.34 1081.35 627.47
00007161 00000026 878.97 238.10 376.76 533.32 924.59 448.09 1065.20 451.39 943.11 549.90 944.54 623.49 1083.91 625.06
00007162 00000027 881.22 233.83 376.32 536.54 926.61 446.51 1066.70 449.72 945.63 548.65 947.09 620.25 1086.77 621.62
00007163 00000028 884.37 228.69 375.65 540.92 927.74 442.60 1068.63 445.36 946.85 545.45 948.85 618.33 1088.91 619.25
00007164 00000029 886.83 225.74 374.49 544.58 929.11 440.40 1070.23 442.80 947.38 543.77 950.43 616.66 1091.00 617.16
00007165 00000030 888.44 218.65 375.03 549.46 930.51 435.66 1073.91 438.23 949.78 540.62 950.57 612.60 1092.53 613.24
00007166 00000031 888.06 211.62 377.17 553.01 931.53 434.41 1077.48 434.99 952.90 535.66 950.21 609.64 1095.23 608.46
00007167 00000032 890.18 209.36 376.46 551.56 932.20 432.18 1079.20 430.21 954.00 531.41 952.45 606.86 1096.20 603.64
00007168 00000033 892.98 206.62 375.16 556.26 933.78 429.76 1078.51 427.51 953.31 529.03 954.67 606.30 1095.20 603.13
00007169 00000034 897.05 206.96 371.90 560.29 934.96 429.44 1078.13 426.50 952.15 528.42 957.29 608.58 1096.02 605.10
00007170 00000035 897.65 204.88 370.68 563.10 935.54 430.02 1077.02 426.73 951.40 528.80 957.49 610.50 1094.19 606.89
00007171 00000036 899.19 203.80 368.27 566.99 935.15 429.66 1073.73 426.63 948.32 528.68 957.83 611.87 1090.72 608.48
00007172 00000037 898.31 202.28 367.03 570.07 933.83 431.41 1071.92 427.15 945.68 528.95 956.99 614.01 1090.25 609.48
00007173 00000038 899.67 203.54 365.05 568.14 933.39 431.66 1069.68 426.78 943.12 530.10 958.02 614.83 1088.95 609.73
00007174 00000039 900.90 205.48 365.08 565.67 934.51 430.68 1071.23 427.19 945.15 530.60 958.63 613.35 1090.15 609.42
00007175 00000040 900.06 204.54 368.50 566.12 935.38 429.65 1076.53 427.80 951.37 532.39 959.01 614.41 1091.10 612.30
00007176 00000041 902.65 205.30 369.61 562.02 940.42 430.20 1082.32 428.55 959.57 532.57 963.04 616.87 1090.99 615.81
00007177 00000042 906.15 203.34 370.30 559.78 946.69 429.61 1089.01 430.90 968.64 534.34 966.63 618.23 1089.69 619.85
00007178 00000043 905.29 207.49 372.47 559.33 954.80 426.44 1092.59 437.01 965.51 532.01 972.51 618.23 1084.83 624.54
00007179 00000044 905.73 205.69 373.04 559.13 955.63 427.21 1095.84 438.32 967.54 533.20 972.16 618.27 1086.19 625.09
00007180 00000045 904.67 206.74 372.13 554.24 954.45 425.72 1094.05 437.57 965.12 533.44 970.91 616.74 1084.48 623.96
00007181 00000046 902.52 205.13 371.69 551.66 951.07 422.56 1087.56 433.97 959.62 528.43 968.77 614.27 1076.81 621.00
00007182 00000047 901.15 204.74 368.94 549.85 948.67 420.52 1084.01 431.68 955.45 525.92 964.90 612.73 1071.80 619.35
00007183 00000048 900.25 202.65 370.49 551.73 948.81 420.18 1085.20 432.34 956.05 526.31 964.51 613.19 1071.41 620.67
00007184 00000049 902.02 202.48 371.69 553.57 951.61 421.53 1090.79 435.97 962.11 530.69 966.39 612.96 1077.59 622.31
00007185 00000050 903.36 205.44 374.68 552.40 954.60 423.11 1099.29 437.97 969.92 535.37 968.40 614.41 1085.31 624.43
00007186 00000051 904.61 205.55 378.70 556.81 956.42 424.19 1104.85 438.81 975.73 536.93 971.10 617.29 1089.85 627.32
00007187 00000052 907.00 205.61 377.12 559.86 958.04 424.08 1104.76 437.71 975.80 534.29 973.01 618.73 1087.81 628.06
00007188 00000053 906.03 205.15 375.48 555.53 957.28 423.25 1101.33 437.61 972.58 532.45 971.23 616.13 1084.98 625.84
00007189 00000054 906.07 201.71 371.42 550.77 957.76 420.71 1097.88 436.40 968.48 528.75 968.50 610.42 1080.44 621.18
00007190 00000055 906.46 201.79 370.69 545.18 957.55 417.61 1097.64 435.29 966.77 527.25 965.72 605.46 1079.22 618.00
00007191 00000056 910.10 200.75 373.96 549.52 961.04 417.41 1106.06 434.09 973.90 526.51 969.11 607.01 1085.42 618.92
00007192 00000057 913.37 201.71 380.06 552.23 964.44 414.06 1116.60 427.52 985.54 525.61 977.58 612.71 1092.82 622.56
00007193 00000058 916.70 198.25 381.62 557.11 967.15 415.05 1124.23 426.68 993.15 529.63 981.74 616.44 1103.13 625.12
00007194 00000059 916.60 196.07 382.07 554.90 966.56 414.57 1125.78 426.79 994.12 530.57 980.49 614.40 1106.07 623.48
00007195 00000060 914.09 198.77 381.50 550.55 963.80 411.93 1120.02 425.73 988.14 528.20 976.70 612.11 1099.24 622.27
00007196 00000061 911.79 199.75 378.06 549.74 963.03 414.20 1111.86 428.61 979.74 524.47 975.36 609.16 1091.28 619.53
00007197 00000062 911.38 202.41 373.44 546.37 961.18 415.83 1103.60 430.49 971.24 524.35 973.72 606.75 1091.02 616.80
00007198 00000063 911.28 205.96 372.20 544.25 961.72 417.37 1104.75 432.54 971.95 525.34 972.79 607.21 1091.41 617.71
00007199 00000064 914.02 204.74 374.28 551.39 963.18 417.51 1112.30 433.55 976.57 527.94 973.55 610.13 1098.48 621.58
00007200 00000065 916.29 207.16 381.23 554.23 966.03 418.85 1121.33 432.81 984.85 531.61 976.47 613.30 1109.39 623.50
00007201 00000066 920.08 208.56 381.86 554.48 969.20 420.02 1125.87 432.18 991.41 532.87 979.89 614.68 1114.53 623.80
00007202 00000067 920.60 208.85 382.74 550.81 970.13 419.22 1126.69 430.83 993.37 531.76 980.77 613.15 1115.61 621.83
00007203 00000068 920.64 206.00 380.56 549.65 968.66 418.11 1124.13 431.30 988.88 530.04 978.29 609.34 1113.06 619.03
00007204 00000069 919.68 202.06 378.16 550.44 966.61 417.72 1118.23 431.37 982.88 526.50 977.15 608.62 1104.60 618.49
00007205 00000070 917.81 199.13 377.06 550.19 965.10 415.19 1116.01 429.91 980.25 525.09 976.66 607.80 1101.02 618.45
00007206 00000071 918.02 199.31 377.69 550.06 965.19 414.85 1116.80 428.88 981.65 525.56 977.15 608.31 1101.79 618.51
00007207 00000072 918.08 199.09 382.99 552.97 965.59 414.58 1119.50 427.73 984.53 526.28 979.26 609.79 1105.93 619.43
00007208 00000073 918.52 200.13 383.18 554.65 966.73 416.67 1121.31 428.39 988.25 527.31 981.68 612.46 1107.83 621.01
00007209 00000074 919.62 203.83 379.32 564.41 967.74 418.17 1120.75 429.59 985.01 526.96 982.38 616.95 1108.92 625.22
00007210 00000075 917.05 202.54 377.91 576.71 964.84 420.02 1113.44 431.49 976.92 527.66 981.28 620.75 1104.75 628.93
00007211 00000076 911.69 204.89 375.13 570.86 961.87 424.06 1104.39 435.90 972.09 529.71 977.52 619.89 1095.68 627.93
00007212 00000077 906.41 205.46 375.17 560.44 958.20 425.71 1099.79 438.58 966.99 529.87 971.28 616.35 1089.28 624.83
00007213 00000078 903.94 205.79 373.98 557.77 955.77 426.29 1098.64 439.78 966.82 532.02 968.09 616.01 1086.72 624.86
00007214 00000079 900.51 206.17 383.05 567.37 954.46 424.79 1099.50 432.81 969.40 536.86 975.83 623.62 1094.74 630.85
00007215 00000080 898.07 207.31 384.77 571.62 955.42 424.67 1101.14 433.42 974.35 539.38 978.65 623.71 1100.25 631.05
00007216 00000081 895.68 208.05 386.81 566.92 952.20 425.37 1100.57 433.19 975.11 541.60 977.68 623.85 1100.31 630.70
00007217 00000082 895.25 208.94 385.20 557.07 948.30 423.36 1097.48 434.07 971.78 544.79 974.32 620.11 1096.37 629.84
00007218 00000083 895.57 210.86 375.30 542.10 947.54 426.02 1091.04 438.81 963.77 532.47 962.70 613.51 1078.61 621.44
00007219 00000084 894.70 210.21 374.39 541.07 946.34 423.94 1087.03 436.49 960.82 530.11 962.04 613.08 1073.77 620.79
00007220 00000085 893.10 208.99 375.37 543.75 945.43 423.88 1086.34 435.88 960.32 528.74 962.57 614.47 1072.17 621.69
00007221 00000086 891.98 207.94 376.21 546.91 944.77 424.04 1085.80 434.95 960.31 528.05 963.44 615.59 1072.27 621.88
00007222 00000087 892.73 201.58 375.41 554.92 936.32 428.47 1081.40 430.55 965.28 534.92 960.42 617.66 1081.15 620.66
00007223 00000088 892.85 203.51 375.77 558.68 936.53 429.53 1080.86 430.91 963.94 534.83 958.67 615.65 1084.83 617.56
00007224 00000089 892.08 202.92 374.87 561.87 934.64 430.28 1079.27 430.62 961.18 535.17 957.62 616.55 1086.14 617.28
00007225 00000090 890.50 203.67 374.51 560.24 932.46 429.58 1077.47 431.06 957.59 534.75 954.18 614.09 1085.14 615.41
00007226 00000091 887.63 205.76 374.59 557.33 927.82 429.00 1073.17 430.97 951.78 533.84 950.35 614.64 1080.79 616.14
00007227 00000092 885.54 208.41 372.86 552.68 923.90 426.25 1067.37 430.36 944.64 532.66 946.66 613.58 1074.10 616.92
00007228 00000093 880.48 204.26 368.13 558.32 921.63 421.26 1066.10 433.46 934.75 535.37 944.78 617.46 1067.58 625.53
00007229 00000094 878.40 205.61 367.18 560.16 918.16 420.91 1060.86 432.57 929.29 536.30 942.60 619.40 1063.55 627.08
00007230 00000095 876.67 203.96 373.40 568.87 920.26 429.72 1052.23 431.04 927.42 534.90 940.67 622.82 1059.90 623.34
00007231 00000096 875.41 202.89 373.56 571.47 919.53 427.73 1051.39 429.40 926.36 534.27 941.07 622.37 1060.86 622.89
00007232 00000097 876.41 201.55 373.94 572.89 920.14 427.37 1052.58 428.23 927.12 533.41 941.37 622.58 1062.12 622.45
00007233 00000098 877.25 200.43 372.88 571.62 920.89 427.98 1054.55 428.02 930.00 532.43 941.70 621.49 1063.32 620.85
00007234 00000099 877.87 200.64 373.27 569.24 921.68 428.93 1055.39 429.64 930.53 532.61 941.82 620.70 1062.67 620.73
00007235 00000100 878.48 201.56 371.42 565.97 921.32 428.26 1055.07 429.54 930.04 532.39 940.78 620.29 1060.80 620.91
00007236 00000101 877.46 197.71 371.73 569.58 919.20 425.72 1051.81 426.45 925.87 529.35 940.35 620.32 1059.12 620.19
00007237 00000102 878.55 195.92 369.71 574.98 919.75 425.32 1050.63 425.81 924.01 529.27 940.61 621.82 1058.31 621.59
00007238 00000103 878.24 196.06 369.45 572.84 919.79 424.85 1050.93 427.44 923.90 530.11 939.41 622.01 1054.90 623.59
00007239 00000104 877.64 194.22 370.74 568.37 921.00 423.90 1055.32 429.88 928.08 529.56 937.51 619.04 1054.06 623.30
00007240 00000105 880.54 195.35 367.84 564.40 918.33 417.49 1064.17 432.42 930.10 532.99 936.72 615.05 1058.41 625.64
00007241 00000106 882.39 200.76 371.21 557.20 922.30 419.36 1070.40 434.47 938.59 535.58 941.84 615.55 1066.02 625.96
00007242 00000107 885.60 206.33 376.36 552.68 926.61 429.13 1073.45 434.67 952.36 536.08 945.16 615.96 1075.51 620.78
00007243 00000108 888.74 210.13 377.40 556.66 932.25 434.24 1077.77 438.66 960.33 542.29 953.52 623.68 1082.39 627.68
00007244 00000109 891.19 213.77 378.48 557.78 934.74 436.52 1079.51 438.41 962.97 543.99 959.96 628.68 1085.94 630.63
00007245 00000110 891.02 211.81 378.54 559.33 934.25 438.05 1080.42 438.87 963.20 544.24 959.12 629.47 1088.10 630.43
00007246 00000111 887.49 209.93 381.38 560.05 931.27 437.68 1079.37 438.90 960.95 542.70 954.68 627.92 1087.59 628.90
00007247 00000112 886.97 211.09 378.81 555.78 928.44 435.43 1075.21 438.58 953.38 540.10 948.34 624.34 1081.56 627.01
00007248 00000113 883.75 213.64 378.05 552.11 923.88 433.97 1069.83 436.95 946.49 538.12 942.66 622.50 1075.63 624.97
00007249 00000114 882.87 217.45 374.81 552.59 923.67 434.88 1066.61 441.54 943.22 543.43 941.80 625.23 1070.35 631.09
00007250 00000115 882.70 220.23 372.93 551.50 922.68 439.58 1064.09 447.07 941.89 548.29 941.04 631.10 1065.13 637.82
00007251 00000116 882.02 224.67 373.36 547.10 923.64 441.62 1067.79 451.04 945.34 551.77 940.13 635.98 1062.98 644.43
00007252 00000117 884.08 224.45 373.73 548.21 926.54 443.52 1073.15 452.76 951.69 551.48 941.43 640.10 1066.43 648.52
00007253 00000118 886.38 221.29 375.57 547.54 928.76 442.64 1075.46 448.95 956.72 549.57 946.56 639.45 1071.96 645.50
00007254 00000119 887.97 217.38 375.18 547.51 931.62 436.58 1074.98 443.11 958.85 546.14 951.96 632.77 1073.71 638.89
00007255 00000120 888.51 208.29 372.53 549.92 930.66 431.12 1074.82 438.18 957.46 541.30 949.16 623.65 1075.00 630.21
00007256 00000121 887.97 201.45 368.38 548.90 928.50 419.66 1080.07 433.68 949.98 532.39 947.83 614.31 1073.16 623.68
00007257 00000122 884.91 194.56 370.83 547.33 925.58 415.44 1078.27 428.09 947.21 525.15 944.75 607.10 1073.84 615.56
00007258 00000123 885.12 192.58 371.50 544.10 924.60 412.50 1076.86 423.77 944.20 521.23 943.51 602.43 1074.27 609.94
00007259 00000124 886.36 193.75 371.61 540.36 926.16 410.37 1079.06 420.89 947.01 520.17 945.45 599.89 1077.05 606.84
00007260 00000125 888.00 192.03 372.47 541.70 927.92 409.27 1082.77 419.26 950.24 517.95 947.04 598.75 1079.99 605.31
00007261 00000126 890.08 193.91 370.37 542.40 929.84 411.54 1081.81 419.85 951.33 519.99 952.73 602.21 1079.71 607.21
00007262 00000127 890.21 194.69 368.37 548.65 930.15 416.80 1079.21 423.50 951.23 521.99 956.80 609.27 1076.99 612.89
00007263 00000128 888.47 197.64 366.88 546.07 926.11 418.70 1072.29 426.04 944.40 527.01 952.61 609.49 1075.34 613.37
00007264 00000129 883.92 198.04 369.36 545.88 921.26 420.10 1066.14 428.73 937.62 530.76 946.72 607.95 1074.00 612.73
00007265 00000130 885.81 203.71 367.02 540.46 922.24 422.17 1064.20 431.98 937.80 536.09 948.79 609.66 1074.41 614.87
00007266 00000131 886.77 208.03 367.85 537.25 923.90 424.02 1065.89 432.63 941.87 539.12 953.79 610.38 1078.86 614.43
00007267 00000132 887.22 203.81 374.35 543.68 928.98 432.79 1061.98 429.87 945.68 534.46 957.93 612.67 1076.73 609.29
00007268 00000133 888.87 203.41 376.63 541.87 932.00 433.26 1065.64 428.95 949.09 531.94 961.26 611.48 1078.92 607.00
00007269 00000134 890.35 198.71 375.31 541.84 932.33 429.93 1065.02 426.13 947.55 527.54 961.72 607.79 1079.17 603.70
00007270 00000135 890.89 194.90 375.85 544.56 931.54 428.03 1064.12 424.55 945.04 525.94 961.45 607.22 1078.94 603.41
00007271 00000136 891.85 191.93 375.10 547.93 933.26 426.30 1065.56 423.60 946.46 525.28 963.03 606.60 1080.13 603.38
00007272 00000137 897.98 191.89 366.55 548.61 935.14 418.47 1077.89 422.61 951.77 525.74 965.04 607.46 1089.65 607.91
00007273 00000138 899.59 191.93 366.88 547.78 936.20 417.70 1080.46 422.35 953.22 525.87 966.16 608.07 1091.61 608.93
00007274 00000139 897.65 192.76 370.14 549.60 936.98 418.34 1078.64 420.92 950.95 525.44 970.72 605.04 1094.29 605.36
CROP_BBOX: 665 0 1501 907
