Video ID: 	IFj45ICoFXk
H: 	1080
W: 	1920
FPS: 	25.0

FRAME INDEX X0 Y0 W H [Landmarks (5 Points)]

00003188 00000000 466.66 127.72 408.41 625.99 607.04 402.13 800.19 417.90 712.54 535.89 609.52 610.07 763.15 623.17
00003189 00000001 470.66 124.92 412.71 629.25 611.77 401.82 804.60 421.99 713.21 538.01 609.16 608.77 762.64 625.05
00003190 DELETE   476.04 121.27 413.10 633.55 617.76 400.25 807.99 425.20 714.70 539.64 611.18 606.69 762.46 626.72
00003191 00000003 483.73 121.33 411.99 635.30 625.83 397.88 814.89 425.51 719.71 540.14 615.60 607.80 768.49 629.88
00003192 00000004 491.13 127.86 408.80 629.40 628.32 397.36 821.19 426.85 720.64 538.51 615.34 607.07 772.60 630.95
00003193 DELETE   498.20 125.46 407.15 629.57 633.45 396.14 824.36 428.14 723.09 542.70 615.93 603.48 776.01 629.86
00003194 DELETE   501.39 126.92 405.65 624.06 636.27 396.06 827.12 430.19 725.17 543.81 616.62 599.88 779.59 628.28
00003195 DELETE   502.23 124.25 405.87 627.55 637.73 399.10 828.46 433.28 727.72 545.86 616.56 599.49 781.15 627.74
00003196 00000008 499.02 125.28 408.27 632.31 636.03 399.72 828.03 435.58 726.23 548.82 611.47 600.09 780.51 629.98
00003197 00000009 496.42 126.83 410.79 633.47 633.20 396.81 826.85 434.69 721.68 548.68 605.59 596.38 778.76 628.16
00003198 00000010 492.08 130.13 413.86 635.30 629.63 395.78 824.94 428.40 720.21 547.81 604.49 598.85 778.79 626.42
00003199 00000011 487.32 134.13 413.43 628.48 626.79 394.93 822.28 426.32 717.51 544.54 603.26 597.37 776.21 624.03
00003200 00000012 484.55 122.97 413.50 639.52 625.00 396.91 817.22 432.24 714.34 547.24 601.78 598.15 769.78 627.32
00003201 00000013 483.01 123.12 413.68 636.57 624.15 398.94 815.70 433.98 713.59 547.73 602.64 599.78 766.86 628.64
00003202 00000014 481.71 127.30 413.05 629.47 622.47 399.71 814.66 433.70 711.90 550.19 600.41 600.39 764.10 628.64
00003203 00000015 481.89 127.07 411.62 628.73 623.29 400.87 814.76 434.98 713.00 551.78 599.42 600.02 763.67 628.55
00003204 00000016 482.14 124.84 412.24 632.88 624.12 401.60 814.57 436.61 713.80 550.63 599.24 599.01 764.69 628.10
00003205 00000017 483.63 126.53 411.49 631.09 624.59 402.39 814.80 435.92 714.57 550.07 600.78 599.94 766.53 627.74
00003206 00000018 484.76 125.67 410.97 633.00 624.63 402.31 814.57 436.44 714.10 549.35 599.56 599.11 766.18 627.37
00003207 00000019 484.74 126.88 411.05 632.95 625.32 402.31 815.27 437.08 714.48 549.55 599.70 598.89 767.46 627.78
00003208 DELETE   486.48 129.24 406.77 630.14 628.61 407.21 814.68 439.59 718.60 550.64 602.55 601.37 766.07 628.65
00003209 00000021 486.26 128.46 407.07 630.83 628.49 407.52 814.04 440.60 717.85 550.78 602.83 600.91 766.08 628.65
00003210 00000022 485.09 128.08 408.10 632.03 624.24 404.67 813.87 437.97 712.76 550.28 600.25 601.42 765.80 629.09
00003211 00000023 482.83 124.49 411.25 635.02 622.28 401.76 812.32 435.89 710.57 549.86 599.35 600.66 764.03 628.65
00003212 00000024 480.42 124.95 412.43 635.43 621.40 402.05 810.91 433.98 710.20 549.83 600.20 601.40 764.29 627.52
00003213 00000025 480.77 126.52 411.71 634.39 621.19 401.93 809.77 433.33 709.68 550.33 599.90 600.68 763.72 626.54
00003214 00000026 479.83 126.57 412.78 635.50 621.29 402.08 809.58 433.53 709.64 549.71 600.38 601.41 763.53 627.29
00003215 00000027 480.71 124.40 411.44 637.38 620.50 403.08 809.00 434.58 709.32 549.79 600.26 602.04 763.94 627.87
00003216 00000028 482.22 124.98 408.95 637.22 622.97 407.86 807.62 436.62 712.26 549.81 602.85 603.89 763.44 627.71
00003217 00000029 482.01 124.42 408.93 636.70 624.06 408.99 808.53 438.12 713.49 549.90 602.29 603.27 762.96 627.59
00003218 00000030 479.86 124.94 410.41 632.89 620.25 406.60 807.65 434.95 709.91 550.53 600.94 604.03 761.08 627.46
00003219 00000031 476.70 124.73 411.74 630.37 615.00 404.69 805.04 431.60 705.31 547.13 598.36 602.56 759.63 624.66
00003220 00000032 474.18 126.51 410.32 627.03 609.76 405.30 801.79 429.93 700.89 545.85 597.22 605.36 756.47 625.51
00003221 00000033 471.77 123.74 408.74 632.10 603.03 405.53 796.69 426.96 694.95 544.20 594.19 606.84 756.01 624.33
00003222 00000034 469.91 127.01 408.04 630.63 598.10 405.87 793.34 425.41 689.88 545.61 591.56 610.73 752.00 627.13
00003223 00000035 469.23 127.42 402.98 634.36 593.53 406.50 791.98 428.82 689.79 540.99 585.38 610.81 750.20 629.96
00003224 00000036 473.32 180.92 384.60 581.11 608.04 392.25 799.02 437.27 694.93 538.90 577.71 600.06 735.40 639.85
00003225 DELETE   243.83 41.53 269.84 406.09
00003226 00000038 243.30 40.90 270.36 405.95
00003227 DELETE   465.62 133.15 420.24 613.21 579.18 404.25 770.22 427.23 655.41 537.07 573.86 612.09 708.71 633.53
00003228 00000040 463.50 126.76 410.53 635.89 583.26 411.66 779.90 431.83 670.60 548.03 576.66 610.66 744.38 626.75
00003229 00000041 466.39 127.78 409.93 637.55 587.05 411.65 780.74 432.30 675.18 548.87 580.36 614.14 742.66 630.91
00003230 DELETE   470.70 129.38 409.08 634.82 589.88 412.10 784.02 432.74 676.96 549.57 582.84 614.76 745.63 631.58
00003231 00000043 474.85 128.96 404.99 631.48 598.06 416.59 786.41 436.01 686.24 554.16 590.55 613.46 750.44 628.98
00003232 00000044 476.75 131.29 406.79 630.68 602.65 417.37 792.07 438.88 691.95 558.65 592.96 616.93 751.10 634.37
00003233 DELETE   479.40 133.10 408.54 634.42 603.39 417.35 793.70 440.17 690.43 562.79 593.35 619.21 753.81 637.40
00003234 DELETE   484.34 134.29 409.13 635.40 606.03 416.26 799.07 442.21 691.36 566.73 594.01 622.21 754.56 642.73
00003235 00000047 489.62 135.20 406.37 638.57 609.50 417.51 805.08 444.66 694.07 571.31 596.05 626.56 760.45 648.07
00003236 DELETE   494.40 139.80 405.21 633.84 618.00 420.93 809.30 449.94 701.72 574.08 600.48 629.21 761.85 652.74
00003237 00000049 497.86 139.94 405.30 632.92 622.96 425.47 810.63 453.49 706.76 575.21 604.21 629.92 763.71 652.88
00003238 DELETE   497.66 139.17 406.57 634.07 621.55 421.12 812.05 451.21 705.64 573.38 603.31 629.76 763.71 654.28
00003239 00000051 498.46 134.90 405.22 636.43 619.69 417.96 810.76 448.84 701.75 570.90 602.60 627.40 762.48 652.46
00003240 00000052 496.74 132.32 407.48 637.97 622.12 411.97 811.29 445.17 704.64 565.64 606.13 621.50 764.60 647.94
00003241 00000053 498.77 129.57 404.98 639.45 625.64 409.22 813.48 441.86 709.76 559.56 611.59 619.65 767.42 645.74
00003242 00000054 499.32 130.10 403.75 633.87 628.50 404.98 816.65 437.82 714.54 552.23 614.88 613.86 771.23 640.16
00003243 00000055 499.43 125.62 406.58 635.26 630.31 403.23 820.19 434.82 718.31 549.33 617.85 613.78 774.72 639.07
00003244 DELETE   502.17 126.76 401.91 628.82 635.43 405.30 819.09 435.58 723.12 545.82 621.66 609.41 773.92 633.96
00003245 DELETE   501.70 128.84 401.42 624.42 633.71 406.50 816.91 435.71 721.52 541.81 618.49 605.54 774.67 629.23
00003246 00000058 499.76 129.44 401.90 622.52 631.85 401.62 814.42 431.80 717.29 540.11 617.49 602.58 770.34 627.07
00003247 DELETE   495.74 126.72 406.71 624.84 629.89 396.69 814.92 431.32 713.45 539.93 609.88 597.65 766.30 625.84
00003248 00000060 493.87 127.29 406.29 625.91 625.84 396.10 815.15 429.69 711.41 542.28 604.68 598.11 766.58 625.77
00003249 00000061 493.54 127.23 404.88 624.21 624.22 395.14 814.38 430.93 708.74 546.58 599.13 594.89 763.77 624.78
00003250 00000062 492.46 127.10 405.24 628.21 623.88 394.18 814.08 431.29 708.48 546.69 597.42 594.14 763.99 625.18
00003251 00000063 492.09 129.41 405.03 624.34 623.40 395.91 813.60 432.44 708.04 548.32 596.69 593.83 764.20 624.57
00003252 00000064 492.03 128.95 404.58 625.87 622.11 396.22 812.51 432.46 707.99 549.26 596.22 594.94 764.39 625.26
00003253 00000065 490.35 129.48 405.20 624.95 620.56 395.49 810.98 430.74 706.27 547.19 594.51 592.77 763.62 622.29
00003254 00000066 490.88 128.73 405.07 622.44 620.81 394.52 810.29 429.82 705.78 545.01 594.31 590.10 763.57 619.68
00003255 00000067 489.24 127.65 405.37 622.49 622.18 396.61 810.23 432.46 706.82 547.37 591.99 587.07 763.12 617.29
00003256 00000068 488.91 128.39 405.08 622.03 623.62 397.69 811.26 434.48 708.42 548.63 591.25 587.19 762.59 618.27
00003257 00000069 488.49 128.41 406.05 624.37 622.42 395.83 810.51 433.52 706.44 548.20 589.26 585.37 763.90 617.23
00003258 00000070 485.73 127.21 408.75 621.99 616.44 394.58 808.01 429.97 700.67 543.14 586.34 584.69 762.53 614.70
00003259 00000071 485.35 126.64 406.68 617.09 614.72 390.94 806.54 422.56 701.32 533.18 589.27 580.84 764.46 607.67
00003260 00000072 484.13 121.69 409.83 623.94 612.56 383.06 806.20 412.90 701.50 521.59 591.62 577.00 768.68 601.97
00003261 00000073 485.17 114.26 411.18 630.05 615.19 379.68 809.50 409.96 705.55 515.35 594.61 574.62 772.27 599.96
00003262 DELETE   488.65 116.35 407.62 627.81 618.82 379.77 811.46 411.62 709.39 517.87 597.06 575.53 772.96 602.20
00003263 00000075 492.06 119.70 405.79 622.77 622.51 384.24 813.02 418.66 710.36 522.97 598.40 578.30 771.36 607.08
00003264 00000076 493.62 121.55 407.18 623.48 624.35 385.00 816.17 420.73 711.55 525.81 599.42 580.12 774.79 609.93
00003265 00000077 493.39 120.36 407.11 623.51 624.43 385.57 815.31 421.59 710.93 525.92 600.15 580.63 772.85 610.71
00003266 00000078 491.97 120.37 408.11 623.11 623.76 385.23 813.43 422.54 709.28 527.92 598.09 580.06 768.67 611.20
00003267 00000079 490.28 121.48 407.84 623.29 620.36 386.85 811.19 423.55 705.21 530.48 594.28 581.50 766.27 612.23
00003268 00000080 489.26 126.98 408.08 618.61 618.06 388.52 810.11 424.80 702.16 532.79 590.94 583.36 763.46 614.15
00003269 DELETE   489.36 129.51 407.77 616.19 617.73 390.00 810.21 427.09 701.68 535.76 589.44 584.37 762.93 615.84
00003270 00000082 489.87 130.55 407.31 614.92 617.17 390.99 809.79 427.31 700.91 537.34 589.37 585.64 762.15 616.66
00003271 00000083 490.28 129.10 407.26 616.98 618.72 391.59 809.24 427.89 702.06 537.04 589.61 582.69 764.21 613.62
00003272 00000084 490.52 127.59 409.69 618.62 620.30 390.42 810.09 427.84 703.35 534.78 589.27 579.76 765.07 611.48
00003273 00000085 490.31 125.88 411.78 625.71 621.03 388.62 810.03 425.94 703.40 532.26 589.84 579.20 766.86 610.67
00003274 00000086 492.75 124.56 408.83 626.19 623.04 388.31 811.44 426.73 704.68 531.74 591.88 578.84 768.45 611.23
00003275 00000087 493.94 126.03 408.77 622.50 624.29 388.45 812.59 427.27 705.38 532.73 592.76 578.26 768.88 611.02
00003276 00000088 493.63 127.30 408.00 619.23 623.91 389.37 812.40 427.23 705.08 534.04 592.60 577.99 768.79 610.06
00003277 00000089 489.46 121.69 412.21 627.04 620.54 388.39 810.38 425.32 703.78 531.92 591.87 578.74 766.85 609.69
00003278 00000090 486.74 123.18 410.32 619.98 616.47 388.79 807.51 422.59 700.93 531.23 590.04 577.47 763.50 606.08
00003279 00000091 484.69 125.36 406.78 616.92 614.03 384.82 804.21 418.18 698.32 524.49 591.34 578.26 759.75 606.54
00003280 00000092 484.10 122.38 407.78 620.09 612.35 383.31 804.92 415.72 697.59 522.24 591.30 578.42 761.13 605.77
00003281 00000093 488.52 118.85 407.99 620.95 615.19 383.44 807.64 417.03 699.37 524.61 593.59 579.46 762.25 607.78
00003282 00000094 492.86 120.79 408.29 617.30 621.27 383.51 812.18 419.86 704.09 526.75 594.31 577.68 764.88 608.52
00003283 00000095 495.35 119.59 407.58 618.76 621.99 382.19 812.16 418.31 705.10 525.64 600.11 582.89 763.47 613.37
00003284 00000096 491.90 114.94 409.18 623.21 620.02 379.93 809.99 417.96 702.85 521.70 594.95 575.93 762.21 608.13
00003285 DELETE   489.13 116.04 408.42 622.42 616.23 378.55 808.52 415.98 700.09 517.32 589.24 571.86 762.42 603.42
00003286 00000098 487.13 118.76 408.84 621.52 614.83 379.56 807.06 414.33 699.41 517.46 591.30 573.89 763.29 603.10
00003287 00000099 487.60 119.19 409.84 623.76 615.52 382.66 806.71 417.22 699.27 520.48 592.54 576.66 763.04 605.74
00003288 00000100 489.77 121.38 409.04 622.02 617.13 383.80 807.66 418.76 699.39 525.32 592.93 578.56 763.07 607.97
00003289 00000101 490.58 117.41 409.98 626.09 619.35 384.66 808.08 421.21 701.41 525.90 594.22 578.49 762.62 609.13
00003290 00000102 490.80 116.74 408.39 626.62 618.49 383.03 808.00 419.03 701.38 523.20 594.17 577.81 762.91 607.92
00003291 00000103 490.86 116.62 406.04 624.67 618.70 383.93 808.03 418.54 702.95 523.52 596.26 578.70 763.50 607.59
00003292 00000104 492.53 119.66 405.65 618.30 618.99 386.99 808.39 418.18 703.35 526.55 600.37 584.90 762.24 610.89
00003293 00000105 492.56 119.92 406.33 625.33 620.18 388.76 808.71 421.55 704.73 530.52 597.69 584.76 763.43 612.23
00003294 00000106 491.66 120.66 408.47 629.30 621.90 389.84 809.05 423.54 707.07 532.94 600.42 587.83 763.94 615.78
00003295 00000107 491.77 125.91 408.19 624.11 621.68 392.28 809.02 425.27 706.41 534.62 602.53 592.46 762.48 619.69
00003296 00000108 492.06 126.12 406.37 624.67 621.97 395.85 808.61 426.93 706.34 539.82 604.33 596.66 761.41 622.11
00003297 00000109 491.83 128.01 406.01 624.07 622.16 397.83 811.11 431.89 706.33 545.71 600.53 599.18 760.53 627.52
00003298 00000110 493.05 130.07 403.96 626.27 621.53 401.58 811.60 437.03 705.93 551.28 600.26 605.13 760.79 634.66
00003299 00000111 491.66 133.92 404.76 628.02 621.74 403.28 811.49 440.22 705.41 553.25 599.15 608.16 760.87 638.89
00003300 00000112 488.17 134.74 407.30 634.41 619.64 404.45 807.82 440.68 702.01 554.98 596.00 607.29 760.56 637.34
00003301 00000113 487.06 135.82 409.41 632.96 619.41 405.33 807.19 440.77 701.48 556.59 595.25 606.96 759.92 636.57
00003302 00000114 486.72 138.43 409.45 626.53 618.73 405.91 807.64 440.30 701.09 558.13 594.53 606.55 759.51 635.54
00003303 00000115 486.17 139.01 409.98 625.33 618.49 405.34 807.04 441.85 700.83 560.22 590.70 602.92 759.20 634.19
00003304 00000116 485.98 141.06 409.27 623.85 618.09 405.69 806.21 442.20 700.15 561.27 589.94 602.88 758.56 634.24
00003305 00000117 486.00 140.45 409.07 622.28 618.14 406.70 806.18 442.81 700.55 562.10 589.02 601.76 758.38 632.92
00003306 00000118 485.81 140.05 408.97 623.96 617.75 406.86 805.50 443.73 699.92 561.75 589.87 602.62 758.61 634.02
00003307 00000119 485.18 140.41 408.95 621.68 615.73 406.38 805.56 443.20 698.43 562.21 589.39 603.88 757.59 635.24
00003308 00000120 484.32 138.15 410.01 625.34 614.65 406.44 804.50 443.02 697.38 561.94 588.49 604.09 757.14 635.15
00003309 00000121 484.21 138.50 409.52 626.37 614.31 405.36 804.32 441.88 697.11 560.00 588.96 604.63 756.74 635.56
00003310 00000122 483.78 139.21 409.07 623.81 614.72 405.29 803.94 442.01 696.56 559.60 589.15 603.94 755.53 635.06
00003311 00000123 483.65 136.70 409.81 628.47 613.62 405.90 802.87 441.14 696.34 559.48 589.57 605.56 755.85 635.31
00003312 00000124 485.55 138.10 407.25 624.81 613.07 405.21 803.18 440.07 696.08 559.56 589.71 605.12 756.25 634.60
00003313 00000125 485.31 137.10 407.29 622.55 613.64 405.54 803.13 440.23 696.64 558.52 590.32 604.14 755.46 633.48
00003314 00000126 486.25 137.65 408.29 620.79 613.74 405.72 803.86 439.69 696.65 558.32 592.30 605.86 756.12 634.42
00003315 00000127 485.79 138.04 408.93 621.38 613.60 406.00 804.01 439.66 697.50 558.09 592.95 606.52 756.88 634.76
00003316 00000128 486.11 138.31 408.31 619.21 614.26 405.31 804.55 439.13 697.68 558.78 593.69 606.00 757.18 634.29
00003317 00000129 485.62 135.95 409.03 623.02 614.26 405.31 803.99 439.73 697.38 557.84 593.57 605.98 756.76 634.62
00003318 00000130 486.00 135.93 407.82 621.89 613.82 405.91 803.78 440.39 697.08 558.09 592.41 605.12 757.04 633.98
00003319 00000131 486.30 135.38 407.80 623.92 613.65 405.90 803.18 440.52 696.35 558.06 591.76 604.37 757.48 633.34
00003320 DELETE   485.43 133.49 408.21 624.97 614.06 406.79 803.74 440.81 697.20 558.59 590.69 603.07 758.05 631.60
00003321 00000133 485.96 133.58 406.68 624.22 615.60 408.30 802.43 439.05 698.64 557.27 595.48 606.18 756.87 631.82
00003322 00000134 484.88 133.24 406.47 626.16 614.24 408.56 801.51 438.17 697.19 557.39 595.32 608.05 756.03 632.56
00003323 00000135 484.70 133.42 407.63 627.70 611.47 408.57 802.62 439.92 694.55 556.64 592.72 609.12 756.60 635.00
00003324 00000136 482.62 136.82 410.07 623.40 609.66 406.66 802.32 438.03 692.92 557.13 590.97 608.90 754.67 635.07
00003325 00000137 483.12 135.95 408.74 624.55 608.29 405.40 801.68 435.97 691.86 556.01 589.85 608.97 753.50 634.52
00003326 00000138 481.96 134.50 409.24 626.98 609.06 403.90 800.26 435.29 692.17 554.26 589.47 607.75 751.74 634.00
00003327 00000139 482.29 135.02 408.30 625.13 608.46 403.57 798.93 435.11 690.95 555.27 588.94 607.48 749.62 633.86
00003328 00000140 480.17 133.94 409.64 626.68 607.84 403.65 798.16 435.18 689.58 554.52 586.28 605.59 748.23 632.33
00003329 00000141 478.87 133.47 410.95 626.09 602.12 401.20 794.56 432.52 683.54 552.39 583.07 606.62 743.85 633.09
00003330 00000142 476.70 132.80 410.65 628.84 592.97 399.81 786.29 428.70 670.16 548.66 578.11 609.28 737.12 633.64
00003331 00000143 474.65 132.43 411.42 633.53 590.77 398.95 784.17 428.46 668.46 545.59 578.49 608.68 739.49 633.11
00003332 00000144 478.17 134.66 410.72 636.57 596.33 400.07 789.95 431.43 675.57 548.60 581.05 608.81 745.38 634.88
00003333 00000145 486.15 143.52 410.27 626.60 607.78 407.18 802.20 440.29 688.12 560.55 589.65 615.70 755.21 643.49
00003334 00000146 484.29 147.92 412.18 629.64 611.67 413.76 806.74 441.90 702.14 564.93 600.46 625.33 767.62 648.45
00003335 00000147 487.22 151.37 413.22 635.53 615.16 419.67 810.42 452.36 702.90 574.55 598.57 629.23 765.82 656.71
00003336 00000148 488.25 153.09 416.31 644.45 611.73 424.21 809.87 462.76 693.23 582.41 589.97 638.05 756.86 670.22
00003337 00000149 488.48 154.26 414.85 647.87 608.07 430.22 807.24 473.49 685.63 590.58 582.23 641.03 750.22 676.69
00003338 00000150 486.50 162.30 413.40 647.62 603.28 437.19 802.78 479.81 678.66 601.71 577.51 647.77 746.78 683.24
00003339 DELETE   483.45 163.39 409.93 648.02 599.27 440.89 797.14 481.99 674.78 604.75 575.25 648.38 744.44 682.35
00003340 DELETE   477.38 161.27 414.78 645.44 596.37 435.93 797.13 475.34 674.65 598.94 570.38 641.74 744.96 674.67
00003341 00000153 471.21 157.34 411.52 635.92 592.75 428.51 792.16 462.50 675.69 586.31 569.11 635.13 740.08 663.93
00003342 00000154 466.93 148.76 408.87 636.00 589.06 424.26 785.58 454.50 675.09 576.78 569.83 633.57 735.01 658.94
00003343 00000155 463.62 145.95 405.39 632.81 585.74 421.43 781.18 448.97 672.80 573.65 567.57 626.52 735.02 649.71
00003344 DELETE   463.18 146.21 402.80 630.02 583.07 420.29 778.02 446.13 671.58 571.62 567.76 624.00 735.48 645.93
00003345 00000157 461.96 140.80 399.84 632.93 581.81 418.36 776.63 440.91 673.31 567.18 571.05 624.56 737.72 643.46
00003346 00000158 464.70 143.82 407.26 625.68 581.61 416.30 772.24 437.03 664.47 571.32 573.13 620.99 732.09 638.99
00003347 00000159 465.83 142.39 404.93 625.76 583.12 412.67 775.83 432.91 667.82 566.28 574.57 619.21 734.76 636.65
00003348 00000160 467.63 138.00 404.21 633.55 585.89 410.00 778.01 432.66 668.63 563.45 576.99 616.90 738.42 635.83
00003349 00000161 470.35 139.74 404.99 631.03 588.75 410.09 780.30 433.69 669.93 564.67 577.75 617.46 737.40 637.30
00003350 00000162 472.90 140.94 406.45 627.77 593.82 410.97 781.74 437.81 672.60 564.48 576.43 612.05 738.70 634.99
00003351 00000163 473.33 140.67 407.17 628.10 595.39 409.97 783.17 438.72 673.93 563.92 576.51 612.20 737.62 636.64
00003352 00000164 472.33 138.03 407.87 632.90 595.48 408.21 782.56 437.65 674.03 562.76 576.04 609.55 738.84 634.48
00003353 00000165 469.17 137.60 409.28 636.19 594.40 407.33 781.78 435.93 673.78 558.78 575.07 609.45 738.03 633.47
00003354 00000166 466.26 137.96 409.20 634.22 590.02 407.22 779.58 435.36 670.20 559.21 572.65 610.68 735.72 634.22
00003355 00000167 464.24 138.05 406.64 634.82 587.45 408.59 777.82 435.87 668.74 561.05 572.00 612.94 734.62 635.83
00003356 00000168 463.37 137.86 405.32 634.80 586.41 409.99 777.66 436.28 667.73 562.52 570.44 614.29 733.48 636.65
00003357 00000169 462.93 139.04 406.35 632.26 586.18 412.11 776.65 436.08 669.03 564.79 572.24 616.03 734.11 636.53
00003358 00000170 463.20 138.69 405.94 633.79 585.13 412.46 775.85 435.75 669.21 564.00 572.71 616.81 734.67 636.70
00003359 00000171 463.07 137.73 406.82 635.67 585.95 413.21 775.81 436.78 669.12 563.26 573.19 616.24 736.11 636.16
00003360 00000172 463.13 140.35 406.81 632.59 585.82 415.16 775.52 436.81 670.59 565.15 575.08 617.87 737.52 636.30
00003361 00000173 463.73 140.93 406.25 631.88 585.73 415.02 775.43 436.59 670.65 564.61 575.81 618.01 737.91 636.35
00003362 00000174 463.74 140.53 406.30 631.52 585.55 415.16 775.56 436.65 670.54 564.73 575.38 618.24 737.40 636.60
00003363 00000175 463.35 139.69 406.36 632.92 585.93 414.61 775.77 436.75 670.63 564.69 574.87 617.33 737.23 636.22
00003364 00000176 463.23 139.48 406.46 633.04 585.35 414.61 775.86 436.42 670.62 564.80 574.53 617.83 736.93 636.52
00003365 00000177 463.03 139.58 406.26 632.46 585.07 415.08 775.84 436.44 670.95 564.60 574.39 618.16 736.55 636.52
00003366 00000178 463.06 140.03 406.63 631.57 585.05 414.63 776.04 436.12 670.23 564.96 574.45 618.25 736.76 636.66
00003367 00000179 462.24 140.26 406.95 632.92 584.02 414.86 775.89 436.08 669.70 564.51 573.65 618.69 736.60 636.87
00003368 00000180 461.51 140.53 407.36 632.86 583.42 414.54 775.48 435.83 668.81 565.12 573.39 618.77 736.34 637.01
00003369 00000181 461.11 139.44 405.67 633.93 581.46 413.93 775.17 435.53 667.50 564.30 571.69 619.89 734.71 638.40
00003370 00000182 460.72 139.13 405.25 634.59 579.66 413.79 774.70 435.01 666.63 565.23 570.68 621.09 734.16 639.35
00003371 00000183 460.38 140.41 405.04 633.48 579.29 413.84 774.03 434.56 666.57 565.09 570.63 621.29 733.84 639.23
00003372 00000184 459.65 137.58 405.12 638.72 578.56 413.77 773.78 435.11 666.24 564.91 569.29 621.31 734.01 639.71
00003373 00000185 459.39 137.59 404.90 638.06 578.18 413.62 773.92 435.08 666.19 564.62 569.15 621.31 733.66 639.81
00003374 00000186 460.27 137.88 403.97 636.74 578.17 413.19 773.81 434.63 665.88 564.89 569.38 621.79 732.86 640.30
00003375 00000187 460.26 138.33 403.70 636.10 577.06 413.61 773.00 434.89 665.11 565.81 569.61 622.52 732.77 640.81
00003376 00000188 460.33 136.75 403.34 638.28 576.67 413.92 772.98 435.29 664.88 565.39 569.34 622.82 732.57 641.13
00003377 00000189 459.47 137.53 403.60 636.25 576.59 413.39 772.92 435.70 664.58 564.79 568.04 622.76 729.88 641.97
00003378 00000190 460.77 138.04 402.07 632.81 576.97 414.51 771.14 435.25 665.91 562.90 570.07 621.98 731.29 639.77
00003379 00000191 459.99 137.58 402.16 635.51 576.80 415.04 770.66 435.90 665.62 563.45 570.25 621.67 732.24 639.51
00003380 00000192 462.02 138.76 398.07 630.85 578.97 416.56 770.84 437.22 667.97 563.78 573.31 621.34 732.16 638.98
00003381 00000193 462.51 139.44 396.76 625.74 584.64 417.19 771.34 438.00 672.63 557.43 573.68 618.06 728.32 636.26
00003382 00000194 464.38 133.62 397.34 631.50 590.70 410.57 776.12 435.07 677.69 548.51 576.05 612.25 730.10 633.17
00003383 DELETE   467.05 129.03 398.52 626.49 593.46 408.52 782.47 429.38 685.08 544.97 583.12 609.98 735.61 627.87
00003384 00000196 467.61 122.80 404.66 629.99 594.24 401.28 785.30 421.27 686.70 535.69 589.89 602.71 745.08 619.14
00003385 00000197 469.91 114.69 406.80 633.36 597.39 394.67 788.27 416.69 689.73 529.18 592.82 594.82 748.86 612.88
00003386 00000198 475.61 118.89 403.20 602.17 598.79 391.26 788.43 412.85 690.82 526.42 597.72 594.27 744.62 612.63
00003387 00000199 478.77 110.85 405.23 613.49 593.61 386.60 787.24 409.71 680.89 521.48 595.18 591.75 745.27 610.51
00003388 00000200 474.95 115.83 405.67 593.51 596.69 388.34 787.14 409.46 687.05 524.72 595.14 593.12 742.05 610.53
00003389 00000201 475.00 118.41 406.59 594.26 597.36 388.82 786.18 411.07 685.94 523.90 595.11 594.46 740.37 612.93
00003390 DELETE   476.44 120.89 405.64 607.74 598.36 390.11 790.06 416.40 685.50 527.98 589.50 593.49 740.84 615.85
00003391 00000203 478.03 127.63 406.69 618.22 599.87 391.10 791.27 424.00 680.77 534.20 579.30 590.84 741.15 618.69
00003392 00000204 486.62 127.94 405.65 627.75 605.88 394.26 797.08 430.84 685.66 542.11 581.39 595.72 747.53 626.63
00003393 DELETE   490.64 134.22 403.05 631.82 611.27 395.69 804.39 435.18 691.53 550.53 581.57 598.43 754.37 632.13
00003394 00000206 492.95 135.08 404.32 630.66 612.54 399.21 808.79 439.60 692.66 553.69 587.15 605.69 759.25 639.51
00003395 00000207 492.75 135.99 406.71 630.34 614.86 398.73 811.14 440.78 695.21 556.31 586.83 604.35 761.06 639.73
00003396 00000208 493.93 134.10 407.46 629.26 614.88 396.00 811.88 440.61 693.33 558.14 584.50 601.98 759.31 639.67
00003397 00000209 492.81 133.08 408.56 629.79 615.65 395.26 809.88 441.01 692.67 557.11 583.39 596.44 760.32 635.52
00003398 00000210 493.90 131.81 406.14 624.67 616.07 393.18 809.20 438.53 692.25 554.01 582.94 591.55 758.79 630.35
00003399 00000211 492.95 130.43 407.17 621.43 616.26 392.33 809.07 435.13 694.50 554.24 583.44 588.42 759.88 625.36
00003400 00000212 492.60 126.91 407.96 624.29 617.09 391.66 808.54 433.74 695.48 551.46 584.31 587.46 758.49 623.67
00003401 00000213 492.44 126.89 407.71 626.97 615.85 390.74 808.28 433.12 694.37 551.73 583.33 588.29 758.02 624.71
00003402 00000214 491.00 126.90 407.85 623.32 614.79 391.40 807.14 433.15 693.96 551.64 582.40 588.25 754.80 624.22
00003403 00000215 491.82 131.09 404.39 613.89 614.02 393.33 805.89 434.19 692.74 553.51 582.85 590.28 751.65 625.58
00003404 00000216 490.20 135.65 403.25 611.96 611.22 400.06 803.45 438.71 689.68 558.68 584.38 599.29 748.29 632.00
00003405 00000217 489.07 141.96 406.21 616.47 609.40 409.80 800.56 443.09 688.61 567.49 590.34 614.53 749.47 642.17
00003406 00000218 477.55 138.86 410.04 638.11 605.43 414.68 799.77 446.85 694.24 569.53 591.22 622.51 756.97 648.41
00003407 00000219 477.61 146.89 412.19 641.03 605.56 420.98 800.10 454.22 692.56 576.85 588.51 628.32 754.00 655.81
00003408 00000220 479.96 150.80 411.60 648.95 605.14 427.13 803.02 463.70 691.60 587.65 582.40 635.83 753.91 666.24
00003409 00000221 480.92 161.25 409.25 649.39 606.09 439.31 803.25 477.53 689.12 603.91 580.76 642.97 755.13 674.86
00003410 00000222 484.32 172.40 408.25 645.22 608.71 451.07 802.61 493.49 687.73 620.27 576.88 644.47 757.41 680.35
00003411 00000223 486.05 182.47 411.20 644.85 608.69 457.26 802.37 501.34 684.26 634.28 571.90 649.94 756.90 688.18
00003412 00000224 486.65 186.66 411.90 641.17 609.65 461.09 802.41 507.73 683.80 641.70 570.41 652.81 753.24 693.56
00003413 00000225 483.75 190.57 410.90 636.44 606.28 462.49 802.44 508.73 681.80 645.19 567.47 655.29 752.37 696.09
00003414 00000226 480.17 194.48 409.99 631.38 603.99 462.16 798.99 507.44 679.20 646.43 564.72 653.98 748.93 694.42
00003415 00000227 476.67 193.97 411.13 632.33 601.04 461.79 796.04 506.29 676.84 648.61 560.88 652.79 746.97 692.90
00003416 00000228 474.70 189.36 412.46 637.62 598.04 461.43 793.11 504.43 675.35 646.60 560.28 653.69 746.16 692.23
00003417 00000229 472.68 183.95 414.64 640.98 595.58 461.77 791.39 502.52 674.12 643.93 559.86 654.87 745.30 691.35
00003418 00000230 471.52 185.19 415.42 640.29 594.21 461.52 789.85 500.26 673.38 642.67 560.86 655.20 746.06 689.94
00003419 00000231 471.26 184.81 415.64 639.38 594.33 461.44 789.94 499.52 673.61 641.95 561.60 656.39 744.77 690.56
00003420 00000232 471.09 184.41 415.64 641.18 595.08 461.42 790.54 500.15 674.28 642.00 561.24 656.85 743.72 691.57
00003421 00000233 473.62 186.31 413.95 638.36 597.88 463.97 791.30 500.07 677.53 640.77 565.54 656.03 746.89 688.44
00003422 00000234 474.99 185.70 413.59 636.36 598.63 465.50 791.72 498.16 679.20 641.23 570.20 657.18 749.02 686.70
00003423 00000235 476.46 184.69 412.69 636.62 598.44 463.48 792.15 496.87 678.23 639.86 570.50 656.25 750.00 686.19
00003424 00000236 476.39 185.32 412.20 634.89 599.77 464.21 793.07 496.99 679.87 636.55 572.49 657.22 749.02 686.52
00003425 00000237 476.57 184.95 411.98 633.59 600.18 463.48 794.26 497.69 680.40 634.63 571.74 657.18 748.14 687.72
00003426 00000238 476.57 182.10 413.24 637.09 605.01 466.63 797.48 499.91 685.67 634.08 575.28 657.83 748.55 687.29
00003427 00000239 476.78 182.39 413.00 635.81 604.61 466.30 795.85 499.40 685.25 634.13 577.25 658.44 748.47 687.55
00003428 00000240 477.38 182.57 412.26 633.06 602.32 464.58 794.38 497.69 682.51 633.30 575.19 655.30 749.31 684.71
00003429 00000241 478.69 180.72 410.19 639.67 601.55 460.40 793.54 496.08 681.30 635.75 572.46 652.44 751.90 683.96
00003430 00000242 478.39 181.28 409.86 636.96 600.29 460.28 793.12 494.40 681.04 635.74 573.15 652.37 752.57 682.59
00003431 00000243 478.00 181.34 410.18 636.38 601.47 460.64 793.97 494.07 683.10 633.93 573.52 652.24 752.66 681.97
00003432 00000244 476.75 182.47 410.99 638.60 600.76 459.59 792.21 494.32 681.57 632.89 571.89 649.67 752.82 680.48
00003433 00000245 475.92 181.68 412.19 636.63 601.39 460.68 792.83 494.25 682.02 630.86 573.25 651.54 750.27 681.30
00003434 00000246 476.51 181.34 412.15 636.76 601.55 460.72 793.38 494.62 681.85 631.05 573.54 654.26 747.98 684.15
00003435 00000247 477.21 177.95 413.10 637.90 601.82 460.84 796.06 494.70 682.73 633.44 574.19 658.86 745.78 688.48
00003436 00000248 477.02 175.88 413.42 637.84 601.35 458.27 796.26 492.91 682.58 630.75 574.13 656.42 746.57 686.66
00003437 00000249 476.28 177.82 414.34 639.19 603.15 457.61 796.08 492.93 683.77 629.14 573.27 652.62 747.50 683.75
00003438 00000250 475.60 179.68 414.64 635.56 603.24 454.93 794.89 490.64 682.44 624.32 573.21 648.24 747.57 679.51
00003439 00000251 475.20 178.81 414.88 635.24 603.26 455.31 796.85 489.92 685.11 625.33 573.40 647.67 751.42 678.27
00003440 00000252 475.77 178.21 413.92 637.28 603.70 454.59 797.01 491.06 684.85 625.76 572.38 646.71 751.57 678.86
00003441 00000253 475.99 175.51 413.44 638.89 602.87 453.91 797.38 491.00 684.25 625.81 571.57 646.72 751.10 679.32
00003442 00000254 476.53 172.74 412.16 641.05 602.83 453.83 797.52 490.30 685.60 623.93 572.54 646.31 752.36 678.02
00003443 00000255 477.26 172.28 411.19 639.81 602.86 452.09 799.67 489.14 685.83 623.68 572.66 647.08 752.28 679.25
00003444 00000256 477.87 172.00 410.00 639.12 603.27 454.69 798.21 489.31 687.28 622.59 574.13 648.42 751.39 678.56
00003445 00000257 476.93 169.83 408.18 639.14 603.90 456.40 797.17 489.00 689.28 620.82 575.82 646.77 752.36 675.31
00003446 DELETE   476.48 167.36 410.30 642.16 604.62 453.41 797.86 487.65 689.09 619.58 575.47 645.51 751.21 675.28
00003447 00000259 477.62 164.25 410.11 647.21 603.86 449.08 798.75 486.90 686.45 617.59 573.88 643.98 751.98 676.39
00003448 00000260 476.83 161.78 412.24 649.79 603.46 444.87 799.39 484.68 686.43 613.49 572.19 642.59 749.96 676.51
00003449 00000261 478.04 160.99 411.84 649.53 603.64 442.72 799.79 482.04 686.40 611.67 573.25 640.86 751.09 674.36
00003450 00000262 477.82 158.30 411.55 652.15 604.66 439.77 801.27 480.12 688.30 607.77 572.95 639.21 750.49 673.63
00003451 00000263 478.28 158.52 411.79 649.40 605.27 440.36 800.82 480.19 687.76 606.51 574.61 638.60 749.86 672.54
00003452 00000264 478.41 154.30 410.75 652.92 608.20 441.43 801.03 482.66 690.24 604.84 576.32 637.17 749.82 672.01
00003453 00000265 479.75 154.71 409.87 650.81 607.66 440.70 801.49 481.95 689.79 603.53 576.03 635.76 751.07 670.76
00003454 00000266 479.63 154.94 411.48 649.61 605.70 437.14 801.76 478.26 688.41 598.44 575.08 636.40 749.58 671.07
00003455 00000267 479.92 156.06 411.49 646.00 606.07 433.15 804.39 475.23 689.17 595.71 575.34 635.18 750.22 670.78
00003456 00000268 482.02 152.08 410.13 647.63 606.85 430.15 806.52 471.94 690.05 594.39 577.12 636.11 751.57 671.38
00003457 00000269 482.25 152.19 410.63 645.78 607.40 427.91 807.52 470.37 691.05 590.96 577.44 632.24 754.35 668.02
00003458 00000270 482.15 152.09 410.33 646.46 607.56 425.88 806.35 468.75 690.67 589.41 577.22 630.26 754.05 666.37
00003459 00000271 482.90 152.53 409.80 645.26 608.12 426.11 806.55 468.24 691.32 589.55 577.90 629.02 755.38 664.65
00003460 00000272 483.15 150.45 409.91 645.44 608.03 425.81 806.98 467.16 691.64 588.70 579.15 630.42 755.55 665.19
00003461 00000273 483.12 150.06 410.40 646.48 608.12 424.75 806.87 466.95 691.38 587.87 578.74 629.21 756.09 664.67
00003462 00000274 482.96 149.28 410.72 646.29 607.84 424.27 807.58 467.28 691.57 588.49 577.59 628.32 756.40 664.44
00003463 00000275 483.97 146.65 409.54 649.05 607.56 424.12 808.12 467.42 691.89 587.98 576.67 627.74 757.23 663.91
00003464 00000276 484.28 149.57 408.18 644.70 607.07 426.11 807.71 468.10 690.80 589.15 576.15 627.63 757.66 663.01
00003465 00000277 483.81 148.81 407.32 642.77 608.32 429.75 806.47 470.91 690.47 591.73 574.89 625.17 756.79 660.17
00003466 00000278 481.65 146.92 409.18 642.23 605.05 426.93 806.18 469.27 687.55 589.96 571.94 623.13 756.10 658.96
00003467 00000279 480.31 146.82 410.83 641.94 603.91 423.85 805.55 466.97 686.54 589.68 570.49 623.01 754.01 659.46
00003468 00000280 477.98 147.25 411.79 640.65 604.81 422.83 804.73 465.12 688.39 588.05 571.21 622.39 752.08 658.39
00003469 00000281 477.68 145.46 411.49 641.95 604.66 422.98 802.91 463.93 688.66 586.75 573.52 622.30 751.17 656.99
00003470 00000282 476.72 146.91 413.46 639.94 605.13 425.08 802.10 464.02 689.53 583.29 579.10 628.16 746.66 661.01
00003471 00000283 475.71 145.76 414.78 641.86 604.62 426.20 800.15 462.56 690.24 582.14 582.11 631.31 745.66 661.91
00003472 00000284 474.62 146.69 414.68 638.29 604.78 422.06 798.67 458.22 691.17 575.83 583.43 628.06 745.90 658.38
00003473 00000285 474.90 148.79 412.91 637.66 605.17 419.04 799.20 454.87 692.21 572.97 583.04 624.98 747.84 655.26
00003474 00000286 475.97 142.61 410.48 645.44 605.35 414.53 801.72 452.45 692.84 569.61 581.36 622.90 751.11 654.74
00003475 00000287 474.72 140.01 410.09 641.00 604.42 414.53 801.05 450.68 692.54 567.14 582.50 621.64 751.39 651.43
00003476 00000288 475.35 139.47 411.88 641.37 604.26 414.22 804.16 448.76 694.63 566.57 584.67 623.62 755.70 652.05
00003477 00000289 475.38 137.47 411.18 643.17 605.22 412.47 804.71 446.49 696.07 564.98 586.70 622.51 758.56 650.38
00003478 00000290 475.63 136.77 410.86 645.01 606.29 411.07 803.73 446.08 696.34 563.09 585.70 620.60 755.45 649.36
00003479 00000291 476.63 137.16 409.59 642.40 606.38 408.75 801.45 444.88 693.47 560.14 586.09 617.86 753.25 647.54
00003480 00000292 483.14 141.18 410.55 636.29 607.72 410.42 798.04 444.63 686.85 565.80 586.68 617.40 749.95 645.78
00003481 00000293 480.59 139.98 412.84 635.24 606.83 407.94 798.00 444.29 685.10 562.75 583.15 611.93 749.71 642.29
00003482 00000294 481.82 137.97 410.72 637.44 605.54 406.16 797.21 441.23 684.71 560.93 582.81 611.51 750.28 640.78
00003483 00000295 479.78 131.92 412.24 643.71 604.60 404.15 796.34 438.27 685.67 556.57 583.14 610.64 750.06 638.85
00003484 00000296 480.95 130.50 411.64 642.92 605.42 402.89 796.79 434.20 687.98 553.24 587.99 612.29 750.25 637.95
00003485 00000297 482.48 129.38 408.70 632.36 606.42 400.50 797.71 430.01 689.39 549.03 590.58 608.92 748.32 633.57
00003486 00000298 482.86 125.39 408.90 634.96 607.17 398.04 797.43 428.17 690.01 544.91 591.68 604.31 749.45 629.18
00003487 00000299 486.40 121.70 407.38 631.38 608.24 395.52 799.68 426.24 691.31 543.57 593.30 602.61 750.92 628.02
00003488 00000300 490.22 122.21 404.73 624.01 610.45 392.42 801.79 422.14 694.42 536.18 596.78 597.80 752.88 622.62
00003489 00000301 491.69 116.03 406.52 632.07 612.89 388.92 803.47 420.55 696.55 531.47 596.18 594.63 754.85 620.93
00003490 00000302 490.59 114.95 412.05 646.57 613.04 387.83 804.28 417.98 699.00 528.50 596.73 595.54 762.22 620.17
00003491 00000303 492.32 111.03 412.23 650.56 613.48 384.33 803.55 414.89 697.17 525.65 600.86 597.18 760.29 622.02
00003492 00000304 491.10 109.20 410.82 641.16 613.07 383.38 802.66 413.82 695.10 521.41 601.10 592.60 756.29 617.67
00003493 00000305 491.76 107.76 408.79 638.44 614.87 382.59 803.42 412.19 698.61 518.10 603.55 590.28 757.32 614.79
00003494 00000306 491.63 110.51 409.27 637.18 614.15 384.27 802.97 411.09 699.66 519.14 606.33 592.68 759.57 614.69
00003495 00000307 492.91 113.34 407.95 634.70 616.09 384.95 802.96 412.94 701.88 523.49 606.06 593.66 759.52 616.56
00003496 00000308 491.66 115.59 408.61 631.89 614.84 389.12 803.66 414.89 702.39 526.95 607.13 597.43 760.64 618.59
00003497 00000309 490.60 117.87 408.09 632.57 613.38 391.67 803.25 417.25 701.32 531.62 603.50 597.66 761.83 618.47
00003498 00000310 488.97 117.44 408.92 632.44 613.95 393.24 804.33 419.55 702.75 533.66 601.86 596.32 762.99 617.65
00003499 00000311 487.63 116.46 410.51 637.65 615.62 393.91 804.59 422.24 703.91 535.67 601.06 596.04 763.31 618.94
00003500 00000312 488.47 116.43 408.35 636.85 615.76 393.82 805.53 422.05 704.13 535.69 600.89 596.11 763.39 619.01
00003501 00000313 487.59 117.28 409.22 637.71 615.03 395.20 805.59 423.98 703.71 538.21 599.90 596.26 764.76 619.56
00003502 DELETE   487.13 119.47 409.61 632.78 614.75 396.96 804.62 425.86 701.98 540.24 598.14 593.62 764.13 617.20
00003503 00000315 487.29 123.32 408.93 626.79 613.29 397.46 802.68 424.91 699.03 540.07 598.08 593.96 761.87 616.52
00003504 00000316 486.94 122.59 409.00 627.36 611.63 397.26 802.59 425.30 696.75 541.34 595.25 594.25 760.14 617.41
00003505 00000317 485.94 121.60 410.56 629.04 611.13 396.72 802.94 426.59 695.94 542.23 591.95 592.99 759.23 617.87
00003506 00000318 486.41 122.69 409.53 626.77 611.35 395.91 803.43 426.20 695.91 542.01 591.57 592.92 758.74 618.19
00003507 00000319 486.97 123.70 410.23 627.46 611.78 395.84 804.21 426.35 696.57 541.65 591.42 592.50 760.31 617.95
00003508 00000320 486.91 122.87 411.85 632.01 612.73 395.80 806.11 426.32 698.47 542.16 592.31 593.19 764.06 618.57
00003509 00000321 486.85 122.25 411.64 634.73 613.11 395.61 805.97 426.78 698.74 544.11 590.86 592.54 764.22 618.57
00003510 00000322 486.56 122.08 412.12 635.85 613.26 395.28 805.65 427.39 698.22 542.84 591.34 592.68 763.50 619.41
00003511 00000323 486.78 122.19 412.05 633.44 613.53 396.45 805.44 427.38 698.36 542.64 593.50 594.57 762.12 620.28
00003512 00000324 486.74 122.14 411.48 631.61 613.97 397.60 803.88 427.65 698.48 542.54 593.77 592.20 762.26 617.18
00003513 00000325 487.13 122.57 410.72 630.25 613.78 397.84 803.77 427.18 698.17 542.47 595.03 593.81 761.19 618.15
00003514 00000326 487.50 123.63 410.67 627.58 614.04 397.71 804.08 427.46 698.59 542.50 594.60 593.28 760.93 618.08
00003515 00000327 487.52 122.99 409.29 627.95 613.04 398.39 803.57 427.85 698.20 544.04 593.05 592.93 761.06 617.53
00003516 00000328 488.00 123.13 409.82 630.25 613.09 398.98 803.80 429.28 697.88 545.49 591.61 593.27 761.45 618.65
00003517 00000329 487.39 122.92 410.21 633.89 613.44 398.78 804.00 430.32 698.48 546.20 590.71 593.57 762.41 620.01
00003518 00000330 487.08 121.95 410.37 637.05 613.13 398.36 805.50 430.82 698.89 547.76 591.50 596.72 763.06 623.84
00003519 00000331 487.05 122.75 409.90 636.23 613.54 398.07 805.10 431.19 698.75 547.17 591.09 595.84 762.18 623.50
00003520 00000332 486.11 123.31 410.38 635.64 613.39 397.68 805.86 431.85 698.32 546.87 589.77 594.77 762.57 623.34
00003521 00000333 487.38 123.08 409.77 634.45 614.40 397.63 806.25 432.59 698.76 548.23 590.34 595.20 761.35 624.41
00003522 00000334 486.98 122.36 410.15 635.28 614.99 398.50 806.75 434.46 698.73 549.70 589.83 595.55 760.87 625.63
00003523 00000335 487.63 119.22 409.74 639.06 614.56 398.94 806.63 434.99 698.27 550.20 589.56 596.12 760.97 626.02
00003524 00000336 487.74 121.31 408.62 636.33 613.88 399.47 806.29 434.77 697.75 550.76 588.73 596.01 760.80 625.54
00003525 00000337 487.14 120.82 408.55 638.28 614.03 399.13 805.30 435.02 697.47 551.13 588.03 594.60 760.70 624.55
00003526 00000338 487.05 121.32 408.10 637.82 613.04 399.25 805.35 433.90 696.47 551.34 588.21 595.66 761.04 624.59
00003527 00000339 485.71 123.33 407.87 633.91 611.94 400.05 803.94 433.60 695.91 550.73 588.79 596.68 760.00 624.73
00003528 00000340 485.17 124.11 408.16 635.77 611.50 400.42 804.38 433.10 696.76 551.14 588.98 598.44 760.68 625.78
00003529 00000341 484.33 124.41 408.66 636.79 612.06 403.28 803.49 434.88 697.00 552.66 590.60 601.69 758.72 627.83
00003530 00000342 485.07 125.75 407.51 636.85 615.06 408.83 803.21 435.91 702.10 551.79 599.13 608.41 760.49 630.38
00003531 00000343 487.73 127.49 404.56 637.65 613.36 410.89 801.51 435.16 701.99 553.47 604.58 617.06 760.59 636.41
00003532 00000344 486.07 127.24 404.82 636.03 610.82 409.47 799.57 432.80 698.57 551.35 604.20 617.79 757.64 636.30
00003533 00000345 482.68 128.92 408.47 629.69 607.53 407.04 800.28 430.09 697.65 550.70 600.77 614.69 756.81 633.31
00003534 00000346 480.18 129.86 406.09 622.91 602.69 405.22 795.01 424.69 694.18 544.45 598.16 610.49 752.32 626.39
00003535 00000347 474.02 123.63 409.65 621.99 598.56 399.35 791.21 418.44 689.55 535.36 595.66 599.24 752.72 614.95
00003536 00000348 470.48 118.07 408.66 626.19 596.03 391.66 789.04 409.34 690.51 523.23 595.70 592.30 754.29 606.94
00003537 00000349 468.27 110.27 406.89 625.62 594.00 382.16 788.65 400.07 693.15 507.46 596.73 585.78 755.40 600.92
00003538 00000350 468.55 107.11 402.77 621.92 593.56 373.73 786.67 390.06 695.94 497.78 599.99 579.99 755.81 594.20
00003539 00000351 468.73 105.59 400.61 610.30 592.83 368.91 785.93 381.50 698.83 488.84 604.03 574.62 759.55 585.47
00003540 00000352 468.10 103.73 398.30 599.35 594.21 365.32 785.20 373.60 702.16 482.07 609.26 570.25 760.09 577.72
00003541 DELETE   469.77 102.14 394.52 596.42 595.71 364.54 786.38 371.63 705.37 478.87 613.96 571.55 761.38 577.92
00003542 00000354 470.17 101.38 394.81 599.18 597.76 363.22 789.55 369.44 709.56 478.99 616.04 573.11 764.43 578.67
00003543 00000355 470.84 102.28 395.92 598.34 598.81 363.36 792.09 370.38 711.20 481.76 617.12 577.05 764.71 583.35
00003544 00000356 470.67 104.69 398.84 601.11 599.16 367.24 794.63 376.40 711.89 487.17 615.37 577.13 766.17 585.26
00003545 00000357 472.99 105.72 400.11 599.41 602.31 373.01 794.40 384.33 712.32 493.41 617.22 584.57 764.94 594.05
00003546 DELETE   473.56 122.45 401.06 594.16 606.83 386.00 800.22 395.21 719.64 507.00 617.91 591.26 767.82 599.81
00003547 00000359 476.63 127.02 399.74 599.86 608.08 396.56 799.97 405.45 717.61 521.64 617.73 598.94 768.21 606.83
00003548 DELETE   477.17 135.57 401.17 609.81 610.79 412.71 802.34 421.38 720.03 539.42 619.50 616.58 772.24 623.49
00003549 DELETE   473.48 132.60 406.62 632.14 607.48 424.21 804.67 432.25 721.44 561.02 619.46 638.75 780.56 644.06
00003550 DELETE   474.11 144.59 410.41 629.11 609.44 433.21 811.22 444.59 722.87 578.27 616.89 646.44 783.09 654.92
00003551 00000363 475.12 150.79 415.47 641.97 610.64 440.72 814.43 456.01 720.68 591.98 610.77 651.03 781.18 663.35
00003552 DELETE   478.62 156.95 414.54 642.17 612.25 451.10 815.59 465.63 720.71 606.04 608.55 656.79 782.30 668.55
00003553 DELETE   477.21 159.36 413.12 645.20 612.10 455.96 812.50 469.60 720.23 608.41 605.78 656.46 782.14 667.75
00003554 DELETE   472.42 157.30 411.65 644.30 606.34 453.07 809.96 465.98 717.34 602.94 600.04 654.36 778.49 665.38
00003555 00000367 466.82 150.21 409.43 645.27 597.79 443.62 803.39 454.39 711.30 590.19 596.26 650.63 773.83 659.65
00003556 00000368 461.60 142.63 406.89 647.25 592.57 433.83 795.89 442.55 708.63 577.20 594.07 643.77 768.32 651.27
00003557 DELETE   460.95 137.41 403.82 644.36 591.17 431.16 793.04 432.30 710.52 568.15 602.65 638.83 773.77 639.66
00003558 DELETE   461.58 136.54 404.61 629.49 594.18 434.16 789.41 434.18 700.74 569.56 597.79 631.82 761.63 631.52
00003559 DELETE   462.37 137.13 405.61 626.43 596.60 431.12 792.35 431.40 704.38 567.36 601.56 630.38 764.21 630.39
00003560 00000372 465.12 136.05 404.13 624.77 599.16 431.74 795.08 432.24 706.87 567.98 601.79 630.33 764.64 630.59
00003561 00000373 468.05 137.81 406.00 629.57 602.38 429.65 798.21 434.77 708.03 571.42 602.99 632.70 764.71 636.48
00003562 DELETE   468.15 134.51 406.17 642.83 603.27 427.01 804.45 434.61 720.62 569.74 609.83 640.02 777.72 645.69
00003563 DELETE   473.30 141.37 406.98 644.03 607.97 430.62 807.87 439.96 723.34 575.88 617.76 650.34 772.56 657.66
00003564 00000376 477.20 139.02 409.05 655.47 612.45 433.40 810.51 444.41 726.49 582.53 621.27 654.23 775.24 662.85
00003565 DELETE   478.90 139.21 409.75 652.44 613.90 434.67 810.79 445.21 726.73 584.02 627.29 659.04 775.33 667.05
00003566 DELETE   478.98 139.74 409.87 649.60 613.34 433.62 811.01 445.20 726.10 581.67 626.09 657.55 774.89 666.45
00003567 00000379 476.02 141.75 408.96 646.39 611.21 433.32 808.71 443.88 723.83 580.20 620.67 653.58 774.08 661.66
00003568 DELETE   472.73 144.20 407.40 641.37 608.04 431.32 806.94 442.61 720.38 577.98 611.36 647.48 772.93 656.51
00003569 00000381 471.72 145.41 406.31 637.13 606.26 431.27 806.71 440.86 720.04 575.84 610.23 645.78 775.36 653.36
CROP_BBOX: 148 0 1170 974
