Video ID: 	jkZ3ficBFQI
H: 	1080
W: 	1920
FPS: 	23.976023976023978

FRAME INDEX X0 Y0 W H [Landmarks (5 Points)]

00001943 00000000 1084.24 199.68 443.87 590.22 1168.15 420.00 1374.85 441.30 1238.97 570.00 1174.78 626.47 1359.16 643.58
00001944 00000001 1092.65 205.28 440.75 586.93 1176.42 421.23 1379.80 445.36 1242.31 571.89 1179.85 629.65 1361.80 649.28
00001945 00000002 1097.91 204.21 443.23 586.28 1185.93 417.96 1385.45 444.81 1246.91 566.86 1185.24 626.78 1360.87 648.86
00001946 00000003 1104.10 198.59 443.11 583.29 1194.96 409.41 1391.66 438.77 1255.06 557.59 1191.72 617.95 1363.18 641.83
00001947 00000004 1109.88 193.83 444.92 583.04 1202.95 398.22 1396.92 431.47 1259.71 546.24 1193.68 605.86 1364.91 632.56
00001948 00000005 1113.47 188.86 445.64 582.01 1204.15 392.43 1398.43 424.30 1261.36 538.32 1196.61 601.73 1366.75 626.95
00001949 00000006 1115.51 186.41 443.08 583.11 1200.83 391.12 1394.60 419.15 1257.78 535.36 1198.76 602.76 1366.23 624.53
00001950 00000007 1116.50 185.70 440.50 585.89 1198.26 393.67 1389.63 418.69 1254.15 536.34 1199.27 608.21 1361.29 627.48
00001951 00000008 1116.36 185.61 440.49 588.95 1196.16 397.25 1387.12 419.03 1253.25 539.52 1200.95 613.00 1360.60 629.74
00001952 00000009 1117.08 185.82 439.68 589.19 1195.63 398.23 1387.73 421.03 1252.30 542.05 1199.60 614.01 1362.35 631.58
00001953 00000010 1117.49 185.96 440.59 588.75 1197.64 396.59 1390.54 422.17 1253.04 541.70 1197.88 611.56 1365.60 631.21
00001954 00000011 1120.83 187.39 440.37 586.04 1201.34 394.99 1392.55 421.33 1254.48 538.15 1200.61 609.17 1367.90 629.25
00001955 00000012 1121.55 186.30 442.52 586.82 1202.07 393.75 1393.23 417.76 1254.62 533.99 1201.47 608.65 1369.51 626.66
00001956 00000013 1121.93 183.30 443.30 587.25 1199.11 392.90 1390.00 413.99 1251.43 533.42 1202.17 606.11 1373.89 621.39
00001957 00000014 1118.68 179.11 444.89 589.11 1193.94 395.52 1385.50 412.25 1248.42 533.48 1202.32 605.52 1377.28 616.91
00001958 00000015 1114.28 175.98 447.03 589.22 1187.51 399.62 1378.59 410.18 1244.50 534.13 1201.37 607.68 1375.81 613.74
00001959 00000016 1111.22 167.14 446.76 597.80 1178.07 398.87 1366.41 405.82 1235.11 532.75 1197.37 607.64 1367.04 613.29
00001960 00000017 1107.47 161.46 447.89 599.70 1173.87 397.15 1360.20 402.35 1228.91 527.82 1193.63 605.01 1363.13 609.14
00001961 00000018 1104.17 151.28 449.97 605.45 1171.35 393.84 1356.22 398.84 1223.69 519.72 1189.20 601.39 1359.26 605.21
00001962 00000019 1099.97 145.27 454.35 610.98 1168.11 389.84 1353.65 392.05 1223.15 511.90 1188.27 597.71 1355.82 599.28
00001963 00000020 1095.28 144.67 457.11 612.00 1161.78 390.92 1349.00 389.10 1217.57 506.45 1182.12 597.71 1352.05 596.22
00001964 00000021 1091.73 145.16 460.24 615.70 1156.50 395.39 1345.42 388.36 1214.42 508.70 1179.97 603.42 1348.60 597.52
00001965 00000022 1087.36 149.96 463.91 614.36 1151.68 402.40 1339.71 391.50 1209.99 514.50 1178.87 611.32 1343.70 602.35
00001966 00000023 1083.56 150.45 465.79 612.79 1148.18 403.99 1338.11 391.20 1209.47 515.66 1176.94 611.26 1342.79 601.03
00001967 00000024 1082.92 145.43 465.07 611.85 1147.41 401.13 1339.24 385.88 1210.82 508.02 1177.49 608.44 1343.79 596.86
00001968 00000025 1082.82 138.06 461.81 615.16 1144.84 396.76 1341.14 378.30 1209.72 501.24 1175.64 606.12 1340.68 591.31
00001969 00000026 1080.74 137.41 462.45 615.46 1142.33 396.21 1337.81 375.42 1206.43 499.31 1174.35 605.76 1339.02 588.76
00001970 00000027 1075.25 138.48 467.56 620.68 1139.23 400.54 1332.40 380.24 1206.45 504.97 1173.74 610.58 1344.34 594.74
00001971 00000028 1069.37 143.34 470.36 621.77 1132.72 405.16 1325.61 384.74 1199.79 511.74 1168.55 615.64 1338.83 599.63
00001972 00000029 1065.04 148.54 471.82 618.67 1129.12 406.95 1319.27 388.00 1192.52 516.78 1165.72 617.40 1335.11 601.80
00001973 00000030 1063.55 150.68 470.64 616.51 1126.99 407.30 1317.35 389.22 1189.58 518.16 1163.22 618.68 1333.20 603.78
00001974 00000031 1063.11 149.83 470.37 618.04 1127.57 406.99 1317.62 389.42 1189.26 516.45 1162.26 617.95 1331.84 603.65
00001975 00000032 1062.52 149.35 470.85 618.27 1127.44 406.05 1318.08 388.84 1188.65 514.87 1160.95 616.83 1331.79 602.74
00001976 00000033 1063.67 161.31 451.69 604.41 1126.93 408.91 1314.36 389.63 1187.49 509.53 1158.90 615.01 1332.50 595.67
00001977 00000034 1059.37 162.70 452.85 603.97 1120.89 411.08 1308.66 388.41 1182.64 511.94 1157.02 618.37 1331.14 596.36
00001978 00000035 1055.58 165.03 453.07 603.92 1115.07 414.00 1302.81 388.99 1176.51 515.87 1153.15 620.92 1327.32 596.94
00001979 00000036 1054.41 163.79 452.80 606.62 1112.02 414.68 1297.97 391.69 1169.33 519.03 1149.57 621.20 1323.86 598.72
00001980 00000037 1057.55 163.74 447.47 604.41 1112.02 429.59 1295.64 404.49 1165.71 518.70 1146.79 622.13 1320.04 598.20
00001981 00000038 1056.28 162.69 447.85 605.00 1109.68 428.90 1292.37 406.53 1159.06 517.17 1142.07 620.92 1314.29 598.89
00001982 00000039 1050.13 147.83 460.79 621.17 1106.21 422.97 1284.72 400.57 1152.95 513.35 1141.20 614.92 1309.83 595.12
00001983 00000040 1045.89 152.69 456.91 617.21 1096.92 417.80 1271.82 398.49 1139.86 519.82 1132.83 618.16 1296.48 601.61
00001984 00000041 1038.86 154.21 454.98 617.84 1088.85 421.86 1252.70 403.71 1124.74 525.26 1121.84 623.12 1274.59 608.32
00001985 00000042 1027.77 156.10 460.58 625.14 1076.61 425.16 1238.74 413.07 1106.94 534.74 1109.39 627.35 1258.74 617.48
00001986 00000043 1020.07 165.42 456.74 622.47 1069.28 429.61 1228.35 420.13 1095.50 545.07 1105.90 634.00 1251.14 625.69
00001987 00000044 1015.93 170.05 454.94 625.12 1063.72 431.81 1223.27 424.26 1088.10 550.96 1100.92 640.24 1242.04 633.38
00001988 00000045 1012.38 172.21 456.48 622.22 1062.78 428.58 1224.57 425.70 1087.67 553.28 1098.04 638.31 1240.00 635.15
00001989 00000046 1013.76 171.22 455.63 619.24 1065.15 424.34 1227.70 422.48 1090.67 548.14 1098.47 636.33 1238.47 634.49
00001990 00000047 1016.35 165.19 454.21 627.60 1066.70 422.06 1228.99 419.36 1090.31 541.00 1097.71 633.95 1236.34 631.67
00001991 00000048 1014.40 160.41 454.86 627.46 1064.87 417.88 1226.02 415.06 1085.90 535.52 1094.50 629.80 1231.91 627.42
00001992 00000049 1008.55 155.70 456.55 625.80 1056.07 409.42 1223.96 409.53 1077.16 532.85 1083.51 625.68 1228.12 625.58
00001993 00000050 1004.18 153.42 455.63 620.33 1050.70 406.66 1218.72 405.03 1070.52 526.58 1078.33 622.18 1222.05 620.50
00001994 00000051 1001.58 150.91 456.68 619.89 1047.75 403.81 1216.81 401.52 1068.14 524.94 1076.20 621.93 1218.98 619.70
00001995 00000052 1003.40 150.93 454.92 617.28 1046.19 404.89 1214.02 396.94 1070.96 520.31 1076.29 620.19 1213.69 612.45
00001996 00000053 1001.49 150.25 454.45 617.67 1044.95 404.86 1213.41 396.86 1071.76 519.32 1074.29 619.34 1211.26 611.85
00001997 00000054 999.91 152.47 453.81 611.38 1043.88 402.20 1215.06 395.73 1072.57 516.78 1072.35 614.88 1213.20 608.69
00001998 00000055 999.88 151.04 454.00 611.18 1044.56 395.51 1213.85 394.25 1069.62 512.58 1069.17 608.12 1214.03 606.50
00001999 00000056 997.70 143.80 450.42 612.28 1044.99 381.87 1213.83 385.81 1066.72 499.19 1061.78 597.08 1212.06 600.25
00002000 00000057 997.94 129.73 436.60 615.64 1041.50 371.06 1215.04 377.29 1063.43 480.14 1049.41 585.54 1207.31 591.36
00002001 00000058 997.21 122.10 429.02 618.19 1036.50 359.74 1213.91 369.33 1045.38 470.69 1038.96 585.01 1199.65 591.25
00002002 00000059 992.64 120.80 427.60 623.12 1032.14 359.58 1201.75 365.78 1043.69 469.20 1036.45 578.90 1193.06 585.02
00002003 00000060 986.50 122.70 431.51 627.90 1027.47 367.69 1195.51 375.58 1037.47 480.76 1034.66 583.76 1189.95 590.66
00002004 00000061 984.39 131.24 436.26 631.56 1025.59 376.82 1187.03 387.16 1030.87 495.07 1036.97 596.55 1183.44 605.02
00002005 00000062 976.83 149.54 440.32 625.22 1019.28 385.55 1187.32 394.03 1026.00 509.59 1031.40 611.86 1183.05 616.07
00002006 00000063 977.14 150.62 436.56 627.29 1021.09 394.28 1184.02 406.10 1027.73 515.42 1028.72 612.89 1171.32 623.25
00002007 00000064 972.04 156.92 438.40 624.61 1017.39 402.14 1181.71 411.31 1027.44 521.40 1025.83 619.57 1166.08 628.00
00002008 00000065 971.38 159.76 438.66 623.66 1014.72 405.22 1178.05 415.91 1025.47 527.43 1024.72 622.12 1163.57 631.83
00002009 00000066 968.83 161.02 440.04 624.71 1012.04 408.65 1173.29 417.60 1021.57 529.75 1023.78 623.44 1163.58 631.65
00002010 00000067 967.15 162.11 439.83 620.27 1010.52 410.72 1169.19 419.06 1019.80 530.94 1023.39 622.98 1164.56 630.31
00002011 00000068 966.35 163.04 439.33 615.42 1010.21 410.01 1167.64 417.06 1018.52 529.66 1024.11 620.96 1165.90 627.00
00002012 00000069 965.80 160.88 441.11 615.01 1009.97 408.44 1167.97 414.09 1020.25 526.53 1024.76 619.25 1167.72 623.92
00002013 00000070 966.07 157.54 443.43 617.46 1009.95 407.32 1169.66 412.07 1022.08 525.18 1025.58 618.61 1168.80 622.58
00002014 00000071 965.29 157.33 445.48 619.15 1009.59 408.79 1168.32 411.51 1021.67 526.61 1027.86 619.59 1170.88 621.87
00002015 00000072 963.81 156.66 444.67 623.26 1007.25 409.16 1162.04 412.26 1015.67 528.21 1026.70 621.68 1164.60 624.32
00002016 00000073 956.86 155.08 439.24 626.10 993.77 405.50 1148.41 407.77 995.75 522.50 1012.76 624.47 1143.33 626.37
00002017 00000074 947.35 146.25 433.15 625.96 976.27 401.07 1136.01 400.42 980.46 515.98 993.01 620.39 1122.90 619.50
00002018 00000075 944.47 150.16 422.54 627.75 970.42 401.76 1117.61 396.48 966.18 513.17 989.36 623.95 1107.79 620.25
00002019 00000076 942.63 153.68 425.37 632.57 970.08 404.98 1116.69 398.11 966.59 515.66 993.77 625.57 1112.93 620.09
00002020 00000077 941.98 159.66 441.32 630.70 974.43 413.20 1128.99 401.58 982.78 527.42 1007.81 632.55 1136.71 621.50
00002021 00000078 941.81 166.45 453.42 628.64 978.89 421.05 1140.38 407.66 997.72 543.51 1016.37 642.37 1153.45 629.15
00002022 00000079 943.73 170.06 455.05 627.37 983.98 426.39 1148.64 411.98 1007.55 546.26 1020.79 646.16 1159.92 632.03
00002023 00000080 943.96 172.82 452.37 629.83 980.83 426.47 1145.89 416.85 1002.87 551.45 1015.23 647.66 1156.27 637.57
00002024 00000081 942.71 173.32 445.67 633.42 978.30 428.13 1136.90 421.92 994.41 554.58 1010.59 649.81 1144.96 642.77
00002025 00000082 939.08 179.62 439.84 632.24 973.29 429.85 1128.56 426.49 984.77 561.41 1006.74 653.78 1140.21 649.29
00002026 00000083 935.94 185.66 438.64 628.51 970.86 439.69 1118.85 433.14 980.63 570.16 1010.25 660.38 1136.34 653.31
00002027 00000084 933.74 190.00 441.45 625.07 969.80 442.76 1117.05 436.14 980.68 576.48 1014.56 662.30 1139.13 655.04
00002028 00000085 932.17 190.65 447.47 622.15 968.38 440.69 1122.31 433.31 983.42 575.50 1013.56 661.41 1144.52 653.24
00002029 00000086 934.75 181.64 448.29 628.90 970.40 436.05 1130.16 427.65 990.15 568.99 1013.03 658.35 1148.96 649.26
00002030 00000087 935.79 176.67 452.05 633.06 973.99 429.94 1135.54 422.59 992.08 560.35 1013.51 653.30 1154.27 644.87
00002031 00000088 938.09 171.55 454.19 631.38 975.31 426.23 1135.62 415.39 991.06 551.85 1015.15 646.67 1158.02 635.01
00002032 00000089 939.84 167.35 457.44 625.29 978.81 422.84 1142.09 409.96 998.08 539.72 1014.38 637.68 1159.43 624.41
00002033 00000090 941.88 167.54 458.56 616.69 983.84 415.75 1147.52 405.06 1000.88 531.65 1017.45 628.27 1165.24 616.79
00002034 00000091 943.27 161.81 458.48 617.32 988.67 415.31 1147.75 406.97 1004.33 528.90 1021.40 623.80 1165.81 616.34
00002035 00000092 948.48 161.97 455.19 616.17 990.79 410.05 1155.19 397.46 1009.00 526.17 1024.84 625.45 1174.12 611.75
00002036 00000093 955.55 159.74 453.48 616.97 1000.13 416.02 1155.51 403.78 1016.67 524.26 1032.89 622.31 1176.48 611.96
00002037 00000094 958.88 157.56 455.63 617.31 1004.78 415.23 1163.15 400.41 1025.21 521.65 1037.50 621.67 1183.48 609.40
00002038 00000095 964.10 148.94 455.84 618.73 1008.92 410.82 1168.62 393.72 1028.40 512.44 1040.23 617.21 1188.02 603.17
00002039 00000096 967.83 143.55 455.31 619.23 1013.00 405.12 1174.09 387.83 1034.13 502.26 1041.87 611.92 1189.76 597.93
00002040 00000097 971.16 142.16 454.69 619.67 1015.87 407.20 1178.54 386.47 1039.49 501.81 1047.14 612.52 1197.24 595.63
00002041 00000098 973.84 145.25 454.92 620.70 1017.73 410.58 1175.42 388.92 1038.84 507.38 1053.32 614.19 1201.48 595.95
00002042 00000099 971.30 150.45 455.93 622.02 1016.29 415.41 1172.78 393.41 1038.40 518.36 1055.37 618.72 1204.49 599.90
00002043 00000100 970.08 157.06 455.99 617.59 1015.89 418.72 1171.92 396.51 1038.05 522.77 1057.10 621.59 1205.55 602.51
00002044 00000101 970.96 157.00 454.26 616.35 1016.73 415.00 1172.29 396.92 1037.21 523.12 1056.13 619.78 1204.05 604.10
00002045 00000102 976.06 155.48 449.78 616.31 1020.23 409.90 1174.77 395.30 1039.20 519.90 1056.92 615.67 1204.06 602.97
00002046 00000103 979.93 146.47 450.68 621.46 1025.06 403.23 1180.33 388.91 1041.95 508.17 1059.95 609.50 1206.00 596.85
00002047 00000104 980.12 137.45 446.03 621.67 1026.29 393.39 1191.46 380.13 1053.43 496.27 1056.54 605.29 1202.09 594.48
00002048 00000105 983.49 127.66 441.17 621.85 1029.77 387.94 1199.22 373.42 1061.35 483.78 1052.87 600.30 1194.66 589.61
00002049 00000106 985.99 124.56 439.16 619.95 1029.49 384.80 1201.29 370.13 1061.57 481.50 1051.15 598.84 1192.03 588.36
00002050 00000107 984.66 124.23 440.81 620.83 1025.72 386.63 1199.00 371.70 1059.67 488.21 1049.95 604.08 1192.15 593.22
00002051 00000108 980.07 127.60 444.99 624.35 1023.63 390.57 1194.55 375.01 1055.40 494.41 1052.82 609.73 1189.65 598.01
00002052 00000109 978.18 132.78 443.49 625.60 1025.31 392.31 1192.88 377.14 1056.09 496.37 1055.52 611.67 1185.73 600.22
00002053 00000110 978.55 132.75 446.01 630.87 1026.77 390.66 1194.32 379.93 1055.42 499.25 1056.23 609.12 1194.99 600.63
00002054 00000111 978.25 140.13 447.86 628.92 1028.12 392.82 1196.08 389.63 1052.09 505.35 1050.25 609.04 1196.84 606.68
00002055 00000112 974.78 151.40 445.02 624.79 1023.99 403.02 1190.25 402.89 1046.06 518.22 1041.40 616.57 1190.38 616.91
00002056 00000113 972.37 167.38 443.17 625.62 1018.88 418.40 1180.13 423.25 1034.33 541.03 1036.39 629.95 1181.89 634.65
00002057 00000114 965.40 181.19 447.54 620.35 1011.37 430.56 1173.83 438.48 1026.48 556.18 1030.64 639.67 1178.54 646.39
00002058 00000115 957.73 193.62 449.72 620.88 1005.93 434.56 1172.54 443.53 1021.70 564.74 1025.50 648.49 1180.33 653.17
00002059 00000116 956.43 198.86 447.74 617.43 1004.67 438.40 1167.29 445.87 1019.46 565.45 1023.57 650.84 1173.67 654.43
00002060 00000117 955.42 195.40 447.43 620.44 1004.27 437.56 1165.92 444.34 1020.10 564.36 1023.90 650.16 1172.37 653.13
00002061 00000118 956.06 191.81 449.99 617.07 1004.03 434.24 1170.05 438.18 1023.63 559.90 1025.67 649.15 1174.54 649.85
00002062 00000119 962.10 182.99 446.52 609.59 1008.69 424.65 1176.79 428.32 1029.93 549.90 1032.43 638.21 1182.69 638.58
00002063 00000120 965.66 164.76 444.92 619.28 1012.27 429.25 1173.00 430.99 1032.37 541.24 1033.61 627.72 1178.45 629.39
00002064 DELETE   970.09 150.33 445.30 618.00 1016.60 428.54 1180.08 416.82 1041.11 519.65 1036.96 622.72 1181.17 613.50
00002065 DELETE   973.08 142.06 450.64 612.51 1020.90 410.56 1188.66 397.89 1052.85 503.62 1044.03 610.18 1192.75 600.29
00002066 00000123 975.89 131.98 450.98 613.17 1023.76 401.06 1199.73 378.34 1061.46 484.50 1049.38 601.95 1202.29 584.01
00002067 00000124 987.98 119.14 442.82 618.53 1025.75 386.54 1192.25 367.99 1053.81 481.24 1052.35 589.86 1200.24 574.53
00002068 00000125 991.35 117.48 443.84 613.68 1029.12 378.19 1193.55 359.97 1055.83 471.65 1055.85 580.97 1203.51 565.62
00002069 00000126 994.70 113.38 446.62 614.62 1032.94 372.43 1198.58 353.10 1059.25 466.21 1060.23 574.98 1210.46 558.40
00002070 00000127 998.05 115.94 451.63 610.38 1037.73 369.56 1205.00 348.70 1065.09 464.22 1069.03 573.49 1218.58 555.12
CROP_BBOX: 756 0 1740 956
