Video ID: 	_mO5W7VHxlM
H: 	1080
W: 	1920
FPS: 	23.976023976023978

FRAME INDEX X0 Y0 W H [Landmarks (5 Points)]

00023321 00000000 692.28 116.81 459.85 767.16 779.93 446.45 991.45 436.46 870.31 589.53 821.91 712.99 978.20 705.39
00023322 00000001 689.95 105.45 454.01 765.89 776.68 438.64 984.67 428.96 865.29 580.63 819.76 707.36 971.40 700.02
00023323 00000002 686.49 99.47 455.17 764.35 773.81 433.93 981.97 426.09 860.65 575.35 816.65 703.81 965.95 698.17
00023324 00000003 670.89 103.98 461.07 755.50 762.70 426.58 981.41 422.81 855.01 566.97 800.31 694.64 965.91 691.88
00023325 00000004 667.89 97.88 459.33 757.31 760.38 424.00 978.48 420.94 852.02 563.63 796.33 690.29 961.03 688.40
00023326 00000005 665.51 89.28 457.74 762.96 757.50 421.16 975.61 417.67 849.90 563.51 793.94 686.83 960.22 684.42
00023327 00000006 664.72 86.03 458.43 764.05 756.34 420.04 975.42 416.53 849.76 563.39 792.34 685.15 960.12 682.72
00023328 00000007 665.80 85.74 461.53 762.21 757.84 417.76 977.51 414.46 851.33 561.50 794.85 684.04 962.96 681.71
00023329 00000008 669.73 83.34 462.17 761.90 760.47 417.03 982.91 413.92 855.11 558.98 796.51 685.53 965.29 683.46
00023330 00000009 675.42 86.32 461.10 756.49 766.16 415.17 987.05 413.49 861.30 560.15 802.58 683.17 970.55 682.07
00023331 00000010 682.09 90.15 459.25 746.51 772.38 413.95 985.62 409.04 863.61 558.40 809.80 680.31 968.34 677.18
00023332 00000011 683.08 84.79 463.95 750.69 774.79 408.04 993.32 409.18 865.97 551.76 807.97 676.80 971.35 677.64
00023333 00000012 684.11 84.26 465.13 750.57 775.19 406.13 993.79 405.51 866.47 548.69 809.50 675.05 974.04 674.44
00023334 00000013 687.31 84.20 461.55 746.91 777.18 402.81 992.42 397.49 868.82 543.54 813.78 668.86 974.01 665.29
00023335 00000014 686.38 79.96 462.74 750.62 775.96 402.85 991.03 397.65 866.56 543.01 812.87 668.52 972.29 665.05
00023336 00000015 684.31 86.20 463.07 744.57 774.29 403.32 991.41 399.64 864.83 546.22 810.38 670.89 970.05 668.84
00023337 00000016 683.54 84.38 463.08 747.56 774.31 405.38 990.70 402.80 864.44 548.61 809.14 672.87 968.10 671.78
00023338 00000017 685.62 83.15 461.30 751.21 777.48 408.60 992.68 405.85 866.96 552.43 811.54 675.44 970.48 674.05
00023339 00000018 688.50 84.73 461.39 748.26 780.98 412.39 996.20 409.10 872.36 555.15 812.62 675.62 974.74 673.71
00023340 00000019 695.23 92.38 458.02 744.93 786.42 414.69 1002.90 409.88 881.47 557.01 820.16 679.21 983.52 676.25
00023341 00000020 700.20 91.57 457.64 748.46 792.02 415.01 1006.35 410.92 886.34 558.91 825.03 679.85 986.88 677.71
00023342 00000021 704.28 101.09 456.26 744.86 800.95 417.07 1016.00 417.48 898.47 562.24 833.38 680.78 992.17 682.25
00023343 00000022 706.55 101.72 455.55 754.94 805.31 419.18 1020.90 420.76 901.16 564.92 837.84 684.98 994.22 687.53
00023344 00000023 709.21 103.96 452.92 763.25 808.55 422.41 1019.56 424.38 899.31 566.85 839.72 691.65 992.46 694.63
00023345 00000024 710.33 112.81 454.43 757.21 808.62 424.20 1019.30 427.90 898.72 570.06 839.73 693.44 990.28 697.67
00023346 00000025 712.65 114.73 454.98 757.46 809.46 426.64 1019.88 429.56 898.74 575.90 840.46 696.15 994.16 699.62
00023347 00000026 714.37 112.23 453.82 758.43 809.68 427.31 1020.89 430.16 898.78 576.91 839.40 695.78 997.21 699.04
00023348 00000027 714.23 113.75 455.18 754.49 809.92 429.70 1025.37 432.16 901.38 578.98 836.90 693.19 1004.72 695.89
00023349 00000028 714.52 115.55 456.93 751.33 809.57 431.63 1027.75 433.37 902.60 581.17 834.93 691.72 1010.46 693.52
00023350 00000029 715.58 123.03 456.41 742.47 810.42 435.37 1032.29 438.45 905.41 584.90 830.63 690.47 1016.66 693.07
00023351 00000030 711.89 133.03 463.16 731.88 806.79 444.79 1029.73 449.85 896.71 589.07 825.76 688.42 1015.72 691.98
00023352 00000031 717.26 133.79 461.11 732.17 812.10 446.18 1035.20 454.28 902.48 588.09 825.64 686.03 1020.31 692.10
00023353 00000032 719.78 133.60 458.86 732.06 814.97 446.23 1038.12 456.20 905.78 589.41 826.55 685.49 1022.09 693.24
00023354 00000033 724.75 137.67 456.71 733.23 817.66 447.37 1039.82 457.74 907.99 592.89 829.36 688.70 1025.17 696.87
00023355 00000034 726.69 134.87 456.24 737.56 819.76 448.83 1041.56 458.40 910.10 594.05 832.31 690.66 1026.89 698.19
00023356 00000035 728.73 128.56 454.20 749.25 822.59 443.86 1047.51 453.56 917.28 594.70 833.75 694.11 1029.51 702.13
00023357 00000036 729.34 127.34 452.80 752.67 822.97 446.35 1047.88 455.89 919.03 596.58 834.14 696.26 1029.87 704.20
00023358 00000037 720.75 139.81 463.72 741.44 821.61 451.15 1045.96 461.75 912.66 600.07 834.08 696.34 1028.77 705.61
00023359 00000038 722.60 139.53 463.94 747.36 823.06 450.42 1047.38 460.08 913.66 600.03 838.58 701.50 1027.73 710.13
00023360 00000039 725.80 142.12 462.44 753.20 827.11 450.01 1045.42 459.13 914.44 600.36 846.20 712.10 1019.78 720.65
00023361 00000040 726.13 144.43 463.34 752.19 828.62 452.60 1046.81 461.54 916.75 602.48 847.58 714.26 1019.87 722.76
00023362 00000041 726.36 137.83 465.19 757.28 829.88 452.69 1048.81 461.38 920.55 603.38 850.14 715.71 1021.07 724.07
00023363 00000042 723.65 134.46 468.00 759.77 830.68 450.72 1051.05 460.47 923.67 603.30 850.54 714.81 1020.20 724.09
00023364 00000043 723.83 130.59 470.25 762.89 831.94 448.48 1054.98 460.65 925.47 601.83 849.82 711.85 1021.63 723.21
00023365 00000044 723.66 133.60 471.39 761.23 831.55 445.58 1055.44 459.41 925.33 601.44 848.44 710.26 1022.54 723.05
00023366 00000045 718.15 134.98 476.65 764.39 830.06 442.23 1054.71 456.86 922.78 599.32 844.66 707.26 1022.08 720.41
00023367 00000046 715.82 132.33 475.98 766.39 827.53 443.64 1052.15 458.57 917.53 599.23 839.46 705.46 1019.29 718.83
00023368 00000047 714.62 129.84 473.77 767.89 822.09 443.63 1044.83 459.85 906.25 598.59 832.33 706.46 1010.49 720.83
00023369 00000048 710.21 135.53 473.51 763.97 815.95 442.50 1041.50 457.85 901.89 600.54 829.00 710.99 1001.40 724.82
00023370 00000049 709.40 139.52 469.93 762.79 810.21 443.77 1032.29 458.11 889.68 604.57 825.18 718.55 986.90 731.72
00023371 00000050 712.01 132.95 467.23 772.00 812.32 442.80 1031.49 455.50 898.22 603.34 831.75 721.73 990.28 733.26
00023372 00000051 713.08 140.18 464.41 761.55 814.82 444.63 1035.39 454.54 907.12 603.76 838.57 722.42 996.34 731.82
00023373 00000052 711.04 149.90 470.81 749.39 816.05 446.79 1041.43 457.80 906.00 606.13 839.37 722.17 999.64 732.43
00023374 00000053 717.98 140.40 461.40 760.53 821.10 445.21 1040.22 452.02 915.02 598.30 845.74 723.35 1002.84 730.60
00023375 00000054 719.12 146.22 462.13 751.38 819.63 442.81 1041.06 444.86 916.95 596.07 850.04 722.26 1007.63 725.22
00023376 00000055 720.87 137.93 465.84 761.26 823.94 437.40 1048.14 439.82 922.05 592.45 852.90 717.87 1014.14 720.66
00023377 00000056 721.30 139.72 467.89 759.44 825.46 435.27 1050.83 437.60 925.08 591.00 854.18 716.65 1017.25 719.24
00023378 00000057 723.71 143.70 469.43 761.33 827.56 439.36 1053.80 442.28 927.20 595.24 854.42 720.10 1017.92 723.43
00023379 00000058 728.43 147.81 468.51 763.84 834.70 444.26 1057.48 450.18 930.48 599.39 863.74 726.79 1023.38 733.11
00023380 00000059 729.56 158.33 470.36 756.47 840.74 448.46 1058.57 455.12 936.30 600.27 869.44 728.34 1022.51 735.40
00023381 00000060 729.10 157.94 470.71 761.83 841.05 448.48 1060.10 454.96 937.80 599.94 868.49 729.14 1025.35 735.97
00023382 00000061 727.55 151.51 470.73 769.76 838.65 452.34 1059.00 456.88 935.63 601.95 863.49 728.12 1031.58 733.09
00023383 00000062 724.81 149.46 473.75 773.42 836.59 454.95 1058.61 458.48 933.48 605.61 859.73 728.11 1035.80 732.03
00023384 00000063 722.35 155.53 473.85 766.99 833.68 457.98 1057.62 463.38 930.64 610.18 853.69 726.57 1034.56 732.05
00023385 00000064 719.51 153.73 477.33 766.99 831.62 458.31 1055.91 464.93 928.07 611.60 851.44 726.80 1031.38 733.32
00023386 00000065 717.70 156.26 480.34 761.44 828.25 460.33 1052.71 466.88 923.33 614.49 850.10 730.82 1025.79 737.38
00023387 00000066 717.40 155.20 479.22 762.84 826.49 462.97 1053.97 469.31 924.56 617.62 848.61 734.95 1024.24 741.60
00023388 00000067 719.95 153.50 475.47 762.44 829.17 463.85 1057.26 470.67 932.13 618.21 847.93 734.77 1023.52 741.24
00023389 00000068 722.21 155.39 473.09 758.37 830.42 463.93 1060.08 472.74 934.31 620.93 847.17 734.80 1024.45 742.93
00023390 00000069 726.05 153.26 473.28 759.16 831.94 465.54 1065.24 475.77 936.04 623.46 846.57 736.53 1025.61 745.78
00023391 00000070 728.88 157.10 472.20 755.40 833.82 466.97 1066.58 476.89 937.56 624.25 847.77 737.80 1027.37 746.61
00023392 00000071 731.48 162.01 470.84 751.30 839.35 468.79 1069.71 480.96 942.40 625.83 848.84 737.08 1029.46 747.62
00023393 00000072 734.45 164.88 466.88 744.07 841.65 468.18 1069.55 483.06 943.92 628.82 854.95 737.38 1031.38 751.59
00023394 00000073 732.08 166.59 470.82 746.35 844.67 465.68 1071.56 482.84 944.07 628.42 855.21 733.60 1032.68 749.60
00023395 00000074 731.54 166.09 472.28 756.03 846.47 465.32 1071.49 482.79 943.40 626.85 856.43 732.51 1034.89 748.66
00023396 00000075 730.26 167.20 473.60 753.55 844.93 466.46 1070.16 484.23 941.52 627.92 853.62 729.62 1036.01 745.83
00023397 00000076 727.86 164.87 474.00 756.57 841.68 468.15 1068.63 485.58 939.42 630.85 849.11 728.96 1036.68 744.61
00023398 00000077 727.24 164.54 473.27 756.46 840.15 470.52 1067.27 487.77 937.51 633.47 847.34 729.59 1035.76 745.03
00023399 00000078 724.44 164.09 475.34 756.56 839.21 474.17 1067.39 492.23 937.94 636.63 843.62 730.16 1036.47 746.05
00023400 00000079 724.60 170.07 476.22 743.16 838.59 476.48 1068.50 492.77 940.67 637.55 844.81 731.57 1036.61 745.99
00023401 00000080 723.82 169.22 475.16 745.36 837.52 477.19 1068.20 493.31 940.48 638.40 843.76 731.93 1036.96 746.16
00023402 00000081 724.06 162.02 475.42 752.13 838.04 480.07 1070.77 497.70 940.92 641.74 842.37 733.63 1035.63 749.32
00023403 00000082 723.82 161.04 473.88 752.35 838.34 480.51 1070.12 498.44 941.60 641.79 843.60 734.71 1036.20 750.59
00023404 00000083 724.96 163.65 471.48 750.34 838.61 480.07 1070.01 498.41 941.28 642.16 844.92 737.11 1036.35 753.40
00023405 00000084 726.43 165.83 470.48 748.50 838.35 479.59 1069.48 498.33 940.22 642.70 845.06 739.69 1034.71 756.43
00023406 00000085 728.57 162.84 466.90 751.47 838.39 480.78 1069.34 499.30 939.92 644.60 845.15 741.88 1034.31 758.36
00023407 00000086 727.61 163.30 468.80 751.42 839.19 480.31 1069.53 498.13 941.20 643.13 847.98 742.40 1034.55 758.27
00023408 00000087 728.65 164.15 469.43 748.88 840.03 479.07 1070.19 496.92 942.44 641.44 849.49 741.54 1034.13 757.64
00023409 00000088 729.85 162.97 468.81 749.91 840.64 478.62 1071.12 495.51 943.71 641.45 851.18 741.91 1035.30 757.18
00023410 00000089 729.90 165.25 470.26 749.59 841.98 477.49 1072.44 494.50 944.47 639.36 852.97 742.29 1035.87 757.64
00023411 00000090 728.96 158.17 472.87 766.86 843.04 477.04 1076.60 495.93 947.85 636.59 847.43 741.13 1036.93 756.64
00023412 00000091 726.81 157.36 477.39 778.39 844.17 477.51 1074.14 494.29 947.68 633.48 850.52 744.11 1032.75 758.34
00023413 00000092 726.80 157.07 478.33 782.49 844.24 477.04 1074.31 495.05 946.22 633.72 849.06 743.55 1034.54 758.70
00023414 00000093 727.34 159.86 478.84 778.92 843.39 477.57 1074.14 495.32 945.50 634.44 848.85 742.43 1036.19 757.19
00023415 00000094 727.54 156.87 478.59 780.57 844.02 476.75 1074.77 495.50 945.29 634.36 848.06 741.01 1036.19 756.61
00023416 00000095 727.26 157.65 478.16 775.98 843.67 476.63 1075.41 495.29 945.98 634.81 848.36 740.89 1036.45 756.33
00023417 00000096 727.62 157.45 477.76 775.75 843.53 476.50 1075.52 494.83 946.25 635.07 849.17 742.32 1036.20 757.55
00023418 00000097 728.83 156.18 475.51 774.71 844.10 476.23 1075.49 494.73 946.86 634.81 850.59 744.20 1033.56 759.82
00023419 00000098 729.55 161.19 475.00 766.69 843.38 476.53 1075.97 495.08 946.60 636.28 850.10 743.64 1033.68 759.15
00023420 00000099 730.49 160.63 473.74 760.58 842.08 476.45 1076.90 495.88 945.80 637.30 847.20 741.58 1034.33 757.56
00023421 00000100 730.05 152.02 473.86 764.00 841.44 476.02 1077.00 496.47 943.97 637.48 844.28 739.47 1033.23 756.11
00023422 00000101 729.30 153.86 474.49 757.87 838.83 477.15 1074.20 496.29 941.57 638.06 842.69 738.30 1033.65 753.77
00023423 00000102 729.17 158.83 471.92 751.88 834.97 478.75 1071.52 493.66 941.23 637.39 841.39 740.23 1032.41 752.47
00023424 00000103 726.11 158.05 471.19 760.85 834.44 475.40 1067.36 490.91 936.26 635.52 840.95 739.58 1028.91 752.52
00023425 00000104 722.75 163.78 471.69 759.46 832.29 472.29 1060.71 486.51 932.66 633.39 843.48 741.10 1021.22 753.37
00023426 00000105 723.78 153.44 469.55 766.84 831.89 470.19 1056.24 485.10 927.46 630.15 843.70 739.59 1012.11 753.00
00023427 00000106 724.41 150.20 468.48 769.51 830.02 470.95 1056.41 485.96 925.84 631.52 839.49 739.37 1012.79 752.71
00023428 00000107 722.86 152.80 466.23 760.40 824.93 471.96 1051.92 486.47 919.11 633.55 837.49 741.14 1008.87 753.83
00023429 00000108 720.25 156.63 466.86 758.28 818.65 472.66 1047.18 486.86 910.90 634.62 832.47 743.09 1006.57 755.51
00023430 00000109 713.02 148.02 469.66 770.72 805.06 471.57 1031.25 485.59 892.37 638.39 825.11 744.13 996.17 756.26
00023431 00000110 710.74 142.60 469.37 780.22 800.04 471.81 1023.41 484.85 881.68 635.27 817.20 741.05 994.32 752.12
00023432 00000111 708.09 142.11 470.53 783.75 796.77 469.71 1021.01 482.05 877.45 634.46 815.86 739.26 996.92 749.46
00023433 00000112 708.57 144.69 469.22 780.96 797.61 470.25 1021.68 481.35 881.44 634.82 818.08 739.26 999.74 748.49
00023434 00000113 707.60 147.82 469.44 780.16 797.34 470.10 1022.02 480.97 882.14 634.58 818.60 739.66 1001.03 748.69
00023435 00000114 706.18 145.66 471.20 782.62 795.91 469.03 1022.20 479.92 880.30 633.28 815.87 737.71 1001.68 746.62
00023436 00000115 706.16 147.13 471.67 779.98 795.81 468.75 1021.98 479.97 879.66 633.37 815.35 736.49 1001.43 745.59
00023437 00000116 706.23 144.58 472.10 782.77 797.89 469.58 1023.11 480.79 882.41 633.38 816.59 736.48 1002.58 745.61
00023438 00000117 708.11 144.60 471.63 780.74 797.91 470.91 1027.99 480.52 887.86 635.23 818.20 741.37 1002.70 749.38
00023439 00000118 710.69 147.95 468.68 774.13 800.06 473.41 1028.05 483.34 890.46 637.78 821.36 744.80 1002.13 753.26
00023440 00000119 710.97 154.81 469.84 763.70 803.87 478.16 1030.59 490.77 894.19 641.46 822.17 746.78 998.91 757.59
00023441 00000120 712.03 159.13 468.50 757.13 803.48 481.77 1030.76 492.75 895.09 644.63 822.51 748.48 1000.28 757.97
00023442 00000121 712.11 157.32 468.44 759.25 802.23 482.92 1028.43 493.66 891.92 644.66 821.49 750.62 998.94 760.02
00023443 00000122 712.41 156.51 467.29 759.31 801.35 484.76 1025.94 494.16 890.03 645.25 820.97 751.58 997.22 759.90
00023444 00000123 711.53 156.27 467.19 760.89 800.37 484.31 1025.09 492.28 889.91 643.20 821.00 751.51 997.44 758.73
00023445 00000124 712.06 152.94 466.91 763.80 800.54 483.30 1025.52 491.39 889.90 642.32 820.78 751.23 997.44 758.53
00023446 00000125 712.35 155.18 467.15 766.37 802.43 479.45 1026.90 489.84 890.73 642.69 822.97 750.16 998.30 759.33
00023447 00000126 712.02 155.06 468.08 770.68 805.00 478.66 1027.94 489.02 892.98 641.83 828.83 751.16 997.21 760.38
00023448 00000127 712.33 147.47 466.94 779.93 809.05 476.40 1028.05 488.06 895.74 638.21 833.35 751.13 990.06 761.86
00023449 00000128 712.47 148.18 467.42 780.83 809.33 476.29 1028.09 487.87 895.58 638.06 833.65 751.71 991.66 762.20
00023450 00000129 712.27 149.38 468.15 781.98 809.56 477.33 1028.77 488.42 895.34 638.99 833.81 752.42 991.29 762.55
00023451 00000130 712.27 153.41 467.47 783.57 810.92 476.83 1026.76 488.91 894.55 638.99 834.56 754.04 988.01 765.17
00023452 00000131 712.59 151.18 467.81 788.84 810.68 473.04 1026.72 486.10 892.10 633.73 831.91 752.54 987.90 764.54
00023453 00000132 713.69 147.54 466.88 788.34 810.13 469.66 1028.52 481.72 894.19 630.64 832.68 748.80 991.09 759.83
00023454 00000133 714.68 146.59 469.95 778.79 808.19 466.21 1035.79 480.36 897.28 631.72 824.00 740.31 1001.14 752.46
00023455 00000134 715.86 146.70 470.24 775.63 809.71 465.83 1039.23 480.28 900.36 632.60 824.13 738.09 1003.85 750.45
00023456 00000135 717.62 146.24 467.32 779.44 814.09 471.73 1040.32 484.74 905.49 634.58 829.93 742.42 1005.71 753.73
00023457 00000136 719.42 145.22 465.49 782.79 817.31 478.60 1040.68 491.89 906.35 640.82 832.80 746.43 1006.68 758.05
00023458 00000137 715.16 169.09 467.24 764.83 808.18 490.85 1034.45 501.65 893.69 654.37 829.42 756.79 1005.34 766.30
00023459 00000138 715.02 170.36 466.23 764.38 808.78 490.38 1034.90 501.00 894.66 654.17 828.65 756.31 1005.87 765.84
00023460 00000139 715.32 151.89 469.11 777.65 814.01 477.20 1041.98 487.82 908.11 640.05 830.40 745.74 1013.84 754.78
00023461 00000140 713.00 154.14 471.23 770.89 810.99 470.85 1041.90 480.87 907.01 633.14 827.70 740.02 1013.73 748.57
00023462 00000141 712.41 153.55 473.04 766.95 810.66 465.91 1041.49 475.27 908.06 627.23 827.03 735.43 1012.38 743.69
00023463 00000142 708.10 162.26 477.20 755.64 806.28 467.59 1039.44 476.47 899.71 630.03 824.77 737.01 1008.04 745.17
00023464 00000143 708.28 158.02 475.90 762.58 806.55 469.70 1040.17 479.41 900.40 633.51 824.10 737.90 1008.25 746.77
00023465 00000144 710.15 148.78 473.14 774.64 810.04 469.98 1041.80 480.44 907.93 633.96 826.08 737.11 1014.37 745.91
00023466 00000145 710.22 150.79 473.42 778.65 810.85 471.02 1041.44 482.11 907.11 634.29 827.40 739.83 1013.82 749.21
00023467 00000146 709.76 150.80 474.23 781.20 811.61 471.54 1041.22 480.66 907.88 631.21 828.32 739.62 1015.76 747.24
00023468 00000147 708.17 158.07 476.50 773.90 811.69 472.61 1042.05 481.51 901.40 629.62 828.20 738.87 1013.20 747.19
00023469 00000148 707.55 160.99 478.21 767.50 812.15 470.70 1040.95 479.57 901.62 627.04 829.71 736.16 1013.09 744.37
00023470 00000149 709.83 162.76 477.71 761.03 814.57 472.93 1043.42 480.95 904.88 627.92 833.30 736.94 1016.19 744.46
00023471 00000150 713.87 160.35 475.67 762.40 816.94 475.91 1045.27 483.30 905.99 629.77 836.38 738.13 1021.61 744.94
00023472 00000151 717.24 161.50 474.23 761.65 818.46 478.56 1047.26 487.90 907.83 636.24 837.16 738.96 1024.87 747.17
00023473 00000152 719.36 161.28 473.51 763.60 820.50 480.36 1049.01 490.23 909.34 637.14 837.52 740.38 1024.83 749.19
00023474 00000153 718.68 161.13 474.55 768.65 821.40 480.24 1049.79 490.63 910.31 636.63 837.33 741.87 1024.84 751.15
00023475 00000154 718.09 162.90 474.63 768.78 820.73 481.28 1048.39 491.72 908.92 637.14 836.88 742.11 1024.10 751.44
00023476 00000155 716.48 158.49 475.08 774.39 820.41 484.91 1045.56 495.24 908.74 635.84 834.83 741.61 1020.48 750.88
00023477 00000156 714.84 156.13 473.72 778.52 817.41 485.54 1043.02 493.63 907.82 638.14 833.71 743.86 1019.74 751.12
00023478 00000157 710.40 155.17 475.65 782.93 812.16 487.62 1039.80 496.31 902.55 642.62 829.63 747.87 1014.57 755.57
00023479 00000158 708.52 154.86 476.07 786.26 810.51 489.27 1038.38 496.58 901.20 644.35 828.74 750.04 1015.02 756.46
00023480 00000159 707.57 154.01 475.08 787.15 810.29 487.45 1038.54 495.43 901.35 642.14 828.41 748.82 1015.11 755.73
00023481 00000160 707.66 157.08 474.78 783.32 809.64 487.30 1037.61 495.01 900.32 642.22 828.13 748.22 1015.24 754.86
00023482 00000161 706.26 162.18 473.04 780.67 804.74 489.51 1032.52 496.31 894.46 648.73 825.99 751.85 1012.66 757.58
00023483 00000162 706.61 161.18 471.18 782.92 803.76 491.48 1030.41 498.05 891.36 651.10 825.72 754.26 1010.07 759.77
00023484 00000163 708.25 163.43 468.94 777.28 804.40 491.82 1031.10 498.33 892.62 652.19 827.59 756.66 1008.60 762.28
00023485 00000164 710.41 164.98 467.56 770.15 806.38 491.86 1033.48 499.97 895.84 653.01 828.38 755.95 1008.79 762.89
00023486 00000165 713.16 167.67 466.96 761.91 809.26 491.28 1035.35 500.46 899.13 652.23 831.01 755.57 1008.66 763.57
00023487 00000166 713.35 168.81 466.78 764.64 810.34 491.06 1035.14 501.19 899.03 651.55 831.59 756.21 1006.79 765.16
00023488 00000167 715.40 160.50 463.75 774.37 815.09 489.41 1034.04 497.25 906.69 646.38 835.69 755.89 1007.20 763.08
00023489 00000168 711.12 170.10 468.29 771.89 808.18 493.85 1028.69 501.15 890.66 652.27 831.85 760.09 1002.10 766.73
00023490 00000169 708.08 166.66 470.49 778.02 803.29 495.46 1026.41 502.27 885.28 653.50 827.49 761.69 1000.45 767.63
00023491 00000170 711.91 159.10 466.22 779.01 808.68 489.56 1027.53 499.05 894.64 648.71 829.60 754.95 1004.86 763.01
00023492 00000171 707.44 174.34 472.19 762.51 804.49 490.63 1030.46 504.27 888.04 652.92 823.61 754.78 999.07 766.76
00023493 00000172 708.56 175.45 473.80 757.43 810.34 489.68 1037.20 505.15 898.08 649.27 825.18 750.80 1005.18 764.62
00023494 00000173 715.97 162.16 475.75 764.13 823.38 488.94 1052.05 503.83 920.01 647.01 834.91 751.01 1017.38 764.55
00023495 00000174 716.99 173.42 476.21 751.41 826.30 487.51 1056.47 504.60 923.18 650.53 837.92 749.50 1021.85 764.80
00023496 00000175 722.87 172.71 472.62 751.83 830.20 488.61 1059.73 506.59 926.35 653.24 840.14 751.17 1023.76 767.31
00023497 00000176 725.24 175.45 471.77 751.77 832.60 489.94 1059.63 509.50 925.75 653.82 840.70 750.60 1021.63 768.21
00023498 00000177 723.41 175.55 475.35 754.03 830.48 492.57 1058.28 512.15 922.32 653.37 839.97 751.17 1021.82 768.76
00023499 00000178 723.42 173.77 473.06 754.07 830.26 497.08 1056.75 516.56 921.74 652.96 837.79 751.40 1020.78 768.79
00023500 00000179 724.97 176.91 470.36 746.15 825.13 499.60 1049.74 516.60 914.70 654.77 836.15 751.49 1018.42 766.51
00023501 00000180 723.90 178.65 470.62 745.71 823.04 499.91 1047.29 518.57 910.25 655.10 833.19 751.13 1014.17 767.65
00023502 00000181 719.59 185.03 474.87 741.82 817.09 501.07 1046.12 518.35 904.37 657.56 830.22 755.30 1013.22 770.47
00023503 00000182 718.24 188.42 473.35 738.65 814.63 502.20 1043.72 518.73 901.83 659.47 829.54 756.77 1012.10 771.23
00023504 00000183 719.45 187.93 470.32 742.91 813.67 505.15 1042.43 521.40 899.70 664.19 829.96 763.54 1008.13 777.69
00023505 00000184 718.17 183.51 469.39 754.14 811.14 507.08 1037.24 523.19 895.13 666.28 827.94 768.01 1001.31 782.18
00023506 00000185 716.95 187.14 466.31 756.14 804.23 507.34 1024.46 520.53 883.34 669.16 828.37 776.56 989.77 787.96
00023507 00000186 711.84 188.08 469.26 758.41 798.41 507.96 1020.19 523.73 876.03 670.84 822.94 777.83 982.69 791.17
00023508 00000187 707.14 192.90 473.09 753.67 795.62 508.75 1017.94 524.40 874.00 670.96 821.96 777.84 981.46 790.86
00023509 00000188 707.39 190.13 471.94 756.48 795.72 509.23 1018.42 523.03 875.65 671.89 822.64 779.32 982.21 790.77
00023510 00000189 713.42 172.50 462.70 768.54 803.11 501.00 1022.17 513.60 890.71 666.90 825.61 772.37 988.25 783.78
00023511 00000190 713.20 173.70 463.05 764.69 802.46 500.47 1019.82 511.93 889.58 664.79 826.98 771.10 988.00 781.36
00023512 00000191 712.09 180.57 461.72 757.96 800.23 499.91 1016.38 513.34 883.18 662.99 822.36 768.87 982.99 780.76
00023513 00000192 710.74 180.62 462.47 757.90 797.42 499.34 1015.27 512.58 880.99 662.22 819.35 768.49 981.08 780.34
00023514 00000193 709.43 181.88 462.81 755.29 796.01 499.63 1015.14 512.39 880.21 661.74 818.68 768.41 981.47 779.83
00023515 00000194 711.20 181.96 459.91 755.72 796.05 499.39 1015.06 511.88 880.73 662.88 818.98 769.13 981.73 780.40
00023516 00000195 710.54 181.53 459.95 756.28 795.83 500.76 1015.09 512.68 881.19 663.52 819.14 769.42 982.69 780.20
00023517 00000196 710.38 183.64 460.23 753.34 795.71 500.78 1015.79 513.00 881.48 663.51 818.95 768.93 983.49 779.92
00023518 00000197 711.35 182.04 460.18 753.87 796.42 500.41 1016.15 513.72 881.70 664.30 819.26 768.69 983.12 780.50
00023519 00000198 711.94 181.75 459.95 755.39 796.57 499.90 1016.49 514.06 881.12 665.26 818.73 768.94 984.40 781.41
00023520 00000199 713.03 181.96 459.74 755.16 797.80 500.65 1017.09 515.00 883.01 665.95 819.65 769.05 984.71 781.71
00023521 00000200 712.39 177.98 461.78 758.98 798.81 501.14 1018.52 515.77 885.11 666.35 819.88 768.66 985.27 781.57
00023522 00000201 712.69 176.84 461.41 759.10 798.76 500.99 1020.14 515.43 886.37 667.16 819.69 768.99 986.27 781.79
00023523 00000202 713.20 176.76 461.70 759.13 800.02 501.33 1021.14 515.85 888.43 667.19 820.92 768.78 986.85 781.57
00023524 00000203 713.87 178.54 462.90 757.87 801.92 500.54 1023.93 515.48 890.50 666.37 822.00 769.38 988.05 782.78
00023525 00000204 715.27 177.70 462.83 758.71 804.09 500.01 1027.08 516.00 892.87 665.76 822.60 769.38 989.29 783.75
00023526 00000205 717.91 175.92 460.14 758.95 805.11 499.38 1027.73 516.09 893.48 666.82 822.45 768.65 990.87 783.60
00023527 00000206 717.60 177.56 461.39 755.84 805.05 500.02 1028.00 517.20 893.40 667.17 821.85 767.84 991.07 783.19
00023528 00000207 716.44 176.52 461.99 757.48 803.12 500.34 1027.29 518.05 891.49 668.23 819.32 768.60 989.80 784.30
00023529 00000208 715.89 180.48 463.15 753.89 802.13 501.46 1026.57 517.99 891.09 668.48 819.35 769.01 989.62 783.68
00023530 00000209 715.14 179.31 463.44 754.87 802.54 501.43 1026.63 517.57 892.08 668.63 820.48 769.33 989.46 783.71
00023531 00000210 714.58 182.61 463.88 752.63 802.36 501.24 1026.76 517.30 891.97 668.10 820.73 769.51 988.73 783.87
00023532 00000211 714.66 177.99 463.01 758.95 803.65 499.95 1026.51 514.93 892.46 666.73 823.17 769.99 989.42 783.48
00023533 00000212 715.01 178.76 462.68 758.85 803.19 499.85 1026.52 514.70 891.97 666.91 822.73 770.50 989.65 783.88
00023534 00000213 714.71 180.67 462.74 756.25 802.32 501.56 1025.16 515.73 891.59 668.12 823.34 769.95 989.09 782.66
00023535 00000214 712.12 179.60 465.45 758.66 800.03 502.15 1020.38 516.20 886.24 666.55 822.67 770.22 985.86 782.56
00023536 00000215 706.84 188.09 463.63 750.63 793.92 505.62 1012.21 515.13 876.01 662.24 819.83 772.53 981.30 781.10
00023537 00000216 707.47 169.17 457.57 773.07 787.44 509.97 1000.05 516.30 864.92 666.47 816.69 776.85 975.93 782.84
00023538 00000217 702.85 165.32 459.58 775.07 776.65 509.61 994.16 516.69 858.13 672.07 805.07 772.92 973.58 779.42
00023539 00000218 704.10 165.77 460.21 777.64 776.94 509.35 995.97 515.65 859.66 674.27 805.89 772.53 980.60 778.26
00023540 00000219 705.02 166.24 460.11 778.82 781.70 510.62 1000.57 516.03 863.95 673.63 807.64 772.51 986.05 777.41
00023541 00000220 706.71 167.58 459.24 780.21 783.90 511.04 1002.25 516.07 865.90 673.24 809.60 773.65 987.78 778.27
00023542 00000221 705.77 174.76 463.05 772.65 786.99 509.68 1007.52 515.01 869.76 670.36 812.70 774.45 989.42 779.31
00023543 00000222 705.34 179.92 465.47 767.01 791.99 507.78 1013.46 515.56 877.11 668.54 815.42 772.43 990.79 779.64
00023544 00000223 709.17 187.00 468.79 764.36 799.83 513.77 1023.59 526.48 883.80 675.61 823.82 780.81 990.24 791.57
00023545 00000224 712.15 185.65 471.88 764.21 807.62 516.23 1032.31 527.68 896.08 676.14 832.24 783.65 998.36 793.40
00023546 00000225 724.45 183.42 466.85 768.47 820.31 515.44 1041.44 527.36 906.68 672.19 841.89 783.87 1003.80 794.71
00023547 00000226 728.15 175.01 470.10 780.88 827.26 513.07 1049.29 527.17 913.61 674.03 846.68 786.26 1007.22 799.02
00023548 00000227 732.68 179.79 474.64 782.59 839.95 512.53 1060.26 527.82 930.04 674.22 857.08 785.75 1014.32 799.87
00023549 00000228 731.94 182.07 480.80 778.13 843.91 508.72 1067.57 526.58 941.48 671.50 866.33 779.93 1022.91 796.59
00023550 00000229 744.38 180.68 470.62 774.54 854.91 508.52 1072.59 528.57 945.80 669.90 866.03 778.10 1022.45 796.54
00023551 00000230 743.46 176.58 472.42 775.57 854.62 509.66 1073.30 529.07 945.96 670.79 863.93 775.28 1025.96 792.97
00023552 00000231 743.89 176.01 471.05 771.16 850.60 510.61 1072.75 530.29 940.97 672.24 859.76 770.40 1028.82 788.05
00023553 00000232 744.28 177.40 469.61 769.41 847.63 511.24 1068.51 529.23 937.17 672.46 857.66 769.07 1029.86 785.16
00023554 00000233 741.21 179.70 470.23 769.83 843.94 510.22 1067.30 528.34 933.45 672.27 851.92 766.55 1030.79 782.62
00023555 00000234 738.99 177.39 471.19 780.41 842.80 508.62 1065.25 528.11 931.15 670.56 849.10 766.69 1027.24 784.17
00023556 00000235 736.98 178.68 472.60 783.94 842.81 507.89 1063.97 524.69 931.19 669.89 852.80 772.26 1023.72 787.72
00023557 00000236 736.12 183.92 475.60 780.93 842.82 506.52 1063.42 522.52 931.41 668.51 854.78 774.88 1021.69 789.91
00023558 00000237 735.54 182.21 475.66 777.76 843.42 508.96 1062.78 522.50 934.14 669.02 858.27 774.65 1024.06 787.27
00023559 00000238 734.68 182.35 475.27 769.15 840.14 507.32 1062.84 518.97 933.00 669.46 856.14 769.19 1029.48 779.78
00023560 00000239 731.18 180.09 475.67 765.62 837.29 505.72 1064.15 519.93 930.79 668.59 846.20 760.27 1031.92 772.97
00023561 00000240 726.34 182.20 477.01 761.76 834.55 503.11 1063.88 519.62 929.06 666.98 841.04 757.20 1031.26 771.68
00023562 00000241 723.59 171.82 476.90 776.10 832.21 501.54 1062.86 518.50 926.60 665.26 838.56 756.72 1030.85 771.56
00023563 00000242 722.73 167.51 475.70 785.78 831.46 501.04 1060.38 518.01 924.36 663.57 836.84 756.08 1030.42 770.92
00023564 00000243 720.28 165.18 477.49 790.74 828.71 501.40 1056.91 518.26 919.20 662.00 834.77 757.42 1028.24 772.18
00023565 00000244 718.44 168.65 476.71 786.94 825.07 501.53 1054.40 518.83 915.47 662.07 831.12 756.58 1026.34 771.59
00023566 00000245 714.83 182.87 476.29 767.83 816.04 502.46 1044.78 519.61 902.60 660.11 826.46 756.09 1018.27 770.84
00023567 00000246 711.41 181.31 470.77 769.59 807.21 506.30 1033.82 520.79 891.91 663.79 822.49 761.00 1010.73 773.18
00023568 00000247 706.14 180.68 473.80 766.31 791.66 507.28 1020.84 521.78 871.65 666.52 809.49 761.50 997.99 773.61
00023569 00000248 704.25 182.17 471.44 761.04 783.42 505.22 1013.39 519.54 859.09 663.07 803.41 760.81 993.14 772.54
00023570 00000249 704.50 163.02 465.92 775.91 779.21 494.86 1002.93 509.14 854.20 665.78 800.12 755.81 992.33 767.33
00023571 00000250 700.44 162.38 466.07 777.66 771.56 495.68 994.76 508.68 843.78 664.90 795.73 758.06 985.43 768.26
00023572 00000251 694.29 169.62 466.73 770.37 762.80 498.42 981.76 511.55 829.13 663.35 787.13 759.17 974.13 769.33
00023573 00000252 688.29 173.85 468.76 767.33 757.15 498.11 977.88 511.79 822.25 663.49 780.64 758.92 967.68 769.75
00023574 00000253 687.94 172.76 467.81 764.32 757.00 499.52 979.24 514.05 823.47 664.58 779.19 757.69 966.37 769.32
00023575 00000254 688.36 182.88 467.76 754.05 760.73 498.96 983.28 514.97 829.20 666.26 782.94 755.58 971.00 768.46
00023576 00000255 690.83 180.29 468.50 761.35 766.02 497.65 989.19 510.68 839.94 666.93 790.30 759.66 976.01 770.24
00023577 00000256 692.76 179.07 473.01 768.44 772.55 495.67 997.11 508.53 848.02 665.70 796.58 762.53 980.88 773.26
00023578 00000257 693.31 188.18 477.43 760.66 780.43 509.25 1009.00 517.22 860.33 664.40 808.90 768.57 987.54 774.42
00023579 00000258 700.64 180.67 468.09 762.65 796.83 500.97 1018.76 509.58 886.87 661.56 818.44 760.52 998.87 767.76
00023580 00000259 699.84 182.34 479.99 761.78 806.96 506.54 1032.53 515.06 900.67 663.64 829.90 761.39 1010.18 768.16
00023581 DELETE   705.82 172.94 485.53 766.63 820.87 501.90 1049.18 511.48 920.82 663.48 842.03 760.52 1021.53 769.07
00023582 DELETE   719.52 178.14 479.24 759.14 836.76 502.05 1064.07 513.67 939.19 662.75 852.46 758.43 1033.91 768.91
00023583 00000262 721.58 185.32 484.51 754.66 846.03 499.02 1071.09 509.86 950.24 657.94 862.51 758.47 1038.07 768.49
00023584 00000263 727.41 169.88 485.82 771.60 864.06 494.56 1080.59 509.36 968.66 655.90 880.06 761.05 1036.47 774.79
00023585 00000264 736.63 171.07 479.95 767.34 871.85 494.32 1085.77 509.44 976.21 656.64 889.80 761.68 1041.93 775.53
00023586 DELETE   740.71 177.88 480.77 759.19 878.63 494.77 1094.21 510.82 985.04 658.04 894.65 759.74 1051.64 774.00
00023587 00000266 742.85 175.50 481.85 760.47 883.01 496.74 1098.88 510.69 992.29 657.71 899.33 758.43 1059.60 770.76
00023588 00000267 751.43 171.04 476.56 763.07 889.08 496.29 1105.96 510.43 999.33 658.76 901.85 754.98 1068.21 767.46
00023589 00000268 751.15 169.74 478.73 764.23 894.16 493.85 1110.10 510.03 1004.56 657.17 903.32 751.78 1068.75 766.00
00023590 00000269 750.92 169.80 481.98 768.68 900.73 491.85 1114.42 510.53 1010.66 654.55 904.28 749.22 1073.98 765.34
00023591 00000270 750.61 173.01 485.93 770.04 906.56 486.67 1120.68 510.04 1015.55 654.25 904.19 746.71 1078.46 766.61
00023592 00000271 755.91 174.66 486.15 769.87 915.25 485.61 1129.99 510.70 1025.90 651.13 907.65 744.06 1084.47 765.38
00023593 00000272 757.39 174.73 488.06 768.20 917.76 484.93 1134.47 509.86 1029.90 651.50 909.88 743.20 1089.66 764.09
00023594 00000273 757.41 166.79 493.56 778.20 923.69 482.89 1139.99 509.01 1034.94 648.09 911.94 742.08 1089.69 763.96
00023595 00000274 758.06 166.75 497.39 776.40 925.51 483.04 1142.49 508.45 1037.10 648.44 912.84 740.28 1092.91 761.30
00023596 00000275 758.17 169.07 498.06 770.09 923.95 483.32 1144.09 509.31 1036.39 650.07 911.69 739.33 1094.14 760.72
00023597 00000276 758.14 164.60 497.47 773.60 921.21 483.00 1144.70 509.32 1035.40 653.52 907.60 738.63 1098.56 760.12
00023598 00000277 757.90 167.54 493.51 768.46 920.19 486.59 1141.87 511.97 1034.49 654.88 906.10 738.77 1098.97 759.36
00023599 00000278 757.06 171.16 493.83 764.78 917.43 487.89 1140.64 512.11 1032.62 657.16 905.17 738.53 1101.34 758.04
00023600 00000279 757.40 168.40 492.72 767.45 916.65 487.94 1140.98 512.13 1032.28 657.06 904.64 738.75 1101.71 758.29
00023601 00000280 757.33 167.70 492.12 765.64 917.27 486.56 1141.09 510.13 1034.50 654.04 906.51 736.12 1104.48 754.97
00023602 00000281 758.14 167.11 496.68 763.40 924.76 482.12 1148.24 505.75 1046.12 647.74 911.85 733.29 1108.10 752.02
00023603 00000282 770.76 163.37 493.03 765.58 924.50 478.08 1155.00 499.96 1045.09 640.74 919.09 733.17 1115.67 751.32
00023604 00000283 780.23 163.36 494.45 761.20 939.85 473.70 1168.08 499.36 1053.64 638.79 928.41 730.21 1122.85 751.34
00023605 00000284 781.84 165.83 500.12 759.35 945.78 473.40 1176.33 499.53 1059.75 641.11 931.68 729.25 1127.94 750.70
00023606 00000285 783.14 170.06 500.27 761.91 956.54 474.32 1176.55 509.30 1071.64 644.83 933.25 727.87 1128.86 756.36
00023607 00000286 783.25 168.37 501.32 764.06 956.94 475.56 1177.63 511.31 1071.81 644.97 933.39 728.18 1128.44 757.24
00023608 00000287 781.41 169.34 502.58 765.31 954.71 476.48 1175.90 512.53 1069.03 646.91 931.55 730.47 1126.72 759.74
00023609 00000288 779.80 167.14 501.70 768.12 951.21 477.07 1173.74 513.53 1065.95 646.38 927.26 731.07 1124.90 760.72
00023610 00000289 776.22 169.45 499.70 763.44 945.39 477.72 1168.04 511.22 1061.04 648.82 925.70 732.51 1121.86 759.80
00023611 00000290 777.69 171.82 495.74 753.09 934.56 479.31 1164.39 503.59 1048.48 643.65 923.26 730.65 1119.75 750.96
00023612 00000291 766.44 167.69 504.00 762.89 937.44 478.09 1161.57 510.74 1055.31 645.52 916.81 730.72 1114.61 757.07
00023613 00000292 769.96 162.98 494.21 762.69 922.77 479.61 1152.28 502.28 1039.71 644.38 914.44 732.13 1108.84 751.31
00023614 00000293 755.56 162.34 502.85 769.24 919.32 481.01 1144.40 509.00 1033.88 649.43 903.91 731.93 1101.44 754.28
00023615 00000294 753.24 164.28 495.07 769.92 912.11 481.64 1135.19 509.10 1024.58 651.04 902.71 736.92 1089.14 759.72
00023616 00000295 751.40 172.31 484.54 770.83 901.60 482.02 1115.03 505.07 1007.72 650.16 901.67 748.39 1067.86 768.36
00023617 00000296 750.24 174.95 480.42 768.20 897.41 483.72 1109.06 503.86 1003.19 650.38 903.43 750.67 1062.34 768.51
00023618 00000297 750.59 168.39 475.11 775.78 891.84 485.65 1102.07 503.69 995.58 647.18 902.81 752.39 1059.22 768.46
00023619 00000298 749.77 167.73 476.10 771.19 889.31 484.59 1100.82 502.10 993.45 645.28 903.19 751.91 1055.94 767.73
00023620 00000299 748.54 167.10 474.43 765.50 885.89 481.07 1100.79 498.88 992.17 642.83 899.00 746.41 1060.39 762.34
00023621 00000300 747.62 162.73 475.75 770.26 884.58 479.84 1101.48 497.44 991.21 641.65 894.85 744.39 1063.58 760.18
00023622 00000301 744.46 166.31 478.36 770.00 880.47 477.01 1101.29 494.05 988.43 640.85 888.51 742.12 1067.37 757.23
00023623 00000302 743.80 166.08 478.45 771.74 879.67 477.10 1100.30 494.30 986.97 640.78 886.54 741.79 1065.83 757.01
00023624 00000303 743.21 159.93 476.30 782.78 875.62 477.56 1095.12 494.39 980.66 639.05 884.75 745.11 1060.74 760.25
00023625 00000304 740.90 163.98 478.10 781.54 872.41 476.75 1091.65 493.26 976.03 639.69 884.04 748.62 1055.27 763.75
00023626 00000305 739.96 161.82 478.83 783.82 869.22 479.97 1088.53 495.86 972.50 641.36 883.77 751.48 1050.75 766.19
00023627 00000306 741.42 165.85 475.42 777.69 867.89 480.34 1087.69 496.18 971.47 643.16 884.13 753.28 1048.85 767.95
00023628 00000307 743.52 165.27 469.33 772.57 867.57 482.03 1087.32 499.85 971.83 647.43 879.04 753.02 1048.62 769.13
00023629 00000308 743.56 165.07 469.87 771.30 868.54 483.36 1086.65 502.19 971.61 648.06 878.73 752.20 1045.68 769.32
00023630 00000309 742.97 169.92 473.38 767.94 869.45 491.06 1087.89 508.06 972.43 648.47 878.40 755.77 1044.33 771.06
00023631 00000310 743.56 167.98 472.09 771.09 864.84 494.48 1084.06 509.51 966.20 650.25 877.02 760.46 1038.93 774.24
00023632 00000311 735.09 171.90 477.75 766.12 854.10 497.28 1076.53 512.78 952.33 657.10 866.93 762.17 1032.53 776.38
00023633 00000312 730.88 185.34 476.60 750.86 847.57 499.42 1070.83 514.24 945.80 658.01 862.01 761.12 1029.88 774.78
00023634 00000313 725.20 177.82 479.51 760.25 841.29 500.18 1067.77 515.81 938.05 660.79 852.17 759.25 1028.97 773.49
00023635 00000314 723.90 176.45 480.78 765.27 841.00 499.99 1068.34 516.12 937.88 659.52 848.96 757.34 1032.23 771.79
00023636 00000315 723.12 176.28 481.84 771.12 840.19 498.41 1067.36 514.42 936.21 657.17 848.76 756.34 1034.75 770.70
00023637 00000316 723.71 176.96 481.69 771.95 840.73 497.34 1067.36 513.86 935.69 656.00 848.71 756.00 1032.94 771.02
00023638 00000317 724.31 177.37 480.67 773.18 841.40 497.54 1066.99 512.84 936.78 655.17 850.10 757.75 1033.95 771.66
00023639 00000318 725.28 175.49 480.94 776.26 842.23 496.97 1067.36 512.81 936.40 654.74 850.80 758.44 1032.69 772.88
00023640 00000319 728.25 177.62 478.87 781.82 846.01 496.42 1065.78 512.91 937.66 654.10 855.82 763.53 1027.71 778.79
00023641 00000320 729.40 176.68 477.39 784.18 846.86 495.14 1066.37 511.99 938.14 653.83 857.06 764.79 1027.00 780.44
00023642 00000321 729.19 177.86 477.67 782.40 847.19 495.38 1066.24 512.25 938.67 653.95 857.95 764.86 1026.93 780.47
00023643 00000322 728.30 178.89 477.97 776.39 845.97 495.39 1066.71 512.20 938.79 653.01 856.58 762.12 1027.57 777.61
00023644 00000323 732.37 180.12 475.20 772.19 847.88 492.52 1068.01 511.07 940.72 648.05 855.46 756.84 1030.12 773.60
00023645 00000324 732.73 181.08 475.06 772.31 849.16 491.02 1067.75 509.43 940.72 646.77 856.46 756.55 1029.80 773.35
00023646 00000325 730.69 174.36 478.34 776.88 848.12 491.46 1070.07 510.58 940.19 646.22 854.42 753.81 1031.18 771.14
00023647 00000326 728.65 169.83 479.29 784.02 846.57 492.40 1069.99 512.13 939.36 648.33 852.61 754.66 1031.60 772.55
00023648 00000327 728.99 174.35 477.72 772.08 842.73 492.64 1068.91 510.86 935.84 650.75 850.18 754.07 1031.79 770.58
00023649 00000328 728.32 172.79 477.20 769.05 841.46 492.42 1067.89 510.14 935.89 651.56 850.69 754.74 1031.15 770.75
00023650 00000329 728.52 175.34 475.66 763.25 840.51 490.01 1065.96 506.80 934.87 651.12 852.39 754.69 1030.88 769.96
00023651 00000330 728.82 176.27 475.24 762.84 841.01 488.62 1065.89 505.44 934.89 651.23 853.16 755.33 1030.58 770.65
00023652 00000331 728.91 176.64 473.88 758.19 841.53 486.31 1064.74 503.65 935.74 648.14 854.83 755.57 1025.52 771.60
00023653 00000332 726.57 176.84 477.23 755.89 840.35 489.67 1064.79 507.35 935.81 649.80 853.65 756.26 1023.49 772.59
00023654 00000333 724.16 179.37 476.91 749.82 834.39 490.26 1059.75 506.06 931.65 648.67 848.55 755.77 1018.52 770.29
00023655 00000334 721.04 179.70 476.45 749.89 829.54 491.04 1054.05 506.86 922.42 647.29 842.17 755.56 1010.90 770.09
00023656 00000335 721.59 170.04 473.73 764.41 821.95 488.53 1042.34 503.40 907.32 644.33 835.76 758.23 997.46 772.15
00023657 00000336 723.50 163.86 469.77 780.12 822.38 487.93 1038.62 502.16 902.20 643.84 837.32 762.24 993.62 775.53
00023658 00000337 721.36 165.14 470.90 777.64 820.97 486.14 1038.35 500.99 901.15 642.53 836.08 760.90 991.74 774.71
00023659 00000338 721.27 160.72 469.68 781.68 820.32 485.38 1037.49 500.25 899.88 641.52 834.89 760.46 988.52 774.31
00023660 00000339 719.32 166.01 468.38 774.73 817.41 484.25 1034.58 499.35 896.06 640.40 833.09 759.96 986.34 773.77
00023661 00000340 716.75 156.39 470.72 778.70 818.25 479.17 1038.61 494.34 904.55 638.10 833.43 754.05 994.50 767.88
00023662 00000341 715.92 157.72 470.80 775.72 816.61 477.24 1037.90 492.70 903.36 637.60 832.30 752.13 993.47 766.22
00023663 00000342 715.87 156.12 470.93 776.47 816.88 476.42 1038.26 492.27 903.31 637.63 832.36 752.00 993.18 766.36
00023664 00000343 717.65 155.88 469.83 774.55 817.60 476.42 1039.43 491.78 904.64 636.50 833.20 751.68 994.17 765.61
00023665 00000344 718.93 153.92 470.48 778.21 818.30 476.58 1040.67 492.24 904.45 636.59 832.68 752.93 994.34 767.14
00023666 00000345 720.59 156.33 468.09 775.54 820.94 478.44 1042.39 494.46 907.22 637.75 833.94 752.87 995.84 767.36
00023667 00000346 721.36 157.18 466.99 775.42 821.32 479.89 1042.35 494.97 908.20 638.66 835.10 753.45 998.12 767.04
00023668 00000347 724.75 162.21 463.16 777.36 818.83 486.39 1036.94 499.03 897.95 641.39 835.27 761.80 992.80 773.63
00023669 00000348 724.87 161.74 463.45 778.57 818.79 486.46 1037.44 498.47 899.01 643.14 836.34 763.08 994.92 774.35
00023670 00000349 725.83 165.37 463.75 774.37 820.13 487.60 1038.89 499.57 900.85 644.69 838.69 763.71 998.67 774.87
00023671 00000350 727.59 164.20 462.20 774.87 820.95 489.04 1039.28 500.57 902.78 646.09 839.38 764.76 1001.74 775.46
00023672 00000351 728.19 163.72 465.82 778.97 826.58 489.63 1045.52 503.28 908.51 648.09 842.38 766.23 1006.19 778.87
00023673 00000352 729.16 170.00 468.22 773.74 831.66 491.17 1051.63 505.27 915.84 648.11 846.41 766.68 1009.33 779.82
00023674 00000353 729.95 172.76 469.84 775.68 835.76 491.10 1055.54 505.68 922.07 651.28 852.50 769.82 1011.73 783.31
00023675 00000354 730.45 176.97 470.23 769.88 838.37 491.77 1055.21 505.68 925.17 651.51 857.39 771.65 1010.46 784.55
00023676 00000355 731.20 184.92 472.28 755.76 843.44 493.80 1060.52 513.97 929.59 651.06 854.13 766.57 1008.41 784.81
00023677 00000356 732.42 183.51 471.74 742.87 838.50 492.63 1056.65 514.51 923.05 651.92 847.03 760.85 1003.14 780.59
00023678 00000357 732.07 185.70 475.22 733.21 834.00 488.41 1054.99 516.80 913.85 648.81 835.96 750.55 994.17 776.20
00023679 00000358 732.57 179.24 473.29 738.39 830.72 485.88 1054.18 517.13 909.72 646.81 830.67 748.64 991.71 776.78
00023680 00000359 735.14 179.07 469.34 735.79 828.30 480.94 1053.57 515.14 903.42 645.70 826.85 745.95 989.30 776.50
00023681 00000360 733.89 179.88 469.40 733.93 826.97 477.01 1051.44 511.49 900.67 643.94 825.84 742.76 987.61 773.51
00023682 00000361 733.83 176.21 465.39 739.12 825.32 474.42 1049.55 507.69 898.28 640.47 823.03 741.37 986.60 771.09
00023683 00000362 734.28 174.56 462.55 741.76 824.93 474.38 1048.26 507.73 896.44 640.67 822.09 741.58 984.85 771.43
00023684 00000363 734.12 174.82 463.15 740.48 824.43 474.55 1048.14 507.33 896.06 640.77 822.38 742.09 985.33 771.46
00023685 00000364 733.20 177.96 466.30 738.90 825.87 475.00 1051.05 508.76 898.39 642.62 823.95 743.57 987.03 773.75
00023686 00000365 733.34 178.10 470.51 740.30 827.86 478.37 1055.53 511.02 905.13 645.37 825.74 747.25 992.09 776.55
00023687 00000366 734.45 175.18 470.34 743.52 831.40 478.75 1058.70 510.92 910.43 645.49 830.32 749.24 995.96 778.06
00023688 00000367 735.77 176.20 468.66 746.24 838.53 480.22 1064.01 509.86 922.93 647.14 840.28 751.58 1007.44 778.01
00023689 00000368 737.38 174.47 468.69 745.72 840.74 482.48 1067.93 508.52 930.46 650.10 845.99 754.08 1015.23 777.60
00023690 00000369 736.96 173.16 471.44 748.10 848.27 486.45 1074.49 507.73 944.05 650.48 857.29 756.67 1027.57 776.12
00023691 00000370 736.32 172.90 471.80 750.65 850.13 489.41 1076.37 507.48 948.69 651.99 863.24 759.62 1033.04 776.05
00023692 00000371 737.55 176.56 473.82 750.55 856.29 493.88 1079.14 508.75 959.14 651.01 870.36 761.34 1038.20 774.91
00023693 00000372 736.86 172.35 476.78 755.80 860.26 494.60 1081.33 509.24 964.90 652.45 874.98 761.06 1039.86 774.29
00023694 00000373 737.52 170.26 475.44 757.74 863.48 495.81 1081.89 509.60 969.28 654.04 880.79 762.27 1041.82 774.51
00023695 00000374 738.36 173.05 475.85 756.38 865.62 496.42 1082.04 510.27 969.35 654.97 882.98 762.01 1041.93 774.35
00023696 00000375 740.12 173.44 473.42 758.57 867.71 496.08 1083.46 510.33 971.17 656.90 883.86 762.39 1042.20 775.13
00023697 00000376 741.29 170.19 474.50 761.78 870.14 494.84 1085.08 509.88 973.21 656.40 886.50 761.89 1042.50 775.38
00023698 00000377 747.13 178.17 474.07 755.14 876.39 490.39 1091.54 509.37 977.97 653.58 891.02 757.95 1045.29 775.00
00023699 00000378 747.81 178.67 478.07 755.11 881.73 489.22 1098.45 508.04 986.76 653.21 896.28 756.69 1053.72 773.30
00023700 00000379 752.12 173.85 483.34 762.14 896.54 489.50 1113.23 511.78 1002.47 658.38 901.42 754.98 1061.96 774.41
CROP_BBOX: 346 0 1603 1080
