Video ID: 	BN0VdpzbfiI
H: 	1080
W: 	1920
FPS: 	25.0

FRAME INDEX X0 Y0 W H [Landmarks (5 Points)]

00001255 00000000 948.06 238.70 454.05 668.56 1029.37 501.43 1233.55 531.01 1093.75 674.02 1033.07 737.41 1197.01 763.97
00001256 00000001 950.41 237.63 450.48 671.85 1025.75 501.71 1230.10 528.83 1090.89 675.13 1033.89 745.60 1192.71 770.13
00001257 00000002 948.12 236.42 450.58 672.08 1023.54 498.55 1229.27 523.82 1089.81 674.63 1030.98 745.53 1190.58 768.72
00001258 00000003 946.25 232.12 451.78 682.05 1023.19 497.21 1228.41 520.46 1087.93 671.76 1030.51 746.55 1189.93 768.26
00001259 00000004 944.55 232.16 452.72 689.46 1023.50 497.17 1227.17 518.33 1086.46 668.09 1033.54 748.87 1191.15 768.73
00001260 00000005 941.19 231.49 454.98 686.73 1022.75 496.61 1228.70 519.81 1087.45 669.22 1029.44 743.65 1194.01 765.21
00001261 00000006 939.50 233.45 456.60 683.40 1022.29 497.03 1229.01 520.62 1088.14 671.38 1028.87 742.06 1196.09 763.89
00001262 00000007 940.81 234.49 455.36 684.66 1022.19 498.68 1228.61 521.07 1088.40 672.39 1030.53 745.37 1194.85 766.31
00001263 00000008 942.55 235.12 454.28 690.32 1022.92 498.74 1228.53 520.23 1087.62 670.95 1031.38 747.97 1194.17 768.27
00001264 00000009 943.74 235.34 453.87 689.19 1023.32 498.91 1228.31 520.16 1087.29 670.98 1031.76 748.22 1193.10 768.38
00001265 00000010 943.85 234.31 453.91 688.41 1024.24 498.30 1229.03 520.13 1088.33 670.06 1031.85 746.10 1194.08 766.68
00001266 00000011 943.89 233.11 454.13 690.53 1025.27 497.11 1229.86 519.29 1089.04 668.19 1031.55 744.30 1194.81 765.18
00001267 00000012 944.55 233.12 454.33 688.99 1026.05 496.54 1230.68 519.41 1090.15 667.62 1032.04 743.74 1194.50 765.12
00001268 00000013 946.41 232.63 452.28 683.25 1024.24 496.51 1230.68 520.23 1090.03 671.88 1031.67 744.91 1195.07 767.08
00001269 00000014 945.51 232.68 452.26 683.26 1024.47 495.44 1231.54 520.70 1090.09 671.57 1029.52 743.70 1193.18 767.15
00001270 00000015 946.01 232.85 451.51 685.54 1024.22 495.37 1231.43 520.32 1090.06 671.98 1030.00 745.90 1193.44 769.05
00001271 00000016 946.28 232.53 451.62 684.70 1024.61 494.61 1231.33 519.36 1090.25 670.84 1031.28 744.38 1194.51 767.30
00001272 00000017 946.62 231.22 451.36 680.01 1026.21 493.71 1231.28 519.13 1090.23 667.87 1031.86 740.86 1194.01 764.20
00001273 00000018 945.41 228.87 452.83 679.21 1025.81 493.07 1231.10 516.98 1090.28 664.66 1031.07 738.68 1194.81 760.84
00001274 00000019 944.45 227.27 453.41 680.90 1025.98 491.29 1231.76 515.03 1090.65 661.72 1030.38 737.45 1194.45 759.50
00001275 00000020 944.00 225.44 453.30 683.59 1026.44 490.31 1232.00 513.64 1091.07 660.27 1030.85 736.47 1195.16 758.20
00001276 00000021 943.58 224.69 453.34 682.92 1027.27 489.76 1231.86 512.59 1091.89 659.24 1031.93 735.35 1194.26 756.66
00001277 00000022 944.52 224.87 451.58 691.91 1028.45 489.29 1230.72 511.42 1089.89 657.24 1034.24 739.00 1193.05 759.81
00001278 00000023 945.27 224.95 450.87 699.02 1028.20 489.20 1231.54 509.37 1090.15 654.50 1033.18 741.14 1193.96 760.54
00001279 00000024 944.15 224.69 451.65 698.52 1028.00 488.73 1231.58 508.79 1090.46 654.91 1033.01 739.83 1195.06 759.09
00001280 00000025 942.23 224.48 453.76 692.16 1028.01 489.41 1232.18 509.11 1093.02 653.88 1033.49 737.83 1194.43 756.78
00001281 00000026 942.67 222.89 453.49 689.38 1027.04 489.94 1231.43 509.21 1092.60 654.79 1033.75 739.38 1193.62 757.96
00001282 00000027 941.68 222.31 454.07 690.46 1026.53 490.35 1231.08 509.73 1093.08 656.73 1033.79 739.99 1193.59 758.66
00001283 00000028 941.45 222.95 454.41 688.29 1025.60 490.82 1230.87 510.50 1092.17 658.51 1032.80 739.75 1193.55 758.66
00001284 00000029 941.28 223.51 454.52 688.26 1024.57 490.81 1230.37 510.98 1090.90 659.11 1031.57 740.70 1192.85 760.03
00001285 00000030 940.60 223.36 455.15 687.41 1024.02 490.75 1230.16 510.82 1090.34 659.13 1031.41 741.18 1192.35 760.38
00001286 00000031 940.49 222.56 454.59 686.61 1024.33 490.32 1230.02 509.92 1090.60 657.84 1032.05 740.66 1191.46 759.50
00001287 00000032 940.83 221.61 453.52 686.07 1024.97 489.18 1229.84 508.51 1091.49 655.92 1032.55 739.44 1190.96 758.02
00001288 00000033 941.59 220.86 452.64 686.94 1026.52 487.71 1230.51 507.10 1091.93 652.55 1033.52 738.12 1190.74 756.73
00001289 00000034 943.02 218.57 450.54 689.86 1027.34 486.04 1230.88 506.49 1091.64 651.24 1033.34 737.32 1189.62 756.78
00001290 00000035 942.51 220.81 450.95 688.20 1027.53 484.91 1230.93 505.64 1091.39 649.59 1033.08 736.43 1189.30 756.09
00001291 00000036 942.90 218.99 451.11 691.11 1028.58 484.96 1230.42 505.41 1091.05 648.56 1033.88 736.71 1188.34 756.15
00001292 00000037 942.58 218.01 451.19 691.29 1028.66 484.16 1230.46 505.06 1091.03 647.44 1033.19 735.30 1187.79 755.14
00001293 00000038 940.94 218.36 452.11 690.79 1028.81 483.07 1230.30 504.25 1091.17 645.62 1032.70 733.85 1186.79 753.85
00001294 00000039 938.88 218.16 453.24 690.86 1028.81 481.34 1230.51 502.35 1091.52 642.88 1032.31 731.70 1186.78 751.49
00001295 00000040 937.39 216.63 454.40 687.27 1027.98 479.93 1229.78 500.75 1091.76 640.15 1030.79 728.70 1185.69 748.27
00001296 00000041 935.72 212.58 455.88 683.21 1025.18 478.69 1229.47 498.71 1091.81 638.36 1027.73 724.86 1185.75 743.64
00001297 00000042 934.81 212.25 455.96 679.45 1023.36 477.64 1228.19 497.13 1090.85 635.76 1025.35 723.07 1184.32 741.42
00001298 00000043 933.75 214.01 456.53 678.24 1022.56 477.75 1227.74 496.11 1090.23 634.24 1025.54 724.47 1183.51 741.85
00001299 00000044 933.65 215.15 456.21 677.45 1022.34 477.80 1227.14 495.97 1089.93 633.86 1025.68 724.85 1182.59 742.09
00001300 00000045 932.53 216.07 457.33 677.42 1022.46 477.76 1226.52 495.94 1089.77 633.36 1025.79 724.69 1181.76 741.92
00001301 00000046 931.43 214.09 458.22 682.90 1022.82 477.22 1226.53 495.86 1089.97 633.97 1025.79 724.86 1182.25 742.55
00001302 00000047 930.84 214.01 458.92 685.11 1023.31 477.09 1226.64 495.68 1090.21 633.73 1025.96 724.99 1182.56 742.59
00001303 00000048 931.13 215.13 458.15 690.70 1024.56 476.80 1226.14 495.88 1088.64 633.15 1027.03 727.21 1181.83 745.24
00001304 00000049 931.11 216.00 458.58 692.45 1025.15 476.61 1226.32 495.56 1088.72 632.47 1027.45 727.75 1181.90 745.74
00001305 00000050 931.01 216.20 459.06 694.88 1025.60 477.01 1226.82 495.61 1089.14 632.79 1028.11 728.64 1182.60 746.38
00001306 00000051 932.34 218.00 457.83 695.55 1026.36 477.24 1227.32 496.13 1089.10 634.14 1028.94 728.74 1184.24 746.81
00001307 00000052 932.95 217.40 457.87 696.42 1027.45 477.25 1228.45 496.51 1090.14 634.88 1029.64 728.66 1185.15 747.05
00001308 00000053 934.25 217.22 456.73 696.85 1028.56 477.01 1228.96 496.79 1090.76 634.53 1030.12 728.18 1184.98 747.04
00001309 00000054 934.68 216.77 456.43 697.23 1029.32 476.07 1229.45 496.53 1090.96 634.21 1029.94 727.09 1184.97 746.57
00001310 00000055 936.06 216.81 455.17 696.79 1029.72 475.28 1229.43 496.29 1090.71 633.52 1029.80 726.27 1185.13 746.22
00001311 00000056 936.45 218.33 455.14 696.14 1029.76 474.70 1229.52 495.59 1090.96 633.01 1029.82 725.96 1185.38 745.80
00001312 00000057 936.92 217.78 454.65 696.28 1030.18 474.29 1229.24 495.21 1090.78 632.05 1029.81 725.01 1185.28 744.90
00001313 00000058 936.87 216.37 454.93 697.42 1030.26 474.37 1229.04 495.10 1090.89 631.87 1030.12 724.97 1185.38 744.69
00001314 00000059 937.90 216.44 454.05 697.88 1030.59 473.70 1229.29 494.46 1091.26 631.94 1030.51 724.78 1186.23 744.53
00001315 00000060 938.74 216.61 453.60 697.28 1031.09 473.48 1229.49 494.45 1091.76 631.85 1030.88 724.20 1186.24 744.17
00001316 00000061 939.53 214.73 453.17 699.71 1031.13 472.74 1229.10 493.45 1091.19 631.57 1031.08 723.84 1187.12 743.57
00001317 00000062 939.81 214.12 453.46 700.66 1031.69 471.93 1229.76 492.79 1091.57 629.98 1030.78 722.38 1187.45 742.30
00001318 00000063 940.51 213.15 454.10 701.37 1032.50 471.12 1231.16 492.11 1092.76 629.94 1031.06 721.85 1188.23 741.97
00001319 00000064 942.95 211.69 452.87 701.81 1033.17 469.56 1231.04 490.23 1093.09 629.67 1031.89 721.09 1189.20 740.97
00001320 00000065 945.11 208.41 452.33 701.02 1033.52 467.29 1233.04 487.48 1096.64 628.76 1033.19 719.31 1192.22 738.83
00001321 00000066 944.74 196.44 457.90 702.09 1034.56 464.48 1237.41 479.43 1103.89 618.43 1036.67 713.03 1197.38 728.22
00001322 00000067 944.76 191.24 461.19 694.95 1035.60 458.15 1238.14 467.50 1109.30 602.10 1044.91 702.40 1208.15 712.29
00001323 00000068 942.37 189.76 461.98 681.71 1035.59 451.35 1238.45 453.83 1117.41 593.95 1054.62 693.86 1219.53 697.28
00001324 00000069 940.33 182.68 461.84 687.11 1036.18 447.22 1240.62 441.90 1119.78 581.45 1063.22 690.63 1226.84 686.74
00001325 00000070 934.16 178.61 461.13 685.40 1032.82 444.56 1237.03 436.48 1123.96 579.17 1065.22 687.47 1227.13 680.84
00001326 00000071 928.42 177.60 451.20 686.47 1018.42 446.63 1231.90 436.91 1121.19 584.38 1053.26 694.02 1225.23 686.81
00001327 00000072 913.55 181.91 459.58 689.69 998.77 461.04 1211.18 449.05 1093.22 606.35 1038.00 706.19 1209.00 697.49
00001328 DELETE   895.62 195.06 467.88 694.98 985.07 474.53 1189.30 461.42 1073.66 619.59 1021.74 714.98 1190.40 703.77
00001329 DELETE   880.67 211.95 466.99 691.00 962.23 495.29 1154.30 485.55 1036.84 643.54 998.95 729.74 1159.69 721.70
00001330 DELETE   861.50 221.23 470.35 689.10 938.72 513.89 1126.66 505.45 1003.28 664.18 980.66 748.07 1136.41 741.47
00001331 00000076 842.30 233.11 471.20 697.25 918.97 518.43 1120.24 511.78 994.11 675.60 964.80 761.28 1130.50 755.52
00001332 00000077 833.29 238.75 477.73 698.14 911.86 523.14 1110.82 516.74 984.28 687.42 959.85 768.96 1125.79 763.37
00001333 00000078 829.10 245.91 480.91 692.53 910.14 526.25 1111.28 517.38 986.24 689.15 958.06 769.59 1125.48 762.07
00001334 00000079 826.34 246.56 481.63 692.39 908.80 527.22 1113.30 514.66 991.92 690.61 961.53 771.78 1128.56 761.16
00001335 00000080 822.73 247.97 483.43 693.57 908.84 530.47 1115.25 513.71 997.72 693.51 964.95 776.13 1131.45 762.15
00001336 00000081 820.79 251.77 484.72 700.88 913.42 529.17 1115.53 513.38 1003.99 684.66 970.69 779.51 1130.93 764.81
00001337 00000082 820.31 245.86 485.83 711.22 908.36 536.50 1111.66 518.20 995.64 699.29 964.27 790.56 1125.40 775.57
00001338 00000083 819.95 246.65 483.64 697.32 908.07 536.93 1113.08 520.04 996.48 697.47 960.98 783.93 1122.56 770.27
00001339 00000084 822.35 248.26 482.67 693.82 908.90 532.43 1118.21 517.79 998.39 693.86 960.87 779.80 1125.07 768.01
00001340 00000085 828.32 242.35 475.86 693.76 913.50 522.86 1119.76 511.82 1000.28 686.31 964.80 773.57 1124.49 764.88
00001341 00000086 833.65 238.72 471.83 693.79 916.71 515.56 1120.57 505.69 1001.87 680.94 971.01 774.69 1118.99 767.34
00001342 00000087 835.48 238.38 472.36 688.56 920.99 509.64 1121.71 500.50 1005.20 668.96 977.77 770.43 1116.70 763.60
00001343 00000088 834.05 224.07 474.45 700.61 924.01 505.48 1119.30 491.47 1006.91 653.75 979.64 765.27 1116.20 754.38
00001344 00000089 832.10 227.27 477.24 696.87 921.62 504.79 1116.56 485.27 1004.23 643.24 979.88 761.12 1118.62 745.70
00001345 00000090 827.39 224.22 485.07 699.90 917.49 504.45 1107.20 480.75 996.14 640.53 981.27 758.51 1119.51 738.75
00001346 00000091 823.47 230.18 493.67 693.10 911.96 507.49 1100.68 481.99 988.78 648.61 981.17 756.90 1123.81 735.10
00001347 00000092 822.23 230.92 494.45 682.50 908.72 510.42 1098.07 484.59 986.34 653.90 979.25 753.52 1124.00 731.30
00001348 00000093 822.29 231.40 493.13 680.50 910.45 508.81 1099.11 483.62 988.63 651.98 978.85 747.52 1126.48 725.58
00001349 00000094 821.24 234.79 496.67 681.26 914.32 501.05 1103.54 473.91 993.80 637.35 980.11 742.35 1128.05 718.80
00001350 00000095 823.19 214.10 492.29 694.79 916.38 496.60 1106.59 468.17 997.69 628.31 976.25 738.26 1127.24 713.51
00001351 00000096 824.95 205.66 490.45 690.03 916.34 491.14 1111.78 466.80 999.10 629.03 974.91 732.15 1126.86 710.97
00001352 00000097 828.97 204.15 484.30 689.66 919.07 491.16 1116.31 469.63 1002.48 631.41 974.22 731.28 1127.80 712.59
00001353 00000098 834.74 212.71 481.08 691.27 921.12 498.79 1118.84 477.24 1002.66 636.07 975.98 742.99 1128.66 725.25
00001354 00000099 838.02 221.66 477.73 688.29 926.06 501.37 1121.75 483.79 1005.97 642.38 980.99 745.16 1130.87 730.78
00001355 00000100 838.01 215.97 472.85 689.27 927.43 498.34 1123.15 481.86 1010.87 645.65 981.08 745.05 1131.92 731.43
00001356 00000101 835.29 222.47 474.82 688.59 925.53 501.07 1122.46 483.13 1009.71 646.59 980.02 750.51 1129.47 735.92
00001357 00000102 832.28 224.84 477.38 692.55 923.74 503.98 1120.08 482.91 1008.30 644.60 982.32 755.34 1128.26 738.28
00001358 00000103 827.50 224.43 482.38 696.84 920.53 504.96 1115.00 482.07 1004.43 644.91 982.85 757.77 1126.45 739.00
00001359 00000104 825.70 224.05 484.36 699.04 918.60 507.09 1112.38 483.79 1002.09 648.29 982.88 759.80 1126.40 740.52
00001360 00000105 825.40 222.75 484.33 701.41 918.10 512.76 1112.93 489.84 1002.57 658.20 983.10 764.34 1128.85 745.30
00001361 00000106 826.71 233.01 483.05 693.05 917.14 518.05 1115.13 497.37 1002.16 668.57 983.96 770.18 1130.31 752.85
00001362 00000107 826.17 234.03 484.32 695.93 915.33 523.12 1118.04 503.26 1003.36 678.59 980.25 776.90 1131.34 760.47
00001363 00000108 823.37 241.31 487.47 701.04 912.18 533.86 1117.19 512.19 1002.37 692.69 977.87 788.12 1133.42 770.17
00001364 00000109 818.01 247.02 491.70 706.31 908.39 544.26 1116.37 519.21 1002.84 704.08 973.11 801.24 1131.13 780.88
00001365 00000110 814.78 252.26 492.47 704.51 905.89 553.83 1114.24 527.06 1001.39 714.18 973.62 809.37 1132.10 787.30
00001366 00000111 812.40 253.54 494.06 709.88 906.74 560.40 1112.88 531.48 1001.68 716.57 973.82 813.76 1132.64 789.96
00001367 00000112 811.35 255.40 497.86 708.11 913.84 554.41 1119.53 534.54 1009.96 715.97 979.39 802.04 1141.68 784.18
00001368 00000113 811.72 258.71 498.11 703.05 915.29 556.63 1118.67 537.46 1010.77 719.43 981.61 801.50 1143.00 784.08
00001369 00000114 811.91 267.59 503.27 700.29 915.69 559.98 1120.39 542.48 1010.51 727.41 984.23 804.06 1147.44 787.92
00001370 00000115 814.97 268.62 501.72 697.75 917.20 562.31 1121.43 545.11 1011.05 731.06 986.00 805.15 1149.39 789.35
00001371 00000116 815.46 266.69 501.43 693.86 918.43 558.36 1122.78 542.98 1011.35 725.79 984.56 801.22 1145.28 787.08
00001372 00000117 823.48 251.31 489.51 710.07 915.45 560.93 1121.88 535.77 1008.77 720.59 979.38 809.51 1142.11 788.54
00001373 00000118 826.32 247.34 488.94 698.90 914.38 547.60 1124.48 523.33 1009.01 708.64 979.39 795.47 1143.88 775.31
00001374 00000119 830.11 236.44 484.91 701.53 919.08 531.43 1128.23 511.43 1012.66 695.01 981.67 780.73 1148.13 764.29
00001375 00000120 830.93 235.72 485.58 690.05 923.10 521.78 1129.63 503.23 1015.16 679.85 987.76 769.80 1145.91 754.44
00001376 00000121 832.45 225.69 483.43 694.73 924.73 516.36 1131.69 496.85 1017.78 674.02 988.25 762.85 1149.10 746.63
00001377 00000122 834.08 226.86 480.85 695.38 925.61 518.22 1133.66 499.41 1019.44 676.07 987.88 765.15 1149.47 749.62
00001378 00000123 835.60 230.23 478.71 698.84 924.45 524.27 1134.66 505.70 1019.81 683.41 984.82 772.77 1150.08 757.61
00001379 00000124 835.66 235.28 478.01 705.47 922.15 533.07 1135.38 512.68 1018.97 695.07 981.82 782.67 1153.66 766.10
00001380 00000125 834.23 241.68 482.08 713.10 921.66 543.46 1132.82 522.40 1016.24 705.44 978.96 793.71 1150.44 776.39
00001381 00000126 830.29 246.04 486.92 720.69 921.64 553.46 1131.71 531.62 1016.05 713.63 977.59 803.60 1150.16 785.38
00001382 00000127 824.41 260.54 496.30 706.17 921.79 557.67 1130.80 540.08 1014.73 720.99 974.68 801.44 1144.72 787.13
00001383 00000128 820.64 266.95 499.77 702.48 917.72 563.22 1129.38 546.64 1013.24 732.39 975.10 806.52 1146.29 792.93
00001384 00000129 820.37 266.02 499.41 702.69 923.28 566.44 1130.61 552.97 1015.72 733.44 982.53 802.48 1153.24 789.82
00001385 00000130 822.13 269.18 495.89 703.60 923.10 570.53 1130.94 555.17 1016.30 735.62 982.30 806.94 1153.73 792.89
00001386 00000131 820.19 273.69 496.12 701.66 921.47 573.65 1129.33 558.57 1014.38 739.70 981.74 809.83 1152.66 796.01
00001387 00000132 819.47 276.58 495.82 701.51 919.98 574.86 1127.63 559.13 1012.99 740.17 981.01 812.97 1150.76 798.77
00001388 00000133 817.88 277.14 497.40 700.92 919.48 575.92 1126.79 560.03 1012.28 741.00 981.05 813.63 1149.74 799.32
00001389 00000134 816.40 274.91 499.12 704.21 918.09 574.55 1124.98 558.99 1010.79 740.51 980.97 813.40 1149.16 799.17
00001390 00000135 814.76 274.01 500.46 708.19 915.91 572.76 1121.11 557.22 1007.62 740.23 979.80 813.61 1146.40 799.27
00001391 00000136 812.80 274.87 500.69 707.25 912.66 571.05 1118.40 554.52 1005.45 738.84 977.21 812.52 1144.50 797.37
00001392 00000137 811.28 275.75 502.05 708.39 911.10 569.33 1116.26 551.19 1003.88 733.78 975.06 809.57 1143.21 792.88
00001393 00000138 810.57 271.52 502.47 710.02 911.28 566.01 1114.68 546.37 1003.60 725.97 976.58 807.39 1142.41 789.30
00001394 00000139 810.05 266.98 505.49 711.18 912.04 561.61 1115.99 540.62 1005.65 719.01 977.68 803.87 1144.51 784.43
00001395 00000140 809.85 263.52 509.05 710.17 913.40 554.59 1118.52 533.59 1007.38 712.31 979.37 801.37 1144.99 782.07
00001396 00000141 813.15 258.89 506.47 709.70 917.28 547.22 1121.20 526.18 1010.71 702.00 980.01 796.40 1145.31 777.12
00001397 00000142 822.25 250.19 500.90 716.08 917.11 546.24 1124.01 517.86 1011.72 697.33 983.21 799.27 1150.10 775.41
00001398 00000143 831.29 245.38 495.15 708.63 925.02 539.57 1133.33 511.67 1021.94 690.31 993.55 788.98 1162.20 765.33
00001399 00000144 839.05 243.59 490.58 701.88 930.17 534.42 1142.97 507.27 1030.79 686.27 998.62 783.83 1168.63 761.01
00001400 00000145 847.09 243.32 483.52 698.76 936.37 532.15 1149.75 507.41 1039.35 682.97 1000.88 781.14 1171.51 760.43
00001401 00000146 844.86 250.60 490.03 693.08 943.28 536.02 1148.42 511.75 1041.27 683.30 1001.93 777.98 1163.77 757.30
00001402 00000147 846.39 253.67 491.67 697.52 945.22 538.58 1150.02 514.94 1042.64 689.56 1002.07 782.94 1165.75 762.84
00001403 00000148 847.46 255.53 490.93 697.36 945.91 539.80 1150.30 516.47 1043.39 691.47 1003.15 787.75 1164.01 768.06
00001404 00000149 848.61 240.43 480.88 703.16 941.57 537.08 1156.10 510.97 1049.79 687.13 1005.38 785.71 1175.60 764.13
CROP_BBOX: 543 0 1672 1080
