Video ID: 	2OTzoOYQtzQ
H: 	1080
W: 	1920
FPS: 	25.0

FRAME INDEX X0 Y0 W H [Landmarks (5 Points)]

00000890 00000000 502.31 204.08 440.86 643.12 715.24 433.96 894.55 453.64 862.45 557.82 736.89 678.63 873.87 694.02
00000891 00000001 505.97 201.45 438.92 645.10 718.97 436.51 899.63 458.04 866.92 558.23 739.10 678.68 876.45 695.51
00000892 00000002 510.50 204.33 437.11 641.77 721.66 438.27 902.33 459.11 869.57 558.34 743.98 679.17 880.15 695.27
00000893 00000003 511.64 205.03 436.74 642.57 726.22 437.17 905.87 458.57 876.06 557.95 747.61 678.78 883.72 695.45
00000894 00000004 515.00 202.28 433.94 647.37 731.42 438.27 908.41 458.39 882.88 557.06 753.34 679.98 887.79 695.59
00000895 00000005 518.34 206.25 434.23 644.12 734.75 441.14 910.00 456.88 888.37 557.26 760.63 682.68 894.36 694.76
00000896 00000006 521.85 204.75 435.33 647.15 739.88 445.24 914.28 457.94 895.05 557.32 767.22 684.19 901.32 693.60
00000897 00000007 525.17 205.91 435.02 647.90 744.74 447.09 918.29 458.30 902.74 555.51 772.63 685.00 908.56 693.21
00000898 00000008 530.55 207.41 432.10 646.96 754.01 448.20 922.30 458.38 911.71 555.14 781.90 686.32 914.16 693.88
00000899 00000009 532.42 204.87 432.78 651.87 759.98 450.00 927.58 459.20 920.09 555.00 786.88 687.61 918.94 694.47
00000900 00000010 538.08 198.07 429.76 660.84 768.13 452.58 936.52 462.51 928.70 559.95 794.90 693.31 926.66 700.90
00000901 00000011 537.33 203.66 429.61 661.40 773.53 458.25 929.72 471.02 933.35 564.87 806.54 697.74 925.66 708.18
00000902 00000012 539.03 202.47 429.43 663.70 779.44 460.19 932.33 475.58 940.15 568.56 810.49 699.83 925.58 712.55
00000903 00000013 545.13 205.13 427.12 664.60 787.25 461.85 938.64 478.58 946.54 570.65 818.08 702.80 931.93 716.56
00000904 00000014 548.54 214.33 424.51 654.60 789.74 464.15 942.73 480.15 950.02 571.34 821.82 704.27 937.19 717.22
00000905 00000015 554.84 220.82 419.97 649.61 793.71 463.98 948.16 480.54 954.76 572.54 824.78 705.80 941.16 719.20
00000906 00000016 560.48 218.12 414.77 654.10 799.40 465.82 952.81 483.98 960.60 575.56 829.93 708.86 944.89 723.72
00000907 00000017 558.28 220.14 423.05 645.27 798.02 468.65 946.45 488.55 948.76 579.32 833.24 706.63 940.82 721.96
00000908 00000018 564.28 221.40 421.74 648.84 799.31 473.28 949.00 488.25 952.10 584.22 834.49 712.39 944.41 723.74
00000909 00000019 566.18 218.06 423.71 655.16 802.79 476.76 950.47 486.26 958.91 587.17 836.43 716.05 945.13 723.38
00000910 00000020 570.43 223.04 421.62 654.75 807.71 480.49 952.55 486.98 966.27 591.27 840.60 721.40 946.56 726.87
00000911 00000021 573.00 233.65 426.93 653.51 815.61 476.93 964.51 490.93 975.24 593.16 852.92 720.49 961.01 730.82
00000912 00000022 576.25 237.02 427.53 653.43 821.09 477.29 965.54 489.75 981.88 594.50 857.87 723.14 963.59 732.35
00000913 00000023 581.04 238.03 427.95 656.70 826.86 480.26 970.10 492.91 986.07 598.13 861.49 725.62 967.52 734.90
00000914 00000024 585.40 239.13 427.39 657.50 833.16 485.20 972.75 495.59 991.92 602.78 868.01 729.70 972.08 737.05
00000915 00000025 592.15 246.88 426.87 651.66 836.94 489.06 975.97 497.56 996.21 605.24 871.96 733.00 977.34 739.09
00000916 00000026 597.62 252.40 426.27 649.35 838.94 493.12 979.41 495.44 999.51 608.04 874.29 737.00 982.95 738.26
00000917 00000027 600.90 250.53 424.44 654.20 844.40 494.79 981.61 496.01 1005.80 610.34 877.51 739.47 983.43 740.15
00000918 00000028 604.74 248.82 423.25 657.85 848.42 494.87 981.93 494.87 1011.02 611.60 880.20 741.96 982.84 742.19
00000919 00000029 607.04 252.39 422.25 657.35 853.65 497.73 984.15 495.60 1016.51 615.54 882.29 745.67 983.14 744.53
00000920 00000030 614.06 258.98 418.20 649.49 855.68 498.91 988.52 493.99 1019.13 618.29 883.12 747.74 985.56 744.63
00000921 00000031 617.37 256.99 415.80 651.61 860.42 498.87 989.06 495.57 1022.52 617.24 886.67 747.58 985.90 746.03
00000922 00000032 618.58 255.90 416.29 650.47 864.01 498.89 990.61 495.03 1025.18 617.92 890.83 747.19 987.84 745.33
00000923 00000033 620.30 257.32 413.76 645.99 867.54 497.28 990.27 493.05 1028.12 616.39 895.41 745.75 988.10 743.64
00000924 00000034 622.49 259.08 413.90 643.33 869.53 496.67 990.81 492.50 1030.02 617.03 897.58 746.18 988.68 744.28
00000925 00000035 623.61 259.90 412.77 642.08 871.82 495.71 990.99 492.90 1031.39 616.53 899.67 745.48 987.78 744.82
00000926 00000036 628.65 260.87 409.01 639.96 875.20 495.55 992.64 493.76 1032.82 616.77 901.33 745.25 987.43 745.51
00000927 00000037 627.86 262.21 409.62 639.10 876.00 495.06 991.08 492.35 1033.61 616.28 901.67 744.89 986.05 744.62
00000928 00000038 628.02 258.55 410.45 642.37 878.17 495.24 991.43 491.91 1035.49 616.96 904.11 746.00 986.21 745.20
00000929 00000039 627.45 259.62 411.77 641.40 877.26 494.44 991.23 490.76 1034.38 616.46 903.19 745.78 985.95 744.72
00000930 00000040 625.32 254.13 413.44 647.78 878.20 494.19 990.22 491.17 1033.98 615.60 904.02 744.89 984.57 744.34
00000931 00000041 625.11 250.63 412.47 650.72 878.36 493.96 987.99 490.75 1033.49 615.85 903.63 744.97 982.20 744.53
00000932 00000042 624.61 254.95 411.92 642.39 876.09 493.51 987.53 489.91 1032.17 616.54 902.43 744.64 981.26 743.78
00000933 00000043 623.38 256.65 413.33 640.63 872.24 492.30 989.10 489.16 1030.63 616.33 898.27 744.53 981.98 743.94
00000934 00000044 615.80 253.55 420.31 646.67 870.08 490.27 983.95 484.34 1028.66 614.78 894.78 743.66 977.48 740.94
00000935 00000045 611.37 249.89 421.77 651.22 868.91 490.60 979.54 484.12 1026.73 613.37 892.22 741.31 972.84 738.09
00000936 00000046 609.16 248.87 423.02 656.22 865.57 488.01 973.50 483.03 1021.54 611.64 888.17 741.11 966.98 739.18
00000937 00000047 603.76 243.86 424.77 661.38 862.64 486.56 969.51 479.47 1021.21 612.54 883.45 740.98 961.19 737.59
00000938 00000048 601.86 242.35 424.07 659.76 859.37 485.46 964.26 478.06 1017.65 612.02 882.38 739.21 959.11 735.47
00000939 00000049 594.90 238.80 428.31 658.07 857.49 484.97 960.23 477.05 1017.30 611.68 881.62 737.43 955.61 733.38
00000940 00000050 592.32 241.97 428.05 652.45 852.74 480.94 957.39 474.88 1013.06 608.94 879.58 735.52 955.04 732.74
00000941 00000051 589.40 234.12 425.97 652.62 847.25 484.20 956.46 474.32 1007.65 611.83 872.81 733.60 952.15 728.60
00000942 00000052 582.25 236.96 428.83 646.36 844.26 483.09 954.06 473.41 1003.78 612.42 867.51 731.01 947.35 726.16
00000943 00000053 577.48 226.06 429.38 659.21 842.05 478.50 949.59 471.07 1000.75 608.82 862.62 728.15 939.19 725.10
00000944 00000054 569.10 218.29 431.83 677.87 840.49 471.54 948.67 472.71 996.08 604.32 862.65 728.96 933.43 731.57
00000945 00000055 563.75 211.62 428.16 683.33 834.33 473.19 943.01 471.96 995.70 599.51 856.85 730.47 934.29 732.10
00000946 00000056 563.12 221.15 423.79 667.58 827.92 470.09 937.66 465.52 992.12 596.60 851.67 728.58 929.60 727.97
00000947 00000057 560.76 220.67 420.43 665.82 820.30 467.84 934.37 466.47 984.19 594.69 846.73 726.88 927.94 728.48
00000948 00000058 553.78 218.11 422.65 666.44 813.60 464.74 928.16 465.95 976.86 591.55 840.13 722.51 922.07 726.44
00000949 00000059 543.24 218.97 425.49 662.34 809.12 463.10 918.43 465.71 970.02 590.98 832.25 717.42 909.38 722.75
00000950 00000060 535.44 224.31 427.96 657.57 800.38 461.24 912.56 463.76 957.87 590.20 822.45 715.05 901.75 720.16
00000951 00000061 527.05 220.85 433.89 658.23 793.29 458.32 903.35 459.14 950.16 589.49 819.03 714.56 896.74 718.29
00000952 00000062 522.00 219.31 432.99 655.75 790.13 454.81 897.50 457.45 944.75 585.83 813.97 710.88 889.95 716.23
00000953 00000063 514.56 216.65 433.29 650.97 784.44 454.69 893.01 456.25 938.34 585.94 805.15 707.60 881.56 712.36
00000954 00000064 510.06 201.87 433.48 675.21 768.75 447.84 884.19 444.95 930.50 579.85 788.96 705.47 877.12 706.10
00000955 00000065 502.62 198.95 435.38 674.24 763.23 442.52 879.34 441.20 926.24 578.19 784.29 703.75 870.28 705.68
00000956 00000066 497.36 194.80 438.28 683.46 760.21 442.87 877.96 442.36 921.91 579.52 778.57 705.39 866.35 707.36
00000957 00000067 492.15 198.80 438.64 680.12 755.82 441.09 874.87 441.66 918.05 581.39 772.10 707.35 859.21 710.16
00000958 00000068 488.31 202.99 436.68 676.25 750.19 442.54 871.36 444.00 914.28 582.15 768.57 708.70 857.49 712.11
00000959 00000069 486.69 203.85 432.32 672.33 748.49 446.05 863.21 447.02 910.62 583.54 765.42 708.71 847.55 711.76
00000960 00000070 481.86 207.09 432.87 669.43 746.04 448.44 859.24 449.60 907.61 586.39 761.86 709.18 843.67 712.14
00000961 00000071 478.94 205.61 434.73 673.87 743.14 447.64 858.16 451.01 904.56 588.18 759.14 711.84 842.03 716.60
00000962 00000072 475.20 203.78 435.49 676.48 740.75 448.47 856.96 452.35 902.17 590.98 757.01 713.87 840.63 718.97
00000963 00000073 473.41 211.53 434.17 667.26 739.84 457.73 862.52 459.91 904.17 586.27 763.32 716.49 850.16 721.34
00000964 00000074 469.10 207.64 436.38 674.45 736.67 459.22 859.30 459.66 902.32 589.28 759.06 718.59 846.51 722.23
00000965 00000075 466.49 213.45 435.77 672.04 732.36 459.71 857.32 460.40 897.75 590.73 754.05 719.56 843.86 722.90
00000966 00000076 463.21 212.85 435.04 677.86 730.27 460.97 852.90 459.66 894.49 590.49 752.18 720.48 842.56 721.83
00000967 00000077 462.44 217.82 434.36 673.34 725.41 461.74 851.21 460.31 889.83 592.24 749.81 721.93 841.87 722.99
00000968 00000078 462.27 216.12 434.20 676.92 723.48 462.60 850.64 459.79 889.27 594.12 747.81 723.87 840.41 723.81
00000969 00000079 460.85 215.88 435.37 677.51 723.91 462.20 850.04 459.65 889.46 595.03 747.93 724.79 838.77 725.18
00000970 00000080 460.42 217.23 436.80 675.98 723.69 462.77 851.91 460.40 889.52 594.83 747.63 725.25 841.19 725.52
00000971 00000081 463.99 216.46 437.31 675.71 725.90 462.76 855.06 459.48 893.35 591.94 750.82 723.35 846.14 722.80
00000972 00000082 466.11 208.75 437.67 675.13 731.12 460.34 858.53 459.36 897.63 589.64 755.60 719.29 847.35 721.09
00000973 00000083 471.78 209.73 436.03 666.34 736.49 457.25 862.50 457.32 903.42 583.88 763.72 714.96 853.79 718.13
00000974 00000084 480.31 202.43 433.96 671.94 741.47 445.79 860.68 445.84 902.96 583.78 760.06 708.87 846.82 710.58
00000975 00000085 484.03 195.45 439.99 676.94 747.16 441.09 872.60 440.35 908.64 578.47 764.46 704.07 857.39 704.69
00000976 00000086 490.81 197.28 438.78 671.94 749.16 436.47 878.09 434.71 912.42 573.26 768.31 701.12 864.21 701.06
00000977 00000087 492.63 194.43 442.48 676.03 753.52 434.98 884.05 431.60 917.41 572.49 772.09 699.75 871.45 698.38
00000978 00000088 496.75 195.86 443.19 672.74 761.36 432.56 888.61 430.80 923.61 571.87 778.50 696.62 876.12 696.59
00000979 00000089 502.07 195.29 444.95 670.37 764.88 429.67 896.08 427.05 928.38 570.24 782.50 695.50 882.64 694.50
00000980 00000090 509.14 200.35 443.35 665.57 767.33 428.77 901.70 423.96 931.61 567.22 787.24 694.44 890.78 691.63
00000981 00000091 512.84 199.38 442.59 664.67 768.55 426.25 903.76 419.42 935.73 564.58 791.82 694.03 894.95 689.98
00000982 00000092 517.51 190.53 442.12 670.29 772.09 423.59 908.46 415.79 940.78 561.17 795.03 692.84 897.16 688.04
00000983 00000093 521.39 195.17 443.13 665.76 771.85 421.07 915.56 411.63 944.09 559.26 798.12 693.77 905.63 687.34
00000984 00000094 525.91 193.54 442.42 664.10 775.31 420.31 922.07 410.19 947.78 558.32 802.80 693.90 911.70 686.56
00000985 00000095 528.34 188.94 440.71 664.63 777.35 419.92 923.85 410.56 950.85 556.21 805.67 691.88 912.96 685.21
00000986 00000096 532.69 190.89 438.59 660.68 779.15 420.78 926.35 411.22 951.88 555.51 808.50 690.48 916.15 683.45
00000987 00000097 536.62 187.64 438.40 664.17 783.42 420.42 931.69 411.82 956.15 555.12 813.75 690.33 921.78 684.21
00000988 00000098 537.56 189.24 439.06 663.42 785.45 420.99 933.95 413.76 958.46 554.53 816.14 689.64 925.72 684.43
00000989 00000099 540.57 193.01 438.13 662.54 787.95 423.10 936.13 415.60 961.25 554.10 817.10 689.86 928.83 684.45
00000990 00000100 542.23 197.15 438.67 662.51 789.86 423.91 938.26 417.64 964.98 556.23 819.09 692.98 930.49 688.72
00000991 00000101 543.64 196.40 439.74 666.64 793.09 425.86 942.08 419.05 969.13 559.20 821.32 695.92 934.49 691.36
00000992 00000102 548.07 191.92 439.08 670.01 798.45 426.94 947.15 421.17 973.51 559.78 826.63 697.89 939.27 694.28
00000993 00000103 549.79 196.70 439.77 664.84 799.81 428.33 948.19 423.05 974.44 560.48 829.69 697.93 942.11 694.67
00000994 00000104 555.49 193.57 435.75 666.92 804.01 428.17 951.18 422.16 979.64 560.72 834.22 699.11 945.47 695.43
00000995 00000105 555.93 194.42 437.89 674.19 809.81 424.71 949.88 430.85 973.65 567.21 827.11 692.80 934.49 698.32
00000996 00000106 558.96 197.14 440.03 672.72 813.17 424.44 954.71 429.22 977.27 567.37 830.23 693.43 939.35 697.82
00000997 00000107 562.80 203.32 439.05 665.68 815.40 424.65 959.76 428.66 980.89 569.52 833.36 694.03 944.14 697.72
00000998 00000108 566.74 198.94 443.28 672.21 819.34 425.02 965.25 427.38 985.04 568.23 839.79 695.65 950.80 697.80
00000999 00000109 569.74 202.57 443.71 668.58 822.69 425.62 969.53 425.67 990.51 567.91 842.85 695.83 956.10 696.18
CROP_BBOX: 244 0 1255 1054
