Video ID: 	vXM-486r5zY
H: 	1080
W: 	1920
FPS: 	25.0

FRAME INDEX X0 Y0 W H [Landmarks (5 Points)]

00004180 00000000 1005.77 135.45 453.17 649.53 1112.07 414.87 1297.99 380.87 1213.76 516.33 1172.82 633.15 1322.24 605.58
00004181 00000001 1007.14 132.94 451.80 654.11 1115.66 417.01 1296.90 390.19 1210.13 518.92 1166.41 631.71 1315.40 609.93
00004182 00000002 1013.03 134.31 448.24 656.64 1120.53 415.29 1300.12 383.51 1219.34 512.26 1174.86 633.09 1324.31 607.42
00004183 00000003 1014.20 139.26 447.87 635.47 1124.87 414.86 1307.95 380.39 1232.30 514.88 1186.92 628.61 1336.56 601.08
00004184 00000004 1015.68 137.29 444.29 633.64 1122.73 418.36 1309.21 383.52 1230.19 517.22 1183.25 627.54 1335.37 599.89
00004185 00000005 1012.56 136.91 448.69 636.40 1117.51 415.36 1307.16 386.33 1221.22 520.30 1171.91 629.30 1324.05 606.13
00004186 00000006 1008.41 142.59 454.25 632.12 1110.00 418.71 1299.16 391.81 1203.94 518.89 1164.19 629.62 1311.72 607.65
00004187 00000007 1013.86 137.43 448.43 633.38 1117.80 413.62 1301.96 387.95 1210.04 510.19 1171.18 623.86 1315.93 603.04
00004188 00000008 1019.01 132.32 448.49 636.36 1127.08 411.16 1310.47 381.24 1226.73 507.29 1186.06 618.11 1336.63 593.53
00004189 00000009 1022.26 124.44 449.15 636.22 1129.19 410.68 1318.42 377.83 1232.62 507.90 1189.85 615.73 1347.93 588.55
00004190 00000010 1022.05 129.24 442.64 637.42 1124.61 411.50 1313.81 381.89 1227.66 516.26 1187.77 624.10 1339.73 599.94
00004191 00000011 1022.48 133.66 441.49 632.40 1118.52 411.02 1310.17 384.62 1215.85 517.68 1175.33 626.18 1326.45 604.85
00004192 00000012 1024.09 130.65 442.04 636.34 1118.46 407.83 1309.91 381.40 1214.15 515.71 1174.81 625.53 1327.21 604.03
00004193 00000013 1025.93 128.91 443.94 642.54 1132.20 411.92 1315.27 384.40 1235.15 512.77 1187.73 621.60 1340.79 599.52
00004194 00000014 1031.27 127.95 446.74 646.24 1144.59 413.80 1320.68 381.13 1247.97 506.33 1202.40 618.78 1355.39 592.55
00004195 00000015 1033.98 128.70 447.42 648.78 1145.59 411.63 1323.68 380.81 1249.58 510.15 1202.44 621.87 1356.63 596.70
00004196 00000016 1033.29 129.58 443.23 642.38 1136.11 410.47 1319.25 385.60 1234.10 514.38 1189.35 624.23 1342.07 603.94
00004197 00000017 1033.96 122.32 442.35 636.71 1126.31 401.98 1317.36 384.83 1215.80 516.75 1174.30 615.84 1332.46 601.74
00004198 00000018 1028.56 110.50 449.80 646.29 1128.87 390.83 1317.68 370.62 1223.51 504.29 1177.97 604.92 1336.71 588.62
00004199 00000019 1025.34 109.27 457.22 648.86 1130.41 383.39 1322.50 359.11 1230.72 496.07 1185.02 601.96 1344.63 582.11
00004200 00000020 1027.16 116.98 443.40 652.31 1132.23 386.52 1320.45 361.30 1238.90 498.02 1187.90 611.23 1341.85 590.28
00004201 00000021 1019.82 110.91 443.34 658.49 1118.80 394.12 1310.07 373.11 1216.33 502.50 1168.07 615.20 1325.02 598.28
00004202 00000022 1009.07 133.51 455.83 637.06 1113.66 407.35 1300.20 390.88 1202.40 516.70 1161.97 624.41 1304.78 611.05
00004203 00000023 1008.56 148.82 451.64 623.36 1115.67 422.51 1302.51 404.01 1207.94 535.58 1159.70 633.19 1308.92 618.79
00004204 00000024 1006.56 157.51 451.77 629.38 1112.67 428.49 1301.65 403.47 1212.23 539.93 1166.30 642.98 1317.68 623.27
00004205 00000025 1004.85 164.78 453.61 622.50 1111.42 428.99 1300.97 401.70 1212.70 543.59 1171.36 645.57 1320.49 623.52
00004206 00000026 1000.35 163.59 459.67 632.88 1106.20 425.20 1291.96 398.83 1201.91 542.40 1165.22 646.13 1312.79 624.68
00004207 00000027 999.57 158.80 456.47 632.62 1101.69 421.64 1289.86 394.95 1195.27 538.67 1158.04 644.61 1306.26 622.74
00004208 00000028 1003.13 156.26 462.20 637.62 1105.10 419.74 1296.29 391.42 1200.34 533.34 1161.69 643.29 1313.53 620.26
00004209 00000029 1011.47 143.64 452.90 647.57 1115.16 422.72 1304.37 393.02 1217.24 532.53 1174.10 642.07 1326.00 618.76
00004210 00000030 1018.01 155.08 453.67 633.66 1128.93 428.98 1311.12 395.71 1230.86 532.11 1190.36 641.75 1338.34 615.64
00004211 00000031 1024.24 161.22 458.13 630.22 1134.03 431.72 1315.63 399.20 1234.28 534.20 1195.11 644.29 1344.65 618.17
00004212 00000032 1023.94 155.73 461.15 642.37 1129.44 426.07 1314.58 393.14 1229.25 532.27 1192.19 645.45 1342.02 619.07
00004213 00000033 1027.68 150.15 457.08 643.81 1128.51 420.72 1315.14 390.07 1227.08 529.91 1189.51 642.88 1338.79 618.61
00004214 00000034 1027.00 144.86 459.72 643.16 1127.47 415.98 1316.22 384.88 1228.54 528.14 1193.12 639.96 1341.67 615.34
00004215 00000035 1029.10 141.89 462.05 627.86 1129.12 412.93 1322.72 381.74 1234.88 528.64 1197.14 633.12 1347.42 608.34
00004216 00000036 1029.85 143.64 461.43 626.31 1130.64 411.31 1324.57 377.80 1238.93 526.96 1201.46 633.11 1350.68 606.35
00004217 00000037 1030.06 142.62 462.37 628.79 1130.12 410.23 1322.90 378.13 1236.82 526.86 1201.39 633.65 1347.57 608.01
00004218 00000038 1029.07 140.26 459.34 631.77 1126.97 410.49 1316.79 378.76 1230.97 525.53 1195.47 633.21 1339.99 608.43
00004219 00000039 1028.52 140.15 458.15 629.50 1125.52 408.91 1315.52 377.98 1228.46 524.44 1193.08 632.24 1336.10 608.08
00004220 00000040 1030.64 139.35 455.82 633.88 1130.63 405.22 1318.39 373.28 1233.74 517.17 1197.99 629.69 1340.85 604.32
00004221 00000041 1031.05 136.68 450.21 637.07 1132.57 404.00 1319.86 368.80 1239.74 514.64 1203.93 629.76 1346.91 601.50
00004222 00000042 1031.87 136.76 452.45 640.37 1130.96 402.88 1319.67 367.04 1236.44 514.29 1202.91 631.71 1348.57 602.58
00004223 00000043 1031.36 131.50 446.61 648.44 1129.62 410.98 1313.62 378.65 1228.87 515.07 1194.11 631.76 1341.00 605.88
00004224 00000044 1026.59 133.67 448.30 645.24 1126.27 410.03 1311.19 381.35 1224.93 516.89 1184.39 629.24 1333.51 606.07
00004225 00000045 1024.42 133.90 447.92 646.29 1126.86 411.67 1309.31 383.52 1224.81 516.73 1183.29 629.33 1331.14 606.85
00004226 00000046 1023.77 135.98 452.08 647.03 1131.20 413.33 1310.31 380.27 1231.59 514.75 1194.58 631.25 1339.77 605.02
00004227 00000047 1030.63 138.35 444.36 644.50 1136.84 417.15 1312.55 380.41 1238.04 513.31 1203.02 632.73 1345.22 603.86
00004228 00000048 1029.05 139.75 445.77 644.86 1137.81 418.63 1313.21 383.16 1239.12 516.24 1203.17 634.81 1345.26 606.85
00004229 00000049 1026.31 139.85 446.92 638.68 1131.54 420.68 1309.87 386.47 1232.93 520.92 1194.87 634.31 1339.59 607.22
00004230 00000050 1019.95 138.25 446.97 635.61 1126.48 419.83 1306.42 390.63 1225.23 525.07 1182.97 630.31 1326.77 608.10
00004231 00000051 1018.36 140.70 450.07 628.03 1121.55 417.84 1306.13 389.15 1219.85 524.95 1177.49 628.05 1325.34 605.77
00004232 00000052 1019.80 136.23 446.60 636.72 1121.22 414.27 1305.43 380.68 1223.49 517.07 1184.69 631.28 1326.55 605.49
00004233 00000053 1016.24 136.55 448.35 629.61 1120.63 411.98 1307.23 375.66 1223.26 509.47 1190.39 627.25 1331.92 598.14
00004234 00000054 1016.88 133.97 447.59 631.00 1120.01 405.97 1306.09 369.87 1222.10 504.89 1189.87 624.80 1330.24 596.00
00004235 00000055 1014.59 135.02 446.82 634.44 1117.37 402.89 1302.14 367.85 1217.53 501.09 1184.78 622.54 1325.04 594.81
00004236 00000056 1010.10 132.77 449.19 635.62 1113.28 402.67 1297.64 370.20 1208.08 498.04 1175.11 620.25 1314.68 594.68
00004237 00000057 1014.60 132.01 443.32 637.20 1119.90 401.15 1298.56 375.03 1210.68 495.45 1176.82 616.79 1313.27 596.38
00004238 00000058 1017.90 127.35 442.87 645.21 1122.96 401.22 1302.87 370.37 1218.74 492.56 1183.81 615.72 1326.57 591.15
00004239 00000059 1018.12 130.81 444.65 638.14 1124.04 402.59 1305.82 367.38 1223.75 493.89 1188.27 614.61 1336.39 586.11
00004240 00000060 1016.21 124.74 446.19 648.18 1119.12 400.67 1303.74 362.11 1221.03 492.20 1185.52 615.48 1338.15 584.09
00004241 00000061 1010.14 126.95 453.69 648.70 1113.35 397.22 1298.83 361.18 1211.57 491.02 1177.86 616.02 1327.90 586.90
00004242 00000062 1008.19 127.29 454.21 642.55 1108.84 395.74 1294.33 359.68 1204.68 491.06 1172.61 615.44 1320.69 586.46
00004243 00000063 1005.15 128.85 456.35 628.15 1107.25 394.70 1294.67 359.28 1204.86 490.35 1171.05 610.64 1319.71 582.00
00004244 00000064 1005.28 121.21 458.29 632.99 1107.67 395.68 1297.56 355.82 1209.52 490.38 1175.22 608.52 1328.68 576.11
00004245 00000065 1006.19 120.35 457.04 630.38 1110.11 397.77 1302.54 357.10 1215.49 492.99 1178.73 609.26 1333.64 576.17
00004246 00000066 1008.48 121.24 452.87 634.11 1110.36 401.60 1300.84 363.19 1213.96 497.37 1176.68 613.10 1330.09 581.90
00004247 00000067 1009.45 130.01 448.41 628.14 1118.48 404.86 1298.04 377.01 1212.11 494.89 1174.64 609.32 1315.92 587.11
00004248 00000068 1013.25 130.53 445.34 628.78 1120.74 404.13 1297.29 376.79 1212.26 495.89 1178.37 611.12 1314.11 589.70
00004249 00000069 1015.34 127.01 442.93 631.73 1121.81 401.39 1301.49 372.25 1215.68 493.57 1178.42 606.53 1320.43 583.65
00004250 00000070 1014.87 119.29 444.50 637.22 1120.52 395.15 1303.41 363.27 1218.38 490.82 1179.94 604.26 1325.86 578.88
00004251 00000071 1015.00 118.96 446.22 634.23 1118.76 392.47 1303.79 358.14 1218.84 490.52 1179.52 603.62 1327.62 576.22
00004252 00000072 1013.71 117.85 445.19 629.86 1115.77 391.09 1301.62 359.10 1213.25 487.92 1173.60 601.65 1320.26 576.27
00004253 00000073 1013.51 118.20 445.44 629.26 1114.88 390.78 1303.32 358.07 1214.11 488.81 1173.25 602.17 1322.39 576.14
00004254 00000074 1013.93 118.83 447.65 633.09 1115.52 392.09 1305.12 356.35 1216.92 490.06 1176.93 604.08 1329.13 575.33
00004255 00000075 1011.96 119.85 450.87 635.56 1115.65 392.64 1305.60 356.02 1218.19 491.73 1179.07 605.57 1331.63 576.04
00004256 00000076 1008.66 123.16 452.36 633.39 1113.82 391.79 1302.30 357.89 1213.07 489.70 1175.89 605.90 1324.25 578.69
00004257 00000077 1007.56 127.11 450.97 626.39 1110.80 389.69 1296.53 359.77 1204.67 487.92 1168.55 604.99 1312.24 581.24
00004258 00000078 1007.67 124.82 447.06 619.07 1107.47 388.43 1294.91 358.51 1201.02 488.01 1165.29 602.39 1310.53 578.59
00004259 00000079 1007.16 119.56 448.66 631.49 1108.91 389.04 1295.09 357.20 1204.18 486.34 1168.83 604.23 1313.40 578.89
00004260 00000080 1006.94 125.85 449.21 633.84 1111.52 392.77 1295.06 358.84 1208.17 487.83 1174.07 607.74 1318.63 580.60
00004261 00000081 1008.10 134.02 445.25 634.42 1115.15 401.90 1298.28 370.12 1211.86 492.48 1175.46 615.90 1319.56 590.64
00004262 00000082 1002.30 144.49 455.03 638.30 1110.98 419.90 1296.51 384.16 1208.09 509.69 1172.67 633.09 1316.32 604.05
00004263 00000083 995.78 144.78 451.64 636.10 1101.09 431.00 1289.02 392.29 1198.44 521.23 1164.37 638.45 1308.78 607.08
00004264 00000084 988.56 159.36 456.01 613.37 1095.47 425.73 1281.63 393.98 1195.15 527.01 1161.78 637.16 1306.16 609.88
00004265 00000085 986.72 156.02 458.51 610.74 1094.58 421.32 1278.63 389.03 1193.81 524.30 1161.27 632.17 1303.42 604.46
00004266 00000086 988.72 150.65 453.94 615.46 1094.90 419.62 1277.64 384.72 1194.44 521.26 1163.59 632.45 1304.87 602.67
00004267 00000087 994.94 145.44 453.97 627.25 1097.64 415.02 1287.13 379.41 1197.73 523.70 1163.04 634.48 1310.83 604.50
00004268 00000088 993.92 150.18 460.89 635.67 1099.02 416.44 1287.42 383.21 1197.93 525.39 1162.98 638.22 1310.42 610.50
00004269 00000089 993.01 150.69 463.73 634.32 1099.83 416.66 1290.15 383.16 1199.58 526.27 1163.31 637.96 1312.35 610.25
00004270 00000090 997.99 145.66 455.26 629.51 1101.04 414.39 1294.34 379.72 1204.98 523.30 1164.63 635.33 1314.82 606.80
00004271 00000091 1003.09 138.88 454.66 631.91 1105.28 410.46 1297.01 373.67 1209.57 514.29 1169.56 629.51 1320.22 599.72
00004272 00000092 1007.11 138.48 453.95 630.09 1108.39 407.57 1298.25 369.97 1212.21 508.33 1173.57 625.27 1325.45 594.61
00004273 00000093 1005.65 140.69 454.38 629.00 1109.36 406.29 1298.64 368.52 1209.64 502.68 1176.96 623.02 1325.37 592.29
00004274 00000094 1006.45 139.29 452.29 630.97 1110.49 405.57 1298.86 369.21 1210.12 503.42 1176.52 622.60 1323.60 593.17
00004275 00000095 1008.49 136.02 452.18 634.46 1109.90 404.09 1298.88 369.03 1212.21 506.55 1172.62 623.64 1322.04 595.15
00004276 00000096 1009.17 135.47 453.34 634.63 1110.36 404.22 1300.42 368.21 1214.12 505.57 1174.25 623.67 1324.72 594.46
00004277 00000097 1010.42 135.09 452.26 634.85 1111.57 402.33 1300.41 367.48 1214.63 504.93 1175.04 622.52 1324.26 594.27
00004278 00000098 1008.44 132.40 453.47 639.06 1110.77 401.63 1300.04 365.99 1214.16 503.16 1174.13 622.01 1324.37 593.24
00004279 00000099 1008.23 133.28 454.30 638.80 1111.28 399.83 1298.96 364.52 1213.20 501.89 1174.73 620.97 1323.08 592.56
00004280 00000100 1006.71 131.81 455.53 642.32 1111.29 400.12 1298.45 364.61 1213.60 502.18 1174.63 621.63 1323.01 593.17
00004281 00000101 1006.20 133.36 455.57 640.79 1110.51 400.82 1298.56 365.08 1213.02 502.42 1174.76 623.06 1322.98 594.37
00004282 00000102 1005.63 131.57 455.33 644.34 1110.06 402.09 1297.19 366.36 1212.58 503.92 1173.47 623.57 1322.01 594.92
00004283 00000103 1007.99 136.33 451.67 643.75 1114.52 408.71 1297.37 377.12 1211.83 501.60 1173.84 622.47 1321.67 596.67
00004284 00000104 1007.27 127.09 452.14 652.19 1117.82 404.72 1299.19 375.50 1217.16 502.85 1172.64 622.32 1319.81 598.96
00004285 00000105 1006.59 136.09 452.37 644.31 1112.84 407.98 1298.56 374.76 1212.61 501.96 1174.53 624.51 1323.95 597.47
00004286 00000106 1006.45 134.41 452.18 641.83 1111.51 405.30 1298.65 371.62 1212.30 503.05 1175.12 623.94 1323.92 596.69
00004287 00000107 1004.04 133.97 450.80 632.76 1109.47 406.02 1297.21 373.44 1209.34 504.76 1171.44 622.09 1316.76 596.09
00004288 00000108 1003.75 136.91 451.47 628.27 1108.50 407.29 1297.64 374.93 1207.75 507.25 1170.14 622.95 1315.06 597.14
00004289 00000109 1003.72 138.01 452.87 626.29 1108.45 407.82 1298.03 375.39 1207.70 508.84 1171.11 623.67 1315.89 597.78
00004290 00000110 1004.14 138.05 453.21 626.60 1109.20 409.20 1298.35 376.70 1208.92 511.96 1172.84 624.53 1317.66 598.57
00004291 00000111 1007.06 143.76 454.90 622.67 1114.68 414.26 1301.39 386.77 1212.20 514.92 1173.13 625.02 1317.38 602.72
00004292 00000112 1006.81 142.89 453.63 625.52 1115.17 414.78 1301.14 388.49 1212.60 516.99 1173.02 626.97 1314.93 605.74
00004293 00000113 1004.81 142.63 454.86 628.45 1112.52 416.08 1301.73 388.25 1211.85 517.21 1170.49 627.64 1316.79 605.07
00004294 00000114 1007.95 135.06 450.54 632.94 1114.59 408.01 1302.62 381.88 1216.15 514.66 1169.56 625.00 1314.97 604.20
00004295 00000115 1007.00 135.76 450.68 632.88 1114.42 406.50 1299.43 379.75 1215.55 513.85 1171.83 626.42 1309.95 605.53
00004296 00000116 1006.57 135.84 451.26 634.22 1113.09 405.86 1299.86 377.85 1214.94 512.74 1171.42 627.47 1310.76 605.47
00004297 00000117 1006.57 137.69 451.46 631.73 1112.56 405.92 1299.27 377.55 1214.06 512.68 1171.49 627.38 1310.23 605.10
00004298 00000118 1004.80 136.74 453.05 636.63 1112.57 406.43 1298.84 378.32 1214.38 514.69 1171.33 629.17 1309.91 607.08
00004299 00000119 1002.36 135.03 454.59 641.99 1112.36 406.59 1297.68 378.63 1213.81 516.46 1171.37 630.34 1309.49 608.30
00004300 00000120 1003.61 133.53 455.70 648.68 1120.18 406.35 1300.85 383.24 1217.36 515.83 1170.68 627.41 1311.79 609.41
00004301 00000121 1006.27 137.69 451.93 633.28 1116.74 415.35 1304.81 388.99 1219.03 525.19 1168.48 630.38 1319.52 609.64
00004302 00000122 1007.05 147.77 456.19 618.08 1117.58 420.62 1310.27 394.61 1220.19 532.23 1168.93 633.95 1321.83 613.02
00004303 00000123 1011.66 154.25 454.06 618.39 1118.03 422.42 1312.93 397.30 1222.40 535.47 1173.47 637.14 1326.27 617.15
00004304 00000124 1010.66 155.10 454.24 627.39 1118.52 421.55 1311.24 397.33 1223.61 536.85 1174.98 642.54 1322.46 623.64
00004305 00000125 1008.46 157.09 457.46 633.96 1117.79 421.76 1310.61 397.51 1222.57 538.52 1174.25 644.87 1324.26 625.58
00004306 00000126 1007.11 158.54 456.56 642.53 1119.02 424.09 1310.02 399.95 1224.10 541.23 1173.94 647.78 1327.81 628.36
00004307 00000127 1005.23 167.63 460.68 648.36 1127.24 432.22 1311.06 409.13 1229.67 545.46 1177.75 653.48 1333.52 635.29
00004308 00000128 1003.45 172.33 464.14 653.59 1126.73 439.29 1314.09 413.01 1232.11 553.08 1179.47 662.01 1339.62 641.18
00004309 00000129 1005.03 175.17 461.04 648.20 1122.93 439.68 1312.45 411.11 1230.57 554.43 1179.60 664.22 1338.44 641.43
00004310 00000130 1008.58 168.77 454.57 623.48 1118.39 434.31 1314.78 407.62 1226.51 552.66 1174.53 655.18 1331.23 633.81
00004311 00000131 1007.84 163.70 455.88 623.50 1117.84 426.90 1314.79 401.85 1225.65 546.32 1173.99 648.15 1330.66 627.83
00004312 00000132 1009.23 156.25 457.79 628.95 1117.41 422.50 1314.65 395.71 1226.09 539.15 1175.86 644.56 1331.28 622.76
00004313 00000133 1014.85 154.57 453.27 619.24 1124.67 422.66 1316.74 397.61 1230.06 533.87 1180.21 638.29 1331.03 618.00
00004314 00000134 1018.29 150.09 450.83 615.89 1128.83 420.56 1317.51 396.13 1231.22 530.19 1180.14 632.14 1330.25 612.74
00004315 00000135 1019.36 138.95 446.42 626.62 1127.39 414.17 1317.00 390.53 1230.82 524.42 1179.15 630.14 1328.08 611.51
00004316 00000136 1021.46 134.79 446.67 637.82 1125.56 409.26 1316.72 382.88 1230.94 516.99 1181.74 631.82 1329.97 611.19
00004317 00000137 1022.94 131.38 444.28 635.65 1125.14 404.06 1315.43 376.57 1232.89 514.21 1185.24 626.29 1336.71 604.29
00004318 00000138 1023.08 126.43 443.85 629.41 1122.95 401.46 1314.39 375.20 1224.86 512.71 1183.28 618.52 1334.61 597.32
00004319 00000139 1021.43 128.06 442.98 627.19 1120.84 402.35 1314.11 373.84 1224.71 512.31 1181.84 618.74 1335.30 595.67
00004320 00000140 1021.65 134.49 447.54 630.90 1120.79 402.78 1311.44 374.73 1226.34 515.04 1181.46 624.83 1329.33 602.66
00004321 00000141 1017.86 135.51 450.40 630.37 1119.33 404.04 1310.94 376.11 1225.88 516.78 1179.30 626.28 1326.64 604.40
00004322 00000142 1015.88 139.13 449.78 622.56 1118.29 406.96 1310.80 378.12 1221.16 517.96 1182.06 626.58 1326.78 603.54
00004323 00000143 1013.77 139.17 450.46 620.96 1118.43 407.40 1310.82 378.33 1221.43 518.27 1182.82 626.24 1326.22 603.12
00004324 00000144 1014.97 136.51 448.19 626.18 1121.10 409.64 1313.66 383.75 1227.61 518.57 1175.51 627.53 1327.92 606.45
00004325 00000145 1015.73 137.70 448.13 634.36 1128.23 412.62 1306.29 388.23 1227.18 518.93 1181.08 629.74 1316.20 610.67
00004326 00000146 1014.32 139.42 450.40 643.75 1127.56 410.44 1307.09 389.08 1225.79 522.05 1178.98 632.95 1315.51 616.23
00004327 00000147 1011.31 136.59 451.91 650.11 1123.05 410.50 1309.09 386.22 1226.33 520.47 1177.08 634.70 1318.35 615.67
00004328 00000148 1008.45 133.24 456.71 657.37 1121.75 407.36 1308.34 381.91 1227.16 520.15 1178.68 635.49 1321.90 615.43
00004329 00000149 1013.20 135.54 452.53 644.39 1120.19 406.77 1309.61 380.37 1225.89 522.87 1180.23 634.49 1324.01 613.84
00004330 00000150 1014.94 142.36 452.60 618.80 1118.91 409.75 1311.99 381.20 1221.87 523.87 1185.14 629.18 1328.29 606.39
00004331 00000151 1015.78 141.86 450.33 618.11 1119.58 409.53 1311.50 381.14 1221.93 522.55 1184.45 627.31 1327.24 604.69
00004332 00000152 1014.67 137.65 450.79 623.06 1117.80 405.83 1313.08 377.00 1226.24 518.25 1178.32 627.00 1328.16 604.05
00004333 00000153 1016.54 141.56 449.25 618.49 1124.08 408.63 1313.07 383.94 1227.32 516.15 1179.02 622.40 1323.83 603.05
00004334 00000154 1019.23 143.24 449.81 619.14 1129.08 409.51 1310.27 386.37 1226.83 516.62 1180.85 621.75 1322.27 603.70
00004335 00000155 1016.72 142.39 453.82 620.95 1126.99 410.06 1310.15 385.93 1226.54 517.05 1179.20 623.36 1322.97 604.18
00004336 00000156 1012.85 140.29 453.18 626.53 1121.87 410.55 1310.38 384.66 1225.37 518.42 1176.84 626.23 1323.28 605.47
00004337 00000157 1010.25 140.74 452.04 632.02 1120.15 407.57 1308.34 383.20 1223.98 516.92 1175.19 631.30 1314.71 612.19
00004338 00000158 1008.90 142.67 453.60 626.96 1115.86 408.31 1310.48 381.55 1222.49 521.85 1173.61 632.22 1320.84 610.98
00004339 00000159 1007.52 145.83 455.98 617.77 1114.45 410.30 1311.46 382.63 1220.94 524.43 1172.23 628.70 1324.11 606.62
00004340 00000160 1006.95 150.88 458.77 618.93 1115.53 414.66 1312.14 388.91 1221.04 528.32 1171.00 631.30 1325.25 610.50
00004341 00000161 1010.40 158.88 459.93 620.80 1124.63 424.62 1308.46 401.24 1224.23 536.27 1177.52 635.77 1326.80 616.96
00004342 00000162 1012.15 171.04 457.65 617.17 1124.21 434.51 1309.34 409.96 1223.14 544.13 1179.59 646.19 1329.55 626.76
00004343 00000163 1008.70 176.30 454.93 618.46 1117.98 435.37 1309.12 409.25 1221.42 550.21 1175.96 652.97 1328.77 632.25
00004344 00000164 1003.37 173.16 456.40 624.24 1114.95 430.32 1305.29 404.24 1218.18 545.76 1173.97 651.55 1323.48 630.83
00004345 00000165 1001.37 165.45 460.81 623.60 1110.84 422.32 1303.26 397.19 1213.56 539.42 1169.68 645.00 1319.29 624.59
00004346 00000166 1006.64 152.49 451.13 611.45 1117.97 424.80 1306.03 401.26 1217.75 534.72 1169.14 632.55 1317.33 614.04
00004347 00000167 1005.68 159.19 455.36 602.43 1115.71 429.43 1305.10 401.32 1215.27 530.24 1171.80 631.22 1315.65 608.54
00004348 00000168 1007.46 146.90 456.31 611.88 1117.33 412.54 1306.63 388.88 1215.34 524.21 1166.50 624.23 1316.03 605.13
00004349 00000169 1007.44 142.91 451.86 619.71 1114.60 411.34 1300.21 383.77 1210.42 505.30 1171.30 620.22 1312.52 598.39
00004350 00000170 1010.76 133.41 448.26 627.73 1117.67 399.17 1302.50 370.67 1214.81 496.02 1177.08 616.42 1316.89 594.25
00004351 00000171 1013.72 126.14 446.58 631.82 1119.41 392.96 1303.68 363.77 1217.90 491.70 1180.26 611.20 1321.32 588.36
00004352 00000172 1016.52 117.40 444.36 640.28 1118.67 391.96 1305.03 360.70 1219.67 493.32 1180.17 609.85 1326.57 585.02
00004353 00000173 1020.31 114.91 439.13 637.11 1122.27 393.10 1306.86 363.62 1222.95 492.39 1180.15 604.44 1329.60 580.66
00004354 00000174 1022.01 116.87 438.01 630.15 1127.75 392.59 1307.71 366.17 1225.02 489.13 1182.02 598.27 1330.03 577.06
00004355 00000175 1019.94 117.99 440.13 626.70 1126.32 391.60 1308.01 365.59 1224.38 488.10 1179.40 596.26 1328.24 575.51
00004356 00000176 1019.99 116.78 439.39 628.67 1122.02 389.91 1307.27 361.57 1221.98 488.15 1178.28 597.90 1328.61 575.12
00004357 00000177 1018.63 117.88 441.89 630.06 1120.35 388.41 1305.46 359.69 1219.67 489.27 1177.29 599.06 1327.40 575.94
00004358 00000178 1015.05 118.19 445.49 633.95 1119.78 387.13 1305.41 358.73 1219.38 488.74 1177.00 601.70 1323.98 579.09
00004359 00000179 1014.03 116.09 447.47 641.19 1120.17 388.29 1304.71 357.95 1219.68 488.72 1179.38 605.31 1324.38 581.30
00004360 00000180 1011.37 121.23 449.47 635.52 1118.53 389.06 1304.49 359.05 1219.08 490.98 1179.33 607.19 1322.31 583.66
00004361 00000181 1009.83 123.53 449.44 630.68 1116.56 391.73 1303.65 361.70 1217.64 492.19 1178.34 608.97 1321.10 585.43
00004362 00000182 1008.86 124.42 448.23 626.38 1116.55 393.00 1302.60 362.23 1218.00 492.58 1179.50 608.16 1320.76 583.93
00004363 00000183 1010.35 124.92 447.19 624.69 1117.18 392.58 1303.68 362.34 1218.83 492.68 1180.03 608.12 1320.54 584.42
00004364 00000184 1011.02 123.99 447.51 627.64 1116.97 392.51 1304.40 361.83 1219.24 492.45 1180.03 609.24 1321.71 585.10
00004365 00000185 1010.85 124.79 446.63 628.29 1117.32 392.39 1303.95 361.88 1219.53 493.37 1180.85 609.98 1321.72 586.04
00004366 00000186 1011.69 125.70 444.90 626.12 1118.11 393.49 1303.76 363.76 1219.44 494.26 1180.65 609.39 1321.21 586.11
00004367 00000187 1010.33 124.19 445.13 629.35 1117.43 395.45 1302.91 364.82 1219.00 496.32 1180.78 611.22 1321.52 587.14
00004368 00000188 1008.22 125.55 446.62 630.01 1117.02 396.20 1301.87 365.29 1218.33 496.66 1181.12 612.54 1320.38 588.33
00004369 00000189 1009.34 127.11 443.56 631.41 1118.96 397.31 1300.34 366.58 1219.27 495.74 1183.88 614.03 1317.81 590.23
00004370 00000190 1014.28 127.69 442.02 631.33 1124.96 400.29 1302.40 373.97 1221.25 493.82 1184.80 613.77 1316.50 593.56
00004371 00000191 1012.95 130.91 444.25 626.65 1123.38 400.93 1303.99 373.89 1222.90 493.76 1186.20 614.75 1320.86 593.69
00004372 00000192 1008.12 132.49 456.24 628.64 1118.99 406.44 1306.28 368.96 1224.82 498.84 1189.20 618.40 1334.67 588.35
00004373 00000193 1002.70 141.48 456.31 617.17 1113.86 413.34 1305.83 372.47 1227.20 508.85 1183.45 624.51 1334.35 591.47
00004374 00000194 1001.87 143.50 455.72 625.94 1112.44 422.31 1306.09 383.39 1225.84 525.24 1181.74 637.32 1333.84 606.09
00004375 00000195 984.09 161.31 474.25 633.62 1107.21 431.88 1300.46 392.27 1223.35 535.81 1183.16 650.75 1333.41 618.54
00004376 00000196 986.28 170.91 464.42 640.02 1107.75 451.29 1289.33 407.81 1218.24 547.87 1184.73 664.79 1332.35 629.17
00004377 00000197 979.26 187.12 463.88 640.64 1102.52 463.15 1279.85 417.96 1211.94 557.56 1179.92 677.15 1324.35 640.51
00004378 00000198 960.59 196.21 477.44 631.42 1096.07 470.99 1273.09 414.94 1212.50 561.98 1180.55 686.47 1320.18 638.14
00004379 00000199 966.60 195.72 470.37 627.17 1086.05 472.62 1266.46 415.39 1202.35 563.85 1173.28 685.71 1318.56 636.90
00004380 00000200 967.60 193.66 464.60 605.52 1080.60 468.79 1264.17 413.60 1196.66 562.32 1167.74 678.39 1310.73 631.49
00004381 00000201 968.53 191.06 466.96 605.67 1079.15 466.76 1263.62 413.99 1193.00 560.90 1162.70 674.24 1306.00 629.23
00004382 00000202 964.13 185.12 469.85 613.18 1084.62 465.79 1264.70 414.71 1197.75 556.44 1164.56 668.91 1305.92 625.48
00004383 00000203 968.12 180.48 461.38 613.50 1089.11 457.86 1266.96 415.51 1195.37 551.84 1159.36 657.99 1302.32 622.86
00004384 00000204 965.17 179.47 471.99 607.81 1088.95 454.90 1272.12 404.23 1202.67 543.50 1169.75 656.04 1311.71 612.12
00004385 00000205 972.86 165.15 457.50 610.51 1086.61 435.56 1270.34 391.39 1194.26 531.37 1161.91 644.67 1304.30 608.19
00004386 00000206 981.53 151.59 449.18 615.38 1089.05 425.90 1268.46 384.63 1193.31 523.80 1163.29 637.21 1300.91 603.39
00004387 00000207 983.29 151.67 452.51 607.47 1090.47 416.96 1269.36 375.28 1194.52 511.61 1165.11 627.58 1302.11 593.43
00004388 00000208 986.68 146.21 447.63 603.59 1094.01 408.66 1270.21 367.45 1197.79 503.33 1167.80 617.13 1305.50 582.61
00004389 00000209 988.58 142.58 444.42 599.78 1096.24 406.62 1269.43 365.38 1197.57 498.89 1169.43 611.53 1303.95 576.63
00004390 00000210 990.30 141.28 443.36 604.06 1096.93 403.23 1271.62 362.08 1197.52 497.21 1168.81 612.08 1303.83 577.12
00004391 00000211 989.59 138.87 444.46 605.27 1096.17 403.58 1269.89 362.76 1196.49 496.52 1169.81 610.56 1304.11 576.04
00004392 00000212 988.67 137.69 445.07 609.08 1094.48 402.22 1268.83 361.65 1194.57 495.89 1167.08 611.69 1301.21 577.54
00004393 00000213 987.74 138.26 440.47 612.00 1094.28 400.45 1265.07 360.45 1193.42 494.10 1167.68 612.52 1297.65 579.19
00004394 00000214 987.47 139.91 441.90 614.31 1093.73 398.97 1265.14 359.21 1192.73 491.13 1166.26 614.95 1296.62 581.95
00004395 00000215 986.28 136.28 445.28 616.58 1092.21 401.35 1264.80 359.33 1192.00 491.09 1165.75 615.28 1298.08 580.57
00004396 00000216 984.77 138.18 448.13 611.67 1090.43 402.02 1264.09 358.26 1190.73 491.43 1166.03 613.70 1299.84 577.53
00004397 00000217 984.09 139.74 445.28 606.18 1089.20 401.84 1263.24 358.49 1190.31 491.72 1164.90 611.95 1298.98 575.97
00004398 00000218 985.77 140.39 442.00 605.96 1089.58 399.25 1262.57 356.13 1190.10 490.00 1163.37 611.61 1297.13 575.73
00004399 00000219 985.57 141.55 439.75 603.53 1091.28 397.41 1263.55 356.74 1191.63 488.72 1165.26 611.39 1294.51 577.95
00004400 00000220 985.54 139.56 438.05 610.31 1092.19 399.12 1264.22 357.00 1193.47 489.52 1166.01 614.86 1296.84 580.47
00004401 00000221 986.71 143.74 439.03 609.69 1093.59 398.49 1267.39 357.73 1194.34 490.06 1165.86 615.99 1298.23 582.43
00004402 00000222 988.55 144.41 439.65 608.16 1094.85 399.73 1269.14 358.24 1194.82 491.22 1167.11 616.03 1300.52 581.74
00004403 00000223 987.98 141.69 439.29 610.63 1095.78 399.82 1269.48 357.75 1195.95 490.80 1168.21 615.83 1301.44 580.87
00004404 00000224 986.67 141.24 441.17 611.14 1100.58 400.18 1273.96 361.07 1199.47 488.94 1167.46 614.92 1299.76 582.40
00004405 00000225 985.46 139.41 442.17 616.30 1100.36 402.31 1274.49 362.45 1200.58 488.33 1168.14 617.46 1301.05 584.35
00004406 00000226 986.45 139.00 442.09 627.23 1098.24 402.31 1273.18 361.33 1198.59 487.53 1168.21 620.93 1303.77 586.93
00004407 00000227 986.82 141.08 442.71 629.23 1097.18 399.58 1272.47 358.15 1197.66 486.56 1169.45 624.06 1304.53 589.39
00004408 00000228 984.79 138.57 447.17 631.47 1095.92 400.66 1272.67 358.04 1197.43 485.25 1167.80 623.88 1305.33 588.16
00004409 00000229 980.24 136.02 454.50 624.51 1098.25 407.21 1276.35 364.21 1202.50 488.83 1167.96 620.42 1306.58 584.23
00004410 00000230 980.07 145.29 457.37 609.86 1097.84 416.73 1276.69 373.30 1204.55 496.23 1169.05 620.19 1307.85 584.24
00004411 00000231 978.96 151.87 456.81 609.88 1097.10 425.76 1278.39 384.06 1204.23 509.75 1167.21 630.98 1304.68 596.86
00004412 00000232 977.46 163.90 460.90 607.53 1094.58 434.99 1276.80 391.72 1203.06 528.74 1169.25 642.93 1306.07 606.54
00004413 00000233 969.59 175.96 463.48 614.94 1091.38 441.22 1273.41 397.20 1201.82 539.69 1169.44 654.35 1308.13 617.57
00004414 00000234 965.54 176.66 467.45 632.55 1083.82 451.60 1261.99 394.66 1197.57 540.82 1172.41 670.09 1307.28 622.15
00004415 00000235 960.12 172.15 473.36 640.00 1085.45 456.77 1265.41 398.21 1202.03 538.37 1172.38 667.67 1316.71 617.89
00004416 00000236 959.04 172.08 472.88 635.51 1084.90 454.35 1262.56 394.22 1200.03 534.55 1171.47 662.05 1315.04 610.76
00004417 00000237 963.83 170.03 460.90 622.35 1083.22 439.84 1265.11 396.55 1192.81 531.34 1155.56 647.98 1304.95 612.04
00004418 00000238 968.29 163.40 458.93 619.68 1081.89 434.08 1266.54 393.17 1188.56 529.50 1151.31 643.41 1300.30 609.25
00004419 00000239 977.49 160.34 451.75 609.02 1092.08 430.30 1272.75 393.37 1196.23 524.84 1157.62 635.95 1299.27 605.11
00004420 00000240 984.72 158.64 451.72 607.59 1104.12 428.88 1283.61 394.36 1207.09 521.99 1166.15 633.42 1303.19 604.46
00004421 00000241 997.41 149.36 448.20 609.69 1114.53 420.21 1296.46 388.63 1214.36 510.64 1175.77 623.91 1308.33 598.95
00004422 00000242 1000.07 133.07 453.82 622.59 1113.72 411.38 1301.34 378.74 1216.66 499.84 1173.57 612.64 1320.54 586.33
00004423 00000243 1007.17 123.79 448.22 631.65 1118.43 392.58 1300.79 363.31 1217.70 486.94 1177.63 603.36 1319.22 580.31
00004424 00000244 1009.08 118.80 443.52 636.29 1124.34 384.02 1304.86 355.18 1225.62 476.89 1183.30 599.22 1321.01 576.79
00004425 00000245 1011.67 116.22 445.31 630.80 1125.55 377.08 1307.96 346.53 1228.95 470.57 1189.60 594.88 1327.35 570.70
00004426 00000246 1013.05 112.58 445.41 627.29 1125.11 378.27 1309.64 345.90 1229.17 472.36 1188.40 592.23 1332.92 566.23
00004427 00000247 1015.01 116.76 442.46 630.30 1125.25 386.99 1309.54 354.91 1228.20 479.94 1187.72 598.20 1332.07 572.46
00004428 00000248 1017.62 128.59 439.79 628.05 1134.55 394.75 1308.49 369.03 1236.50 486.74 1191.92 607.21 1322.25 586.27
00004429 00000249 1014.12 127.51 445.26 634.48 1130.47 400.04 1307.67 369.91 1234.45 492.44 1189.35 611.87 1327.17 587.60
00004430 00000250 1010.27 128.63 447.84 638.20 1122.09 402.73 1304.44 369.85 1228.22 497.85 1185.80 619.02 1327.26 592.10
00004431 00000251 1005.55 133.51 453.07 636.21 1117.38 402.29 1299.99 368.41 1222.81 498.08 1183.16 622.34 1321.61 594.91
00004432 00000252 1004.41 134.71 450.30 634.16 1116.06 402.17 1297.77 367.88 1221.61 498.35 1181.74 621.90 1320.31 594.12
00004433 00000253 1003.11 136.58 450.84 624.84 1113.02 403.31 1297.74 367.51 1220.74 499.08 1178.09 618.81 1322.59 589.54
00004434 00000254 998.46 136.90 451.75 624.99 1109.71 405.40 1296.23 367.81 1215.34 498.91 1178.73 615.74 1323.66 585.63
00004435 00000255 994.42 138.28 454.98 625.14 1108.44 408.94 1297.11 370.15 1215.66 503.15 1177.81 618.51 1324.45 587.36
00004436 00000256 998.90 140.47 454.91 620.88 1111.85 410.10 1297.76 373.83 1221.54 509.69 1177.22 621.67 1323.45 592.20
00004437 00000257 996.81 138.74 453.14 622.90 1110.51 409.41 1293.77 374.53 1217.72 509.40 1175.93 622.46 1314.67 594.48
00004438 00000258 997.62 138.62 450.32 620.85 1108.48 406.67 1291.36 372.27 1213.23 504.62 1173.39 620.43 1308.86 592.99
00004439 00000259 997.70 141.52 449.88 617.03 1108.76 403.64 1290.19 370.82 1212.84 501.59 1174.94 618.91 1304.13 592.78
00004440 00000260 998.47 144.05 447.74 612.64 1109.12 402.91 1292.47 370.00 1214.34 500.62 1176.13 619.95 1304.27 593.90
00004441 00000261 998.46 143.77 450.44 616.40 1110.64 404.98 1293.36 370.52 1217.02 501.67 1179.56 624.07 1306.64 596.95
00004442 00000262 996.93 140.69 453.99 623.10 1110.75 406.33 1294.66 370.15 1220.10 504.09 1180.21 626.29 1313.10 597.42
00004443 00000263 1003.49 141.65 449.09 617.97 1117.10 412.36 1296.97 379.49 1220.79 504.12 1179.38 624.45 1311.89 598.25
00004444 00000264 1003.82 140.71 450.65 620.03 1120.34 408.81 1296.94 379.03 1221.26 503.64 1180.48 621.02 1309.07 597.71
00004445 00000265 1003.05 140.70 450.58 620.68 1117.94 410.97 1299.37 378.67 1221.93 503.71 1178.65 620.25 1315.65 594.40
00004446 00000266 1003.01 138.90 449.27 622.63 1115.45 407.40 1300.32 375.72 1220.87 504.32 1176.82 619.20 1316.45 593.68
00004447 00000267 1000.69 138.67 450.75 622.44 1113.30 403.81 1297.31 370.31 1219.97 501.51 1177.44 618.57 1315.39 591.52
00004448 00000268 999.29 143.32 451.43 619.38 1111.38 402.07 1294.51 367.15 1216.92 497.45 1178.93 621.59 1311.73 593.53
00004449 00000269 998.25 144.76 452.91 619.72 1111.59 403.95 1294.79 368.29 1218.08 499.13 1178.76 623.48 1314.16 594.65
00004450 00000270 997.90 144.90 454.28 620.39 1112.90 407.02 1296.30 370.54 1221.04 502.83 1183.41 625.57 1316.88 595.95
00004451 00000271 998.70 139.46 454.29 629.43 1113.06 408.08 1298.17 371.95 1223.09 507.12 1183.29 629.29 1319.13 600.26
00004452 00000272 999.96 141.19 452.58 625.10 1112.98 409.23 1300.20 372.94 1224.31 510.43 1181.86 629.71 1321.98 600.58
00004453 00000273 1001.32 142.13 453.57 620.34 1112.04 410.53 1302.35 375.61 1222.42 514.88 1179.72 627.40 1323.78 599.32
00004454 00000274 1000.08 146.94 455.77 613.42 1110.85 413.36 1303.30 379.01 1220.96 519.51 1177.37 628.54 1323.55 600.72
00004455 00000275 995.98 146.92 460.13 617.82 1108.03 418.56 1303.44 382.75 1220.05 528.80 1175.54 635.88 1324.09 607.16
00004456 00000276 996.26 147.90 461.50 629.32 1106.15 423.23 1299.67 387.95 1215.60 531.32 1173.16 642.89 1320.89 614.51
00004457 00000277 996.66 152.52 459.80 630.30 1105.87 425.98 1300.84 391.89 1215.79 533.04 1171.41 644.86 1323.14 617.27
00004458 00000278 992.20 157.36 463.59 633.71 1113.72 433.73 1297.98 404.74 1218.46 537.25 1172.15 646.25 1322.32 622.83
00004459 00000279 990.26 159.63 464.99 637.85 1115.42 436.48 1300.32 407.58 1221.43 539.44 1173.78 648.47 1324.32 625.48
00004460 00000280 992.19 164.94 463.20 633.52 1109.87 438.36 1299.20 406.55 1216.47 542.51 1173.17 653.63 1324.79 627.61
00004461 00000281 989.80 158.58 464.41 626.09 1102.04 433.59 1297.02 400.44 1209.52 541.94 1166.82 651.10 1320.97 623.28
00004462 00000282 991.87 157.97 462.65 621.06 1103.48 426.45 1299.74 395.71 1210.48 536.13 1165.79 643.65 1316.99 618.23
00004463 00000283 991.97 150.70 460.72 630.97 1104.92 423.77 1297.27 391.04 1212.71 530.60 1169.50 642.51 1314.79 616.23
00004464 00000284 994.11 152.08 459.71 625.98 1106.85 423.85 1297.43 390.56 1214.55 529.78 1173.38 641.55 1315.22 614.90
00004465 00000285 994.87 153.31 459.92 627.56 1107.98 422.63 1299.72 391.70 1216.36 531.47 1173.25 642.74 1315.26 618.02
00004466 00000286 994.23 153.44 459.58 627.41 1107.08 422.71 1299.31 391.05 1215.67 532.69 1172.42 641.63 1318.13 615.97
00004467 00000287 996.19 151.41 456.95 629.27 1109.34 420.89 1298.32 390.11 1215.96 528.93 1173.71 640.29 1313.11 615.83
00004468 00000288 1000.76 150.42 455.00 631.22 1113.87 420.06 1299.01 391.06 1217.98 527.93 1175.27 638.97 1313.56 616.02
00004469 00000289 1002.05 146.44 452.21 630.89 1120.65 419.59 1294.56 391.71 1220.94 524.50 1179.97 634.30 1312.23 612.02
00004470 00000290 1001.53 144.47 451.39 626.02 1119.32 416.84 1297.67 390.17 1220.32 523.13 1176.52 631.15 1310.03 609.97
00004471 00000291 1002.58 142.97 448.50 628.34 1114.30 416.53 1298.85 388.76 1216.81 522.07 1173.30 631.47 1310.01 609.23
00004472 00000292 999.29 143.32 448.93 625.11 1111.31 413.19 1295.64 384.14 1215.56 517.95 1173.32 630.54 1308.37 606.67
00004473 00000293 996.25 142.25 452.57 624.84 1109.54 411.59 1293.23 379.94 1213.94 515.48 1172.97 629.01 1309.12 603.30
00004474 00000294 994.93 142.27 451.64 626.01 1108.03 410.06 1292.56 377.50 1213.09 512.13 1172.08 629.25 1309.37 602.54
00004475 00000295 993.39 142.93 454.89 633.48 1107.94 409.74 1290.94 376.68 1212.54 510.82 1172.37 632.33 1309.50 605.34
00004476 00000296 992.86 142.17 458.25 649.11 1108.13 411.18 1291.21 379.00 1213.15 516.30 1172.18 637.63 1311.91 611.38
00004477 00000297 990.97 145.72 461.92 648.72 1107.02 416.22 1293.90 384.53 1212.99 524.63 1170.35 641.67 1314.10 616.15
00004478 00000298 988.74 148.91 462.58 647.22 1114.05 426.54 1294.30 398.79 1216.15 531.23 1170.15 642.13 1314.44 620.23
00004479 00000299 988.44 159.25 463.65 633.46 1112.01 433.10 1294.81 404.52 1214.89 534.55 1172.88 647.45 1315.09 624.73
00004480 00000300 989.71 159.83 454.89 636.02 1107.15 433.86 1293.11 405.95 1210.31 536.97 1169.93 654.04 1308.15 631.55
00004481 00000301 987.68 161.16 453.39 633.04 1105.05 429.51 1289.68 403.42 1206.92 537.48 1171.07 653.04 1303.74 631.96
00004482 00000302 989.98 155.75 452.21 629.77 1101.60 425.30 1289.08 397.33 1204.47 536.54 1169.07 647.07 1304.85 624.11
00004483 00000303 991.21 152.20 452.01 629.20 1101.91 423.29 1290.80 395.58 1204.66 532.54 1166.64 642.04 1304.67 619.14
00004484 00000304 991.18 152.54 453.65 628.45 1107.06 429.40 1291.61 401.39 1209.53 534.36 1168.00 643.06 1306.70 620.00
00004485 00000305 992.55 156.36 458.17 626.91 1110.14 429.28 1295.07 402.96 1211.45 534.71 1167.59 643.44 1308.73 622.44
00004486 00000306 994.68 157.76 455.92 622.26 1109.04 427.89 1297.39 400.49 1211.70 532.80 1167.74 642.24 1310.85 619.95
00004487 00000307 999.11 152.23 451.37 619.15 1107.66 422.80 1299.47 395.15 1211.25 528.96 1164.87 637.40 1308.42 615.17
00004488 00000308 998.63 145.82 449.62 614.97 1108.53 416.00 1297.63 385.87 1213.99 525.35 1168.71 630.98 1309.71 606.97
00004489 00000309 999.17 139.69 448.31 620.27 1109.03 410.56 1295.47 378.98 1214.46 513.75 1171.40 627.28 1308.07 601.94
00004490 00000310 997.95 135.28 450.16 627.11 1111.58 407.12 1295.16 374.69 1217.64 507.30 1175.80 625.04 1308.97 599.23
00004491 00000311 1001.21 137.77 446.96 628.58 1112.71 410.74 1294.26 379.11 1216.49 509.30 1176.18 631.62 1305.67 606.34
00004492 00000312 997.33 145.02 454.30 633.62 1114.04 416.09 1296.57 389.45 1215.89 525.44 1171.67 635.88 1309.35 614.58
00004493 00000313 996.90 149.19 457.42 631.16 1113.69 428.17 1296.91 399.97 1215.59 532.54 1169.79 640.25 1314.39 617.66
00004494 00000314 992.18 152.85 458.84 627.11 1107.36 429.77 1294.83 400.46 1210.14 533.15 1164.98 642.28 1312.75 618.43
00004495 00000315 993.62 147.94 456.33 628.95 1104.01 424.48 1296.25 396.23 1207.61 530.51 1161.53 639.34 1308.14 616.27
00004496 00000316 991.08 145.72 459.08 642.25 1106.38 415.01 1293.76 387.94 1210.32 525.82 1164.87 636.66 1309.33 614.26
00004497 00000317 991.83 143.89 458.17 646.41 1107.08 412.97 1291.50 382.70 1212.24 522.27 1168.44 638.61 1310.49 613.88
00004498 00000318 991.05 142.41 460.94 648.34 1106.62 414.36 1292.68 384.05 1212.37 524.73 1167.91 639.65 1311.77 615.02
00004499 00000319 995.40 144.43 458.24 644.64 1107.59 419.19 1294.53 390.61 1210.08 527.56 1166.20 639.63 1313.15 616.59
00004500 00000320 996.39 146.47 458.92 644.45 1114.07 420.87 1294.52 393.69 1215.00 528.16 1170.02 638.37 1314.66 616.52
00004501 00000321 997.29 140.55 458.50 648.89 1114.83 416.88 1298.71 389.81 1217.18 525.46 1170.58 635.61 1316.99 613.83
00004502 00000322 999.27 140.00 456.12 644.76 1111.55 415.56 1296.58 384.33 1214.59 517.99 1171.36 634.64 1317.51 609.26
00004503 00000323 1000.23 137.53 453.67 644.14 1111.74 410.23 1294.60 376.02 1216.02 510.60 1173.75 629.90 1319.63 601.85
00004504 00000324 996.88 133.58 454.81 646.60 1110.20 407.61 1294.46 372.27 1216.00 508.36 1172.63 628.56 1321.03 599.45
00004505 00000325 997.35 133.76 453.14 637.85 1108.68 408.16 1294.69 371.93 1215.02 508.35 1172.30 626.21 1321.63 596.32
00004506 00000326 998.52 133.58 451.40 635.95 1108.72 409.88 1295.33 374.07 1215.46 510.96 1171.60 626.63 1322.10 597.22
00004507 00000327 998.16 134.65 452.63 637.56 1108.53 411.05 1294.65 374.27 1215.21 512.60 1171.78 627.90 1322.32 597.65
00004508 00000328 1001.54 131.69 448.64 647.26 1112.64 414.11 1296.65 380.89 1216.94 513.35 1170.73 628.71 1321.40 601.58
00004509 00000329 999.12 133.95 453.00 649.75 1115.27 414.72 1293.11 381.54 1216.04 513.11 1173.27 630.47 1318.88 603.55
00004510 00000330 996.14 137.69 455.20 642.49 1112.87 414.57 1295.29 384.19 1214.26 516.39 1169.69 631.00 1315.23 606.42
00004511 00000331 997.59 139.18 452.40 636.66 1108.42 415.71 1294.55 385.72 1210.33 518.35 1167.14 632.78 1311.06 608.27
00004512 00000332 997.08 137.68 452.89 632.31 1107.13 413.18 1294.07 382.23 1210.54 519.62 1166.94 631.82 1310.72 606.31
00004513 00000333 993.93 142.13 452.80 624.03 1105.59 417.39 1294.54 381.45 1209.71 516.66 1173.73 631.29 1312.44 602.62
00004514 00000334 996.72 138.99 452.08 627.38 1106.66 414.78 1295.48 379.27 1210.52 513.44 1174.73 628.26 1316.49 599.68
00004515 00000335 995.75 139.27 453.50 629.23 1107.13 413.42 1294.38 375.77 1211.91 509.60 1177.50 627.27 1319.82 596.80
00004516 00000336 995.99 135.76 454.00 631.12 1109.35 408.48 1293.35 372.84 1215.59 508.93 1175.44 626.14 1314.63 597.66
00004517 00000337 995.49 133.64 452.81 641.35 1108.72 406.30 1291.75 371.60 1213.56 504.76 1173.86 629.72 1311.73 601.55
00004518 00000338 995.79 133.81 452.86 643.36 1108.32 405.39 1293.06 370.67 1213.69 504.72 1172.39 628.88 1314.69 600.53
00004519 00000339 997.09 133.75 451.37 635.14 1107.53 406.27 1294.04 370.87 1213.62 506.07 1171.92 626.62 1315.90 597.83
00004520 00000340 998.87 138.13 445.70 629.50 1108.57 408.86 1295.20 372.36 1212.26 502.61 1176.29 626.61 1315.00 597.72
00004521 00000341 995.13 142.84 450.80 614.81 1107.24 410.88 1291.37 377.09 1211.29 507.77 1175.00 627.32 1311.67 598.64
00004522 00000342 995.52 144.01 449.81 608.42 1104.31 410.54 1288.26 375.38 1207.05 503.67 1172.94 624.27 1309.84 594.56
00004523 00000343 994.73 145.55 447.52 599.09 1101.68 406.07 1283.32 371.52 1202.55 501.07 1170.28 618.76 1304.97 589.29
00004524 00000344 994.59 141.64 445.84 600.27 1098.42 404.76 1282.35 367.24 1199.69 498.44 1166.08 615.26 1307.16 583.17
00004525 00000345 994.54 140.12 446.02 606.56 1099.33 403.11 1284.01 364.19 1201.57 496.02 1166.74 613.83 1310.84 580.26
00004526 00000346 993.66 139.74 440.34 616.88 1107.26 409.16 1283.74 370.96 1208.88 492.40 1171.19 617.40 1308.79 585.31
00004527 00000347 987.00 143.70 453.53 616.50 1100.61 417.73 1282.99 371.02 1209.93 497.15 1174.89 626.51 1315.38 587.79
00004528 00000348 984.85 148.49 457.66 612.82 1097.47 423.95 1278.00 374.40 1208.69 507.13 1176.63 631.00 1315.90 590.19
00004529 00000349 983.13 156.55 453.40 615.83 1092.86 429.08 1270.14 381.11 1201.53 521.23 1175.17 643.00 1307.82 603.44
00004530 00000350 971.62 160.53 464.44 627.30 1088.92 441.53 1267.67 391.31 1199.48 526.59 1167.69 649.78 1308.13 608.86
00004531 00000351 965.30 161.35 460.19 620.44 1082.35 443.03 1260.09 393.51 1192.67 526.78 1158.13 646.05 1301.60 606.61
00004532 00000352 961.37 158.98 458.13 621.79 1078.72 437.66 1256.46 388.69 1190.29 522.99 1155.86 643.22 1299.13 604.22
00004533 00000353 964.12 160.40 454.39 625.28 1074.39 431.49 1252.86 381.55 1185.19 520.71 1157.20 645.52 1296.19 605.63
00004534 00000354 963.64 157.73 454.99 633.37 1071.54 428.39 1251.77 378.75 1182.20 521.26 1154.39 647.11 1295.65 607.80
00004535 00000355 966.87 154.07 456.89 637.02 1072.06 429.36 1253.20 378.88 1181.68 521.93 1154.76 647.70 1298.54 607.24
00004536 00000356 968.16 159.76 459.49 624.73 1075.44 430.34 1257.42 382.45 1183.48 524.65 1155.20 646.05 1298.07 607.46
00004537 00000357 965.24 165.45 463.69 615.12 1079.97 433.58 1264.00 385.07 1192.21 531.74 1162.37 648.31 1303.50 608.12
00004538 00000358 966.93 179.04 466.72 608.57 1089.77 455.27 1268.66 397.40 1206.69 535.85 1175.88 658.20 1315.78 607.82
00004539 00000359 968.67 180.96 469.30 613.27 1090.41 463.78 1267.66 403.53 1206.18 542.84 1177.49 666.83 1316.60 615.47
00004540 00000360 975.03 178.51 467.73 625.15 1087.75 458.03 1270.88 408.53 1196.02 553.31 1168.56 667.78 1315.46 626.67
00004541 00000361 959.18 194.01 474.64 614.17 1073.08 473.41 1257.97 413.24 1190.27 563.30 1166.06 683.71 1310.12 632.99
00004542 00000362 947.46 206.72 482.01 621.26 1065.18 478.19 1251.75 418.06 1182.33 572.26 1157.79 691.53 1306.26 640.52
00004543 00000363 950.20 214.19 474.74 623.03 1061.69 478.76 1249.08 418.81 1177.41 577.28 1153.51 697.46 1305.65 646.60
00004544 00000364 949.41 216.95 472.54 622.96 1059.87 480.16 1247.48 419.80 1176.78 580.60 1152.47 699.17 1307.77 647.84
00004545 00000365 947.25 213.38 470.38 626.65 1059.37 488.90 1242.19 428.80 1174.89 581.19 1148.29 700.09 1302.60 650.03
00004546 00000366 939.86 211.98 476.36 627.22 1060.62 488.67 1245.12 430.67 1178.32 580.73 1148.38 699.62 1301.59 651.46
00004547 00000367 943.57 212.92 473.70 620.68 1061.44 482.88 1243.78 429.96 1175.51 579.40 1148.52 696.47 1292.35 652.38
00004548 00000368 954.33 201.80 459.94 621.08 1062.19 471.50 1241.59 418.07 1173.18 568.98 1153.15 690.16 1289.19 645.47
00004549 00000369 953.85 190.97 465.90 620.58 1061.32 448.71 1244.10 400.68 1168.88 551.55 1148.21 671.04 1289.07 631.65
00004550 00000370 948.33 167.76 471.95 624.10 1058.29 438.23 1243.69 385.16 1169.55 532.29 1147.41 656.54 1289.06 614.81
00004551 00000371 959.23 155.53 461.27 623.23 1063.88 428.94 1245.54 377.36 1174.17 523.32 1152.47 646.63 1286.54 606.37
00004552 00000372 964.75 153.42 460.51 613.44 1069.30 423.45 1251.89 372.08 1179.41 513.20 1155.12 636.55 1292.63 595.78
00004553 00000373 971.48 153.43 459.31 610.46 1074.13 418.40 1253.22 367.76 1180.70 505.75 1155.28 628.62 1296.60 587.30
00004554 00000374 972.80 148.61 453.57 613.08 1080.87 420.16 1253.47 370.85 1185.93 498.22 1156.06 621.82 1296.75 581.79
00004555 00000375 972.93 143.76 452.53 614.90 1086.90 418.14 1257.30 367.86 1193.56 492.40 1161.96 618.76 1300.80 578.04
00004556 00000376 971.19 144.58 452.07 614.94 1088.73 417.74 1258.24 370.25 1195.43 493.67 1162.20 618.44 1299.09 580.12
00004557 00000377 974.07 147.39 448.24 614.50 1086.11 417.04 1257.01 372.07 1191.44 498.62 1158.87 621.72 1295.33 585.08
00004558 00000378 975.56 146.87 449.70 614.93 1082.95 413.59 1255.21 370.67 1186.82 500.22 1153.34 618.23 1293.27 582.90
00004559 00000379 975.94 145.29 447.80 614.56 1082.89 405.95 1253.04 362.89 1184.59 489.67 1157.53 615.77 1288.38 580.57
00004560 00000380 974.33 141.70 440.46 620.80 1080.07 397.85 1249.45 351.60 1183.54 485.35 1159.51 617.80 1286.32 579.83
00004561 00000381 974.31 141.02 445.71 615.34 1080.31 397.52 1251.73 348.52 1184.09 482.89 1160.36 615.12 1289.62 575.21
00004562 00000382 976.85 139.49 447.44 611.35 1076.56 404.58 1251.86 352.25 1181.33 489.72 1157.69 616.44 1295.35 573.55
00004563 00000383 974.58 150.74 453.58 603.66 1078.35 413.78 1255.15 361.84 1184.87 498.19 1157.07 620.07 1298.11 577.34
00004564 00000384 971.50 156.08 451.72 603.32 1083.24 428.88 1254.92 381.57 1188.04 504.78 1153.53 622.63 1295.49 584.65
00004565 00000385 971.60 151.21 444.74 611.70 1081.91 432.58 1250.33 384.17 1186.42 507.58 1156.44 628.78 1293.48 590.38
00004566 00000386 964.10 150.27 450.09 619.01 1075.80 430.73 1249.22 379.30 1183.58 508.65 1154.41 634.28 1293.26 593.62
00004567 00000387 969.81 152.59 446.10 619.59 1070.23 425.50 1246.58 375.92 1175.11 507.78 1148.49 635.15 1290.28 595.79
00004568 00000388 965.21 154.91 453.64 616.26 1064.88 418.70 1247.39 369.47 1171.03 506.30 1144.76 634.29 1285.14 595.26
00004569 00000389 957.91 156.25 457.72 616.59 1061.87 415.84 1243.79 365.48 1169.07 505.05 1145.62 634.62 1281.91 594.19
00004570 00000390 958.38 155.56 456.90 620.67 1061.76 417.48 1242.89 365.84 1169.52 506.77 1145.75 636.10 1284.21 594.86
00004571 00000391 961.52 158.06 454.97 618.74 1064.29 418.92 1244.34 368.01 1172.72 511.47 1149.07 639.48 1284.80 599.07
00004572 00000392 961.61 157.62 457.22 615.05 1062.88 420.05 1245.72 367.75 1171.89 514.12 1148.70 638.72 1287.35 597.10
00004573 00000393 963.49 153.59 452.61 609.99 1062.46 418.35 1244.47 367.10 1170.45 510.61 1147.19 634.54 1282.67 593.79
00004574 00000394 961.61 155.94 453.79 606.89 1061.12 413.16 1244.60 362.55 1168.86 506.44 1145.65 629.84 1283.33 588.91
00004575 00000395 961.69 153.97 453.59 609.67 1062.36 412.77 1245.37 361.97 1170.19 505.26 1145.03 627.37 1285.25 585.75
00004576 00000396 961.11 153.50 459.13 612.74 1063.61 416.55 1248.17 363.22 1173.29 506.95 1146.61 628.27 1294.02 584.22
00004577 00000397 960.81 155.02 460.07 615.57 1063.33 418.31 1249.12 366.34 1174.12 511.86 1147.02 632.92 1294.75 590.18
00004578 00000398 958.84 155.53 463.11 618.25 1063.24 421.25 1248.01 367.13 1174.81 513.47 1149.50 636.39 1295.81 592.15
00004579 00000399 958.73 158.39 458.76 620.58 1063.77 422.08 1246.04 367.43 1175.24 512.50 1150.87 640.14 1293.53 596.13
00004580 00000400 952.42 160.14 456.84 620.45 1064.12 431.88 1239.37 376.44 1172.43 511.80 1146.45 639.68 1289.27 596.03
00004581 00000401 944.29 166.08 467.57 624.10 1060.52 442.37 1237.02 386.31 1170.38 521.40 1145.05 648.09 1291.39 604.15
00004582 00000402 939.63 183.99 468.75 616.91 1051.74 452.65 1236.59 397.81 1164.41 540.48 1138.40 659.69 1293.37 614.85
00004583 00000403 934.35 201.23 481.08 629.87 1047.60 473.24 1231.76 413.20 1161.39 566.09 1141.77 686.13 1293.04 636.44
00004584 00000404 931.00 216.09 477.32 626.95 1043.59 483.01 1225.12 420.24 1158.59 575.89 1143.71 697.75 1288.24 645.79
00004585 00000405 927.69 212.38 478.81 619.34 1036.76 480.79 1221.85 416.21 1153.12 574.82 1136.55 691.36 1285.93 637.89
00004586 00000406 925.89 195.58 481.64 621.21 1034.19 466.37 1221.16 406.76 1147.40 564.92 1129.93 680.69 1280.79 631.67
00004587 00000407 928.77 192.55 474.74 609.37 1042.94 459.06 1224.33 408.15 1149.84 550.30 1128.42 665.97 1273.78 624.39
00004588 00000408 930.78 181.07 474.44 610.03 1042.61 449.03 1229.76 396.71 1152.53 534.95 1123.83 655.15 1279.45 612.78
00004589 00000409 936.55 166.28 476.24 609.43 1042.54 432.83 1231.33 378.16 1150.38 520.04 1124.11 639.04 1280.21 594.26
00004590 00000410 944.60 154.09 463.74 610.95 1048.07 421.08 1232.99 362.21 1156.10 503.45 1131.76 626.52 1283.42 578.36
00004591 00000411 951.96 151.57 460.44 612.66 1054.30 411.25 1234.85 355.70 1157.79 489.58 1136.12 619.61 1282.30 574.15
00004592 00000412 957.94 140.25 458.26 629.24 1058.52 401.41 1236.96 346.83 1161.15 486.66 1143.66 621.13 1286.78 575.70
00004593 00000413 962.21 139.00 457.21 627.70 1062.53 401.20 1240.46 344.23 1165.56 486.99 1148.32 618.23 1292.54 570.91
00004594 00000414 966.75 138.97 454.95 620.68 1067.17 400.72 1243.61 346.51 1169.52 485.25 1150.09 613.86 1291.68 569.20
00004595 00000415 968.85 138.27 453.71 613.35 1068.67 401.49 1244.32 347.59 1170.01 485.74 1149.41 609.01 1292.50 564.45
00004596 00000416 969.01 140.58 454.28 607.34 1067.86 401.04 1243.92 349.07 1169.50 486.99 1149.17 608.41 1289.31 565.65
00004597 00000417 968.96 140.30 454.17 607.67 1067.52 401.22 1243.13 350.66 1167.99 488.34 1148.81 608.90 1287.42 567.48
00004598 00000418 965.70 142.35 453.90 610.32 1067.02 404.21 1243.43 353.05 1170.06 491.06 1148.52 611.94 1288.01 570.24
00004599 00000419 963.65 143.92 449.29 610.75 1064.95 405.75 1244.28 354.50 1172.08 494.39 1146.91 617.12 1289.00 575.06
00004600 00000420 961.08 147.39 453.18 608.75 1062.78 407.99 1242.84 356.40 1169.96 496.21 1145.05 619.78 1286.96 577.67
00004601 00000421 959.15 148.92 455.20 607.35 1061.30 409.06 1242.53 357.97 1168.09 498.62 1144.09 621.60 1284.22 580.17
00004602 00000422 960.01 149.69 455.42 609.02 1060.73 410.98 1241.96 358.02 1167.05 500.43 1143.37 622.19 1286.70 578.72
00004603 00000423 958.88 151.50 454.54 607.57 1060.91 410.73 1242.39 358.14 1167.09 500.68 1143.17 621.56 1287.31 578.07
00004604 00000424 960.32 150.24 449.65 610.18 1061.01 413.01 1241.32 358.59 1168.45 500.49 1144.15 622.89 1288.98 577.99
00004605 00000425 957.90 148.40 451.58 614.40 1063.75 421.18 1244.36 369.85 1170.08 498.92 1139.82 624.15 1286.57 582.75
00004606 00000426 956.04 142.95 455.99 629.14 1062.99 420.63 1240.77 364.89 1169.56 493.02 1141.70 624.41 1293.64 578.74
00004607 00000427 961.53 144.12 450.59 624.50 1062.59 413.65 1242.28 356.77 1167.38 487.29 1141.74 620.90 1293.94 573.82
00004608 00000428 962.69 141.50 447.84 619.64 1061.51 403.24 1239.59 346.26 1165.38 481.96 1143.76 614.65 1293.68 567.16
00004609 00000429 960.77 145.00 446.53 607.63 1061.09 396.62 1241.93 340.76 1166.79 476.66 1143.56 610.62 1290.99 564.49
00004610 00000430 959.97 146.93 450.84 608.13 1058.75 401.18 1241.83 345.55 1165.35 484.22 1143.05 615.61 1290.21 569.27
00004611 00000431 956.49 152.24 450.85 606.64 1055.86 412.46 1239.73 353.87 1163.86 493.50 1141.22 623.90 1290.71 575.67
00004612 00000432 952.46 154.16 460.67 616.24 1055.04 422.50 1236.51 367.23 1160.82 507.11 1139.21 633.82 1285.22 588.93
00004613 00000433 937.92 168.13 470.55 620.30 1050.83 437.03 1233.30 385.58 1158.87 525.27 1135.46 647.33 1281.70 606.33
00004614 00000434 935.08 186.92 474.97 616.64 1048.78 451.95 1230.90 401.45 1155.94 537.81 1134.15 663.08 1281.96 621.71
00004615 00000435 930.59 197.15 477.20 625.54 1044.72 459.00 1224.10 406.76 1152.59 549.39 1135.10 672.59 1280.64 629.92
00004616 00000436 925.62 200.00 477.05 625.54 1038.76 461.65 1217.94 406.30 1147.79 555.49 1132.97 678.50 1276.42 633.52
00004617 00000437 922.91 194.02 475.89 627.82 1034.56 458.62 1215.65 400.82 1146.15 553.05 1129.71 677.98 1275.77 630.82
00004618 00000438 921.21 190.78 475.38 621.67 1032.13 455.05 1214.76 398.36 1143.06 549.79 1125.57 672.41 1272.25 626.05
00004619 00000439 921.52 188.52 477.93 618.52 1033.74 453.91 1216.68 398.05 1143.61 547.79 1125.57 668.65 1272.25 622.86
00004620 00000440 924.09 183.96 477.31 607.23 1035.40 453.09 1222.66 397.05 1146.19 546.23 1124.65 664.64 1271.27 618.52
00004621 00000441 926.91 178.81 474.99 609.16 1036.61 448.17 1225.95 392.53 1148.37 542.19 1123.53 658.07 1275.45 612.42
00004622 00000442 931.26 177.07 471.38 609.84 1041.19 446.47 1225.36 392.78 1149.96 538.79 1126.10 653.16 1275.68 609.77
00004623 00000443 929.51 173.82 476.16 616.79 1044.91 446.05 1229.89 397.07 1152.57 534.85 1124.22 652.04 1273.69 613.12
00004624 00000444 929.85 172.74 478.08 617.66 1047.83 444.02 1231.81 397.15 1154.33 535.07 1126.31 651.06 1273.32 613.83
00004625 00000445 932.10 173.91 472.00 612.37 1046.66 442.85 1233.76 393.92 1155.42 535.12 1126.29 649.87 1275.95 611.00
00004626 00000446 936.30 170.01 470.57 610.49 1047.33 437.34 1232.47 387.64 1153.29 532.58 1126.62 645.14 1274.89 605.73
00004627 00000447 937.80 161.43 471.60 614.99 1048.00 433.98 1231.47 382.84 1153.30 529.33 1129.39 641.60 1275.38 600.64
00004628 00000448 938.60 158.71 470.35 622.96 1047.70 430.68 1231.45 379.53 1153.89 526.30 1130.70 643.27 1273.83 602.77
00004629 00000449 938.88 155.73 471.08 632.90 1048.68 429.01 1231.33 377.22 1156.15 524.44 1133.50 646.92 1274.45 606.21
00004630 00000450 939.53 159.16 469.77 627.20 1048.71 430.64 1232.81 378.12 1156.96 527.63 1133.45 645.40 1277.81 603.95
00004631 00000451 939.87 161.24 470.56 621.02 1049.02 432.43 1234.62 380.10 1156.38 529.97 1130.96 644.22 1278.38 602.35
00004632 00000452 942.23 157.32 466.08 616.90 1050.03 431.44 1235.22 379.26 1157.64 528.41 1131.57 641.49 1278.12 599.74
00004633 00000453 943.79 156.93 466.62 616.32 1050.66 429.15 1235.22 377.57 1158.27 528.76 1133.98 640.34 1279.77 598.76
00004634 00000454 943.93 157.84 467.18 617.79 1051.09 428.71 1235.19 378.35 1157.43 528.48 1133.86 641.31 1277.90 600.85
00004635 00000455 944.03 157.66 468.17 611.22 1049.29 430.48 1237.39 379.60 1156.68 528.40 1131.02 641.37 1277.65 600.53
00004636 00000456 942.64 155.76 468.55 608.81 1047.75 431.39 1239.43 378.52 1158.32 530.65 1130.35 642.58 1281.12 599.92
00004637 00000457 940.60 155.07 472.31 616.03 1047.44 432.03 1237.66 378.18 1157.46 530.47 1130.30 643.69 1281.61 600.07
00004638 00000458 942.58 155.81 470.53 623.23 1048.67 429.54 1234.52 377.58 1155.91 528.08 1132.13 644.13 1277.60 602.77
00004639 00000459 940.45 153.90 467.96 631.68 1050.33 428.74 1230.46 377.89 1156.97 525.98 1137.32 648.34 1273.83 608.17
00004640 00000460 938.89 158.29 470.75 630.78 1049.90 428.24 1229.76 379.38 1154.50 525.77 1133.63 647.66 1272.16 609.07
00004641 00000461 937.71 158.52 471.85 632.01 1049.56 429.43 1228.89 379.62 1154.38 525.47 1132.98 647.16 1273.26 607.66
00004642 00000462 937.65 159.47 473.93 631.75 1047.93 429.20 1228.52 377.75 1152.75 525.38 1132.50 647.16 1275.35 606.14
00004643 00000463 938.68 158.17 472.00 630.07 1048.90 429.48 1229.06 377.81 1154.50 526.66 1133.34 645.35 1276.96 604.11
00004644 00000464 939.27 157.09 470.07 624.22 1047.46 429.62 1230.01 378.08 1153.98 527.32 1131.54 644.49 1275.01 603.41
00004645 00000465 944.44 152.89 463.45 622.76 1049.93 429.70 1232.19 381.10 1154.28 525.15 1129.62 639.83 1274.16 601.17
00004646 00000466 942.67 151.60 458.40 623.55 1050.20 424.69 1230.35 379.64 1151.72 516.25 1124.35 636.29 1266.60 600.62
00004647 00000467 940.55 140.27 461.86 644.96 1045.39 416.45 1222.06 380.12 1133.68 504.13 1108.59 633.25 1247.13 604.33
00004648 00000468 941.59 134.12 456.44 648.28 1038.38 411.99 1210.41 379.68 1116.45 499.63 1096.06 633.39 1223.63 606.53
00004649 00000469 945.80 132.09 452.33 649.78 1041.94 408.59 1215.55 376.18 1118.43 490.70 1098.80 634.78 1225.34 608.08
00004650 DELETE   950.00 133.14 470.69 653.89 1059.94 410.80 1238.17 365.65 1150.33 482.33 1131.49 631.06 1265.65 594.28
00004651 DELETE   966.25 125.89 465.84 663.64 1087.01 410.55 1261.57 356.73 1191.48 469.41 1164.68 630.21 1303.47 585.52
00004652 00000472 983.61 128.03 460.91 658.72 1105.16 399.02 1280.98 352.09 1206.65 470.20 1179.18 624.85 1318.51 583.66
00004653 00000473 983.36 137.46 457.82 659.02 1096.00 408.74 1278.05 360.36 1204.69 483.54 1176.31 640.88 1317.33 599.65
00004654 DELETE   972.82 133.57 458.95 661.83 1080.92 416.72 1261.38 372.84 1181.52 499.80 1154.43 640.01 1295.42 604.43
00004655 00000475 965.62 149.34 463.96 627.96 1074.09 425.21 1254.42 382.05 1173.05 507.32 1143.55 633.36 1287.62 598.82
00004656 00000476 966.28 158.00 459.92 622.50 1075.01 430.43 1257.02 386.11 1180.92 518.58 1147.35 638.94 1295.96 603.63
00004657 00000477 959.53 168.60 467.77 615.33 1075.44 442.17 1259.64 390.73 1188.89 532.09 1154.91 647.34 1306.11 605.60
00004658 00000478 953.55 177.82 467.51 628.47 1065.83 452.98 1247.50 400.23 1179.30 546.03 1153.22 663.85 1302.74 620.13
00004659 00000479 941.09 184.52 471.62 635.68 1048.88 454.22 1234.77 409.80 1153.08 561.65 1129.84 676.87 1275.44 640.65
00004660 00000480 937.81 181.55 470.88 621.48 1046.43 449.53 1230.30 406.48 1147.80 556.62 1124.38 668.56 1266.51 633.66
00004661 00000481 948.67 172.28 475.41 628.82 1057.15 448.85 1238.40 401.42 1159.66 543.42 1134.32 656.65 1283.88 617.82
00004662 DELETE   957.76 176.02 478.24 625.36 1086.70 467.32 1260.84 406.24 1200.17 542.95 1169.02 660.10 1317.14 608.07
00004663 00000483 975.86 169.12 472.39 631.26 1097.95 456.53 1281.01 410.61 1207.44 553.04 1172.92 660.73 1323.87 622.71
00004664 00000484 958.99 180.92 480.56 640.61 1085.06 472.12 1264.71 413.40 1199.24 557.08 1167.72 675.38 1317.70 625.17
00004665 00000485 950.67 199.32 479.25 627.64 1066.27 473.02 1244.86 420.74 1175.53 564.86 1152.45 682.98 1293.07 638.96
00004666 00000486 943.36 194.39 476.24 626.56 1054.17 460.61 1239.11 412.67 1162.02 569.98 1141.78 681.57 1287.78 642.02
00004667 00000487 947.76 183.47 473.68 611.28 1057.50 455.46 1244.78 403.73 1168.90 560.29 1141.33 667.38 1293.74 624.50
00004668 00000488 954.52 169.77 483.20 624.32 1069.78 443.88 1257.40 390.13 1183.71 538.11 1155.06 655.84 1306.51 611.64
00004669 00000489 968.50 161.00 477.15 628.22 1086.05 432.93 1271.67 384.33 1197.08 532.31 1170.75 651.05 1311.37 610.15
00004670 00000490 982.98 150.82 465.46 631.35 1095.29 426.47 1279.81 385.05 1198.66 531.32 1171.90 644.19 1312.37 609.29
00004671 00000491 976.52 160.12 463.74 620.58 1092.80 436.28 1273.48 394.71 1196.58 533.79 1168.79 647.12 1305.43 612.49
00004672 00000492 965.77 157.86 473.36 627.69 1082.61 437.09 1267.90 391.89 1190.03 534.59 1161.07 650.07 1304.19 612.73
00004673 00000493 968.48 159.39 470.61 630.88 1081.64 438.05 1265.71 388.97 1189.43 534.25 1164.71 654.08 1306.84 613.25
00004674 00000494 974.28 153.39 466.55 630.47 1088.48 431.15 1270.82 384.09 1195.05 531.62 1170.07 648.19 1310.08 608.68
00004675 00000495 991.59 140.60 461.43 635.36 1097.13 422.87 1282.84 373.33 1199.74 513.21 1172.26 634.60 1316.05 594.58
00004676 00000496 997.66 135.58 460.53 631.63 1106.26 409.95 1293.37 365.96 1210.01 501.56 1178.43 623.53 1326.09 587.82
00004677 00000497 1001.42 129.45 456.03 640.58 1112.25 402.41 1299.13 361.59 1218.88 498.37 1183.54 619.14 1331.78 586.14
00004678 00000498 997.26 134.09 456.75 639.45 1107.09 410.79 1294.71 367.39 1213.14 501.68 1178.44 626.66 1326.10 591.44
00004679 00000499 983.24 147.51 469.78 642.70 1094.18 424.15 1281.66 387.43 1194.00 527.54 1161.77 644.28 1308.31 613.13
00004680 00000500 967.97 166.25 470.00 632.40 1087.45 446.80 1269.90 403.62 1194.78 541.54 1161.01 657.46 1305.64 621.74
00004681 00000501 979.40 150.58 467.65 654.28 1095.73 425.03 1279.22 388.16 1196.37 524.81 1165.78 647.99 1308.73 616.76
00004682 00000502 997.68 133.36 458.40 640.30 1107.63 413.26 1293.44 370.21 1214.63 506.46 1177.87 629.01 1321.27 594.02
00004683 00000503 1003.73 127.37 451.51 635.35 1114.57 397.65 1299.37 361.93 1219.01 496.35 1183.17 613.47 1327.13 585.11
00004684 00000504 1003.54 119.40 451.63 637.90 1113.30 394.80 1298.79 362.06 1215.08 495.27 1176.60 610.09 1319.55 584.29
00004685 00000505 1004.27 120.28 451.72 633.13 1112.75 394.87 1297.24 363.69 1211.52 493.75 1174.21 608.16 1315.08 583.74
00004686 00000506 1009.71 115.88 453.22 641.05 1119.65 394.15 1302.86 362.24 1220.55 492.56 1183.46 608.70 1325.37 583.32
00004687 00000507 1015.74 111.02 452.69 635.35 1127.89 388.67 1312.83 355.56 1232.16 489.95 1194.57 604.18 1337.16 577.81
00004688 00000508 1022.17 110.98 454.07 627.18 1132.96 380.55 1318.51 348.54 1237.23 486.37 1200.31 596.57 1345.85 570.93
00004689 00000509 1029.70 107.69 448.66 624.06 1135.84 376.04 1318.40 346.62 1235.51 482.51 1198.86 591.82 1342.75 568.18
00004690 00000510 1029.36 107.66 449.45 623.53 1136.17 373.97 1319.20 345.16 1235.21 480.13 1198.45 589.66 1342.42 566.61
00004691 00000511 1031.27 109.76 446.90 622.53 1137.88 373.44 1320.28 345.11 1237.11 480.47 1200.37 589.68 1344.34 567.02
00004692 00000512 1032.48 110.85 445.30 631.07 1139.64 375.54 1319.95 346.89 1238.97 483.72 1203.32 596.09 1343.33 573.36
00004693 00000513 1032.27 111.68 448.05 636.18 1139.63 378.52 1320.41 349.60 1237.95 486.41 1202.70 600.93 1341.94 578.05
00004694 00000514 1031.16 119.62 443.90 638.05 1137.35 382.69 1318.39 351.62 1243.48 486.23 1203.64 608.41 1337.66 583.19
00004695 00000515 1029.67 119.70 447.37 640.53 1137.91 382.23 1318.59 350.67 1244.18 485.48 1205.76 609.46 1338.85 583.69
00004696 00000516 1026.85 120.06 452.43 644.25 1137.89 383.99 1319.04 349.53 1246.52 486.35 1209.72 611.74 1345.33 582.96
00004697 00000517 1024.36 112.36 458.66 644.73 1133.73 384.79 1318.94 350.72 1239.61 492.39 1205.11 607.91 1352.85 580.20
00004698 00000518 1020.76 112.67 456.42 636.34 1129.11 387.03 1316.40 353.89 1233.66 495.18 1198.15 605.93 1346.75 579.10
00004699 00000519 1019.61 109.65 452.47 633.21 1128.11 387.07 1318.04 356.65 1232.47 496.17 1193.81 602.98 1343.44 578.54
00004700 00000520 1017.78 106.08 452.57 633.46 1129.47 393.06 1315.97 361.23 1233.22 492.13 1192.21 598.32 1342.46 572.74
00004701 00000521 1017.85 104.78 451.65 633.80 1132.23 391.00 1316.94 361.09 1235.21 490.99 1193.86 596.65 1342.13 572.63
00004702 00000522 1016.50 105.42 452.97 638.91 1128.89 390.17 1312.35 360.24 1230.56 489.94 1191.48 598.51 1337.58 574.50
00004703 00000523 1016.67 107.17 449.85 640.38 1127.28 387.12 1310.67 355.74 1229.58 489.34 1192.72 602.10 1336.23 577.04
00004704 00000524 1015.33 108.52 449.96 643.20 1127.26 388.08 1310.22 356.38 1230.12 491.44 1194.58 606.46 1335.06 581.32
00004705 00000525 1015.17 111.91 450.76 641.60 1128.04 389.72 1312.91 355.89 1233.07 493.79 1198.37 608.42 1341.25 581.39
00004706 00000526 1013.79 113.12 452.15 642.03 1127.02 391.76 1312.44 357.39 1232.45 495.11 1197.39 609.82 1340.47 582.37
00004707 00000527 1014.78 114.87 451.83 641.15 1124.56 391.11 1310.75 358.64 1227.48 497.29 1192.20 609.38 1336.88 583.43
00004708 00000528 1013.54 113.67 452.59 638.11 1122.70 391.29 1308.08 358.99 1224.26 496.33 1188.07 606.56 1333.47 580.70
00004709 00000529 1014.09 115.39 451.06 636.31 1123.28 392.39 1307.34 359.30 1225.25 496.75 1189.87 606.88 1333.75 580.52
00004710 00000530 1010.27 118.16 454.94 635.68 1121.26 394.18 1305.96 360.40 1223.75 498.96 1188.04 608.66 1332.05 581.78
00004711 00000531 1005.32 117.14 459.92 637.42 1116.09 396.37 1300.35 363.06 1215.88 498.79 1181.56 609.99 1322.84 583.59
00004712 00000532 1003.20 119.40 461.47 637.63 1111.54 396.10 1296.04 362.73 1209.28 498.54 1177.19 612.99 1318.46 586.65
00004713 00000533 1004.35 117.57 458.05 629.92 1111.12 398.28 1296.54 362.42 1210.71 498.89 1177.41 611.99 1319.89 583.53
00004714 00000534 1003.24 118.24 456.23 627.44 1112.52 398.16 1298.53 361.36 1215.45 498.55 1181.24 611.70 1323.40 582.34
00004715 00000535 1003.35 120.79 454.42 623.75 1111.04 398.06 1297.84 361.18 1213.62 498.37 1179.23 611.07 1322.25 581.71
00004716 00000536 1003.56 123.71 450.64 623.02 1107.34 398.50 1293.28 363.98 1207.33 499.57 1172.95 610.85 1315.99 583.68
00004717 00000537 1000.62 127.36 451.93 625.87 1105.96 401.32 1291.48 365.10 1206.73 499.12 1172.69 612.47 1317.20 583.76
00004718 00000538 998.83 129.30 451.85 631.13 1107.75 402.35 1294.82 364.05 1213.80 500.17 1177.48 617.66 1322.29 587.10
00004719 00000539 995.03 128.63 458.12 645.79 1111.96 405.16 1297.00 367.84 1222.15 504.44 1180.07 626.04 1324.38 595.26
00004720 00000540 995.04 136.57 461.99 655.53 1115.95 416.62 1301.79 386.64 1222.11 525.54 1175.38 636.41 1323.37 612.80
00004721 00000541 994.69 146.45 462.53 638.67 1114.25 422.66 1297.80 397.53 1214.07 530.69 1169.89 637.84 1312.75 617.86
00004722 00000542 996.86 142.94 454.73 618.43 1108.91 414.86 1291.87 390.53 1205.21 523.33 1167.18 627.31 1297.85 607.77
00004723 00000543 999.62 138.02 452.39 621.71 1109.85 405.72 1291.55 378.46 1208.28 506.61 1168.94 619.59 1296.27 597.52
00004724 00000544 1000.39 132.40 452.53 626.75 1113.65 397.90 1295.71 369.47 1215.45 497.44 1175.64 615.72 1302.21 592.90
00004725 00000545 1008.33 123.79 447.16 631.65 1118.23 393.58 1300.71 364.46 1218.25 494.50 1181.20 610.05 1315.91 587.69
00004726 00000546 1009.25 128.56 451.11 621.07 1119.33 402.56 1303.84 372.33 1219.03 499.07 1178.73 607.97 1322.67 584.15
00004727 00000547 1007.29 130.14 455.69 627.23 1117.45 408.35 1302.82 376.69 1221.41 508.15 1176.16 616.82 1321.93 591.28
00004728 00000548 1008.36 131.09 448.03 628.45 1116.66 406.41 1298.73 373.91 1215.81 502.13 1179.75 613.98 1319.78 588.35
00004729 00000549 1005.29 128.59 447.65 632.01 1116.20 398.57 1295.47 368.14 1213.45 495.86 1179.23 611.91 1312.71 588.40
00004730 00000550 1004.34 123.04 450.11 634.80 1113.64 392.09 1296.91 362.13 1212.01 492.38 1173.56 606.24 1314.84 582.89
00004731 00000551 1006.08 122.14 445.94 630.48 1114.02 391.16 1299.07 362.05 1212.99 493.66 1172.26 603.99 1315.41 581.29
00004732 00000552 1003.15 124.95 449.55 633.00 1111.47 396.87 1295.02 363.75 1211.18 494.95 1171.70 607.95 1317.05 581.71
00004733 00000553 1000.79 119.20 447.17 638.71 1108.08 399.69 1289.89 367.04 1205.54 496.80 1167.70 609.15 1310.86 583.20
00004734 00000554 993.67 127.34 448.31 623.91 1101.88 403.16 1284.62 372.94 1200.84 498.42 1165.72 615.85 1302.80 589.69
00004735 00000555 997.04 128.24 446.46 623.39 1103.08 402.38 1284.24 371.32 1200.84 497.75 1167.65 616.01 1303.09 589.40
00004736 00000556 992.25 125.65 451.22 625.79 1101.67 399.46 1285.53 367.54 1203.52 496.59 1168.49 615.61 1304.05 588.15
00004737 00000557 992.92 125.07 450.24 620.57 1099.79 401.28 1283.30 369.16 1201.25 499.89 1166.84 614.36 1303.45 586.58
00004738 00000558 993.68 125.97 449.67 616.70 1097.57 402.32 1280.05 369.46 1197.22 501.34 1164.57 612.10 1303.18 583.57
00004739 00000559 992.92 127.65 448.84 615.16 1098.15 401.44 1279.39 369.89 1197.68 500.43 1164.28 611.03 1301.66 583.66
00004740 00000560 995.08 128.14 447.03 620.11 1101.78 402.85 1281.79 371.30 1201.38 499.70 1167.71 613.62 1303.41 586.29
00004741 00000561 998.75 121.56 444.83 634.85 1106.42 397.99 1288.75 367.24 1203.64 494.83 1167.00 610.05 1303.75 586.04
00004742 00000562 998.95 125.42 447.18 637.15 1106.30 394.60 1287.86 365.24 1206.20 496.57 1168.13 613.79 1303.06 589.29
00004743 00000563 1002.42 124.33 445.25 636.91 1109.37 395.72 1290.84 365.10 1205.79 492.07 1169.66 612.09 1306.20 588.24
00004744 00000564 1002.32 125.15 448.41 638.34 1110.09 395.46 1291.74 363.98 1207.35 491.93 1172.76 613.67 1309.51 589.04
00004745 00000565 1004.13 124.24 447.76 639.48 1109.93 395.64 1292.75 363.51 1208.36 495.19 1173.13 614.74 1312.43 589.52
00004746 00000566 1004.73 123.60 445.55 634.23 1109.74 395.99 1292.65 364.51 1207.89 496.50 1170.63 612.09 1310.95 587.53
00004747 00000567 1004.31 125.21 445.37 629.44 1110.32 396.45 1292.61 365.52 1207.90 497.07 1169.99 608.28 1310.24 584.28
00004748 00000568 1003.77 124.04 446.99 629.98 1110.11 396.24 1292.23 365.69 1206.33 497.08 1169.22 607.34 1309.16 583.65
00004749 00000569 1004.01 124.70 445.78 628.93 1110.75 395.95 1291.98 366.08 1206.43 496.73 1169.26 606.77 1308.31 583.71
00004750 00000570 1003.77 125.67 447.00 627.83 1111.58 395.73 1293.46 365.93 1207.87 497.21 1170.29 606.65 1309.93 583.60
00004751 00000571 1006.05 122.89 445.50 629.12 1113.64 398.04 1293.68 369.27 1208.94 498.41 1172.29 607.03 1310.40 584.72
00004752 00000572 1007.34 124.10 445.68 628.13 1114.81 402.29 1295.31 372.96 1210.51 497.75 1173.02 609.66 1311.87 586.65
00004753 00000573 1008.39 123.74 444.04 635.92 1115.51 404.05 1295.63 373.42 1211.53 497.86 1174.71 615.66 1310.76 591.81
00004754 00000574 1004.79 129.65 450.05 632.62 1114.14 404.45 1296.39 373.94 1216.16 505.68 1174.98 622.22 1309.94 597.37
00004755 00000575 1002.85 133.06 450.50 630.15 1110.49 404.97 1293.04 373.44 1211.58 507.52 1173.04 624.11 1306.96 598.18
00004756 00000576 1000.94 134.16 450.58 625.99 1105.42 405.05 1290.78 372.45 1205.80 509.03 1169.23 624.19 1305.31 597.27
00004757 00000577 1000.08 133.15 448.80 626.21 1103.33 405.19 1286.67 372.24 1201.50 508.05 1167.12 622.79 1303.06 595.24
00004758 00000578 997.60 134.97 448.82 628.13 1104.39 408.91 1285.70 374.37 1200.18 504.62 1172.20 622.85 1305.08 595.41
00004759 00000579 991.95 142.80 450.19 621.23 1098.64 411.45 1280.43 377.95 1196.72 514.21 1168.15 629.06 1305.14 600.77
00004760 00000580 986.14 145.24 452.12 619.61 1095.03 412.43 1277.89 379.01 1195.79 520.15 1165.69 631.26 1301.88 603.37
00004761 00000581 984.32 146.76 455.41 618.27 1093.72 416.14 1274.14 383.85 1191.47 524.86 1161.92 631.08 1298.07 604.24
00004762 00000582 982.75 147.66 455.62 616.03 1092.04 418.71 1272.31 386.82 1189.76 527.26 1160.77 632.21 1297.33 605.46
00004763 00000583 982.93 148.95 456.97 617.64 1093.03 418.93 1272.33 386.46 1189.30 527.35 1162.13 632.88 1298.77 605.29
00004764 00000584 983.24 148.43 456.84 620.73 1094.00 419.38 1272.53 386.33 1190.23 526.76 1162.66 633.76 1299.12 605.74
00004765 00000585 988.27 145.56 452.77 632.09 1096.44 417.12 1276.04 384.79 1191.42 525.94 1163.35 636.41 1301.40 608.93
00004766 00000586 994.37 147.13 449.17 630.89 1101.89 416.55 1281.93 384.68 1198.15 522.62 1169.85 636.50 1306.33 609.18
00004767 00000587 1001.72 133.63 462.80 635.69 1111.38 409.63 1294.44 375.76 1210.66 514.84 1175.47 625.65 1314.74 597.47
00004768 00000588 1016.54 135.97 457.69 622.46 1121.37 407.93 1307.33 370.43 1224.21 509.79 1189.08 618.44 1336.51 587.50
00004769 00000589 1029.30 125.17 455.15 634.39 1134.35 398.74 1317.92 365.61 1237.00 500.33 1200.10 611.02 1344.92 582.81
00004770 00000590 1040.28 124.03 452.73 624.62 1139.09 395.26 1329.56 363.75 1243.87 498.49 1204.65 609.83 1351.36 583.92
00004771 00000591 1041.91 125.55 456.85 617.66 1144.21 397.81 1332.16 367.60 1248.98 502.89 1209.21 609.75 1353.69 584.62
00004772 00000592 1042.30 125.88 457.55 616.53 1145.04 400.56 1333.18 369.02 1249.55 502.40 1210.61 610.88 1356.06 584.54
00004773 00000593 1043.51 120.85 459.31 633.28 1146.10 401.34 1333.00 365.93 1248.95 499.67 1212.17 614.02 1360.31 584.36
00004774 00000594 1042.43 122.35 455.24 636.75 1148.32 399.03 1333.36 360.90 1252.86 499.32 1220.06 617.29 1364.67 585.72
00004775 00000595 1047.18 124.27 452.54 637.39 1152.30 397.11 1339.68 360.65 1258.17 501.80 1224.89 621.14 1371.04 590.58
00004776 00000596 1049.48 127.96 451.37 636.94 1155.62 406.85 1341.97 372.46 1260.88 508.42 1224.44 625.72 1370.21 596.93
00004777 00000597 1047.77 138.37 452.18 629.98 1157.72 415.63 1337.67 384.98 1258.08 516.65 1223.01 628.19 1362.42 603.26
00004778 00000598 1041.95 142.84 456.21 626.41 1152.94 416.05 1332.45 384.84 1252.06 520.15 1219.15 627.80 1357.29 602.40
00004779 00000599 1040.63 139.39 456.93 619.47 1144.88 413.50 1330.35 381.22 1247.36 519.62 1212.60 626.29 1353.48 600.12
00004780 00000600 1040.67 134.73 460.05 621.05 1145.39 408.22 1332.89 374.58 1249.38 513.79 1214.79 621.71 1357.02 593.74
00004781 00000601 1046.79 124.90 457.57 633.13 1153.16 405.12 1339.36 371.20 1257.88 508.54 1221.06 619.58 1364.79 591.19
00004782 00000602 1057.11 124.80 446.35 628.23 1163.80 396.28 1345.38 365.20 1265.28 501.33 1231.97 615.51 1368.38 589.26
00004783 00000603 1072.07 109.43 445.62 648.50 1178.65 387.21 1355.97 361.77 1270.07 491.42 1237.52 606.08 1370.24 586.31
00004784 00000604 1078.59 106.78 452.46 646.24 1183.32 376.56 1364.47 351.49 1277.07 486.37 1241.00 599.35 1379.23 580.14
00004785 00000605 1082.00 108.01 452.98 638.91 1187.56 371.73 1368.08 346.38 1282.02 480.94 1246.67 593.44 1385.19 573.89
00004786 00000606 1083.28 106.57 452.86 632.67 1187.45 373.18 1371.42 347.98 1283.31 485.32 1245.79 591.92 1388.14 572.37
00004787 00000607 1075.89 107.23 454.74 635.39 1181.60 387.56 1368.73 359.98 1279.42 495.97 1240.96 600.06 1387.92 577.95
00004788 00000608 1062.43 118.76 458.39 638.33 1169.87 403.48 1357.55 371.96 1266.82 507.36 1233.24 612.61 1384.61 586.75
00004789 00000609 1048.42 145.50 461.30 613.10 1155.80 412.62 1344.07 380.77 1259.25 525.47 1225.04 625.96 1370.61 599.02
00004790 00000610 1038.38 147.37 468.16 637.29 1146.85 420.44 1333.32 384.87 1249.16 532.65 1219.47 638.43 1368.27 608.61
00004791 00000611 1035.10 144.59 468.51 649.56 1141.92 422.26 1328.11 383.69 1244.99 532.72 1218.00 643.34 1368.36 611.20
00004792 00000612 1033.09 144.85 468.48 641.96 1137.72 418.42 1325.60 381.77 1240.84 532.70 1212.37 639.14 1363.52 608.93
00004793 00000613 1033.14 143.58 463.55 625.37 1135.83 417.63 1325.98 379.98 1242.75 530.57 1209.87 632.87 1361.54 601.95
00004794 00000614 1035.51 139.52 462.41 622.20 1135.66 414.80 1328.91 377.29 1243.83 529.22 1210.15 629.44 1364.75 598.70
00004795 00000615 1038.91 136.48 460.38 621.05 1138.49 411.59 1330.04 374.83 1245.39 523.66 1210.73 624.13 1364.31 593.74
00004796 00000616 1042.88 133.33 459.11 625.89 1143.24 404.60 1329.50 368.50 1246.10 513.28 1214.81 621.05 1359.31 591.08
00004797 00000617 1045.41 124.70 454.29 634.69 1147.29 399.79 1333.16 363.58 1251.73 509.14 1220.64 622.51 1362.31 592.44
00004798 00000618 1046.01 122.57 454.61 640.28 1156.19 405.19 1340.15 371.61 1259.96 505.13 1223.44 620.83 1366.71 592.43
00004799 00000619 1046.56 129.23 457.72 637.65 1156.42 411.18 1339.64 378.18 1258.07 511.72 1221.58 623.27 1367.30 595.68
00004800 00000620 1045.94 138.40 454.85 632.15 1152.30 413.50 1333.91 381.42 1252.28 520.94 1221.29 629.28 1361.12 602.45
00004801 00000621 1042.61 140.83 456.88 632.90 1144.64 415.92 1328.33 382.66 1244.27 525.51 1212.66 631.37 1355.63 604.10
00004802 00000622 1039.09 140.17 458.10 618.34 1137.46 414.47 1327.41 381.63 1240.84 527.11 1204.41 627.41 1353.36 600.78
00004803 00000623 1037.07 135.70 455.76 619.27 1134.76 409.42 1325.40 376.62 1238.61 520.32 1204.16 623.75 1351.54 596.51
00004804 00000624 1038.17 132.59 453.06 629.12 1137.42 406.68 1321.92 373.17 1239.37 514.69 1207.06 623.90 1348.25 596.51
00004805 00000625 1036.60 131.62 455.59 638.87 1140.42 405.00 1324.46 369.31 1243.51 510.52 1212.50 627.64 1350.03 598.54
00004806 00000626 1040.05 132.22 452.53 635.82 1148.62 411.79 1325.94 377.69 1248.87 507.82 1213.81 625.46 1350.40 598.18
00004807 00000627 1044.52 134.63 451.35 631.14 1151.11 411.10 1331.93 381.83 1250.05 513.05 1212.99 626.53 1349.49 603.12
00004808 00000628 1042.16 137.04 450.44 629.53 1147.59 412.21 1328.10 379.97 1248.60 514.35 1211.69 628.19 1346.65 602.67
00004809 00000629 1036.44 130.83 453.13 633.64 1143.19 406.32 1324.81 376.83 1245.29 511.84 1208.51 626.10 1341.73 602.35
00004810 00000630 1030.11 128.40 459.06 636.33 1135.11 404.03 1320.82 374.65 1237.30 510.44 1199.97 623.61 1341.29 599.39
00004811 00000631 1024.88 123.93 449.15 641.51 1126.61 401.89 1312.86 373.92 1225.89 511.93 1189.92 620.76 1335.30 598.34
00004812 00000632 1014.52 127.78 455.01 639.92 1120.19 402.98 1304.71 373.58 1220.60 508.12 1177.85 619.52 1323.13 595.68
00004813 00000633 1008.41 127.94 448.27 636.11 1114.16 402.82 1295.40 374.46 1208.71 502.37 1173.43 618.20 1309.90 596.08
00004814 00000634 995.07 133.24 451.98 636.42 1101.49 410.98 1286.09 382.37 1198.92 509.39 1165.06 628.41 1305.74 604.11
00004815 00000635 984.15 141.76 446.46 631.86 1089.59 416.49 1268.99 386.89 1185.29 517.59 1150.78 632.16 1289.48 607.60
00004816 00000636 975.46 147.28 451.57 628.07 1081.91 424.46 1259.55 392.39 1177.15 520.98 1142.28 632.72 1283.33 607.32
00004817 00000637 960.22 145.26 456.96 622.60 1066.11 426.16 1251.52 395.23 1166.92 529.90 1128.78 634.47 1275.46 609.70
00004818 00000638 953.10 146.86 456.19 617.24 1052.94 422.61 1245.81 389.69 1156.52 528.04 1117.25 632.71 1271.05 605.99
00004819 00000639 944.52 141.61 454.08 622.11 1047.58 417.85 1234.80 382.09 1149.26 520.55 1113.22 628.87 1260.19 600.12
00004820 00000640 937.88 142.09 454.14 627.40 1042.08 414.69 1225.21 379.94 1141.01 516.56 1106.44 631.29 1244.14 603.58
00004821 00000641 934.57 142.08 457.00 635.67 1039.15 414.93 1222.53 377.01 1138.72 516.04 1106.78 632.83 1249.11 601.84
00004822 00000642 935.79 143.56 456.49 629.23 1040.24 414.13 1222.80 378.36 1138.01 515.92 1106.44 629.20 1246.30 599.77
00004823 00000643 937.34 145.81 458.10 621.71 1041.66 415.47 1222.89 381.09 1138.64 518.55 1108.23 628.06 1244.46 599.93
00004824 00000644 939.98 144.64 456.44 613.71 1042.88 416.67 1225.80 382.40 1140.80 520.41 1108.09 624.59 1245.22 597.24
00004825 00000645 941.53 142.09 453.91 616.82 1043.44 413.33 1229.15 379.70 1143.39 517.18 1107.01 622.83 1248.43 595.75
00004826 00000646 944.05 145.29 451.48 613.01 1047.76 414.45 1229.77 378.36 1147.99 514.06 1114.98 623.59 1251.12 595.31
00004827 00000647 945.80 145.98 455.72 625.33 1053.06 413.58 1230.35 376.16 1152.48 511.43 1123.03 628.67 1255.27 598.91
00004828 00000648 951.20 146.65 456.22 625.26 1058.24 417.02 1237.72 379.30 1158.00 512.16 1127.32 630.10 1264.25 599.99
00004829 00000649 957.10 146.46 449.43 621.42 1065.78 423.14 1241.26 384.67 1165.00 511.06 1131.83 628.51 1271.55 598.27
00004830 00000650 957.70 145.88 454.66 622.73 1067.28 421.98 1248.99 382.28 1169.05 508.83 1133.00 627.39 1277.67 596.11
00004831 00000651 964.99 141.42 449.08 627.53 1069.86 416.57 1251.22 374.39 1173.71 503.06 1138.21 624.32 1284.01 590.38
00004832 00000652 966.95 138.94 449.10 626.37 1073.73 409.90 1251.16 367.22 1177.52 494.92 1143.00 620.05 1285.55 585.09
00004833 00000653 969.19 142.51 450.28 623.12 1075.45 410.07 1251.42 367.14 1178.67 496.74 1144.78 620.36 1286.45 585.15
00004834 00000654 966.05 144.03 449.36 624.47 1070.61 415.11 1250.42 372.55 1174.88 505.63 1142.16 625.83 1284.43 591.47
00004835 00000655 960.41 149.77 450.81 621.85 1064.02 419.30 1244.21 377.19 1168.35 513.65 1139.11 632.02 1279.47 598.11
00004836 00000656 955.96 155.60 456.78 625.44 1059.83 426.53 1241.16 383.31 1162.83 523.38 1135.13 639.67 1277.93 605.11
00004837 00000657 953.18 161.16 457.44 624.84 1059.13 430.60 1241.64 385.48 1164.96 526.12 1137.09 643.97 1280.73 607.75
00004838 00000658 953.41 158.14 459.61 630.29 1060.08 430.97 1241.08 384.04 1166.68 524.42 1139.43 644.87 1283.18 607.30
00004839 00000659 952.71 155.58 460.73 636.47 1061.60 427.96 1242.16 381.72 1168.06 523.00 1140.41 644.29 1285.40 607.35
00004840 00000660 953.89 152.21 455.28 637.31 1067.22 431.54 1244.40 387.94 1173.46 522.83 1140.37 642.84 1285.60 608.73
00004841 00000661 953.89 150.84 458.07 635.67 1067.59 432.59 1245.88 387.22 1174.87 521.10 1141.64 641.79 1288.79 606.19
00004842 00000662 952.16 152.97 459.53 620.97 1061.75 430.70 1246.56 386.28 1169.18 524.48 1134.88 636.48 1285.30 600.69
00004843 00000663 952.85 158.20 456.80 605.41 1059.07 432.12 1245.52 389.54 1164.74 527.16 1131.44 634.57 1281.61 600.10
00004844 00000664 954.78 164.39 457.98 607.93 1060.54 437.21 1243.81 395.20 1162.51 529.83 1132.26 638.96 1279.23 605.01
00004845 00000665 953.42 167.71 460.64 618.08 1063.22 443.60 1242.47 401.58 1162.84 532.57 1133.80 644.51 1280.79 610.76
00004846 00000666 950.36 165.97 461.82 621.70 1062.65 442.81 1242.81 398.85 1164.11 532.83 1135.46 645.69 1282.59 610.83
00004847 00000667 955.04 163.31 458.11 616.16 1060.96 439.56 1241.77 393.99 1162.32 531.83 1133.64 642.89 1280.82 606.44
00004848 00000668 955.02 157.89 458.84 613.70 1058.18 436.83 1242.05 391.79 1161.20 532.02 1132.85 641.34 1279.78 604.92
00004849 00000669 954.45 157.90 456.39 612.11 1055.16 430.85 1235.83 384.33 1157.30 528.52 1131.54 637.24 1277.97 599.37
00004850 00000670 947.56 152.62 453.72 618.54 1050.80 428.02 1229.46 382.04 1152.21 524.17 1128.65 637.03 1267.80 600.55
00004851 00000671 942.42 166.14 458.03 614.22 1046.21 440.80 1227.95 394.68 1144.94 531.63 1120.43 644.02 1268.36 606.76
00004852 00000672 937.13 168.18 466.29 622.35 1045.54 449.79 1223.67 401.35 1142.54 534.91 1117.45 648.98 1268.19 610.26
00004853 00000673 932.42 172.39 470.48 617.97 1045.75 448.56 1224.27 401.16 1144.86 537.81 1119.72 649.06 1269.35 610.71
00004854 00000674 932.45 174.35 462.17 616.08 1040.62 452.19 1219.44 399.87 1143.00 539.60 1118.97 651.75 1269.68 608.93
00004855 00000675 927.86 172.60 470.64 619.83 1038.49 450.54 1218.08 396.76 1141.59 536.82 1119.57 653.77 1267.64 609.81
00004856 00000676 925.86 171.65 469.17 623.01 1035.31 447.78 1214.52 395.76 1137.23 535.39 1117.23 654.24 1261.95 611.80
00004857 00000677 925.32 173.04 465.00 622.50 1032.84 447.80 1209.61 396.09 1133.54 537.98 1115.17 656.86 1255.99 614.73
00004858 00000678 926.16 174.79 464.73 618.59 1033.43 449.80 1210.19 396.92 1135.54 539.58 1116.98 657.17 1258.40 614.05
00004859 00000679 927.47 171.83 464.83 614.28 1033.90 450.33 1212.42 395.89 1137.23 540.65 1117.97 653.67 1261.84 609.26
00004860 00000680 926.33 172.56 466.73 612.65 1033.59 450.03 1213.00 395.85 1137.64 541.30 1116.21 651.82 1262.20 607.54
00004861 00000681 927.20 172.78 467.28 613.46 1035.10 451.83 1214.06 397.67 1138.92 540.50 1116.89 652.64 1262.89 608.36
00004862 00000682 929.10 171.97 467.88 610.12 1036.31 449.34 1215.38 396.28 1138.50 539.27 1118.34 649.83 1263.78 606.29
00004863 00000683 930.63 170.31 462.52 613.55 1038.30 449.75 1216.52 395.80 1141.51 537.34 1120.01 650.25 1265.93 606.01
00004864 00000684 930.85 175.60 465.95 611.79 1039.04 450.64 1216.09 397.71 1140.05 537.32 1121.15 653.53 1263.67 610.39
00004865 00000685 931.14 175.94 469.55 618.29 1040.87 450.78 1217.54 398.81 1141.35 537.82 1122.87 655.88 1266.63 613.55
00004866 00000686 930.49 176.53 471.63 617.12 1040.75 450.19 1217.28 398.13 1140.76 537.63 1123.77 656.01 1266.21 613.60
00004867 00000687 931.31 175.96 471.97 617.77 1043.12 450.14 1219.30 398.56 1143.82 535.74 1125.32 656.07 1268.64 613.95
00004868 00000688 933.35 175.29 468.48 617.68 1044.76 451.97 1221.12 401.06 1144.78 536.82 1125.26 655.04 1270.22 613.48
00004869 00000689 930.09 180.10 471.09 620.20 1042.93 454.33 1218.64 402.41 1142.70 535.55 1124.86 657.90 1269.07 615.67
00004870 00000690 928.80 178.33 472.88 624.14 1041.33 453.68 1217.71 403.81 1139.25 539.01 1123.23 658.32 1267.04 617.64
00004871 00000691 927.73 181.90 469.41 622.08 1037.97 454.24 1214.46 401.96 1138.17 540.25 1122.94 660.66 1266.28 618.04
00004872 00000692 925.78 178.13 473.19 627.43 1036.57 454.19 1211.14 401.78 1135.43 540.63 1121.46 661.10 1263.70 618.15
00004873 00000693 925.05 178.93 473.32 629.81 1035.27 453.24 1209.59 399.56 1135.15 540.48 1121.53 662.00 1264.02 617.89
00004874 00000694 925.73 174.93 473.54 632.16 1035.72 452.26 1210.66 398.65 1135.53 539.80 1121.88 661.55 1263.69 617.58
00004875 00000695 924.92 175.72 475.26 630.39 1035.15 450.58 1211.72 396.25 1136.29 538.27 1121.80 659.40 1267.30 614.64
00004876 00000696 926.26 174.58 471.31 624.49 1035.23 451.15 1211.93 397.21 1136.29 540.10 1120.41 658.03 1264.52 613.79
00004877 00000697 928.50 173.85 466.36 617.70 1036.86 450.61 1213.20 398.93 1136.78 540.21 1118.30 654.14 1260.74 612.06
00004878 00000698 927.50 176.64 470.26 614.99 1036.60 450.89 1212.50 398.69 1136.56 542.11 1118.78 653.55 1260.96 610.96
00004879 00000699 928.33 175.65 469.04 612.80 1036.13 451.83 1212.02 398.58 1135.94 541.83 1117.73 652.87 1261.09 609.41
00004880 00000700 927.38 176.02 470.33 613.00 1035.84 450.21 1212.49 397.61 1136.10 540.30 1117.84 652.09 1261.40 609.11
00004881 00000701 929.59 174.11 470.46 608.67 1039.35 450.27 1215.61 399.28 1137.68 539.09 1118.49 649.60 1262.02 608.03
00004882 00000702 932.06 176.67 468.32 603.90 1043.87 449.00 1222.95 404.05 1140.16 538.06 1116.64 647.01 1261.24 610.49
00004883 00000703 932.68 176.54 467.60 599.38 1045.03 449.84 1225.13 403.67 1143.41 537.38 1118.75 645.86 1263.48 608.29
00004884 00000704 935.64 170.53 464.69 604.24 1044.84 450.14 1225.08 401.88 1144.87 536.32 1121.36 646.61 1266.83 606.90
00004885 00000705 933.62 168.03 466.06 608.39 1043.78 446.92 1224.45 397.87 1146.13 535.68 1123.16 648.22 1265.80 608.29
00004886 00000706 930.13 167.13 470.96 615.39 1042.84 444.37 1222.42 396.70 1144.18 533.40 1123.57 649.25 1263.26 610.66
00004887 00000707 929.82 169.74 467.47 622.09 1044.70 447.10 1220.22 401.47 1143.45 531.74 1125.98 652.14 1261.70 614.98
00004888 00000708 930.81 173.95 465.14 619.84 1045.76 450.88 1221.45 403.27 1145.99 534.20 1127.33 656.37 1264.73 617.86
00004889 00000709 927.89 178.76 470.63 615.04 1043.61 451.79 1225.00 402.95 1148.32 542.94 1128.81 658.25 1271.58 618.48
00004890 00000710 932.93 176.85 459.73 612.72 1041.47 452.39 1222.84 400.79 1147.22 543.86 1127.60 657.84 1270.92 615.90
00004891 00000711 931.98 177.06 462.26 613.75 1039.44 449.44 1219.11 398.73 1141.20 538.95 1121.96 654.57 1265.09 613.59
00004892 00000712 928.24 173.04 465.08 614.01 1036.98 443.70 1217.66 395.25 1139.11 533.00 1119.33 649.89 1260.36 610.49
00004893 00000713 928.36 168.17 462.42 620.33 1035.64 437.65 1215.42 389.68 1136.56 527.14 1119.51 648.41 1255.54 609.54
00004894 00000714 928.54 168.16 466.07 624.99 1037.17 438.76 1216.76 390.53 1138.17 528.60 1121.47 652.64 1258.02 613.84
00004895 00000715 930.32 166.53 472.03 629.01 1041.52 445.88 1220.77 394.30 1145.44 531.49 1127.93 656.97 1267.00 615.58
00004896 00000716 932.63 176.97 468.73 613.34 1046.71 453.12 1223.54 401.01 1150.38 535.53 1131.80 655.29 1274.09 612.59
00004897 00000717 931.84 176.94 471.13 614.18 1046.80 454.22 1223.95 402.27 1149.91 536.12 1128.42 653.79 1273.21 611.50
00004898 00000718 932.14 176.99 471.19 612.02 1045.71 451.43 1221.36 400.65 1145.22 533.52 1126.68 651.72 1268.58 610.22
00004899 00000719 931.54 172.22 471.81 612.16 1042.47 448.58 1220.06 397.55 1141.78 532.00 1124.41 648.13 1265.78 606.45
00004900 00000720 931.10 169.89 474.18 612.91 1042.19 446.80 1220.68 395.50 1142.28 531.95 1124.01 646.81 1266.09 605.05
00004901 00000721 931.50 166.92 470.52 617.33 1042.50 445.80 1220.85 394.58 1143.72 530.52 1124.40 647.07 1265.17 605.49
00004902 00000722 929.49 166.33 473.86 618.09 1042.21 442.84 1220.22 391.93 1144.13 528.23 1125.79 647.04 1263.77 605.84
00004903 00000723 927.75 163.90 474.19 626.61 1039.55 439.45 1217.58 387.27 1142.28 527.74 1126.32 648.54 1265.60 606.27
00004904 00000724 929.01 162.40 471.98 626.00 1039.41 437.18 1218.52 386.80 1140.38 527.10 1124.12 648.53 1261.39 608.09
00004905 00000725 931.00 159.96 475.07 620.26 1039.92 438.33 1218.75 385.86 1140.84 527.17 1124.39 646.12 1262.51 604.01
00004906 00000726 935.06 158.47 470.45 615.25 1044.48 440.23 1222.45 382.08 1150.51 527.92 1130.98 643.11 1275.76 595.74
00004907 00000727 936.04 157.42 470.12 617.53 1046.19 440.15 1222.93 382.31 1151.61 527.98 1132.20 643.03 1275.33 596.13
00004908 00000728 935.41 159.49 472.78 619.77 1044.66 438.32 1221.27 382.86 1147.99 526.92 1130.44 644.14 1271.22 599.36
00004909 00000729 933.91 159.97 470.55 620.48 1041.11 434.60 1220.19 383.46 1143.33 526.48 1125.85 645.66 1263.59 604.49
00004910 00000730 933.63 159.81 471.04 621.29 1040.74 434.31 1220.24 383.37 1142.68 526.64 1125.27 645.87 1263.86 604.69
00004911 00000731 933.36 159.70 472.73 617.67 1043.51 440.19 1222.18 386.39 1147.28 530.38 1129.05 646.00 1270.33 602.58
00004912 00000732 934.36 160.40 471.78 613.76 1044.34 442.50 1222.19 387.89 1147.75 532.37 1130.03 645.60 1272.12 601.22
00004913 00000733 933.31 161.78 472.14 610.97 1043.24 444.83 1223.65 390.15 1147.70 533.70 1128.40 646.49 1272.01 601.98
00004914 00000734 935.33 163.96 470.17 609.68 1044.90 445.50 1224.94 392.32 1148.15 533.17 1128.09 646.58 1271.56 603.68
00004915 00000735 933.53 168.18 467.05 603.24 1047.84 451.14 1226.34 399.58 1150.64 533.42 1125.35 643.42 1271.41 601.98
00004916 00000736 936.46 167.95 473.18 601.94 1049.28 450.14 1225.09 395.88 1150.53 531.21 1128.03 642.54 1274.32 598.74
00004917 00000737 936.26 162.57 471.97 608.41 1045.30 447.54 1227.52 389.40 1150.01 526.95 1127.45 643.60 1277.32 596.26
00004918 00000738 937.39 160.47 471.17 610.88 1043.10 440.57 1227.54 381.88 1149.69 525.67 1128.27 643.17 1276.93 595.46
00004919 00000739 936.87 161.37 473.05 607.52 1041.77 437.41 1225.42 379.30 1146.88 524.47 1128.09 642.28 1272.71 594.96
00004920 00000740 938.19 164.01 472.88 601.55 1041.34 435.33 1223.29 378.93 1141.98 522.91 1125.33 640.21 1266.05 594.22
00004921 00000741 939.05 161.22 468.21 604.72 1042.44 431.79 1224.74 376.92 1145.60 522.50 1127.48 638.99 1267.82 594.34
00004922 00000742 938.14 156.94 470.13 618.36 1042.28 431.87 1224.36 375.83 1146.33 521.60 1128.52 643.13 1268.85 597.96
00004923 00000743 937.61 156.09 469.82 626.39 1044.42 432.60 1223.97 377.29 1149.84 522.96 1133.44 648.07 1268.94 603.78
00004924 00000744 936.49 158.92 473.32 630.99 1041.74 435.29 1222.44 378.41 1146.62 523.32 1132.51 651.84 1270.66 606.36
00004925 00000745 937.56 158.31 467.27 624.96 1039.99 433.04 1219.55 378.64 1141.52 521.42 1126.45 646.41 1262.86 602.74
00004926 00000746 938.10 156.26 467.27 621.71 1038.80 432.21 1219.54 376.42 1140.20 521.40 1125.57 643.74 1264.83 598.55
00004927 00000747 939.78 158.79 466.72 613.44 1042.14 433.75 1221.80 376.85 1146.31 525.23 1129.10 641.37 1272.14 594.96
00004928 00000748 942.73 155.46 465.03 612.89 1044.79 435.40 1224.34 377.14 1149.55 525.39 1132.09 641.21 1274.74 593.74
00004929 00000749 942.63 155.68 464.18 614.37 1044.87 435.42 1223.69 377.10 1149.12 525.33 1131.71 641.51 1274.61 594.13
00004930 00000750 941.79 155.90 466.52 621.39 1043.74 432.92 1222.58 377.90 1145.60 524.00 1129.91 642.83 1270.23 598.29
00004931 00000751 941.53 156.75 465.17 621.77 1043.13 430.59 1224.91 378.66 1145.72 524.52 1127.02 644.15 1266.07 602.69
00004932 00000752 942.58 156.94 464.91 620.81 1044.21 432.21 1225.49 379.52 1146.76 525.74 1128.55 644.98 1268.09 602.84
00004933 00000753 943.29 158.84 466.23 618.22 1045.52 432.95 1226.87 377.81 1149.96 526.02 1131.80 644.80 1273.72 600.44
00004934 00000754 942.34 158.33 465.68 618.56 1045.18 432.90 1227.06 378.15 1150.13 526.26 1131.69 645.01 1273.38 600.99
CROP_BBOX: 711 0 1745 990
