Video ID: 	GOomYpPNddY
H: 	2160
W: 	3840
FPS: 	29.97002997002997

FRAME INDEX X0 Y0 W H [Landmarks (5 Points)]

00005006 00000000 1528.52 373.77 578.89 807.06 1665.68 712.74 1920.68 692.24 1788.60 863.57 1715.36 1006.12 1919.85 989.49
00005007 00000001 1525.10 360.21 579.61 813.35 1661.67 712.01 1920.93 691.16 1788.29 867.63 1712.82 1005.67 1921.18 988.90
00005008 00000002 1524.94 362.16 582.30 806.10 1658.72 713.20 1919.38 688.96 1787.22 867.14 1712.09 1004.06 1921.85 984.64
00005009 00000003 1523.93 364.81 582.72 797.39 1653.86 714.60 1916.50 686.56 1784.20 863.72 1712.71 1002.63 1919.31 980.59
00005010 00000004 1522.46 350.41 584.26 809.09 1650.87 715.58 1917.72 684.21 1784.17 861.53 1711.65 1001.56 1920.44 977.45
00005011 00000005 1518.75 341.83 583.55 821.09 1650.40 715.55 1914.50 684.23 1781.66 863.44 1709.13 1001.64 1918.64 977.35
00005012 00000006 1517.34 353.23 583.66 818.24 1645.72 715.55 1907.47 682.49 1775.41 860.57 1704.49 1004.66 1914.44 978.82
00005013 00000007 1510.83 339.87 587.68 838.98 1642.56 713.57 1903.31 679.06 1772.92 851.08 1703.86 1004.76 1908.49 977.95
00005014 00000008 1505.87 332.87 579.92 847.35 1638.60 709.98 1890.39 670.88 1768.76 845.21 1699.45 999.72 1908.31 969.79
00005015 00000009 1503.57 327.05 577.57 853.01 1635.12 706.63 1885.16 666.25 1762.14 841.38 1696.11 995.51 1905.66 964.33
00005016 00000010 1498.98 340.47 587.10 840.32 1623.19 702.72 1880.14 663.52 1749.23 834.28 1690.73 993.15 1895.28 962.02
00005017 00000011 1496.11 331.65 582.76 854.73 1622.03 697.66 1866.76 657.43 1737.41 834.82 1680.54 987.32 1890.18 956.64
00005018 00000012 1490.84 322.25 586.32 857.48 1613.60 696.19 1859.44 656.07 1726.15 830.07 1674.99 983.71 1884.00 953.73
00005019 00000013 1487.63 329.61 579.89 838.35 1605.72 693.68 1852.51 651.67 1719.06 825.52 1670.10 979.92 1878.87 948.29
00005020 00000014 1480.61 328.12 580.73 831.45 1599.79 690.15 1847.59 648.10 1714.63 815.77 1663.07 972.48 1874.77 940.75
00005021 00000015 1475.40 325.78 581.80 824.06 1591.23 684.55 1840.05 640.70 1706.18 807.38 1656.25 966.30 1869.46 932.90
00005022 00000016 1466.59 319.29 585.27 824.41 1580.34 682.86 1831.75 634.41 1697.15 797.37 1648.76 963.30 1863.37 926.70
00005023 00000017 1454.96 307.98 587.13 827.44 1569.52 680.96 1821.51 631.94 1687.00 796.41 1640.86 962.09 1851.73 924.99
00005024 00000018 1441.46 307.85 598.04 818.09 1557.69 683.90 1811.35 626.11 1678.93 796.89 1635.29 961.64 1851.65 918.37
00005025 00000019 1436.03 307.03 597.14 821.39 1553.47 684.23 1804.88 623.81 1674.47 798.05 1633.26 961.57 1849.03 916.02
00005026 00000020 1432.62 303.18 600.06 837.19 1552.96 683.42 1802.45 623.41 1669.47 797.17 1634.80 962.37 1844.94 917.29
00005027 00000021 1426.27 308.29 606.54 846.87 1551.73 684.75 1798.56 623.14 1667.46 798.74 1640.58 967.88 1844.58 921.55
00005028 00000022 1428.66 315.80 604.36 837.10 1552.33 685.71 1800.36 626.54 1668.16 797.19 1641.94 968.88 1841.70 924.36
00005029 00000023 1430.35 318.68 604.70 828.32 1553.76 690.27 1802.76 630.85 1672.73 795.41 1642.96 967.03 1840.85 922.61
00005030 00000024 1428.62 315.97 608.29 821.06 1554.74 690.91 1805.07 630.41 1679.34 799.08 1642.57 961.88 1845.86 916.68
00005031 00000025 1430.03 318.77 610.48 816.67 1556.57 689.23 1809.13 627.55 1685.42 799.44 1644.64 960.46 1851.87 914.02
00005032 00000026 1433.12 315.82 611.81 817.18 1562.26 686.57 1816.63 627.90 1693.08 799.28 1652.11 959.22 1855.69 913.29
00005033 00000027 1435.72 314.16 609.02 814.78 1566.34 687.68 1819.60 628.27 1700.39 800.29 1656.97 957.82 1861.66 911.43
00005034 00000028 1437.23 311.20 603.05 811.17 1570.74 693.00 1822.83 628.07 1712.47 799.65 1661.82 955.79 1871.52 907.03
00005035 00000029 1439.53 307.93 603.15 812.62 1579.47 697.23 1822.48 635.54 1718.78 808.17 1671.66 956.68 1869.99 910.20
00005036 00000030 1445.24 311.96 599.46 811.88 1591.65 695.29 1832.18 638.43 1729.33 810.87 1682.41 956.11 1877.20 912.60
00005037 00000031 1447.24 307.71 596.71 818.20 1603.56 695.08 1839.12 637.57 1745.38 811.69 1697.96 957.97 1884.99 913.20
00005038 00000032 1447.41 312.12 596.63 817.67 1607.55 696.55 1844.11 636.48 1757.60 814.48 1709.83 964.66 1895.01 917.42
00005039 00000033 1447.91 308.27 591.87 824.18 1611.20 701.85 1844.75 636.77 1767.21 821.64 1718.02 970.98 1903.68 919.97
00005040 00000034 1444.27 322.38 590.99 815.46 1602.81 709.19 1839.52 640.05 1762.17 832.64 1711.67 980.27 1902.13 926.36
00005041 00000035 1438.74 343.95 590.65 802.16 1590.02 716.04 1828.73 644.41 1750.44 837.34 1699.65 987.03 1894.25 931.28
00005042 00000036 1422.51 350.81 602.46 804.67 1577.31 722.50 1816.15 647.30 1741.30 840.87 1690.15 994.87 1888.16 936.33
00005043 00000037 1405.74 351.91 612.63 810.97 1560.20 730.58 1803.10 654.21 1724.61 849.25 1675.45 1001.73 1877.52 941.99
00005044 00000038 1393.53 337.88 621.54 841.12 1547.21 739.51 1793.81 659.42 1705.04 854.78 1673.85 1007.68 1864.81 943.88
00005045 00000039 1385.46 327.20 622.94 852.56 1536.39 746.55 1783.15 662.61 1692.49 856.39 1668.36 1013.95 1855.39 948.04
00005046 00000040 1383.41 331.49 622.53 842.74 1533.48 744.02 1780.42 661.48 1689.46 858.71 1663.70 1011.72 1852.51 946.78
00005047 00000041 1385.87 338.15 622.44 832.96 1533.14 740.22 1784.06 658.91 1689.59 857.96 1659.58 1006.88 1852.92 941.98
00005048 00000042 1392.00 336.38 616.24 831.24 1547.09 733.44 1787.44 660.22 1699.53 851.59 1654.55 1002.07 1852.45 946.25
00005049 00000043 1405.24 356.32 605.55 807.02 1548.87 727.05 1793.35 653.40 1700.52 844.37 1655.56 998.05 1860.03 940.04
00005050 00000044 1411.87 357.12 603.78 807.80 1555.51 720.56 1799.72 650.72 1706.71 841.19 1661.43 998.54 1862.75 943.26
00005051 00000045 1418.72 346.21 602.10 820.37 1563.01 717.64 1806.01 650.94 1710.48 841.10 1667.45 999.63 1862.71 946.94
00005052 00000046 1427.82 347.84 594.88 818.19 1568.79 717.95 1814.29 654.42 1716.65 844.03 1668.74 1003.39 1866.64 953.43
00005053 00000047 1432.52 339.05 589.91 826.84 1572.44 719.71 1820.94 657.83 1722.22 849.59 1665.41 1005.56 1869.58 957.58
00005054 00000048 1441.98 341.51 587.60 834.88 1578.85 720.37 1829.55 663.89 1720.32 853.63 1661.38 1005.44 1870.77 961.81
00005055 00000049 1445.42 342.14 590.76 847.91 1583.61 728.95 1830.70 671.89 1721.18 865.02 1663.66 1011.77 1875.10 967.71
00005056 00000050 1456.37 357.62 592.27 835.75 1585.87 734.68 1839.27 679.79 1721.83 873.46 1667.71 1019.84 1879.91 975.65
00005057 00000051 1458.80 346.61 594.88 852.69 1592.30 738.03 1844.58 685.78 1726.70 880.91 1671.48 1022.63 1882.89 980.29
00005058 00000052 1465.38 358.71 593.45 844.98 1602.48 739.58 1853.88 692.29 1736.70 886.81 1673.60 1022.54 1889.87 983.16
00005059 00000053 1471.26 361.10 592.20 840.18 1609.91 738.14 1861.95 692.98 1744.96 889.62 1677.81 1019.94 1896.22 981.34
00005060 00000054 1479.53 361.16 589.90 837.47 1616.99 735.61 1872.37 692.31 1751.49 885.97 1678.86 1020.07 1902.42 982.98
00005061 00000055 1491.27 375.40 585.39 819.23 1624.23 731.42 1882.77 693.31 1756.84 883.41 1682.07 1017.51 1909.94 984.19
00005062 00000056 1498.90 371.43 585.64 822.08 1632.88 725.65 1893.84 690.11 1766.59 880.63 1688.35 1015.38 1918.13 984.38
00005063 00000057 1505.73 375.10 588.26 818.27 1642.68 721.45 1907.54 691.71 1777.42 878.20 1691.10 1017.08 1923.81 992.40
00005064 00000058 1518.33 376.48 584.58 812.34 1651.52 717.74 1918.04 692.58 1784.22 881.25 1696.34 1011.49 1928.78 990.37
00005065 00000059 1524.63 382.51 583.12 807.65 1662.71 713.33 1928.57 693.85 1793.29 883.30 1703.36 1008.22 1934.76 991.45
00005066 00000060 1532.46 387.06 584.81 812.95 1678.20 712.56 1941.53 698.27 1807.58 886.42 1711.15 1005.69 1942.59 993.13
00005067 00000061 1537.88 388.30 586.35 832.40 1688.67 716.26 1954.47 701.84 1821.36 891.29 1719.13 1010.06 1956.97 996.43
00005068 00000062 1544.49 389.40 581.98 839.38 1699.82 723.08 1966.69 708.76 1838.84 898.21 1731.69 1020.25 1968.45 1005.76
00005069 00000063 1549.00 369.74 580.05 853.99 1718.09 725.23 1982.44 712.24 1862.75 903.87 1754.13 1028.41 1975.87 1015.32
00005070 DELETE   1561.33 385.69 586.10 834.09 1742.18 728.91 2010.43 716.44 1896.85 907.02 1780.33 1034.27 2003.77 1021.04
00005071 DELETE   1578.34 391.95 583.41 834.50 1788.01 731.17 2052.41 721.20 1959.67 916.15 1817.59 1049.11 2037.06 1038.13
00005072 DELETE   1596.05 386.57 592.89 862.19 1814.53 746.42 2086.07 731.44 1996.40 919.82 1860.91 1065.03 2063.32 1049.50
00005073 00000067 1605.32 403.63 593.61 864.46 1835.14 758.32 2097.10 741.38 2021.58 927.18 1877.99 1074.33 2081.95 1056.47
00005074 00000068 1603.81 416.78 597.26 848.77 1843.07 761.86 2105.55 739.31 2034.09 939.89 1879.73 1071.04 2089.03 1049.34
00005075 00000069 1603.43 422.22 597.38 832.40 1838.58 759.10 2100.80 738.16 2031.10 936.56 1865.62 1069.65 2091.94 1051.51
00005076 00000070 1597.50 413.95 601.38 826.69 1831.98 750.81 2095.16 730.49 2022.14 925.23 1860.21 1063.57 2083.24 1045.39
00005077 00000071 1597.66 411.87 594.43 816.99 1819.45 740.62 2087.25 723.12 2004.90 915.55 1856.29 1058.62 2074.05 1041.72
00005078 00000072 1595.33 417.65 593.62 811.88 1814.96 739.01 2081.99 723.38 1995.98 917.03 1851.79 1056.76 2067.90 1041.07
00005079 00000073 1589.81 415.97 593.18 821.75 1807.77 748.04 2074.00 731.99 1987.88 935.89 1837.04 1064.29 2061.24 1048.96
00005080 00000074 1582.64 402.79 597.01 846.40 1801.58 751.32 2067.66 734.81 1981.45 939.47 1829.73 1067.59 2054.82 1051.91
00005081 00000075 1581.27 397.27 594.85 848.68 1796.71 745.92 2062.40 733.12 1972.00 933.90 1822.32 1064.01 2046.50 1051.38
00005082 00000076 1575.88 402.83 590.68 840.34 1792.06 738.91 2054.04 726.69 1964.14 921.19 1828.72 1058.52 2037.45 1044.79
00005083 00000077 1572.11 401.90 587.41 841.39 1780.24 736.33 2044.47 723.99 1951.66 918.34 1814.09 1055.42 2027.42 1041.40
00005084 00000078 1570.01 390.72 583.47 850.48 1768.34 737.23 2030.30 722.01 1935.61 917.60 1797.19 1053.38 2017.28 1037.69
00005085 00000079 1569.35 414.66 582.15 817.72 1749.48 739.24 2020.72 726.58 1907.38 924.97 1780.60 1049.73 2011.33 1036.45
00005086 00000080 1568.28 420.96 581.30 803.49 1741.01 738.02 2017.35 727.62 1895.86 926.95 1766.72 1042.56 2006.42 1031.85
00005087 00000081 1562.83 411.18 584.86 805.65 1732.40 737.68 2011.88 726.97 1887.39 928.83 1764.61 1037.12 2003.24 1024.95
00005088 00000082 1565.04 408.97 580.24 813.21 1735.42 733.40 2007.19 727.58 1884.12 928.97 1763.88 1038.58 1994.96 1030.35
00005089 00000083 1559.96 415.71 586.21 823.91 1731.26 741.20 2007.98 736.83 1882.12 941.55 1752.00 1045.56 1997.38 1038.72
00005090 00000084 1557.07 400.12 589.59 857.70 1730.38 752.02 2002.19 746.72 1879.23 955.67 1749.15 1054.72 1995.12 1046.36
00005091 00000085 1552.05 408.23 591.75 855.48 1727.15 758.74 2000.31 751.17 1878.71 964.15 1744.43 1053.63 1995.90 1043.46
00005092 00000086 1549.05 394.44 598.06 873.21 1725.00 756.45 1999.93 751.48 1875.87 961.43 1739.28 1044.48 1997.12 1036.46
00005093 00000087 1544.45 394.42 600.37 863.44 1721.98 754.41 1995.71 747.17 1874.40 954.75 1734.69 1036.92 1997.58 1027.78
00005094 00000088 1546.18 394.37 598.67 860.66 1719.56 747.82 1994.86 744.63 1870.79 949.31 1727.79 1026.70 1994.26 1021.48
00005095 00000089 1550.14 391.95 589.45 867.78 1718.64 742.81 1993.11 740.30 1869.49 943.40 1728.71 1029.64 1988.81 1025.12
00005096 00000090 1542.56 385.63 597.36 878.02 1716.22 743.88 1989.02 739.49 1868.54 943.99 1728.43 1028.84 1988.71 1022.35
00005097 00000091 1541.27 379.23 594.66 885.17 1713.87 748.49 1986.15 742.84 1866.88 945.36 1727.22 1031.66 1987.81 1024.05
00005098 00000092 1538.36 391.57 598.96 871.42 1711.72 752.71 1983.30 742.67 1866.05 946.27 1728.38 1042.53 1987.84 1030.51
00005099 00000093 1538.15 384.29 588.80 876.78 1709.57 764.91 1982.23 756.62 1864.38 952.53 1729.05 1045.40 1979.89 1035.01
00005100 00000094 1536.95 395.20 592.93 868.28 1707.63 772.21 1981.45 759.33 1863.66 958.61 1729.97 1048.29 1982.89 1034.04
00005101 00000095 1537.06 398.81 598.01 864.91 1706.25 774.60 1981.55 762.98 1861.16 961.55 1729.79 1048.12 1981.47 1035.11
00005102 00000096 1538.93 389.81 593.44 873.70 1706.11 772.72 1981.04 762.97 1859.99 961.93 1729.79 1050.42 1977.20 1039.19
00005103 00000097 1538.48 385.45 597.56 875.08 1710.89 770.70 1984.55 761.84 1855.43 954.56 1740.26 1057.23 1970.45 1047.80
00005104 00000098 1540.16 384.15 592.08 877.57 1709.47 765.36 1978.68 754.77 1860.61 947.93 1733.45 1061.70 1973.05 1051.04
00005105 00000099 1541.02 380.84 591.97 885.27 1709.03 764.93 1976.77 753.88 1858.79 945.78 1729.66 1060.79 1975.92 1049.68
00005106 00000100 1542.65 395.80 589.18 867.10 1708.61 763.20 1976.53 752.76 1857.02 944.44 1727.49 1059.37 1975.71 1048.72
00005107 00000101 1542.63 397.95 586.92 863.68 1708.00 762.03 1975.15 751.50 1857.75 940.24 1725.48 1057.49 1975.83 1047.25
00005108 00000102 1542.67 398.20 586.75 858.92 1707.48 763.41 1974.97 752.71 1856.69 940.27 1725.10 1054.56 1975.29 1044.37
00005109 00000103 1542.78 393.33 583.13 862.24 1706.29 763.85 1971.70 752.68 1855.29 939.64 1724.63 1051.46 1975.08 1040.54
00005110 00000104 1542.67 387.33 584.48 868.44 1705.38 762.30 1972.09 750.48 1855.36 940.40 1726.33 1051.14 1975.64 1039.22
00005111 00000105 1542.37 382.32 583.97 872.05 1706.15 762.44 1970.96 750.06 1856.03 937.62 1727.79 1049.03 1973.89 1036.89
00005112 00000106 1542.72 383.95 584.90 865.42 1706.43 761.43 1970.90 749.53 1854.48 936.71 1729.62 1048.51 1972.12 1036.67
00005113 00000107 1544.13 396.87 583.37 843.70 1705.60 759.87 1971.53 747.96 1853.78 935.12 1728.14 1045.46 1974.18 1033.44
00005114 00000108 1545.04 389.06 581.61 848.01 1706.21 758.61 1970.73 745.86 1853.88 931.29 1729.21 1044.55 1972.81 1032.34
00005115 00000109 1546.98 394.03 581.41 838.11 1707.21 754.56 1971.73 744.21 1852.62 928.43 1730.72 1039.84 1970.57 1029.54
00005116 00000110 1549.72 397.60 579.13 831.32 1709.74 752.23 1973.18 741.33 1853.34 922.90 1735.41 1038.01 1970.13 1027.56
00005117 00000111 1550.63 394.05 579.14 833.57 1710.24 744.36 1974.82 730.12 1853.08 912.48 1741.26 1034.56 1970.78 1021.28
00005118 00000112 1552.94 386.75 581.29 849.66 1714.68 735.86 1975.93 721.69 1852.54 903.64 1744.98 1027.90 1973.15 1014.01
00005119 00000113 1553.96 380.54 585.89 859.12 1717.69 726.12 1979.53 713.26 1853.28 884.63 1746.09 1024.02 1973.13 1012.64
00005120 00000114 1557.20 378.10 588.27 857.89 1720.27 717.10 1984.14 706.37 1854.38 871.50 1750.85 1023.80 1970.19 1014.89
00005121 00000115 1561.21 383.73 588.44 849.25 1725.82 712.52 1988.94 703.68 1860.39 863.66 1757.63 1021.01 1973.68 1013.66
00005122 00000116 1573.60 389.60 577.94 835.33 1736.19 705.62 1996.49 699.72 1870.31 859.62 1763.70 1016.09 1980.79 1010.11
00005123 00000117 1580.42 386.85 578.91 840.49 1740.83 701.00 2003.16 698.42 1871.66 859.74 1763.92 1014.58 1982.78 1011.35
00005124 00000118 1583.24 384.69 575.85 840.82 1744.71 699.46 2006.33 698.87 1874.38 859.03 1768.30 1012.87 1984.73 1011.15
00005125 00000119 1586.10 384.36 576.83 841.79 1746.58 697.78 2009.16 697.30 1875.61 855.44 1770.43 1012.58 1986.30 1011.10
00005126 00000120 1589.61 373.19 571.78 856.50 1750.10 697.39 2007.09 694.83 1876.31 857.00 1772.91 1013.92 1986.12 1010.66
00005127 00000121 1590.72 385.54 576.00 841.95 1749.53 696.15 2011.09 696.15 1876.83 852.04 1774.15 1011.62 1987.12 1010.60
00005128 00000122 1592.55 369.70 572.74 858.16 1753.64 696.98 2012.08 694.81 1879.56 851.25 1775.67 1008.15 1990.40 1005.55
00005129 00000123 1594.83 367.55 576.16 845.53 1756.92 695.01 2014.92 694.15 1883.13 847.97 1785.58 998.17 1988.81 996.71
00005130 00000124 1599.59 364.50 575.96 833.01 1764.38 694.22 2020.62 694.59 1893.71 845.13 1791.99 988.86 1996.36 988.70
00005131 00000125 1606.25 354.96 573.15 833.59 1769.75 690.84 2025.44 691.69 1897.42 844.00 1795.04 979.65 2001.27 980.19
00005132 00000126 1609.14 353.16 573.96 833.48 1772.27 686.26 2029.04 686.90 1900.05 840.91 1796.07 975.90 2006.37 976.34
00005133 00000127 1607.88 363.28 582.35 820.17 1769.04 678.96 2035.55 678.91 1902.74 831.70 1794.48 969.33 2012.24 970.32
00005134 00000128 1607.71 348.14 588.45 834.73 1768.43 670.14 2039.23 671.16 1903.39 823.47 1801.93 971.40 2005.32 973.32
00005135 00000129 1609.19 341.77 587.79 835.16 1768.64 665.03 2039.64 668.23 1901.87 822.68 1795.53 963.41 2008.37 967.32
00005136 00000130 1608.04 342.49 584.38 826.49 1767.03 658.88 2035.43 662.67 1898.10 817.61 1789.08 953.15 2005.25 957.37
00005137 00000131 1602.07 349.04 584.50 815.30 1763.11 650.84 2031.44 654.21 1896.34 813.34 1784.34 948.35 2001.64 951.93
00005138 00000132 1602.40 330.32 573.02 828.06 1762.23 648.55 2023.78 651.24 1890.82 807.04 1779.33 951.12 1998.11 952.24
00005139 00000133 1591.16 354.16 589.46 816.48 1749.60 648.84 2018.40 646.49 1882.90 803.31 1781.78 953.18 1991.89 951.63
00005140 00000134 1588.26 358.52 586.77 815.68 1742.98 649.34 2011.91 645.86 1876.09 801.59 1777.74 956.32 1987.03 953.68
00005141 00000135 1587.59 339.82 570.11 817.55 1737.84 652.07 1997.61 645.49 1865.01 802.02 1766.43 953.18 1981.06 946.91
00005142 00000136 1582.68 346.56 565.17 795.99 1725.42 652.80 1987.11 644.86 1851.11 801.04 1755.65 947.80 1975.17 940.60
00005143 00000137 1572.07 333.85 568.54 797.70 1708.45 655.53 1975.50 641.90 1836.22 805.96 1743.79 947.02 1968.01 935.75
00005144 00000138 1567.02 347.40 564.73 783.70 1698.04 660.78 1962.41 644.59 1824.84 810.19 1734.66 950.20 1963.01 936.72
00005145 00000139 1555.37 349.30 567.45 778.35 1687.17 663.31 1949.37 642.09 1816.51 812.20 1727.57 954.88 1955.87 937.59
00005146 00000140 1549.91 337.45 569.64 795.41 1679.14 665.25 1941.64 641.54 1806.49 813.35 1720.87 954.26 1950.67 935.43
00005147 00000141 1542.56 339.73 572.77 801.27 1672.85 670.28 1934.87 645.35 1798.33 817.08 1715.74 959.21 1942.79 939.53
00005148 00000142 1537.73 340.76 574.03 804.64 1664.65 672.65 1929.08 645.42 1790.82 818.27 1708.63 963.49 1938.13 942.17
00005149 00000143 1534.12 347.25 570.58 800.95 1659.81 675.36 1925.08 648.78 1787.87 822.22 1702.74 966.90 1933.23 945.87
00005150 00000144 1530.00 356.93 572.52 790.80 1656.98 679.61 1915.65 652.19 1781.36 826.10 1699.70 969.69 1926.57 948.31
00005151 00000145 1523.74 353.13 574.21 797.59 1649.54 682.01 1911.25 653.33 1776.64 827.40 1695.90 972.68 1921.45 950.51
00005152 00000146 1521.93 356.37 576.48 790.96 1646.37 683.87 1908.64 655.01 1773.87 830.13 1692.96 973.23 1919.57 951.07
00005153 00000147 1523.98 361.12 574.75 784.25 1648.27 687.05 1908.70 659.04 1775.78 833.15 1693.69 974.88 1920.02 953.55
00005154 00000148 1526.65 352.95 572.37 795.34 1649.45 689.09 1909.44 660.36 1776.39 835.41 1695.16 976.62 1921.52 954.94
00005155 00000149 1527.15 365.64 578.38 786.91 1650.96 689.33 1911.96 662.47 1775.75 832.32 1696.09 975.92 1922.88 955.73
00005156 00000150 1533.02 365.84 573.05 788.23 1659.11 692.81 1913.82 669.16 1780.19 840.55 1700.76 979.15 1923.48 961.63
00005157 00000151 1533.42 370.63 572.74 787.40 1660.89 703.06 1914.09 677.89 1783.44 843.91 1701.71 981.09 1924.20 962.63
00005158 00000152 1534.25 368.73 570.79 787.51 1663.21 701.25 1914.66 680.59 1784.30 850.73 1705.60 981.01 1920.60 965.45
00005159 00000153 1534.28 366.38 570.73 790.06 1661.35 704.79 1916.50 681.61 1786.00 851.58 1705.89 983.35 1920.90 966.06
00005160 00000154 1526.04 360.06 582.20 801.87 1656.57 697.11 1916.47 674.48 1782.35 850.99 1697.84 981.52 1921.49 964.40
00005161 00000155 1524.08 360.38 578.42 800.22 1654.87 694.55 1910.32 672.41 1778.21 849.82 1695.00 979.78 1916.81 962.90
00005162 00000156 1516.37 342.64 581.25 822.58 1647.23 691.82 1901.77 666.48 1770.63 845.19 1691.88 979.88 1907.20 960.54
00005163 00000157 1511.68 336.12 585.77 833.63 1641.53 691.69 1898.56 664.68 1763.81 843.69 1693.19 983.54 1902.50 962.89
00005164 00000158 1506.32 333.35 585.71 834.86 1634.22 699.74 1881.54 664.29 1753.51 845.59 1697.98 991.55 1891.45 964.60
00005165 00000159 1499.33 333.03 584.59 836.30 1621.36 706.57 1866.92 662.53 1741.06 846.68 1692.89 994.75 1889.53 960.87
00005166 00000160 1493.47 328.11 588.71 849.82 1613.40 706.62 1853.10 660.74 1724.28 843.11 1684.05 993.87 1881.52 959.50
00005167 00000161 1488.59 354.91 585.85 826.48 1599.97 711.09 1841.72 660.65 1707.83 838.69 1674.80 1001.33 1873.46 963.42
00005168 00000162 1477.20 345.88 597.07 846.64 1583.85 716.85 1837.54 665.27 1698.74 842.53 1670.62 1013.03 1866.25 973.95
00005169 00000163 1466.31 351.02 603.65 840.58 1572.71 720.22 1827.36 662.30 1691.96 841.55 1669.02 1009.94 1862.06 965.88
00005170 00000164 1461.12 340.80 606.90 845.83 1565.48 724.88 1818.26 663.39 1683.52 844.22 1663.91 1010.69 1853.68 964.77
00005171 00000165 1458.03 343.94 607.68 837.69 1562.80 721.97 1814.58 663.21 1678.88 843.61 1660.69 1008.46 1848.50 964.34
00005172 00000166 1462.42 340.48 604.80 840.57 1564.03 724.43 1813.95 665.57 1676.74 845.82 1658.29 1010.21 1849.18 966.37
00005173 00000167 1463.61 337.92 604.53 840.97 1565.28 725.48 1815.73 665.95 1680.31 847.91 1660.17 1009.80 1849.60 965.53
00005174 00000168 1468.22 346.61 604.67 832.24 1570.16 721.78 1819.52 665.18 1683.02 848.08 1660.92 1007.40 1853.26 964.57
00005175 00000169 1471.78 347.24 604.50 827.87 1574.25 720.22 1826.66 667.38 1690.90 852.77 1661.46 1005.07 1862.64 964.23
00005176 00000170 1474.18 349.73 604.75 826.01 1576.77 722.46 1828.48 669.88 1693.06 857.18 1664.12 1004.90 1867.26 963.98
00005177 00000171 1478.04 351.83 600.59 824.87 1581.96 722.27 1833.30 671.57 1696.41 858.11 1666.90 1005.67 1868.72 966.02
00005178 00000172 1480.73 350.97 600.56 833.02 1585.84 723.74 1836.70 674.64 1698.89 860.36 1672.78 1008.19 1869.43 969.66
00005179 00000173 1481.79 347.64 602.53 841.68 1588.61 723.73 1844.38 676.49 1704.75 864.10 1674.28 1012.21 1869.70 974.90
00005180 00000174 1483.72 347.60 601.20 841.89 1593.62 726.09 1845.79 679.85 1708.29 868.34 1676.85 1016.85 1868.12 980.55
00005181 00000175 1490.08 355.29 602.86 833.97 1600.74 721.60 1852.10 681.62 1708.77 868.37 1678.75 1017.71 1865.78 986.13
00005182 00000176 1493.95 352.30 603.79 835.32 1607.77 720.40 1855.72 682.74 1712.73 869.92 1682.90 1016.80 1869.29 986.78
00005183 00000177 1497.09 358.67 606.01 831.15 1613.45 720.71 1860.87 683.11 1720.48 872.12 1686.35 1016.48 1876.03 986.03
00005184 00000178 1499.78 357.10 608.64 832.25 1616.04 718.38 1866.00 682.49 1724.87 872.27 1689.34 1017.52 1877.85 988.55
00005185 00000179 1504.25 353.19 605.54 837.14 1620.42 717.19 1871.41 682.22 1730.12 870.73 1692.02 1017.38 1884.60 989.19
00005186 00000180 1508.32 351.53 604.57 838.39 1624.96 716.18 1876.00 682.29 1734.36 867.17 1695.77 1020.44 1882.33 994.06
00005187 00000181 1508.07 343.37 605.50 847.41 1625.83 711.99 1879.57 678.47 1736.44 865.46 1696.15 1021.59 1884.19 995.50
00005188 00000182 1507.00 347.79 607.57 844.11 1626.84 711.52 1881.38 678.70 1738.97 865.43 1697.31 1022.75 1884.67 997.15
00005189 00000183 1507.65 349.63 606.83 841.82 1626.88 715.02 1880.68 681.86 1739.54 869.54 1696.51 1020.52 1886.94 994.21
00005190 00000184 1511.68 363.08 599.18 832.81 1627.15 721.22 1878.70 686.02 1738.39 874.51 1693.91 1022.59 1893.86 994.28
00005191 00000185 1513.45 369.47 590.04 825.23 1631.65 739.51 1868.90 701.93 1736.66 885.56 1694.84 1024.79 1894.15 994.86
00005192 00000186 1507.84 369.69 594.35 823.15 1623.33 744.97 1864.41 711.42 1728.88 898.48 1688.31 1033.23 1884.11 1006.74
00005193 00000187 1506.68 375.82 593.55 825.55 1615.80 744.64 1857.16 709.62 1719.79 906.55 1683.58 1045.40 1874.05 1017.33
00005194 00000188 1501.32 388.35 595.45 819.47 1606.20 747.57 1847.60 713.54 1705.58 916.31 1673.70 1050.66 1865.89 1023.05
00005195 00000189 1498.21 410.65 587.65 814.35 1597.04 757.55 1832.17 719.64 1691.13 910.93 1666.03 1058.13 1859.04 1029.64
00005196 00000190 1491.59 405.88 587.20 839.76 1588.84 765.65 1817.81 721.98 1674.04 916.77 1663.32 1074.55 1842.61 1042.48
00005197 00000191 1478.85 408.58 594.82 848.77 1578.54 771.87 1812.28 731.51 1668.04 923.99 1658.91 1084.42 1828.24 1053.75
00005198 00000192 1474.47 412.06 596.36 847.03 1572.09 780.11 1803.78 740.23 1661.09 933.74 1654.32 1091.24 1824.34 1061.21
00005199 00000193 1471.16 415.07 597.08 843.36 1568.08 785.67 1799.87 751.57 1653.28 947.34 1648.05 1090.46 1822.23 1064.39
00005200 00000194 1473.27 414.66 594.11 843.56 1564.52 792.23 1796.59 760.58 1647.92 960.27 1639.27 1090.09 1822.65 1065.75
00005201 00000195 1471.21 429.67 592.26 825.10 1560.77 795.94 1796.06 765.39 1644.79 966.45 1632.83 1091.08 1822.32 1067.13
00005202 00000196 1473.16 440.20 590.38 819.30 1558.79 796.73 1794.15 767.84 1640.97 970.59 1628.54 1095.02 1819.29 1072.09
00005203 00000197 1471.21 437.91 589.65 833.04 1556.80 801.52 1792.61 770.84 1637.69 972.95 1628.07 1102.15 1813.97 1077.86
00005204 00000198 1467.55 449.93 588.85 842.31 1558.19 804.87 1787.85 773.40 1636.91 978.31 1634.36 1114.01 1808.70 1088.61
00005205 00000199 1468.36 456.19 582.15 843.53 1558.99 809.08 1785.39 777.15 1633.66 983.26 1633.41 1118.43 1809.26 1092.42
00005206 00000200 1467.55 462.21 584.50 841.32 1555.19 809.62 1786.02 779.59 1631.03 986.57 1627.70 1120.20 1810.62 1095.11
00005207 00000201 1459.85 463.55 589.71 834.47 1551.58 812.13 1786.18 782.65 1631.67 991.83 1623.02 1121.28 1812.06 1096.32
00005208 00000202 1463.94 465.53 588.77 830.57 1552.52 813.01 1785.17 785.62 1629.69 994.73 1620.33 1119.17 1811.41 1095.95
00005209 00000203 1463.25 464.50 590.02 828.12 1551.72 812.56 1785.93 785.88 1629.40 994.27 1619.16 1119.01 1810.61 1096.57
00005210 00000204 1466.59 462.06 587.97 829.75 1554.26 812.02 1787.77 782.01 1633.66 988.97 1622.73 1119.57 1811.65 1095.15
00005211 00000205 1465.45 459.70 589.73 831.05 1555.95 811.80 1790.99 781.83 1638.32 985.41 1625.82 1116.62 1813.82 1092.38
00005212 00000206 1471.07 456.55 588.74 828.67 1559.56 810.11 1796.28 778.07 1645.09 980.15 1630.01 1115.01 1818.99 1089.73
00005213 00000207 1474.90 452.76 588.42 825.06 1564.69 803.82 1802.50 774.35 1651.07 972.30 1633.55 1109.99 1822.23 1087.00
00005214 00000208 1477.92 449.23 591.63 821.85 1570.18 797.88 1807.76 770.65 1656.42 964.61 1638.51 1101.89 1826.41 1080.98
00005215 00000209 1480.68 435.75 592.72 829.33 1572.53 790.75 1814.44 765.53 1661.76 956.57 1640.19 1091.48 1832.34 1071.96
00005216 00000210 1487.40 418.09 597.59 836.27 1580.71 781.38 1826.42 757.42 1670.70 946.14 1644.36 1082.37 1842.18 1064.50
00005217 00000211 1504.88 424.76 590.02 821.04 1595.33 771.74 1840.49 745.59 1680.48 938.90 1657.78 1075.85 1857.31 1054.13
00005218 00000212 1510.67 422.44 583.55 802.45 1604.97 763.25 1845.04 737.01 1694.79 937.24 1664.33 1063.69 1862.17 1042.19
00005219 00000213 1522.10 417.99 580.34 791.49 1615.65 751.05 1852.22 727.60 1702.78 928.21 1668.54 1052.86 1873.82 1034.23
00005220 00000214 1532.20 404.76 580.40 797.11 1630.08 743.74 1871.45 721.32 1719.74 913.44 1679.33 1042.21 1889.03 1024.88
00005221 00000215 1538.90 400.89 583.61 790.32 1640.16 735.57 1888.49 713.70 1736.72 899.01 1692.70 1033.43 1901.25 1016.78
00005222 00000216 1551.43 391.93 592.23 798.04 1653.36 727.85 1909.03 710.68 1746.03 895.19 1704.63 1020.53 1904.02 1006.82
00005223 00000217 1565.18 383.24 586.77 796.10 1671.75 719.16 1923.77 706.94 1759.73 887.19 1715.53 1006.45 1921.59 996.10
00005224 00000218 1573.23 377.57 590.74 796.30 1686.04 710.56 1938.23 699.67 1780.14 875.05 1728.40 1000.39 1932.76 991.23
00005225 00000219 1589.76 373.94 585.06 791.89 1700.78 699.01 1953.30 691.87 1798.07 858.68 1738.28 989.42 1940.30 983.91
00005226 00000220 1597.77 362.37 584.58 800.91 1708.88 693.05 1968.53 685.61 1812.40 844.07 1746.55 986.19 1950.17 981.73
00005227 00000221 1604.82 351.65 584.09 808.96 1719.51 685.13 1980.49 680.46 1823.75 837.68 1755.41 982.83 1953.19 980.94
00005228 00000222 1612.71 337.55 571.58 819.34 1729.60 675.90 1985.37 670.68 1832.51 829.63 1761.39 978.03 1962.61 975.59
00005229 00000223 1613.16 341.40 574.68 811.09 1732.35 668.35 1992.39 663.10 1838.08 824.71 1763.73 973.47 1965.25 970.47
00005230 00000224 1613.98 322.76 576.57 825.22 1736.65 663.95 1997.75 661.83 1842.87 824.07 1766.23 968.21 1968.91 967.67
00005231 00000225 1616.08 306.21 571.67 835.06 1741.81 660.46 1999.40 659.49 1849.65 824.71 1766.81 963.05 1970.27 963.16
00005232 00000226 1616.23 305.79 572.24 831.43 1743.81 657.97 2000.73 657.97 1851.39 821.80 1768.09 956.49 1973.58 957.21
00005233 00000227 1617.18 311.35 569.65 816.06 1743.59 655.68 2001.82 655.85 1852.52 821.39 1768.50 953.69 1974.21 954.58
00005234 00000228 1617.16 304.93 570.59 821.58 1745.27 655.02 2005.52 656.04 1855.25 819.68 1768.80 950.98 1978.25 952.62
00005235 00000229 1615.17 311.28 572.04 812.63 1744.15 652.45 2003.31 653.85 1855.26 818.65 1766.50 948.04 1978.16 949.81
00005236 00000230 1616.26 311.88 571.37 814.85 1745.60 653.15 2003.59 654.57 1855.38 816.45 1768.49 948.30 1977.07 950.27
00005237 00000231 1618.19 295.17 572.24 838.22 1747.38 658.10 2003.01 660.03 1855.98 819.02 1768.20 950.31 1976.78 953.02
00005238 00000232 1618.70 298.87 574.24 841.22 1749.11 669.96 2001.57 671.10 1856.98 823.67 1774.41 954.73 1976.29 957.19
00005239 00000233 1621.88 298.58 573.46 844.31 1753.90 671.70 2004.17 671.68 1860.99 821.47 1779.97 955.62 1977.82 957.45
00005240 00000234 1624.40 288.03 574.46 856.96 1760.47 672.24 2007.81 671.64 1867.85 823.94 1784.95 957.60 1980.68 959.16
00005241 00000235 1625.87 286.53 577.95 860.73 1765.75 669.72 2015.36 672.26 1875.22 825.31 1786.98 956.46 1985.98 960.25
00005242 00000236 1630.15 288.57 579.00 860.01 1769.39 667.62 2019.99 673.39 1877.08 827.13 1787.35 956.63 1987.36 962.97
00005243 00000237 1631.96 290.21 579.15 857.91 1772.86 665.28 2023.82 671.80 1879.92 827.23 1792.51 956.74 1990.25 963.27
00005244 00000238 1636.85 293.21 576.06 857.58 1776.65 663.48 2027.14 670.39 1883.34 825.18 1795.08 956.67 1993.94 963.33
00005245 00000239 1640.74 294.69 576.80 854.57 1779.71 662.62 2032.67 669.55 1886.45 822.39 1799.64 957.47 1998.10 964.25
00005246 00000240 1644.99 303.99 574.53 845.95 1781.33 664.08 2039.28 670.78 1891.30 819.48 1802.36 959.50 2002.28 966.48
00005247 00000241 1651.19 311.15 574.33 830.39 1784.05 660.99 2045.11 668.04 1892.50 817.08 1812.25 958.19 2003.77 966.11
00005248 00000242 1652.38 310.79 575.92 832.54 1788.59 659.23 2051.13 666.30 1897.00 816.09 1816.12 958.75 2009.02 966.67
00005249 00000243 1652.04 310.82 577.34 832.93 1791.32 656.48 2050.75 664.26 1899.34 819.72 1818.01 957.73 2009.24 965.84
00005250 00000244 1655.47 309.12 572.74 835.81 1794.70 656.33 2053.85 661.61 1905.50 815.55 1822.90 958.54 2015.29 964.86
00005251 00000245 1654.18 304.05 575.38 836.52 1794.79 656.28 2056.16 663.42 1906.10 812.31 1822.12 955.35 2015.62 963.29
00005252 00000246 1654.44 296.55 574.01 842.72 1795.35 653.74 2058.33 660.73 1908.90 807.12 1823.77 952.97 2017.55 960.88
00005253 00000247 1654.45 290.49 571.49 842.71 1795.95 652.17 2054.99 656.55 1910.39 804.97 1824.35 950.05 2017.09 956.25
00005254 00000248 1655.12 283.92 572.86 846.34 1795.56 648.38 2056.21 653.62 1909.28 803.72 1823.79 947.24 2017.51 954.15
00005255 00000249 1655.79 278.98 573.10 846.45 1794.30 645.24 2058.15 650.92 1909.69 798.25 1821.77 943.63 2017.56 950.94
00005256 00000250 1660.30 279.92 569.41 845.61 1798.85 643.77 2059.31 647.83 1913.94 795.64 1826.04 942.65 2021.52 948.71
00005257 00000251 1660.61 286.29 573.22 845.03 1799.80 642.23 2059.88 646.22 1913.53 792.90 1827.76 941.04 2020.10 947.17
00005258 00000252 1660.20 278.09 575.76 859.30 1803.78 640.78 2061.86 644.01 1920.01 788.75 1831.93 941.59 2021.25 947.81
00005259 00000253 1661.02 290.98 579.16 850.84 1809.41 639.83 2067.50 645.35 1923.63 784.62 1833.83 939.07 2025.74 945.48
00005260 00000254 1665.62 282.90 573.59 862.91 1813.53 638.40 2067.35 644.23 1924.72 788.52 1833.83 940.45 2028.78 946.65
00005261 00000255 1667.85 289.90 573.57 855.78 1815.82 636.59 2073.45 643.33 1928.97 786.06 1835.83 939.38 2033.70 946.23
00005262 00000256 1670.22 288.32 575.79 859.21 1819.37 637.84 2076.51 644.48 1932.43 786.00 1838.80 938.52 2037.43 945.44
00005263 00000257 1674.46 286.84 568.91 858.15 1822.97 638.37 2077.09 644.55 1936.37 792.52 1839.00 937.25 2041.87 943.22
00005264 00000258 1677.02 292.56 568.96 851.16 1825.45 639.81 2079.93 645.97 1938.54 798.57 1840.47 937.95 2044.42 943.76
00005265 00000259 1679.33 287.56 572.92 855.46 1829.22 639.43 2084.04 646.55 1942.29 800.77 1844.14 938.76 2048.47 945.32
00005266 00000260 1682.61 288.59 571.68 849.69 1830.74 641.17 2088.48 647.56 1944.48 802.28 1844.76 937.14 2054.79 943.24
00005267 00000261 1685.81 290.90 571.73 845.01 1833.32 641.08 2092.12 646.93 1947.46 802.06 1847.79 935.52 2060.02 941.18
00005268 00000262 1689.82 282.60 570.52 852.58 1833.36 636.50 2093.72 641.59 1954.87 805.00 1849.21 937.50 2063.30 943.78
00005269 00000263 1692.18 281.94 571.01 845.40 1833.91 635.60 2098.58 641.44 1958.15 805.28 1842.95 939.39 2071.18 946.54
00005270 00000264 1693.29 276.74 570.52 847.90 1837.76 634.21 2104.73 640.80 1965.96 805.65 1845.82 936.01 2077.53 943.57
00005271 00000265 1695.46 283.25 568.90 837.26 1842.12 638.05 2110.41 647.80 1966.71 811.37 1845.56 934.02 2085.99 943.21
00005272 00000266 1695.65 282.04 570.14 840.19 1843.19 632.58 2110.78 638.96 1973.05 804.69 1847.50 934.05 2087.27 941.64
00005273 00000267 1695.76 280.80 574.34 845.08 1845.74 632.11 2114.44 638.80 1976.27 810.39 1851.06 925.98 2092.13 932.41
00005274 00000268 1697.01 288.49 571.49 832.21 1845.99 633.31 2113.41 637.59 1978.87 809.32 1853.67 920.10 2097.46 923.75
00005275 00000269 1696.99 283.25 571.65 834.53 1847.24 635.50 2115.61 637.34 1981.99 805.43 1858.51 917.87 2099.67 919.76
00005276 00000270 1698.39 286.08 573.94 829.74 1849.43 636.05 2116.73 638.22 1982.35 806.61 1862.55 913.50 2098.71 915.53
00005277 00000271 1699.78 282.41 572.27 826.69 1850.48 634.70 2118.96 636.05 1986.51 804.92 1863.99 909.46 2102.60 910.62
00005278 00000272 1698.66 279.69 580.84 836.19 1852.15 636.52 2121.87 635.65 1988.93 807.08 1865.73 911.86 2109.16 910.93
00005279 00000273 1703.72 281.66 573.97 831.62 1853.89 637.53 2121.60 633.32 1991.30 808.36 1872.12 921.21 2110.78 917.81
00005280 00000274 1702.35 283.20 579.90 832.46 1853.31 639.31 2123.30 636.40 1989.29 810.91 1869.51 923.69 2110.20 921.77
00005281 00000275 1703.06 280.36 579.90 834.04 1853.45 641.84 2123.94 636.59 1991.34 815.02 1872.09 927.60 2111.13 923.70
00005282 00000276 1703.07 292.84 582.25 818.63 1853.32 644.79 2124.44 638.25 1989.66 814.28 1876.44 929.72 2110.30 925.45
00005283 00000277 1702.49 291.40 580.51 820.64 1852.98 645.97 2123.91 639.12 1990.40 816.17 1876.52 931.21 2109.91 926.54
00005284 00000278 1701.85 294.05 582.06 826.14 1852.98 648.88 2126.46 644.96 1987.65 816.93 1882.47 932.70 2110.54 927.58
00005285 00000279 1703.36 287.58 583.42 828.03 1854.41 647.23 2125.01 637.58 1991.67 815.14 1881.47 933.75 2111.51 926.96
00005286 00000280 1704.96 292.42 580.86 820.93 1855.37 647.96 2126.22 637.63 1993.66 816.10 1884.38 932.85 2115.70 925.20
00005287 00000281 1708.91 289.79 579.84 823.07 1858.16 645.84 2128.24 638.32 1994.01 813.79 1884.31 929.69 2114.18 924.44
00005288 00000282 1708.80 287.86 581.90 828.82 1859.65 646.34 2128.46 639.82 1994.81 813.69 1885.77 928.04 2113.30 923.65
00005289 00000283 1711.96 286.90 584.69 829.03 1863.59 645.00 2130.63 640.11 1996.49 813.08 1888.23 924.79 2113.34 921.43
00005290 00000284 1717.46 284.98 577.99 826.70 1862.74 643.50 2132.74 643.09 1994.15 808.41 1891.45 928.60 2112.32 928.22
00005291 00000285 1719.56 282.10 582.10 827.18 1865.76 643.07 2136.88 646.09 1994.88 809.54 1891.86 930.16 2107.96 932.81
00005292 00000286 1725.85 276.45 575.24 837.46 1869.22 643.28 2138.25 647.37 1995.70 807.57 1896.89 937.54 2106.03 941.54
00005293 00000287 1724.76 279.52 578.34 841.73 1871.51 645.92 2139.90 648.21 1999.52 810.54 1902.70 947.16 2109.24 949.74
00005294 00000288 1724.35 278.19 581.68 857.39 1873.10 646.78 2142.98 649.11 1999.97 817.56 1905.56 953.98 2111.15 956.13
00005295 00000289 1727.95 288.55 577.02 854.87 1884.16 648.42 2147.82 653.20 2007.70 820.58 1901.74 951.38 2112.90 954.94
00005296 00000290 1726.49 290.91 579.11 850.51 1884.39 650.44 2148.14 656.12 2009.91 822.48 1900.17 948.48 2114.40 952.59
00005297 00000291 1728.25 291.67 576.10 839.27 1884.74 651.27 2148.45 655.64 2011.73 826.47 1902.32 947.06 2114.35 950.05
00005298 00000292 1726.00 285.64 576.93 840.13 1875.50 652.51 2146.11 654.29 2009.65 831.86 1904.52 950.12 2117.83 951.08
00005299 00000293 1726.06 290.16 577.57 832.77 1880.52 651.56 2145.11 653.75 2007.38 829.60 1901.37 943.32 2111.92 944.36
00005300 00000294 1721.72 290.72 576.26 827.02 1866.24 651.12 2134.91 648.56 1997.17 822.83 1900.62 943.74 2110.77 941.36
00005301 00000295 1712.07 292.28 582.94 830.31 1857.65 650.49 2125.15 645.99 1987.40 818.85 1890.25 939.38 2106.80 935.88
00005302 00000296 1705.74 292.82 580.62 841.45 1851.48 648.59 2111.24 639.48 1976.53 808.94 1892.13 945.61 2094.32 939.03
00005303 00000297 1697.56 289.92 577.24 865.16 1844.35 651.86 2098.14 640.72 1964.08 806.13 1877.66 947.82 2087.41 938.31
00005304 00000298 1687.41 290.67 569.69 843.37 1822.83 652.61 2081.55 637.02 1941.29 802.38 1862.35 942.55 2080.03 930.66
00005305 DELETE   1672.57 272.61 575.38 843.97 1801.72 646.39 2060.46 624.89 1927.64 795.52 1842.21 938.34 2068.62 923.43
00005306 DELETE   1656.87 281.36 576.53 829.90 1780.07 647.74 2034.01 620.68 1902.47 793.16 1823.57 935.47 2052.30 916.14
00005307 DELETE   1642.95 282.51 577.68 824.58 1763.03 647.85 2012.21 617.13 1879.21 799.35 1812.71 935.39 2033.48 912.24
00005308 00000302 1626.20 278.94 584.37 832.15 1738.14 659.44 1990.34 622.28 1851.27 797.66 1798.69 944.79 2013.07 916.99
00005309 00000303 1604.76 277.72 592.20 837.31 1721.16 665.16 1980.11 623.11 1841.53 797.12 1784.36 950.20 2003.94 918.69
00005310 00000304 1593.65 284.90 592.40 829.24 1710.04 673.13 1964.39 623.26 1831.45 795.94 1778.27 954.33 1995.53 917.15
00005311 00000305 1581.77 290.86 593.15 829.04 1701.05 680.65 1952.86 635.24 1818.07 808.71 1770.58 957.33 1982.95 923.01
00005312 00000306 1574.15 301.62 595.97 830.52 1694.49 690.04 1946.95 644.40 1810.50 820.96 1767.56 963.47 1978.45 928.61
00005313 00000307 1568.26 312.87 601.18 836.11 1691.41 699.91 1943.36 650.31 1806.65 834.12 1766.76 975.41 1977.44 937.27
00005314 00000308 1570.54 319.18 593.26 841.10 1691.90 712.07 1936.46 664.33 1807.59 852.45 1765.80 985.05 1973.00 947.30
00005315 00000309 1575.12 314.25 587.09 852.82 1697.47 720.07 1939.21 674.18 1813.65 863.93 1775.17 997.32 1974.05 961.35
00005316 00000310 1580.58 325.73 588.01 846.81 1703.69 725.84 1947.76 681.73 1821.58 873.34 1778.61 1002.89 1982.32 968.30
00005317 00000311 1588.32 330.75 587.53 846.10 1712.69 727.24 1959.52 685.57 1832.29 874.25 1783.66 1004.84 1990.96 972.62
00005318 00000312 1596.10 327.06 599.02 843.02 1720.27 728.25 1975.02 687.18 1842.68 881.24 1797.32 1006.05 2000.51 973.31
00005319 00000313 1604.69 323.14 599.11 840.95 1735.66 720.37 1985.49 682.88 1857.15 883.70 1813.51 1001.15 2010.42 970.15
00005320 00000314 1627.14 319.47 587.54 846.74 1761.30 707.35 1999.56 676.41 1879.76 878.70 1822.54 990.80 2023.37 965.22
00005321 00000315 1640.33 312.18 583.37 841.28 1773.78 699.38 2020.88 669.79 1899.35 866.42 1830.91 982.16 2037.13 957.82
00005322 00000316 1661.84 302.85 573.15 838.22 1789.03 685.04 2046.56 661.03 1915.59 854.59 1836.31 974.00 2056.03 954.54
00005323 00000317 1669.58 294.91 574.10 843.25 1803.67 674.85 2065.86 653.91 1934.67 838.00 1850.37 968.12 2061.31 951.40
00005324 00000318 1679.04 283.82 577.82 858.46 1820.23 660.49 2078.66 646.48 1942.25 825.20 1859.96 958.43 2065.29 947.32
00005325 00000319 1688.17 288.68 574.74 850.07 1831.42 653.81 2091.42 642.72 1954.40 813.88 1867.99 949.79 2075.12 940.93
00005326 00000320 1697.53 287.25 570.38 843.62 1838.98 647.79 2102.55 641.33 1962.10 806.52 1871.45 939.49 2084.72 934.21
00005327 00000321 1704.01 290.07 570.16 830.37 1845.58 642.44 2110.31 635.23 1968.94 797.57 1879.05 931.13 2091.69 925.29
00005328 00000322 1705.66 285.95 573.23 827.51 1849.74 634.80 2118.40 629.06 1975.00 787.80 1881.81 923.88 2096.99 919.61
00005329 00000323 1711.99 273.75 568.06 832.63 1853.69 622.89 2114.21 614.67 1983.34 782.18 1881.00 922.07 2098.59 917.08
00005330 00000324 1713.76 275.96 570.07 817.78 1854.46 621.55 2117.18 615.25 1982.60 779.88 1881.95 917.09 2097.59 913.94
00005331 00000325 1713.79 269.69 574.30 816.93 1854.98 619.92 2120.83 617.36 1982.63 776.84 1880.19 909.15 2096.86 909.23
00005332 00000326 1716.08 267.81 571.46 816.39 1855.04 619.88 2121.86 618.11 1983.03 777.94 1878.23 905.88 2098.83 906.63
00005333 00000327 1715.12 274.14 573.00 808.64 1854.53 620.23 2119.64 616.98 1981.24 777.29 1879.21 905.25 2096.99 904.73
00005334 00000328 1716.55 275.74 572.16 804.38 1854.76 616.72 2120.55 615.81 1981.42 775.30 1876.90 903.52 2096.39 904.73
00005335 00000329 1715.35 267.94 572.51 814.32 1853.51 615.74 2118.59 613.87 1980.03 773.06 1877.87 903.48 2094.84 904.02
00005336 00000330 1715.12 264.18 574.01 827.12 1853.35 616.19 2116.62 612.52 1977.93 771.12 1879.55 906.48 2091.10 905.70
00005337 00000331 1712.24 267.61 574.34 828.70 1853.02 613.18 2116.77 612.20 1977.16 769.91 1879.67 908.44 2085.66 909.72
00005338 00000332 1711.35 265.69 576.33 832.63 1850.81 614.13 2114.68 611.41 1975.24 768.61 1880.33 909.00 2082.38 909.21
00005339 00000333 1710.45 265.47 575.15 836.28 1848.08 614.37 2113.43 612.24 1972.54 769.83 1876.12 911.22 2080.56 912.02
00005340 00000334 1704.76 268.56 578.01 834.43 1845.25 614.55 2109.08 611.84 1969.89 770.50 1875.80 913.04 2077.04 913.29
00005341 00000335 1704.51 263.91 575.79 841.37 1842.28 614.25 2107.07 612.74 1966.32 772.20 1870.98 915.65 2073.57 916.98
00005342 00000336 1702.24 262.48 576.30 847.23 1839.65 615.87 2105.60 613.92 1963.29 775.58 1866.43 916.68 2073.50 917.45
00005343 00000337 1698.19 266.99 573.93 843.45 1835.48 615.76 2100.81 614.10 1959.48 777.90 1864.06 921.29 2068.16 922.13
00005344 00000338 1695.18 271.99 576.10 835.90 1829.07 622.96 2091.49 621.95 1942.82 783.18 1861.25 920.80 2058.00 921.52
00005345 00000339 1694.67 265.72 574.10 847.01 1828.88 618.08 2086.88 616.28 1944.84 783.48 1856.40 924.10 2056.60 924.55
00005346 00000340 1691.65 271.33 573.74 835.81 1820.93 622.18 2083.91 619.71 1933.19 783.20 1852.16 923.99 2050.26 924.01
00005347 00000341 1688.61 279.47 572.26 827.75 1817.32 621.93 2076.48 618.01 1927.59 782.08 1848.28 923.29 2045.36 921.96
00005348 00000342 1683.96 273.18 570.86 836.29 1813.52 620.04 2070.27 613.13 1930.71 780.70 1845.89 928.71 2047.39 925.42
00005349 00000343 1681.58 274.01 568.01 835.03 1808.85 621.64 2065.80 612.29 1925.45 781.68 1843.13 930.76 2045.82 925.58
00005350 00000344 1677.40 269.65 570.35 837.84 1803.74 624.01 2061.80 613.50 1920.92 783.33 1840.38 932.84 2042.82 926.94
00005351 00000345 1673.81 268.66 571.68 833.96 1797.14 626.76 2057.67 616.54 1913.72 784.89 1834.37 931.53 2040.11 925.87
00005352 00000346 1666.43 270.32 576.69 831.98 1787.48 631.42 2052.32 615.96 1907.22 787.38 1829.55 933.34 2042.02 923.58
00005353 00000347 1658.84 274.62 577.86 830.31 1780.26 634.51 2044.03 617.00 1901.83 790.97 1821.88 930.16 2039.44 918.44
00005354 00000348 1651.49 274.58 576.72 830.51 1772.65 636.85 2036.60 617.55 1896.03 797.00 1816.15 933.44 2035.55 919.56
00005355 00000349 1646.36 284.19 582.36 821.56 1767.26 638.20 2022.79 617.15 1885.82 799.62 1811.06 932.81 2025.99 917.50
00005356 00000350 1639.15 280.52 583.85 830.86 1755.93 648.77 2012.44 626.26 1870.56 806.51 1808.55 937.30 2019.15 919.04
00005357 00000351 1624.94 271.00 594.47 838.82 1745.60 654.23 2004.60 629.81 1862.64 812.32 1802.14 945.67 2008.97 926.87
00005358 00000352 1618.80 279.00 587.75 835.53 1733.49 659.53 1992.41 631.84 1848.66 814.26 1795.54 956.64 1993.29 936.17
00005359 00000353 1613.01 285.81 587.98 852.10 1730.55 665.11 1984.31 635.88 1840.83 809.81 1793.13 964.08 1986.28 942.25
00005360 00000354 1603.83 288.90 592.16 867.53 1723.45 670.70 1978.84 635.74 1838.30 814.53 1791.63 974.07 1989.03 947.07
00005361 00000355 1590.80 295.90 598.25 877.16 1717.46 678.87 1968.81 642.45 1830.25 819.66 1787.04 981.67 1984.50 953.44
00005362 00000356 1583.67 297.59 599.54 879.05 1710.03 686.46 1960.56 648.81 1822.74 831.63 1778.57 985.25 1980.73 955.53
00005363 00000357 1581.71 306.65 593.55 863.65 1703.89 695.30 1951.84 660.41 1814.06 844.48 1766.98 988.33 1969.65 961.04
00005364 00000358 1579.90 308.43 585.88 857.53 1696.25 699.59 1942.87 671.74 1800.77 859.13 1754.19 988.76 1956.68 966.69
00005365 00000359 1572.98 312.08 593.56 860.24 1686.99 700.89 1939.93 677.66 1788.30 864.67 1746.98 992.06 1951.85 974.34
00005366 00000360 1571.14 326.77 586.96 848.19 1684.96 704.68 1929.57 680.88 1781.25 872.66 1740.94 994.90 1942.42 975.39
00005367 00000361 1564.13 337.50 588.45 853.40 1679.57 707.68 1924.99 681.24 1773.95 872.50 1740.46 1007.46 1933.95 985.91
00005368 00000362 1554.47 326.17 596.88 881.84 1663.92 705.33 1916.94 675.15 1764.69 863.14 1734.89 1019.13 1923.38 996.16
00005369 00000363 1544.11 330.49 601.92 864.53 1651.17 710.60 1908.85 681.93 1755.98 870.92 1717.66 1016.29 1918.88 994.25
00005370 00000364 1543.64 338.25 598.36 856.39 1644.81 712.64 1898.05 688.12 1742.85 879.34 1705.81 1018.29 1912.06 999.06
00005371 00000365 1540.22 336.23 601.27 856.07 1637.37 711.48 1888.84 687.49 1733.44 880.22 1698.49 1019.39 1902.78 1000.73
00005372 00000366 1539.62 340.47 597.14 847.45 1637.13 711.35 1881.78 689.00 1727.03 881.93 1696.45 1016.59 1896.62 999.18
00005373 00000367 1538.98 347.70 599.68 840.64 1634.83 707.11 1875.95 688.78 1717.90 879.81 1691.73 1009.27 1891.38 994.68
00005374 00000368 1542.51 348.48 594.83 833.27 1635.83 704.35 1875.75 686.81 1718.36 878.07 1689.83 1002.66 1891.20 988.84
00005375 00000369 1542.77 353.23 594.73 829.56 1635.81 702.77 1875.24 684.29 1717.97 877.00 1689.17 1001.43 1893.14 986.84
00005376 00000370 1544.10 347.56 600.13 838.22 1636.19 697.55 1876.54 679.83 1715.68 871.86 1690.68 997.78 1891.21 983.97
00005377 00000371 1543.95 334.43 601.44 855.14 1637.43 695.82 1881.27 673.69 1720.68 863.00 1694.47 1003.37 1890.70 986.67
00005378 00000372 1539.11 339.61 614.23 848.37 1633.50 692.67 1878.99 671.64 1718.12 856.27 1694.85 997.99 1883.72 981.17
00005379 00000373 1543.69 325.91 603.57 860.82 1635.13 690.59 1885.60 667.87 1718.87 851.29 1689.64 1000.87 1889.52 984.70
00005380 00000374 1541.27 333.32 603.62 850.45 1633.45 689.59 1886.57 668.25 1721.67 848.51 1684.97 998.46 1888.35 983.31
00005381 00000375 1536.17 329.91 607.44 848.68 1626.65 688.70 1883.27 669.50 1714.37 847.55 1677.63 993.15 1886.14 979.56
00005382 00000376 1533.29 332.16 596.25 838.77 1623.10 684.80 1877.14 668.70 1709.30 843.93 1669.72 987.73 1880.23 976.16
00005383 00000377 1527.64 322.28 597.14 848.59 1618.61 682.98 1876.50 666.98 1707.67 842.83 1664.82 985.87 1876.72 974.29
00005384 00000378 1518.55 322.94 606.70 858.91 1618.43 683.43 1871.17 668.56 1708.38 842.27 1667.55 982.81 1867.47 971.77
00005385 00000379 1518.92 331.54 608.54 863.15 1620.86 680.41 1878.44 666.81 1713.12 839.70 1669.81 987.21 1874.10 976.66
00005386 00000380 1515.63 352.31 605.88 847.96 1623.23 678.84 1883.67 666.89 1719.14 839.23 1669.34 990.23 1877.18 980.31
00005387 00000381 1513.41 354.03 604.72 848.39 1623.27 691.95 1885.96 679.84 1722.60 849.35 1667.82 996.52 1878.68 986.53
00005388 00000382 1511.80 353.74 597.94 854.69 1626.11 697.48 1887.50 687.65 1720.67 859.92 1661.05 1004.00 1882.13 995.89
00005389 00000383 1508.69 361.30 591.42 852.81 1627.18 709.45 1878.43 700.02 1717.58 875.50 1658.40 1013.18 1877.45 1005.11
00005390 00000384 1503.03 380.58 584.57 843.19 1621.65 733.71 1869.09 720.29 1717.26 892.67 1651.84 1023.67 1873.03 1013.16
00005391 00000385 1496.25 387.46 582.61 856.10 1607.92 746.34 1852.13 730.67 1702.47 907.83 1640.67 1038.09 1869.38 1025.78
CROP_BBOX: 1115 0 2573 1511
