Video ID: 	GDFVJnKYEcY
H: 	1080
W: 	1920
FPS: 	23.976023976023978

FRAME INDEX X0 Y0 W H [Landmarks (5 Points)]

00002816 00000000 795.40 147.31 392.40 602.17 954.98 424.60 1131.01 424.45 1068.49 563.86 938.55 610.60 1084.61 615.28
00002817 00000001 795.76 149.12 393.01 601.39 955.63 427.43 1132.91 427.17 1069.82 569.29 937.73 613.68 1084.98 618.21
00002818 00000002 796.30 147.69 392.70 604.42 957.41 427.70 1131.84 430.82 1068.27 569.93 938.12 614.57 1082.85 621.56
00002819 00000003 796.65 148.12 393.10 603.54 959.62 428.51 1133.18 432.12 1069.30 571.06 940.48 615.21 1082.94 622.47
00002820 00000004 797.26 147.56 393.02 605.85 960.70 431.65 1134.86 433.60 1070.78 573.25 942.66 618.29 1084.19 623.93
00002821 00000005 788.55 146.30 403.26 603.68 961.21 431.17 1126.60 440.04 1066.78 574.29 948.31 617.30 1088.86 626.23
00002822 00000006 791.89 141.21 394.14 616.16 958.64 427.32 1131.32 430.86 1071.82 566.33 942.59 619.85 1084.85 625.93
00002823 00000007 786.73 153.28 403.27 603.36 958.55 433.87 1124.43 443.18 1064.51 577.33 944.38 620.50 1085.46 629.85
00002824 00000008 786.18 155.66 402.62 602.79 957.26 435.68 1122.85 444.51 1063.39 577.78 942.76 620.72 1085.52 629.69
00002825 00000009 787.83 147.59 396.33 618.09 951.53 432.67 1129.69 435.91 1067.58 571.57 932.06 624.55 1082.39 630.73
00002826 00000010 782.28 158.10 405.07 604.44 954.92 436.56 1120.54 447.27 1060.58 579.31 937.41 621.76 1080.12 632.41
00002827 00000011 780.98 160.62 406.61 604.25 953.40 437.77 1120.37 448.28 1058.61 581.85 935.29 623.52 1078.72 634.15
00002828 00000012 781.63 161.80 406.57 603.74 953.36 440.43 1120.44 451.35 1057.44 583.45 935.41 625.36 1077.69 636.22
00002829 00000013 781.78 164.66 404.09 602.99 953.09 445.04 1118.80 454.39 1057.18 587.08 935.39 627.54 1076.87 637.13
00002830 00000014 782.64 166.28 403.38 603.43 953.85 444.95 1117.03 453.34 1056.89 587.66 936.91 628.49 1076.46 637.30
00002831 00000015 782.23 165.64 403.10 605.92 952.13 444.54 1115.53 452.66 1055.15 586.62 936.72 629.41 1076.32 637.78
00002832 00000016 781.31 164.03 404.78 611.16 951.05 443.04 1114.41 452.76 1053.79 585.96 934.74 628.35 1076.42 637.83
00002833 00000017 786.66 156.58 396.63 625.97 946.28 436.59 1119.87 445.11 1054.45 580.27 925.91 626.83 1072.84 637.32
00002834 00000018 785.29 152.62 399.90 636.44 946.24 431.56 1121.42 443.63 1054.55 577.95 924.17 629.28 1071.41 642.69
00002835 00000019 785.38 143.02 400.11 643.82 946.72 427.40 1118.17 440.96 1052.80 571.48 924.95 626.38 1070.93 640.64
00002836 00000020 786.68 139.45 399.25 642.52 946.10 426.80 1118.14 440.63 1052.37 569.66 924.74 622.92 1072.19 637.17
00002837 00000021 783.97 144.05 405.11 621.33 954.94 426.85 1112.20 441.84 1053.35 563.80 941.09 615.68 1077.39 628.43
00002838 00000022 784.28 141.06 407.44 621.65 957.08 421.39 1114.02 437.63 1055.52 560.62 940.59 609.86 1079.55 623.76
00002839 00000023 794.38 136.32 401.46 626.03 954.03 412.59 1127.14 424.11 1058.29 554.33 935.04 604.94 1077.30 618.49
00002840 00000024 794.52 134.03 404.13 628.86 958.25 407.65 1130.67 419.72 1062.38 552.40 935.91 600.38 1079.09 614.45
00002841 00000025 795.44 132.78 406.40 631.15 965.83 398.93 1134.91 414.57 1070.38 546.25 940.85 599.44 1078.03 616.69
00002842 00000026 796.64 132.24 406.63 630.42 968.65 396.08 1138.63 412.54 1074.14 545.38 942.97 598.34 1079.90 616.17
00002843 00000027 797.51 129.68 408.49 630.23 970.51 392.85 1140.10 412.47 1075.63 541.73 946.63 594.35 1084.50 614.30
00002844 00000028 799.22 128.49 407.13 622.98 971.29 392.13 1141.85 410.67 1076.83 538.92 952.06 593.95 1087.29 612.84
00002845 00000029 799.48 127.55 408.99 623.31 972.68 389.56 1144.17 407.82 1078.62 536.24 954.41 591.59 1091.04 610.13
00002846 00000030 800.33 123.18 409.16 625.64 973.62 386.97 1145.56 404.96 1079.09 534.02 955.07 589.89 1090.95 608.29
00002847 00000031 799.24 120.99 409.62 629.18 971.70 381.28 1144.50 400.92 1078.83 531.20 949.67 585.07 1088.78 605.03
00002848 00000032 798.16 115.39 409.81 635.04 967.34 378.69 1143.70 398.40 1077.16 528.52 947.66 585.20 1090.30 604.96
00002849 00000033 795.96 115.91 408.46 631.42 960.62 376.55 1138.03 395.91 1070.36 523.84 943.75 583.53 1086.79 602.97
00002850 00000034 794.76 116.20 408.86 629.50 955.42 376.56 1135.00 395.00 1064.36 523.02 940.13 583.42 1084.98 601.98
00002851 00000035 791.05 117.18 409.11 623.26 949.56 375.99 1131.39 393.36 1058.86 519.48 936.57 582.61 1080.82 600.31
00002852 00000036 789.60 117.35 408.44 625.07 947.61 374.94 1128.28 393.67 1055.96 519.56 934.50 582.75 1078.18 601.54
00002853 00000037 786.39 117.34 407.82 625.32 945.75 373.25 1124.10 394.46 1052.35 519.59 932.18 582.21 1074.33 603.00
00002854 00000038 784.31 117.26 405.99 623.88 943.45 374.55 1122.87 394.73 1049.77 521.74 932.07 583.12 1074.27 602.96
00002855 00000039 780.07 117.65 409.33 623.68 939.50 375.91 1119.27 394.61 1045.34 522.50 928.09 581.68 1072.07 600.16
00002856 00000040 778.83 118.12 409.12 622.03 937.24 375.48 1117.14 395.43 1042.72 521.35 927.04 581.53 1069.84 600.97
00002857 00000041 776.70 115.48 410.07 626.74 934.63 377.05 1116.62 397.04 1040.62 524.66 923.73 582.89 1068.97 602.30
00002858 00000042 767.43 117.37 419.42 625.93 936.45 378.63 1110.09 398.63 1038.11 526.26 922.95 586.45 1064.07 603.70
00002859 00000043 766.52 119.78 419.35 623.58 934.25 379.13 1108.49 399.11 1035.73 527.14 920.85 586.66 1061.92 604.17
00002860 00000044 766.38 119.76 418.64 624.17 932.86 379.73 1107.83 399.25 1034.82 527.96 919.62 586.91 1062.01 604.05
00002861 00000045 765.78 118.41 418.79 624.67 931.88 379.08 1106.93 398.21 1033.91 527.35 919.83 587.28 1061.32 604.14
00002862 00000046 766.10 118.48 418.52 622.74 931.81 379.34 1106.80 398.15 1033.76 526.60 921.09 587.57 1061.24 604.09
00002863 00000047 766.14 118.27 418.47 622.72 932.47 379.22 1107.11 397.35 1034.62 526.43 922.32 587.97 1061.75 603.94
00002864 00000048 766.38 118.50 418.33 621.40 932.44 379.45 1107.16 397.56 1034.23 526.26 922.38 587.94 1061.43 603.88
00002865 00000049 767.10 119.50 418.14 620.48 933.40 378.97 1107.34 397.46 1034.17 526.00 923.42 587.81 1061.63 604.02
00002866 00000050 767.00 118.72 418.25 621.94 933.85 379.13 1107.54 397.58 1034.99 526.19 924.03 588.36 1061.99 604.48
00002867 00000051 767.15 118.33 417.91 621.11 933.27 379.84 1108.00 397.65 1035.06 526.29 924.35 588.52 1063.17 604.04
00002868 00000052 767.00 118.49 417.91 620.96 933.29 379.99 1107.98 397.77 1035.17 526.38 924.35 588.41 1063.47 603.85
00002869 00000053 767.40 117.69 417.36 620.32 932.43 380.23 1108.06 397.49 1034.83 526.14 924.03 588.06 1064.48 603.00
00002870 00000054 766.92 118.03 417.68 620.24 932.25 379.83 1107.71 397.61 1034.52 525.88 923.18 587.06 1063.81 602.49
00002871 00000055 766.99 118.77 417.44 619.86 932.06 379.74 1107.18 396.91 1034.06 525.27 924.14 587.62 1063.98 602.51
00002872 00000056 767.08 119.05 417.52 621.84 932.80 379.60 1107.10 397.34 1034.47 525.72 924.07 588.03 1063.38 603.44
00002873 00000057 766.91 118.92 417.78 623.12 932.97 379.47 1106.70 396.80 1034.50 525.50 924.41 588.84 1062.34 604.04
00002874 00000058 766.49 115.69 418.05 627.50 933.86 376.81 1105.61 393.46 1035.70 522.75 926.87 587.86 1063.34 602.54
00002875 00000059 768.30 104.47 413.67 625.90 934.58 362.38 1103.94 378.94 1038.87 500.86 933.66 576.38 1067.35 590.58
00002876 00000060 769.72 96.28 409.62 626.85 934.85 349.72 1099.94 365.76 1038.12 486.41 937.24 566.63 1068.84 579.91
00002877 00000061 769.53 82.88 409.70 625.96 934.28 338.90 1101.33 353.63 1041.47 471.28 938.84 556.91 1072.90 568.56
00002878 00000062 768.74 83.06 410.01 619.76 937.62 342.99 1099.39 360.76 1040.92 469.57 938.56 552.02 1068.57 566.22
00002879 00000063 771.24 85.91 406.55 619.11 939.74 350.77 1099.50 368.93 1041.03 477.29 938.26 554.81 1068.61 569.50
00002880 00000064 771.27 91.27 408.78 620.24 940.81 354.66 1101.24 374.08 1042.26 483.34 937.48 558.95 1068.14 574.71
00002881 00000065 772.40 95.65 409.42 623.23 941.22 356.56 1103.67 372.63 1045.15 486.24 942.38 567.31 1071.50 580.31
00002882 00000066 773.80 96.93 408.80 627.17 944.47 355.66 1106.03 371.51 1047.86 488.46 944.93 570.38 1073.60 583.21
00002883 00000067 776.71 102.65 410.42 627.26 942.33 353.67 1113.61 368.32 1054.20 493.87 950.38 577.26 1075.69 587.68
00002884 00000068 782.68 99.27 404.80 633.01 948.37 355.06 1120.98 374.63 1055.76 495.95 944.55 571.30 1078.77 589.88
00002885 00000069 782.11 102.14 405.99 628.54 948.35 354.94 1120.06 374.63 1054.69 495.99 943.35 570.75 1077.47 589.47
00002886 00000070 783.47 100.27 404.86 629.37 948.82 350.93 1119.25 371.41 1054.49 493.35 942.87 567.52 1076.24 587.08
00002887 00000071 780.79 99.50 407.47 631.06 952.27 339.87 1114.85 359.90 1057.44 487.34 946.54 567.20 1071.58 583.23
00002888 00000072 780.89 97.23 406.53 635.51 953.16 329.86 1116.22 353.30 1058.58 476.14 946.10 560.37 1071.08 579.23
00002889 00000073 778.91 91.03 406.94 629.35 950.35 326.14 1114.00 351.41 1055.93 470.66 944.40 551.45 1070.22 572.18
00002890 00000074 778.88 91.63 408.16 626.51 949.14 326.48 1115.55 351.97 1055.21 471.72 942.42 547.60 1073.10 568.54
00002891 00000075 780.87 85.96 406.67 636.04 948.85 332.72 1116.21 356.35 1055.72 477.09 935.65 549.57 1078.92 571.03
00002892 00000076 782.91 90.46 404.67 632.70 944.90 342.68 1117.01 362.93 1053.57 485.96 933.64 555.28 1079.65 574.31
00002893 00000077 783.43 103.11 404.54 624.49 945.49 351.43 1118.13 370.80 1052.33 494.72 935.36 561.97 1076.75 580.81
00002894 00000078 782.91 106.33 403.89 625.58 946.66 358.12 1118.36 376.43 1052.83 500.14 936.36 565.60 1077.61 583.64
00002895 00000079 781.83 109.54 406.54 624.59 945.21 362.98 1119.62 380.35 1053.00 504.94 935.06 568.23 1077.29 585.72
00002896 00000080 781.44 110.29 406.41 621.83 943.90 363.30 1119.32 380.49 1052.05 505.06 934.16 568.21 1076.76 585.52
00002897 00000081 780.05 108.37 406.55 619.96 942.59 358.58 1118.50 376.79 1051.41 499.22 935.30 565.91 1077.58 583.86
00002898 00000082 781.82 103.16 404.43 623.05 942.67 354.74 1118.23 372.73 1051.78 495.19 937.71 564.97 1079.31 582.62
00002899 00000083 773.44 100.49 411.79 619.81 943.16 352.51 1110.34 370.63 1046.64 492.30 938.46 563.22 1075.79 578.24
00002900 00000084 772.65 100.55 411.99 622.23 943.38 352.23 1109.96 369.54 1047.64 491.51 938.22 562.88 1076.63 577.15
00002901 00000085 779.50 100.74 405.59 625.30 944.55 348.51 1114.77 365.92 1052.50 490.41 937.04 558.45 1078.98 575.52
00002902 00000086 780.61 101.58 405.30 625.06 945.70 347.83 1114.90 366.25 1052.77 490.13 938.33 558.75 1079.17 576.62
00002903 00000087 782.23 100.38 404.59 623.39 945.79 347.79 1117.65 364.95 1054.50 490.01 939.76 559.39 1082.13 576.15
00002904 00000088 782.76 100.06 405.27 621.45 945.48 347.61 1119.58 364.03 1056.08 489.14 941.25 559.68 1085.42 575.70
00002905 00000089 784.39 98.53 405.13 627.27 949.91 345.89 1120.83 363.32 1059.13 487.76 945.23 561.62 1086.93 578.44
00002906 00000090 785.44 97.92 405.10 630.13 954.83 343.76 1121.19 363.78 1061.16 486.67 947.27 561.75 1084.31 580.72
00002907 00000091 788.74 97.41 403.36 625.98 958.43 340.14 1124.38 361.50 1065.39 481.54 952.17 560.17 1087.56 580.14
00002908 00000092 790.35 97.20 402.54 627.58 960.83 339.59 1126.97 360.25 1069.11 482.94 954.18 561.16 1089.76 580.67
00002909 00000093 791.86 99.05 402.17 627.66 964.64 340.94 1129.03 363.06 1072.23 485.63 952.97 561.01 1087.92 582.08
00002910 00000094 791.96 97.39 403.54 628.26 967.64 341.39 1132.37 363.84 1076.99 486.59 953.47 561.28 1089.77 582.65
00002911 00000095 794.74 102.11 402.00 623.01 968.43 344.36 1136.96 363.51 1081.42 489.10 956.84 562.75 1097.47 581.21
00002912 00000096 795.59 102.95 402.31 619.43 969.61 345.39 1137.64 364.15 1082.00 488.78 958.96 562.40 1097.79 580.60
00002913 00000097 796.70 102.93 403.00 620.74 970.99 345.66 1138.00 364.75 1082.80 489.29 960.25 562.04 1098.48 580.50
00002914 00000098 797.10 101.94 402.96 621.13 973.21 344.61 1139.05 363.56 1083.81 489.45 963.48 563.52 1098.03 581.94
00002915 00000099 799.03 99.77 400.38 620.62 975.54 343.02 1139.57 363.21 1086.70 485.86 967.75 564.24 1099.12 583.52
00002916 00000100 799.53 99.71 399.89 622.58 975.77 342.03 1140.15 362.72 1088.98 484.75 968.50 564.19 1101.64 583.73
00002917 00000101 799.29 101.63 399.51 619.91 976.57 341.72 1141.56 359.96 1091.60 484.39 973.02 565.84 1105.68 583.18
00002918 00000102 799.80 100.45 399.35 622.84 977.92 340.60 1140.88 359.29 1092.04 484.31 974.90 564.70 1105.55 582.49
00002919 00000103 798.56 101.50 399.48 622.69 980.77 338.67 1139.35 357.99 1092.43 484.25 978.86 564.35 1104.16 582.68
00002920 00000104 797.65 100.23 399.60 625.69 980.31 338.22 1138.18 358.77 1091.34 484.88 975.08 563.93 1101.14 583.40
00002921 00000105 794.77 95.82 399.22 629.14 974.72 338.62 1134.21 358.65 1085.45 482.43 968.54 563.56 1097.55 582.55
00002922 00000106 793.22 97.08 400.38 627.39 967.74 339.93 1133.07 358.31 1079.96 483.37 962.83 563.23 1098.67 580.70
00002923 00000107 790.20 97.78 400.79 621.33 958.24 340.47 1127.25 357.48 1070.29 483.12 954.81 558.42 1096.01 574.65
00002924 00000108 787.99 98.44 401.52 618.54 956.05 338.67 1124.87 355.62 1067.84 478.48 952.68 554.51 1095.02 570.59
00002925 00000109 785.64 94.54 400.44 621.85 956.29 335.35 1121.28 353.14 1067.27 476.56 952.84 552.60 1091.19 569.32
00002926 00000110 780.60 96.82 404.52 614.11 948.45 335.21 1118.39 352.00 1061.99 477.01 954.08 556.13 1082.70 569.43
00002927 00000111 778.30 95.66 404.05 613.21 945.94 331.50 1115.26 348.16 1058.77 471.70 953.49 555.98 1076.62 569.12
00002928 00000112 775.93 88.57 400.91 619.83 948.53 333.37 1109.66 348.25 1057.99 468.43 957.16 557.86 1082.45 568.93
00002929 00000113 775.75 88.01 399.48 613.59 945.84 332.58 1108.84 344.51 1059.49 464.01 959.96 555.14 1086.90 563.79
00002930 00000114 773.18 86.19 401.93 619.64 945.67 330.72 1107.93 343.40 1060.19 461.28 958.18 554.06 1086.53 563.48
00002931 00000115 771.71 85.83 401.07 621.74 945.03 329.61 1105.31 344.13 1058.11 459.62 953.56 551.51 1081.69 562.63
00002932 00000116 771.48 85.35 399.83 617.53 942.91 329.44 1105.09 342.74 1056.88 458.89 952.82 548.96 1082.20 559.03
00002933 00000117 769.97 84.85 400.38 616.62 941.08 329.94 1102.13 342.72 1054.66 456.94 952.71 546.85 1082.01 556.45
00002934 00000118 768.78 84.77 401.26 622.18 940.98 328.75 1101.32 342.12 1055.13 455.31 949.18 546.19 1081.56 556.29
00002935 00000119 768.38 85.31 397.78 627.18 940.54 325.57 1097.04 341.73 1051.32 455.22 945.73 547.05 1075.34 559.48
00002936 00000120 766.40 85.36 398.62 622.32 937.56 325.63 1096.06 339.49 1050.55 456.63 943.80 544.31 1076.98 554.90
00002937 00000121 765.55 85.84 400.67 615.97 934.44 330.44 1095.50 341.63 1048.21 460.26 942.89 544.28 1077.95 552.90
00002938 00000122 764.25 89.54 402.98 614.34 934.88 333.82 1097.75 343.16 1050.27 464.66 943.82 546.40 1081.36 553.46
00002939 00000123 764.91 92.21 401.13 612.31 935.47 335.94 1096.81 343.71 1049.91 466.30 945.01 549.06 1079.73 554.90
00002940 00000124 764.84 92.07 401.27 614.22 935.50 336.21 1096.85 343.85 1049.70 466.96 945.24 551.19 1078.72 556.93
00002941 00000125 764.50 91.96 401.17 620.53 935.57 337.98 1096.62 346.74 1047.80 471.27 944.12 555.41 1076.80 562.00
00002942 00000126 766.04 102.59 404.60 614.73 933.57 334.17 1104.65 346.54 1049.61 471.17 943.40 555.10 1072.48 564.63
00002943 00000127 764.08 105.15 407.74 621.74 933.21 335.96 1104.24 349.26 1047.80 474.81 939.29 559.31 1069.97 569.32
00002944 00000128 764.49 103.92 408.46 626.29 934.54 337.64 1105.16 351.78 1048.31 477.47 938.85 561.03 1069.75 571.56
00002945 00000129 765.62 105.36 408.03 626.08 936.44 341.53 1105.84 356.01 1049.81 481.77 938.68 564.12 1069.29 574.99
00002946 00000130 765.34 107.04 407.90 626.41 938.03 343.05 1105.51 357.79 1050.45 484.19 937.83 564.42 1069.05 575.57
00002947 00000131 766.25 109.41 407.38 621.67 938.64 344.71 1106.40 360.08 1050.57 486.70 936.21 563.75 1068.50 575.62
00002948 00000132 766.76 108.67 406.87 621.17 938.08 344.48 1105.90 360.18 1049.73 486.76 936.71 563.59 1067.89 575.73
00002949 00000133 766.30 109.35 407.46 620.15 938.06 344.67 1105.76 360.26 1049.46 487.17 936.63 562.95 1067.78 574.97
00002950 00000134 766.56 109.84 406.56 621.15 938.44 345.79 1104.60 361.33 1047.87 488.19 937.61 563.46 1067.10 575.37
00002951 00000135 765.87 112.79 407.68 618.13 938.67 348.20 1103.87 362.91 1047.90 491.40 936.90 564.49 1067.10 575.77
00002952 00000136 764.92 112.27 408.66 620.20 937.88 348.55 1103.96 363.67 1047.50 492.11 935.74 565.50 1066.45 577.01
00002953 00000137 764.58 114.58 408.62 616.08 936.97 349.39 1102.77 363.51 1046.38 493.71 935.09 566.04 1064.69 576.77
00002954 00000138 764.68 115.31 407.79 615.40 936.91 349.74 1102.23 363.64 1045.99 493.79 935.20 566.36 1063.82 576.87
00002955 00000139 764.65 113.48 407.26 617.66 936.18 348.14 1102.19 362.09 1046.63 491.38 935.64 566.47 1064.43 576.98
00002956 00000140 764.31 113.51 407.31 617.49 935.54 346.75 1101.85 360.74 1046.02 490.02 935.11 566.06 1063.63 576.63
00002957 00000141 764.40 111.69 406.86 617.08 934.01 345.29 1101.39 359.24 1044.50 488.35 934.39 564.99 1063.15 575.56
00002958 00000142 765.25 109.74 406.54 616.84 933.76 344.54 1102.54 358.98 1045.09 486.23 935.48 564.12 1064.53 575.20
00002959 00000143 764.68 109.44 407.34 617.98 933.54 344.01 1102.40 358.08 1044.88 486.64 936.02 564.36 1064.46 574.99
00002960 00000144 765.09 108.47 406.83 618.52 933.72 343.54 1102.40 357.40 1044.82 485.58 936.68 564.08 1064.63 574.56
00002961 00000145 764.60 99.86 403.39 624.60 931.09 355.08 1095.80 367.10 1038.75 486.11 933.17 565.05 1071.00 574.85
00002962 00000146 764.03 103.70 401.36 617.65 930.62 360.24 1092.75 370.06 1036.96 485.54 931.36 565.05 1067.56 573.48
00002963 00000147 765.61 104.93 397.95 616.04 927.77 363.89 1089.49 374.00 1031.81 489.25 927.26 565.73 1064.52 574.68
00002964 00000148 763.42 104.86 399.93 619.75 924.16 363.98 1087.77 375.24 1028.02 489.85 923.66 567.22 1061.84 577.09
00002965 00000149 761.32 112.82 405.08 621.82 915.86 358.43 1084.41 369.62 1023.88 489.84 921.60 574.20 1051.21 582.22
00002966 00000150 759.24 105.86 404.09 627.20 910.91 362.79 1082.06 375.20 1016.14 493.47 912.48 572.56 1055.53 584.02
00002967 00000151 758.04 106.86 405.20 630.14 903.79 366.02 1076.83 374.55 1009.08 499.83 908.82 576.62 1052.68 585.27
00002968 00000152 757.02 106.37 405.00 629.85 899.90 367.46 1075.52 375.25 1006.08 501.30 905.83 576.63 1051.65 584.81
00002969 00000153 754.33 107.56 407.58 631.70 897.35 367.82 1074.22 375.00 1004.30 502.60 903.09 576.89 1050.86 584.58
00002970 00000154 753.57 106.31 408.65 633.65 895.93 367.83 1072.12 375.92 1001.33 503.55 900.71 576.21 1048.57 584.60
00002971 00000155 753.26 105.65 408.15 633.90 894.50 369.82 1070.96 378.17 998.62 506.25 898.31 576.62 1045.71 585.37
00002972 00000156 752.72 105.70 408.77 635.59 893.25 370.70 1069.57 379.45 996.10 507.34 896.01 577.90 1042.89 587.16
00002973 00000157 751.70 106.00 407.68 638.78 892.23 373.26 1066.61 382.19 993.68 511.40 894.28 580.59 1039.51 590.00
00002974 00000158 751.84 108.69 407.83 639.42 891.62 374.88 1065.21 384.37 991.80 514.64 892.74 582.43 1037.01 592.35
00002975 00000159 749.50 114.87 409.40 635.35 886.41 378.58 1062.86 388.10 987.77 519.34 888.46 585.15 1034.82 595.09
00002976 00000160 749.25 116.90 408.86 634.26 884.28 381.10 1062.15 389.75 985.83 523.12 886.70 587.57 1033.17 596.86
00002977 00000161 750.06 118.78 407.57 630.46 881.79 380.35 1061.25 391.58 982.69 525.48 883.49 587.24 1030.09 598.60
00002978 00000162 749.71 120.05 407.06 625.51 880.73 379.33 1060.05 390.30 981.09 524.27 883.12 585.81 1028.42 597.12
00002979 00000163 750.06 118.47 406.16 624.77 878.22 379.13 1059.46 389.20 979.66 524.32 882.41 585.76 1029.57 596.21
00002980 00000164 750.19 118.94 406.16 624.61 877.83 379.40 1059.08 388.23 979.52 524.49 882.31 584.60 1031.71 593.99
00002981 00000165 750.19 117.84 406.81 625.52 878.07 379.13 1059.72 387.20 980.16 523.10 881.83 582.72 1034.10 591.35
00002982 00000166 750.90 117.41 406.76 624.86 878.09 379.41 1060.14 387.83 980.56 523.42 881.82 582.33 1034.33 591.19
00002983 00000167 752.76 116.64 404.02 626.35 884.58 386.91 1060.57 396.30 981.37 526.08 884.48 583.63 1033.17 593.12
00002984 00000168 753.34 114.99 405.35 629.88 887.83 389.24 1063.11 401.43 982.49 527.65 885.23 585.88 1032.69 597.63
00002985 00000169 751.83 114.71 407.47 635.42 890.36 386.83 1063.09 398.09 985.52 525.65 889.96 588.08 1034.02 599.07
00002986 00000170 752.83 116.62 407.07 636.08 888.86 385.52 1060.55 395.90 983.70 524.42 889.69 588.37 1032.80 598.88
00002987 00000171 753.04 120.12 410.66 637.64 890.64 383.13 1063.75 395.41 985.85 525.32 889.53 588.33 1034.32 600.31
00002988 00000172 754.28 121.86 411.96 639.47 893.28 381.95 1066.04 396.86 989.04 525.96 889.33 588.33 1036.18 602.27
00002989 00000173 755.39 122.09 416.66 639.12 897.54 381.49 1072.38 399.65 992.41 530.13 890.29 587.68 1040.21 603.89
00002990 00000174 756.29 121.14 417.28 636.52 899.57 381.07 1076.28 400.13 995.20 528.37 892.64 586.53 1044.04 603.28
00002991 00000175 758.15 123.62 421.21 627.59 903.25 381.07 1083.58 399.47 999.83 529.98 897.46 586.17 1049.96 602.12
00002992 00000176 758.37 123.64 422.67 625.01 906.35 381.47 1086.42 400.28 1002.35 530.52 899.11 586.17 1050.43 602.48
00002993 00000177 759.09 123.99 422.71 623.24 906.75 380.35 1087.21 400.06 1001.83 528.82 898.33 584.07 1050.26 601.23
00002994 00000178 759.89 123.67 422.13 623.40 907.03 380.40 1087.40 399.95 1002.20 529.58 898.56 584.43 1050.74 601.40
00002995 00000179 759.89 123.43 422.05 624.22 906.40 381.13 1087.74 399.90 1002.67 530.50 898.19 584.81 1051.93 601.20
00002996 00000180 759.97 123.62 421.61 624.12 905.29 381.30 1087.43 399.89 1002.17 531.03 897.60 584.80 1052.48 601.04
00002997 00000181 759.42 123.41 421.47 624.26 904.98 380.06 1086.22 398.22 1001.91 528.98 899.29 585.63 1051.72 601.41
00002998 00000182 758.51 122.32 421.11 625.93 904.31 379.28 1084.63 397.87 1000.62 527.71 898.75 585.26 1049.51 601.43
00002999 00000183 758.59 121.84 420.05 628.03 902.99 379.42 1081.64 397.79 998.20 527.82 898.14 585.88 1047.42 601.95
00003000 00000184 758.26 121.96 420.31 629.07 901.83 379.60 1080.74 397.39 997.51 528.03 897.60 586.32 1047.60 601.94
00003001 00000185 758.44 120.87 419.13 631.89 899.96 379.50 1079.74 398.30 996.10 527.70 895.48 586.80 1046.89 603.27
00003002 00000186 758.05 119.77 418.18 631.52 900.01 378.53 1078.38 397.72 995.42 526.27 895.34 585.54 1044.95 602.41
00003003 00000187 757.83 118.11 418.48 631.81 898.38 377.34 1077.50 395.78 994.64 525.05 895.27 585.69 1044.34 601.93
00003004 00000188 757.43 118.00 417.84 631.24 897.99 376.92 1077.25 394.99 994.72 524.79 895.30 585.14 1044.21 601.18
00003005 00000189 757.26 117.34 416.45 631.37 897.67 376.33 1075.42 394.43 993.96 523.51 895.12 584.39 1043.22 600.49
00003006 00000190 757.43 117.45 415.41 631.07 896.28 375.43 1074.50 393.44 992.99 523.26 893.85 583.85 1042.48 599.90
00003007 00000191 756.35 118.51 415.49 629.50 895.00 373.51 1072.75 391.27 991.94 521.95 893.73 582.94 1041.11 598.90
00003008 00000192 756.78 116.41 415.13 632.42 895.43 372.80 1072.75 391.07 991.48 521.08 894.14 583.85 1040.33 600.18
00003009 00000193 757.24 115.60 414.22 630.87 895.46 372.22 1072.52 390.59 991.69 519.38 895.08 583.88 1039.98 600.26
00003010 00000194 756.78 115.53 414.56 630.15 894.95 371.43 1073.78 391.43 991.22 519.47 892.29 582.18 1039.28 599.94
00003011 00000195 757.05 114.66 414.39 628.32 895.47 371.34 1074.43 390.80 991.66 520.47 892.59 581.33 1039.78 598.64
00003012 00000196 756.61 114.09 414.87 628.30 896.12 370.01 1074.39 390.25 991.66 518.61 892.80 580.49 1038.73 598.45
00003013 00000197 756.57 114.78 415.69 629.76 896.81 369.37 1074.44 389.52 992.43 519.03 893.91 579.75 1041.31 597.48
00003014 00000198 756.64 115.34 415.63 629.41 897.35 369.53 1075.18 389.67 993.64 518.61 894.11 579.71 1042.14 597.48
00003015 00000199 756.46 115.18 415.88 629.88 897.40 370.06 1075.11 390.27 993.78 519.90 893.86 580.52 1041.02 598.42
00003016 00000200 756.34 115.57 415.83 629.71 896.49 370.34 1074.38 390.05 992.58 519.59 893.84 580.95 1040.91 598.36
00003017 00000201 756.95 115.94 415.39 626.80 895.01 371.14 1074.25 389.97 991.51 520.88 892.50 580.61 1040.23 597.45
00003018 00000202 756.44 116.51 415.34 627.89 894.42 371.88 1074.47 391.05 991.26 520.68 891.45 580.98 1040.92 598.00
00003019 00000203 757.16 118.01 414.10 629.00 895.07 372.19 1073.99 391.37 992.02 521.28 892.14 581.88 1041.58 598.91
00003020 00000204 757.21 118.74 414.57 627.89 895.19 372.73 1074.44 391.97 992.33 521.90 891.91 580.80 1043.02 597.81
00003021 00000205 757.46 119.65 413.94 621.66 895.05 373.49 1074.24 391.59 991.83 521.31 892.43 578.87 1042.95 595.06
00003022 00000206 757.42 118.79 413.76 620.90 894.99 373.57 1075.16 391.25 992.31 520.60 893.11 578.86 1044.51 594.62
00003023 00000207 757.74 118.41 414.31 618.96 894.80 373.95 1075.66 390.67 992.09 520.77 893.77 578.61 1045.11 593.61
00003024 00000208 757.47 118.64 414.34 617.62 894.95 373.73 1075.44 389.92 992.59 519.98 894.74 578.67 1044.96 593.27
00003025 00000209 757.63 118.07 414.23 618.59 895.35 372.82 1075.50 389.47 992.61 519.39 894.71 579.72 1043.08 594.83
00003026 00000210 757.04 118.26 414.65 619.52 896.27 372.44 1075.64 389.18 993.95 519.15 895.81 579.76 1043.23 595.00
00003027 00000211 757.30 117.26 415.10 621.87 898.14 372.03 1075.17 390.04 994.32 520.39 896.55 581.68 1039.51 598.06
00003028 00000212 757.24 116.43 415.94 623.32 899.61 371.21 1076.08 389.79 995.77 519.56 897.55 581.31 1039.92 598.15
00003029 00000213 756.98 115.27 416.78 624.59 901.33 370.37 1076.81 389.60 997.04 518.03 898.39 581.90 1039.09 599.34
00003030 00000214 758.01 115.56 416.69 624.63 902.13 370.60 1077.99 390.25 997.80 519.21 898.78 582.21 1039.57 599.92
00003031 00000215 757.83 114.30 418.31 625.67 905.12 370.71 1080.59 390.93 1000.53 519.43 900.60 582.45 1040.59 600.54
00003032 00000216 758.45 114.49 418.69 625.66 905.30 371.16 1081.63 391.18 1000.95 520.31 901.11 583.08 1041.77 600.92
00003033 00000217 758.47 114.59 418.50 620.44 904.58 371.45 1081.83 391.14 1000.55 520.55 900.92 582.60 1040.93 600.22
00003034 00000218 758.59 114.69 417.64 617.91 904.63 371.33 1081.54 390.79 1000.42 520.43 901.08 582.10 1039.85 599.65
00003035 00000219 759.65 114.25 417.14 619.30 904.58 371.03 1082.35 390.76 1000.98 521.02 902.12 583.58 1041.14 601.24
00003036 00000220 759.93 114.07 417.56 625.55 906.15 370.40 1082.50 391.22 1001.86 521.86 902.35 584.87 1041.17 603.35
00003037 00000221 759.39 113.43 419.80 625.75 910.11 374.39 1084.94 395.55 1004.54 521.35 903.48 585.27 1041.97 603.99
CROP_BBOX: 447 0 1468 942
