Video ID: 	zUrST_owRZ4
H: 	1080
W: 	1920
FPS: 	25.0

FRAME INDEX X0 Y0 W H [Landmarks (5 Points)]

00007520 00000000 845.56 141.97 397.57 552.84 1063.52 352.75 1207.09 349.37 1230.23 427.50 1111.85 557.89 1221.64 554.24
00007521 00000001 845.54 142.91 399.01 554.29 1063.68 353.15 1204.37 344.75 1227.92 429.99 1105.14 556.72 1216.08 550.07
00007522 00000002 847.29 153.92 398.20 575.10 1070.47 349.75 1201.21 357.91 1231.50 437.45 1095.10 563.68 1208.27 570.74
00007523 00000003 847.47 149.08 396.03 563.50 1074.96 355.57 1202.19 361.06 1232.27 440.78 1101.04 561.23 1203.66 566.38
00007524 00000004 852.51 148.07 396.65 560.06 1079.53 356.87 1215.10 363.64 1238.50 441.74 1105.52 562.06 1216.34 567.89
00007525 00000005 856.59 138.69 395.43 564.72 1081.98 358.76 1217.22 360.45 1240.44 441.11 1107.85 558.25 1220.25 560.29
00007526 00000006 855.60 139.88 396.29 562.14 1084.09 359.03 1217.52 359.81 1242.14 443.10 1110.28 559.07 1219.64 560.52
00007527 00000007 855.27 141.95 397.95 565.20 1084.83 357.33 1216.47 358.96 1242.50 443.20 1110.12 560.87 1218.82 562.87
00007528 00000008 853.31 140.57 400.35 572.33 1085.43 354.77 1216.17 358.92 1242.76 442.10 1110.04 563.01 1218.80 566.95
00007529 00000009 859.27 142.32 394.42 564.42 1088.26 359.27 1219.82 360.86 1246.29 446.75 1112.97 564.12 1221.09 566.37
00007530 00000010 867.71 138.46 389.74 568.23 1095.77 357.94 1227.83 359.81 1252.35 446.55 1118.74 563.67 1226.82 566.23
00007531 00000011 872.42 136.06 388.54 570.09 1101.15 357.36 1230.39 356.53 1255.66 446.23 1122.07 562.67 1228.18 563.41
00007532 00000012 877.85 139.38 390.58 575.88 1106.42 350.66 1234.17 353.00 1258.80 445.40 1130.97 565.89 1234.56 568.68
00007533 00000013 876.84 141.83 395.85 576.71 1108.42 354.62 1227.91 360.01 1256.90 445.70 1133.33 559.59 1233.50 564.46
00007534 00000014 879.33 140.68 396.50 582.81 1110.55 358.70 1227.00 364.08 1257.02 448.59 1134.98 563.65 1233.58 568.71
00007535 00000015 878.75 148.35 394.43 585.13 1110.02 365.84 1220.65 373.01 1257.48 454.91 1133.50 570.54 1228.84 577.28
00007536 00000016 878.52 154.96 396.79 580.93 1110.18 371.59 1220.77 381.26 1259.09 460.12 1134.36 573.04 1230.02 581.84
00007537 00000017 879.02 152.82 396.10 582.25 1110.65 370.00 1221.11 379.29 1258.43 458.01 1134.77 572.22 1229.43 580.73
00007538 00000018 880.56 150.79 398.59 583.26 1112.79 371.67 1226.28 379.62 1262.58 458.77 1136.43 572.32 1233.07 579.64
00007539 00000019 883.23 145.26 401.86 594.19 1113.87 370.14 1233.88 376.90 1264.75 454.40 1142.17 572.55 1245.35 577.77
00007540 00000020 883.52 140.71 403.88 594.69 1116.03 363.51 1238.83 367.39 1267.99 449.64 1142.57 569.31 1246.45 572.35
00007541 00000021 887.64 136.52 406.26 598.05 1116.05 355.63 1246.19 359.72 1271.43 441.32 1147.52 566.84 1253.93 569.76
00007542 00000022 890.30 135.90 407.96 601.24 1120.42 355.60 1247.23 356.72 1279.49 442.73 1153.03 570.28 1257.36 571.39
00007543 00000023 893.93 138.98 406.05 600.86 1123.88 357.24 1253.42 365.61 1282.15 445.50 1151.61 570.69 1258.15 577.93
00007544 00000024 895.54 139.13 404.43 602.34 1126.22 360.07 1253.32 368.56 1283.46 449.21 1149.90 571.69 1254.79 579.48
00007545 00000025 893.00 140.48 405.17 604.55 1123.33 359.76 1251.02 368.80 1280.35 448.80 1147.59 571.80 1254.83 579.61
00007546 00000026 890.36 137.94 404.99 604.75 1118.65 357.96 1247.06 365.26 1275.00 446.28 1146.80 572.10 1252.31 578.24
00007547 00000027 890.44 143.21 403.17 601.73 1118.28 362.26 1242.62 370.54 1274.08 452.33 1144.59 574.98 1249.24 582.12
00007548 00000028 890.52 141.58 401.96 603.55 1118.66 360.29 1241.10 367.85 1274.42 452.12 1145.46 575.78 1246.89 582.54
00007549 00000029 889.17 145.01 403.53 596.86 1117.93 360.57 1241.16 367.82 1272.47 452.68 1143.27 574.89 1244.64 581.43
00007550 00000030 891.49 150.61 399.16 594.97 1118.49 366.42 1237.07 375.43 1269.29 459.29 1139.45 576.97 1239.74 585.14
00007551 00000031 889.50 152.57 396.97 586.82 1118.29 371.18 1235.97 381.98 1267.71 460.44 1137.99 574.40 1237.18 584.23
00007552 00000032 886.73 151.39 393.63 581.89 1116.23 372.75 1232.15 383.98 1257.91 461.21 1136.08 572.04 1233.66 581.89
00007553 00000033 884.57 156.05 392.95 579.22 1116.66 375.76 1229.14 385.44 1260.43 465.46 1133.92 574.27 1229.70 583.46
00007554 00000034 885.79 154.66 390.80 581.54 1118.33 379.63 1230.65 387.20 1262.19 466.88 1140.41 576.90 1234.71 583.92
00007555 00000035 885.25 158.40 390.50 579.87 1119.21 380.87 1228.61 388.63 1262.97 468.44 1140.38 578.29 1233.01 585.57
00007556 00000036 884.78 156.27 391.68 585.63 1116.03 381.04 1228.71 389.56 1259.06 467.66 1137.33 578.36 1232.86 585.73
00007557 00000037 885.28 158.55 390.40 588.38 1116.74 382.82 1226.86 392.33 1258.10 471.37 1134.57 581.40 1229.25 589.50
00007558 00000038 883.42 164.94 388.54 579.17 1114.90 387.20 1229.12 397.89 1255.89 474.86 1131.64 582.38 1228.76 591.30
00007559 00000039 882.09 165.03 388.24 579.45 1107.28 383.46 1226.55 393.54 1247.51 471.31 1125.73 581.05 1226.68 589.50
00007560 00000040 878.43 167.83 391.64 570.49 1099.46 385.84 1227.63 396.91 1233.71 469.47 1118.05 579.63 1225.28 588.45
00007561 00000041 863.39 170.16 402.18 570.17 1092.20 380.74 1225.69 397.66 1224.76 475.26 1104.35 579.40 1216.07 593.29
00007562 00000042 856.87 160.83 407.94 584.16 1072.36 374.05 1231.44 396.57 1209.91 471.39 1078.66 585.61 1207.82 604.47
00007563 00000043 853.20 164.51 410.50 573.32 1054.81 375.25 1220.52 398.48 1184.52 466.60 1059.97 578.56 1194.43 598.00
00007564 00000044 847.52 161.79 413.20 578.05 1040.73 370.51 1207.11 392.01 1167.31 461.29 1045.61 575.94 1182.49 594.07
00007565 00000045 836.02 157.82 423.69 585.66 1024.37 362.59 1201.48 382.56 1155.92 456.20 1033.32 576.04 1176.09 592.24
00007566 00000046 830.48 154.48 427.08 591.53 1012.34 357.62 1190.93 376.02 1139.57 459.05 1023.56 572.48 1165.20 586.73
00007567 00000047 830.30 152.74 427.95 589.31 1005.26 357.37 1187.05 375.99 1129.48 459.23 1017.39 573.03 1156.13 587.47
00007568 00000048 827.37 152.24 430.22 585.43 996.51 352.32 1179.13 370.10 1116.68 452.97 1014.72 567.41 1151.85 580.56
00007569 00000049 821.02 148.44 430.27 584.78 980.87 346.51 1165.75 364.22 1096.57 442.30 1000.28 558.17 1140.67 570.97
00007570 00000050 816.45 147.97 429.31 580.08 969.45 344.57 1159.02 360.99 1085.13 438.09 991.28 556.10 1135.59 568.02
00007571 00000051 810.09 145.38 430.40 582.05 960.68 341.31 1148.57 355.46 1074.44 432.37 979.02 551.98 1126.18 562.67
00007572 00000052 802.58 136.75 430.65 585.80 955.19 338.66 1140.95 353.00 1069.02 429.31 974.56 548.28 1119.27 559.46
00007573 00000053 797.23 137.56 431.20 587.51 951.17 340.22 1136.18 355.69 1063.06 433.69 969.81 550.17 1114.55 562.35
00007574 00000054 792.10 141.16 431.29 583.08 945.98 345.08 1124.70 357.25 1058.97 433.38 963.15 552.10 1106.82 560.57
00007575 00000055 790.27 138.92 433.37 582.94 942.02 344.13 1122.38 355.55 1054.99 431.97 960.32 551.68 1104.03 559.39
00007576 00000056 791.26 138.85 433.83 580.03 939.73 343.89 1120.99 352.78 1051.02 430.80 959.15 550.70 1103.04 556.19
00007577 00000057 789.20 142.69 435.35 575.67 935.67 346.92 1119.24 354.39 1047.33 431.66 956.10 552.80 1101.08 556.97
00007578 00000058 783.84 139.35 439.62 576.43 931.98 345.93 1114.99 352.99 1042.83 429.79 953.06 551.07 1095.27 554.70
00007579 00000059 782.32 137.71 444.76 575.14 933.71 342.68 1117.26 351.46 1044.31 428.71 955.01 548.63 1097.26 553.32
00007580 00000060 785.23 135.06 445.64 573.17 933.96 340.91 1119.80 350.15 1042.47 427.57 954.77 545.41 1099.35 550.27
00007581 00000061 788.34 131.58 444.39 576.64 934.06 342.82 1122.84 351.25 1044.43 428.53 954.23 547.62 1102.46 551.91
00007582 00000062 788.90 130.67 444.97 580.59 933.62 342.90 1125.63 352.10 1044.01 430.16 952.43 549.15 1103.57 554.31
00007583 00000063 790.27 128.75 442.51 577.20 929.96 342.33 1124.16 351.18 1040.68 429.53 948.36 546.38 1102.63 551.24
00007584 00000064 791.31 126.45 439.38 581.27 927.26 344.64 1126.10 352.08 1038.88 428.70 945.34 550.35 1104.94 553.89
00007585 00000065 791.83 125.81 440.59 581.45 927.60 346.66 1124.09 350.65 1037.72 430.24 948.46 552.00 1103.83 552.70
00007586 00000066 790.97 127.79 439.07 593.07 930.26 350.02 1130.08 357.52 1038.69 439.67 950.45 559.41 1107.92 566.91
00007587 00000067 787.79 135.54 440.92 589.98 928.13 354.77 1126.79 358.47 1043.61 444.80 948.00 564.18 1109.19 565.45
00007588 00000068 781.27 138.53 437.11 582.44 921.87 357.20 1122.46 361.58 1040.06 449.84 943.31 566.24 1103.15 568.33
00007589 00000069 774.82 145.23 441.84 592.44 914.74 358.26 1115.05 366.30 1029.52 455.20 935.39 573.53 1091.44 578.62
00007590 00000070 768.35 149.09 444.73 594.89 914.43 359.18 1106.81 369.22 1024.06 459.20 934.11 572.41 1079.36 579.00
00007591 00000071 759.74 152.58 442.48 594.80 909.75 364.40 1098.04 377.01 1016.89 463.50 927.49 573.94 1072.56 583.18
00007592 00000072 756.33 153.74 440.84 597.31 902.40 368.05 1092.70 379.45 1011.57 466.44 920.23 577.98 1069.37 586.44
00007593 00000073 754.69 155.86 436.96 596.59 895.95 371.48 1086.41 381.25 1006.86 466.59 913.67 578.55 1065.96 586.04
00007594 00000074 750.22 153.62 436.50 597.25 887.63 365.59 1081.81 377.47 998.96 466.22 904.32 576.04 1058.35 585.20
00007595 00000075 744.75 153.50 435.24 594.54 882.44 361.17 1077.83 372.69 993.14 463.49 898.89 573.58 1051.81 582.54
00007596 00000076 742.12 151.29 434.95 593.94 880.59 359.79 1076.40 371.53 991.91 461.61 897.44 573.43 1049.33 582.98
00007597 00000077 738.36 151.58 433.64 587.47 877.81 355.02 1075.61 366.94 990.73 459.77 894.84 571.54 1045.48 581.41
00007598 00000078 738.17 150.98 432.38 587.85 875.36 355.19 1072.80 366.93 986.54 461.00 891.69 571.24 1042.51 581.05
00007599 00000079 736.67 149.66 432.73 591.60 873.86 356.58 1070.57 368.13 984.68 460.96 890.88 571.12 1043.13 580.76
00007600 00000080 736.81 151.88 433.80 590.48 872.02 358.20 1070.15 367.93 984.27 460.76 890.02 572.02 1049.57 579.63
00007601 00000081 737.46 155.47 434.42 587.22 871.67 361.13 1069.95 371.14 982.25 462.62 889.00 572.34 1049.37 580.16
00007602 00000082 741.87 156.65 435.56 590.80 877.47 363.22 1075.23 372.99 988.56 465.33 893.88 576.63 1051.54 584.58
00007603 00000083 750.72 156.23 440.06 604.93 886.38 367.85 1084.89 380.30 996.46 469.71 902.13 583.34 1062.04 592.85
00007604 00000084 756.09 157.98 436.20 604.01 890.89 377.36 1089.14 387.09 1002.44 475.59 906.77 590.66 1067.49 598.29
00007605 00000085 752.53 158.63 439.50 614.58 888.97 385.94 1089.01 395.93 1002.42 483.30 898.12 598.41 1068.98 606.47
00007606 00000086 752.51 160.39 438.98 618.08 890.24 390.00 1089.76 402.07 1002.67 488.91 894.53 602.43 1067.78 612.38
00007607 00000087 754.21 162.76 442.07 626.72 891.68 392.48 1094.88 407.28 1000.12 493.71 892.59 608.71 1070.63 621.04
00007608 00000088 753.43 167.19 447.99 622.72 890.93 398.71 1095.58 413.19 998.68 497.89 894.09 612.23 1073.89 624.05
00007609 00000089 755.35 170.75 449.36 624.22 891.95 402.04 1097.97 416.24 997.73 501.51 894.31 614.00 1077.02 625.61
00007610 00000090 759.50 190.36 449.25 613.31 894.70 408.45 1102.58 424.05 1006.51 507.74 906.60 617.36 1082.84 628.19
00007611 00000091 759.91 194.68 445.75 609.55 895.33 410.05 1101.75 426.53 1006.90 507.85 904.43 617.55 1081.57 629.41
00007612 00000092 758.43 196.39 444.90 612.76 891.66 409.31 1099.85 425.34 1003.55 505.16 901.05 620.69 1079.03 632.05
00007613 00000093 758.56 196.10 447.48 619.34 893.13 409.89 1100.48 424.24 1004.03 504.53 903.38 624.67 1079.02 634.59
00007614 00000094 757.67 193.15 450.30 630.65 893.68 408.62 1099.77 424.38 1003.48 505.06 900.62 624.55 1079.09 635.63
00007615 00000095 753.65 192.54 450.40 632.39 890.59 406.62 1096.35 425.03 1000.06 506.16 896.11 624.09 1074.31 637.52
00007616 00000096 752.66 193.23 444.68 617.74 885.32 405.81 1090.86 426.50 994.77 502.14 890.94 620.91 1068.33 636.21
00007617 00000097 747.20 192.16 449.32 611.80 880.31 404.44 1089.90 424.92 990.56 504.08 885.14 618.22 1062.67 633.68
00007618 00000098 742.16 181.83 448.94 609.98 877.04 404.32 1088.61 422.30 983.63 500.69 876.68 614.36 1061.53 629.10
00007619 00000099 744.30 181.41 445.78 605.64 878.57 402.66 1090.91 423.25 985.80 499.30 876.84 612.66 1061.60 629.69
00007620 00000100 746.53 181.57 443.65 605.10 879.75 403.07 1091.94 424.10 986.28 498.39 877.21 612.80 1061.24 630.20
00007621 00000101 749.31 181.18 440.04 607.54 882.46 404.54 1093.11 425.78 989.03 498.87 880.07 613.37 1064.33 630.95
00007622 00000102 753.73 180.72 436.35 607.94 884.96 407.08 1094.46 428.34 991.39 499.98 881.69 612.97 1068.12 630.60
00007623 00000103 752.31 197.47 441.32 603.49 888.34 411.29 1095.66 436.49 1001.77 504.51 889.51 617.63 1073.06 637.30
00007624 00000104 752.66 187.71 439.42 602.76 890.73 411.75 1100.12 435.63 997.92 509.30 885.05 616.23 1068.36 636.53
00007625 00000105 756.23 192.25 436.61 591.46 895.20 412.59 1099.67 435.79 998.25 509.37 895.32 615.23 1069.96 634.94
00007626 00000106 758.48 193.06 437.32 588.78 901.89 412.15 1106.41 436.60 1005.37 510.97 902.35 615.79 1073.74 636.61
00007627 00000107 767.98 207.49 437.23 599.17 915.50 416.14 1110.72 439.90 1021.21 508.80 923.35 626.58 1078.95 644.59
00007628 00000108 770.77 205.52 444.04 615.71 922.09 417.12 1117.07 442.74 1030.72 509.85 923.60 631.42 1083.74 651.44
00007629 00000109 783.35 205.90 443.24 625.72 935.25 414.59 1126.92 444.09 1038.80 511.70 926.73 628.35 1092.60 651.98
00007630 00000110 788.79 203.13 441.79 624.89 940.12 415.07 1130.37 444.99 1042.33 515.09 930.23 628.45 1095.49 652.76
00007631 00000111 793.89 201.58 439.90 620.19 944.78 413.25 1136.56 445.97 1047.58 517.19 932.15 627.61 1097.19 654.59
00007632 00000112 796.25 197.67 442.48 611.31 947.98 412.09 1144.91 446.80 1055.52 511.44 935.13 622.76 1104.81 651.20
00007633 00000113 796.35 186.06 443.53 618.54 950.54 410.08 1150.05 438.89 1055.63 515.69 939.25 622.01 1107.91 646.83
00007634 00000114 795.51 180.06 445.05 618.26 952.01 404.35 1150.22 434.88 1056.94 508.32 940.96 617.70 1106.73 643.80
00007635 00000115 795.56 173.24 445.84 624.46 952.15 398.73 1151.54 430.44 1057.42 503.23 940.27 614.29 1108.01 641.08
00007636 00000116 791.97 161.53 446.87 630.95 951.91 394.39 1149.69 426.51 1058.27 501.15 939.92 610.58 1105.95 637.43
00007637 00000117 790.00 159.01 445.76 627.38 948.70 392.47 1146.35 419.17 1058.12 497.90 942.30 606.54 1111.26 628.47
00007638 00000118 780.14 154.96 446.93 615.58 941.86 392.33 1138.38 409.01 1061.17 487.14 944.46 601.41 1112.21 615.47
00007639 00000119 762.31 152.14 448.78 616.49 919.28 386.63 1116.91 398.13 1042.56 482.35 928.53 596.28 1097.10 605.36
00007640 00000120 753.38 153.89 440.10 613.12 896.47 389.03 1100.60 393.32 1022.36 477.28 913.64 598.42 1090.34 601.28
00007641 00000121 740.79 155.68 444.81 613.32 882.28 389.03 1089.52 388.87 1010.60 476.32 904.81 597.12 1089.97 596.41
00007642 00000122 729.35 156.59 453.17 607.08 874.08 385.56 1081.60 384.64 1000.75 471.96 900.97 593.82 1083.91 591.14
00007643 00000123 727.76 154.90 452.56 609.54 870.31 385.32 1076.25 382.35 995.34 469.71 897.75 593.90 1079.00 589.67
00007644 00000124 730.63 154.51 450.03 604.19 873.72 385.87 1076.91 381.28 1000.43 468.74 905.35 591.60 1083.75 585.99
00007645 00000125 744.16 156.22 445.09 600.81 882.81 384.82 1084.74 377.88 1010.47 466.92 915.87 590.11 1092.11 582.69
00007646 00000126 744.98 156.25 451.72 600.82 889.88 380.68 1090.37 374.88 1015.38 464.29 925.46 588.07 1092.83 581.45
00007647 00000127 750.92 149.98 445.20 603.21 896.74 377.23 1093.59 372.76 1022.97 462.98 931.29 586.96 1089.24 581.92
00007648 00000128 751.52 150.36 444.88 603.54 897.07 377.27 1096.05 372.26 1025.63 462.00 930.85 586.26 1094.22 580.28
00007649 00000129 751.19 152.92 443.21 598.10 896.42 374.44 1095.94 372.12 1022.81 462.49 929.06 582.70 1092.25 578.93
00007650 00000130 749.69 155.28 443.47 594.62 892.94 373.63 1092.46 372.07 1017.17 462.27 923.93 583.15 1086.34 580.01
00007651 00000131 748.00 151.87 442.00 597.41 889.71 373.88 1090.02 373.04 1013.04 463.08 919.17 583.19 1083.27 580.82
00007652 00000132 743.76 155.95 444.37 590.05 887.34 373.78 1088.10 373.20 1010.22 461.46 916.61 580.30 1082.99 578.14
00007653 00000133 738.94 154.91 445.56 595.42 884.38 376.48 1084.85 375.37 1008.58 462.49 911.65 582.82 1082.54 580.22
00007654 00000134 737.68 154.71 446.97 600.48 882.71 379.33 1083.08 377.57 1008.10 466.06 909.72 586.07 1083.07 583.09
00007655 00000135 737.89 153.88 447.31 614.19 883.38 384.50 1082.75 382.34 1010.05 472.26 908.30 593.64 1083.33 590.83
00007656 00000136 743.04 154.03 447.13 626.20 886.05 389.75 1087.09 389.75 1011.42 476.77 906.45 600.39 1086.78 599.96
00007657 00000137 747.86 151.30 448.70 624.39 890.72 390.39 1094.77 389.51 1018.14 479.02 911.54 600.01 1092.00 598.68
00007658 00000138 756.18 155.56 452.60 610.43 898.98 388.20 1110.10 385.82 1028.92 480.76 921.71 599.58 1105.65 596.72
00007659 00000139 760.07 156.40 462.30 607.85 907.02 387.24 1119.79 384.46 1038.39 480.59 928.78 599.06 1114.01 595.74
00007660 00000140 771.74 153.03 456.75 603.84 916.84 389.33 1127.70 385.25 1045.50 478.41 940.27 598.42 1122.33 593.74
00007661 00000141 777.91 143.82 462.78 618.28 922.97 386.86 1132.87 378.29 1044.68 475.94 950.91 596.63 1127.14 591.36
00007662 00000142 792.34 156.42 454.87 612.33 935.32 385.85 1145.48 387.72 1056.02 476.16 953.01 599.52 1136.15 599.79
00007663 00000143 790.57 157.48 453.37 604.28 933.90 385.01 1145.33 386.74 1054.56 471.20 956.36 597.32 1136.84 597.19
00007664 00000144 800.83 156.81 451.75 594.26 938.96 382.78 1145.84 382.77 1057.27 464.68 967.36 589.33 1144.96 587.39
00007665 00000145 811.79 158.90 448.66 611.48 949.75 377.34 1160.51 386.25 1072.62 467.09 969.67 595.93 1154.41 602.30
00007666 00000146 812.84 156.93 448.23 649.13 958.18 377.45 1154.39 390.09 1071.70 465.58 969.14 605.05 1146.60 615.28
00007667 00000147 805.07 169.53 450.20 670.24 953.34 377.94 1148.26 385.38 1070.06 466.94 959.53 609.14 1142.07 613.87
00007668 00000148 806.52 171.59 448.07 670.57 951.62 378.52 1147.05 384.68 1068.19 465.10 959.49 611.46 1141.69 614.89
00007669 00000149 804.70 171.85 449.03 672.11 951.08 374.34 1145.33 381.27 1067.54 459.04 959.26 610.92 1139.92 615.06
00007670 00000150 804.57 171.67 449.77 678.59 947.71 369.52 1142.07 374.60 1061.32 453.03 956.67 609.90 1138.75 612.50
00007671 00000151 801.49 176.42 447.26 668.27 944.19 365.73 1138.15 370.34 1054.88 446.61 949.06 603.96 1131.25 606.79
00007672 00000152 791.60 182.42 456.65 641.92 938.22 366.92 1133.65 379.06 1046.43 455.81 945.26 604.44 1126.96 614.48
00007673 00000153 790.83 179.67 451.34 626.04 934.57 374.73 1137.09 384.80 1042.78 461.06 941.06 597.64 1128.63 605.56
00007674 00000154 786.96 179.98 451.59 624.59 932.86 385.93 1133.47 392.08 1041.56 464.62 941.94 603.75 1122.05 608.53
00007675 00000155 788.84 182.31 452.24 621.49 931.07 391.80 1138.48 397.17 1044.17 471.33 944.16 610.53 1127.75 614.66
00007676 00000156 790.63 184.97 452.30 617.08 932.42 394.56 1142.55 401.33 1046.01 477.74 945.15 612.65 1132.10 618.07
00007677 00000157 793.68 189.96 448.29 606.34 934.54 396.49 1144.88 405.37 1048.84 479.00 947.03 612.74 1131.62 620.14
00007678 00000158 796.24 187.87 449.02 600.76 939.97 394.85 1151.32 409.44 1053.61 474.94 950.72 606.43 1136.19 618.10
00007679 00000159 799.24 192.38 449.92 589.48 945.60 391.10 1157.15 411.57 1060.27 473.15 954.75 600.67 1139.41 617.23
00007680 00000160 798.45 194.54 447.20 591.07 947.62 393.98 1156.54 414.88 1062.12 477.27 954.79 602.30 1137.36 619.42
00007681 00000161 793.09 194.96 445.11 599.60 943.61 403.41 1149.99 420.95 1057.89 487.66 950.44 613.04 1130.70 627.61
00007682 00000162 786.36 196.12 445.65 614.20 936.23 414.60 1143.96 432.13 1046.97 501.65 938.46 622.17 1118.81 636.94
00007683 00000163 786.98 208.96 442.49 607.21 939.24 423.48 1132.45 450.60 1049.77 513.70 933.96 623.46 1108.50 645.36
00007684 00000164 789.24 211.04 442.17 613.13 937.95 432.51 1135.85 455.46 1046.94 526.29 935.03 638.78 1106.25 657.08
00007685 00000165 789.68 213.60 445.78 624.53 943.00 435.57 1145.42 459.95 1052.96 538.58 936.83 649.33 1113.86 668.70
00007686 00000166 791.80 217.68 448.55 621.64 944.14 436.50 1151.33 464.53 1055.35 538.10 935.94 650.14 1117.81 672.29
00007687 00000167 793.66 219.99 450.49 619.72 946.20 436.31 1154.15 465.61 1058.04 538.97 936.45 650.73 1120.88 673.82
00007688 00000168 796.47 218.45 455.49 620.11 951.81 436.47 1158.62 466.43 1063.59 540.86 941.82 651.30 1123.74 674.66
00007689 00000169 804.58 221.00 450.86 617.87 957.17 438.85 1162.30 468.35 1069.03 545.16 948.22 653.64 1130.70 677.09
00007690 00000170 814.54 219.71 448.51 624.60 966.39 442.16 1167.45 472.44 1076.68 552.25 953.93 655.58 1134.89 680.19
00007691 00000171 818.54 220.00 449.00 627.79 971.99 446.28 1171.46 478.34 1080.58 557.53 957.33 657.49 1137.85 683.65
00007692 00000172 824.02 224.92 448.37 623.75 976.42 450.55 1175.28 484.44 1081.85 562.29 960.17 661.14 1138.42 689.09
00007693 00000173 825.10 227.50 448.11 632.04 978.53 454.83 1176.25 490.79 1082.42 564.56 955.28 665.53 1135.93 695.65
00007694 00000174 824.82 229.43 444.94 630.21 975.01 460.35 1172.98 495.24 1078.01 568.12 953.02 669.28 1132.31 698.40
00007695 00000175 816.27 232.00 446.77 628.64 969.52 458.94 1166.06 494.67 1071.99 566.58 948.39 669.33 1125.07 699.01
00007696 00000176 810.10 233.78 445.21 625.78 961.64 458.88 1160.19 492.12 1065.53 564.56 941.51 670.27 1119.88 697.89
00007697 00000177 800.14 237.17 444.58 623.10 952.38 464.59 1153.77 497.21 1056.61 570.91 934.82 675.98 1110.61 702.86
00007698 00000178 786.18 236.10 446.24 625.83 938.22 469.54 1143.17 500.35 1049.90 564.94 928.33 678.17 1107.49 704.53
00007699 00000179 780.66 237.78 448.91 631.94 933.51 471.04 1136.38 498.66 1043.41 567.16 923.07 681.92 1099.95 705.38
00007700 00000180 781.74 243.05 449.34 624.75 929.62 477.26 1135.75 498.21 1039.44 572.09 925.75 688.55 1103.84 706.39
00007701 00000181 777.91 234.83 462.50 634.03 924.95 475.19 1136.63 490.58 1037.97 571.39 928.45 691.36 1110.24 704.45
00007702 00000182 765.55 222.72 466.64 642.01 915.60 470.39 1127.49 479.10 1034.54 566.62 928.83 689.36 1111.00 696.77
00007703 00000183 770.16 227.21 472.37 650.73 920.10 466.35 1131.74 471.52 1037.39 562.27 931.78 693.03 1113.57 696.84
00007704 00000184 770.19 210.61 479.99 658.48 918.38 464.52 1134.21 457.04 1039.05 556.74 941.85 689.26 1123.37 683.89
00007705 00000185 781.54 197.37 474.41 645.87 922.06 451.04 1136.10 440.97 1042.02 546.06 950.92 672.94 1132.14 665.81
00007706 00000186 806.12 204.00 475.10 635.55 948.14 439.63 1171.87 441.90 1076.90 534.92 972.37 664.26 1166.82 663.54
00007707 00000187 817.29 190.96 474.61 638.93 958.71 431.70 1179.96 432.31 1087.92 530.35 989.75 662.19 1169.44 660.77
00007708 00000188 810.71 185.94 475.22 641.39 961.41 425.33 1176.51 425.78 1089.00 522.70 989.74 653.36 1162.10 651.81
00007709 00000189 798.12 174.27 480.48 655.92 958.84 414.37 1169.82 419.68 1085.42 512.61 984.71 641.03 1157.51 642.67
00007710 00000190 788.40 156.81 481.69 667.37 946.39 413.04 1157.18 415.84 1071.80 506.15 965.58 635.21 1149.18 637.32
00007711 00000191 780.01 151.94 479.39 663.09 938.81 413.43 1143.11 413.33 1061.64 502.70 956.87 631.38 1135.67 631.34
00007712 00000192 768.70 145.58 487.72 676.82 929.10 411.86 1136.31 407.14 1054.75 501.38 950.67 636.61 1131.64 632.67
00007713 00000193 768.87 151.07 488.13 670.70 927.71 410.21 1139.29 405.97 1055.34 505.47 950.21 638.44 1132.83 634.85
00007714 00000194 765.19 148.02 488.40 670.11 922.58 406.51 1136.67 403.89 1049.63 506.26 944.63 639.59 1124.14 637.64
00007715 00000195 753.78 143.44 481.22 669.30 904.39 404.35 1126.19 405.62 1033.29 507.41 920.11 631.63 1112.32 632.57
00007716 00000196 734.44 141.73 481.12 667.39 882.20 399.52 1104.17 402.02 1010.89 503.41 896.20 626.78 1093.50 628.30
00007717 00000197 724.30 141.95 485.14 672.30 875.96 400.15 1097.15 404.25 1003.56 504.71 891.91 629.30 1087.34 631.94
00007718 00000198 717.29 133.01 484.02 686.64 871.15 400.22 1086.18 404.25 997.35 503.52 885.78 629.66 1077.71 632.09
00007719 00000199 709.08 139.64 487.19 673.52 863.41 399.70 1082.17 403.45 990.18 505.47 878.22 628.73 1070.15 630.98
00007720 00000200 708.75 142.71 487.89 670.73 859.53 400.86 1080.76 403.26 985.91 507.12 871.50 630.47 1067.22 631.89
00007721 00000201 705.08 141.81 489.75 669.22 857.52 397.11 1078.65 400.61 982.25 504.12 871.38 627.26 1062.72 629.44
00007722 00000202 696.77 128.59 495.61 679.96 849.91 395.70 1072.52 391.40 976.97 504.72 870.06 627.44 1058.44 624.41
00007723 00000203 688.10 133.55 494.41 690.63 851.14 392.91 1067.69 397.56 977.60 501.98 860.27 627.74 1051.23 630.75
00007724 00000204 690.22 136.43 490.65 686.60 851.61 393.02 1065.55 397.79 976.71 501.95 860.52 627.30 1048.87 630.72
00007725 00000205 696.69 135.60 491.31 682.80 859.54 393.22 1073.23 399.03 983.87 501.80 869.90 624.67 1057.60 628.59
00007726 00000206 703.09 138.31 484.95 681.37 865.69 395.30 1077.51 403.73 990.28 504.42 875.31 624.90 1062.52 631.04
00007727 00000207 702.21 143.18 483.51 672.03 864.62 397.86 1078.16 406.62 988.09 506.87 873.45 625.38 1059.18 632.03
00007728 00000208 700.64 143.10 485.51 672.75 862.93 397.46 1078.42 406.94 988.33 507.97 872.09 627.40 1057.56 634.69
00007729 00000209 709.38 148.30 482.44 666.95 867.60 399.94 1086.68 411.65 994.66 512.29 876.30 630.09 1066.06 639.11
00007730 00000210 709.91 153.67 481.81 663.22 869.88 403.09 1089.99 417.04 997.54 519.79 878.11 635.49 1064.69 646.85
00007731 00000211 705.35 153.90 484.31 666.25 869.34 403.66 1090.46 418.63 998.22 520.09 875.89 636.11 1063.32 648.34
00007732 00000212 707.91 152.05 480.27 659.26 869.42 401.41 1091.15 415.52 998.92 519.17 878.05 635.44 1063.39 647.14
00007733 00000213 708.24 149.16 485.63 664.74 870.22 400.51 1092.39 415.92 998.40 517.24 878.54 635.41 1064.75 647.93
00007734 00000214 711.70 146.66 484.94 665.66 874.02 398.51 1094.82 414.69 1001.98 515.85 881.69 632.65 1068.99 645.82
00007735 00000215 712.91 147.30 486.11 671.64 877.11 400.51 1092.64 413.89 1003.67 516.79 890.15 634.56 1071.89 645.32
00007736 00000216 713.73 154.79 489.97 684.23 881.39 396.61 1099.78 414.95 1010.16 518.15 892.66 635.59 1071.84 648.35
00007737 00000217 714.47 148.25 496.19 700.87 886.32 400.68 1104.13 418.83 1017.89 518.13 895.40 638.92 1080.42 651.55
00007738 00000218 720.79 145.32 495.27 707.06 890.69 402.59 1109.79 419.79 1023.72 523.83 899.94 643.68 1084.97 655.68
00007739 00000219 723.64 155.19 495.88 703.63 892.45 405.44 1117.97 426.99 1024.60 530.53 899.72 650.90 1085.30 666.82
00007740 00000220 729.26 153.55 491.96 704.12 894.44 407.78 1122.20 429.44 1026.79 535.13 899.46 653.34 1087.25 669.72
00007741 00000221 727.15 154.83 495.97 703.87 892.48 407.14 1120.27 427.01 1025.01 535.30 898.52 653.49 1087.12 668.15
00007742 00000222 722.65 155.17 500.82 700.04 887.31 405.88 1116.35 425.22 1020.30 530.13 896.17 649.98 1086.46 663.71
00007743 00000223 720.26 153.75 502.13 697.22 885.24 402.96 1112.00 422.59 1018.02 526.13 894.70 647.02 1083.11 660.88
00007744 00000224 718.42 153.89 501.04 697.84 881.94 405.02 1109.20 425.23 1014.62 526.27 891.19 647.96 1080.94 662.27
00007745 00000225 719.59 156.52 497.32 700.95 883.67 406.84 1112.55 426.86 1018.58 528.36 889.98 649.52 1085.41 663.80
00007746 00000226 722.85 158.44 495.98 697.04 885.78 406.79 1114.79 428.23 1019.62 528.59 891.44 648.79 1085.35 664.45
00007747 00000227 722.42 160.65 497.43 692.38 885.34 406.04 1113.21 427.19 1018.10 527.32 891.21 646.33 1084.01 661.64
00007748 00000228 723.71 160.22 487.73 679.17 880.61 409.28 1104.53 424.85 1006.80 528.39 887.40 646.15 1082.30 658.72
00007749 00000229 721.30 160.21 490.06 676.53 881.05 408.37 1100.55 423.71 1005.61 524.70 888.18 641.08 1081.48 653.38
00007750 00000230 718.83 157.99 490.21 676.24 880.09 409.36 1099.91 424.54 1005.96 523.81 888.32 641.21 1081.10 653.26
00007751 00000231 720.31 166.50 487.57 677.53 885.62 407.65 1105.98 426.05 1016.11 524.84 895.52 642.65 1081.04 655.61
00007752 00000232 729.02 169.51 485.20 673.30 892.07 410.25 1113.79 429.19 1022.39 529.93 901.44 646.50 1084.79 660.31
00007753 00000233 735.30 174.21 478.39 671.38 898.27 412.34 1118.22 431.46 1028.06 536.38 904.16 647.21 1087.91 661.70
00007754 00000234 738.91 179.35 474.12 666.18 902.97 415.64 1120.11 436.90 1032.55 539.81 906.36 647.23 1090.34 663.61
00007755 00000235 738.85 176.58 472.49 665.60 903.00 411.44 1119.07 433.79 1031.60 533.60 904.32 642.63 1087.79 660.06
00007756 00000236 730.61 181.06 468.64 664.64 900.59 408.23 1112.68 437.76 1025.49 530.37 895.43 637.65 1080.55 660.95
00007757 00000237 725.18 185.79 469.66 648.80 897.56 403.33 1108.05 434.01 1021.52 525.84 893.24 627.74 1078.44 651.44
00007758 00000238 720.03 183.03 469.44 645.40 896.90 398.46 1104.34 430.19 1019.05 516.49 892.77 619.20 1076.13 643.18
00007759 00000239 723.46 165.72 463.80 644.32 894.47 400.67 1099.09 426.00 1016.37 510.90 891.54 619.60 1072.26 640.76
00007760 00000240 723.65 158.99 460.29 644.21 894.58 398.11 1098.02 423.11 1015.99 507.09 892.73 616.33 1069.19 636.84
00007761 00000241 716.27 161.26 457.91 622.14 888.59 395.45 1094.33 419.80 1011.06 502.33 885.13 611.55 1057.36 631.95
00007762 DELETE   698.91 147.71 451.08 621.26 869.02 389.05 1073.08 404.68 1003.44 493.00 878.19 601.34 1057.01 614.06
00007763 DELETE   670.31 144.81 448.48 622.66 835.64 381.80 1044.43 399.92 968.95 490.57 846.05 597.62 1022.70 612.16
00007764 00000244 635.67 133.40 453.11 625.40 809.55 375.10 1009.57 392.91 933.33 486.80 820.16 590.30 977.71 606.68
00007765 00000245 616.60 139.20 443.71 616.63 796.69 373.13 983.38 390.37 918.68 479.22 804.12 585.05 954.36 598.86
00007766 00000246 588.91 139.80 449.89 608.92 773.98 366.82 962.09 384.89 895.37 474.85 786.27 580.83 930.52 594.97
00007767 00000247 571.12 126.27 455.85 620.20 747.13 367.74 944.85 377.43 873.49 472.77 765.88 581.06 922.95 590.41
00007768 00000248 567.74 125.06 458.53 615.18 742.53 370.52 941.98 376.51 871.04 471.19 768.43 581.04 925.00 587.27
00007769 00000249 578.76 135.98 451.89 615.96 748.81 368.07 953.76 379.72 885.11 471.17 773.62 586.03 938.95 593.91
00007770 00000250 586.01 140.28 450.12 611.76 760.82 370.19 955.33 378.49 891.04 471.72 786.62 585.39 938.43 590.82
00007771 00000251 594.09 142.86 442.35 615.09 771.29 372.46 954.91 378.30 896.85 475.37 791.87 587.34 936.66 591.23
00007772 00000252 601.87 144.21 439.20 614.81 780.13 373.94 959.49 378.89 905.41 476.31 799.42 587.32 943.87 590.86
00007773 00000253 611.25 141.16 435.08 614.84 785.82 379.55 973.28 382.72 919.32 481.22 805.21 593.14 960.15 595.11
00007774 00000254 615.81 142.43 432.64 612.83 789.52 382.70 972.53 384.37 921.64 481.86 808.24 592.85 961.39 593.80
00007775 00000255 618.16 146.81 431.38 605.60 797.38 385.31 975.36 388.79 927.48 482.98 812.79 591.46 961.76 594.21
00007776 00000256 621.51 144.81 431.38 615.51 805.44 388.57 981.91 392.06 934.64 484.85 821.90 599.57 965.85 602.07
00007777 00000257 618.29 146.34 430.06 616.40 805.97 388.95 976.99 392.93 934.39 484.54 817.93 598.33 960.26 601.39
00007778 00000258 613.52 147.72 429.61 618.22 797.09 389.50 969.23 392.83 926.44 486.41 806.13 597.10 953.47 599.37
00007779 00000259 612.82 152.15 429.32 609.22 796.51 392.27 970.59 394.63 926.90 487.88 808.25 597.22 955.65 598.72
00007780 00000260 619.84 150.19 427.71 607.93 805.82 394.30 981.71 395.04 940.20 486.77 816.83 596.18 967.13 596.77
00007781 00000261 617.50 151.64 425.53 599.74 802.89 391.30 978.59 395.05 934.69 485.97 810.63 588.76 963.92 592.14
00007782 00000262 614.91 156.73 421.16 593.17 797.93 393.97 970.95 398.48 928.49 488.18 804.68 587.23 958.44 591.05
00007783 00000263 620.52 152.19 420.25 599.87 809.94 392.88 978.50 401.36 938.00 484.94 813.66 587.72 960.58 594.89
00007784 00000264 633.53 151.80 416.75 597.18 819.29 390.67 988.20 400.33 947.30 484.82 823.28 587.08 968.79 595.30
00007785 00000265 638.39 151.73 415.44 593.99 825.95 392.40 991.39 403.26 956.21 487.49 829.42 585.41 972.39 595.10
00007786 00000266 644.29 156.74 412.08 584.43 829.68 393.93 994.93 407.32 957.80 488.97 834.55 585.02 974.58 597.14
00007787 00000267 641.62 162.78 409.62 582.81 826.13 395.64 991.15 411.77 950.71 489.02 829.16 588.63 967.09 602.58
00007788 00000268 628.56 162.63 411.77 584.59 816.85 394.70 982.53 409.65 944.01 486.97 821.33 588.03 959.81 600.68
00007789 00000269 639.20 164.53 411.50 581.19 823.35 396.54 992.73 413.15 950.92 490.08 827.60 590.32 968.19 604.69
00007790 00000270 642.65 162.66 418.05 587.86 828.35 394.75 997.16 409.76 955.40 490.33 833.58 591.26 974.94 604.49
00007791 00000271 645.33 163.15 419.24 589.70 833.98 393.12 998.46 410.39 956.81 489.94 837.55 590.70 975.88 605.65
00007792 00000272 654.06 160.46 430.17 593.49 842.72 394.39 1012.97 411.94 962.88 492.07 847.07 593.47 987.17 608.65
00007793 00000273 659.72 161.96 435.03 590.44 847.18 397.84 1025.82 412.89 972.03 495.14 856.18 599.90 996.58 612.93
00007794 00000274 653.95 168.80 440.90 595.37 842.29 401.94 1028.97 419.84 972.15 507.11 849.00 608.55 999.17 624.09
00007795 00000275 658.60 171.50 439.61 598.56 842.45 405.23 1034.54 422.87 973.02 512.37 849.88 614.74 1004.55 630.31
00007796 00000276 658.59 166.88 442.23 602.90 842.70 401.63 1034.37 422.81 970.57 510.82 846.25 612.37 998.86 630.71
00007797 00000277 655.93 156.31 441.59 610.88 840.81 395.81 1027.14 415.57 966.13 503.95 844.87 606.94 994.50 623.65
00007798 00000278 648.26 155.60 446.16 621.00 833.78 397.41 1017.13 415.76 955.90 503.38 833.98 606.42 988.20 621.67
00007799 00000279 644.11 164.99 443.89 616.70 827.03 402.79 1009.82 418.97 947.74 507.29 829.66 612.22 981.76 626.11
00007800 00000280 641.30 168.47 439.82 615.78 819.19 404.26 1005.98 422.65 940.47 511.92 821.52 614.65 974.71 631.00
00007801 00000281 635.56 173.12 442.75 599.91 812.79 408.52 1002.32 423.92 935.20 516.12 819.00 613.01 972.11 626.84
00007802 00000282 634.56 173.83 445.98 601.60 808.25 408.15 1003.14 423.41 931.00 519.85 814.74 617.54 970.56 631.44
00007803 00000283 634.78 169.23 445.59 608.08 808.57 405.15 1001.24 424.09 929.29 515.37 812.41 614.40 967.97 631.10
00007804 00000284 634.23 164.23 447.19 609.21 810.46 403.77 999.94 423.05 928.00 510.96 812.94 608.59 967.85 625.07
00007805 00000285 636.67 151.07 439.53 616.65 815.73 395.11 999.05 412.15 936.92 503.19 815.87 603.13 971.76 617.53
00007806 00000286 639.06 147.00 444.77 624.38 815.75 391.10 999.96 408.61 934.00 499.14 809.89 597.32 968.25 612.29
00007807 00000287 639.23 143.21 444.25 621.11 817.49 390.18 999.11 406.52 935.38 495.24 813.42 591.87 970.32 605.55
00007808 00000288 641.52 141.73 443.97 620.55 818.85 388.17 1000.36 405.07 938.00 492.35 815.73 587.26 975.67 600.99
00007809 00000289 641.82 138.74 444.33 613.30 816.35 380.39 1003.42 392.54 935.03 486.88 823.43 577.62 979.43 589.90
CROP_BBOX: 406 0 1460 1028
