Video ID: 	2tpOa95JKPs
H: 	1080
W: 	1920
FPS: 	25.0

FRAME INDEX X0 Y0 W H [Landmarks (5 Points)]

00001280 00000000 1114.34 119.39 464.03 646.09 1203.72 371.48 1397.11 353.31 1282.27 483.06 1256.23 602.73 1411.76 585.26
00001281 00000001 1107.75 112.59 469.28 651.17 1193.43 367.10 1397.81 350.32 1274.77 482.68 1244.62 602.77 1410.26 586.91
00001282 00000002 1102.83 100.89 468.05 665.31 1187.80 365.39 1388.06 349.68 1261.93 479.03 1231.47 599.55 1397.95 584.94
00001283 00000003 1095.98 106.74 470.42 653.67 1177.30 357.83 1374.71 342.68 1248.62 480.85 1222.03 595.99 1389.75 583.14
00001284 00000004 1094.14 107.58 467.90 648.96 1175.20 354.06 1370.99 341.17 1247.02 477.79 1222.05 594.98 1383.92 584.13
00001285 00000005 1095.30 99.83 465.94 652.03 1179.56 353.48 1373.96 342.56 1253.51 478.47 1224.71 590.81 1386.57 581.46
00001286 00000006 1093.45 105.78 468.28 646.85 1178.58 354.13 1372.93 338.33 1253.25 477.66 1227.04 585.03 1398.63 571.32
00001287 00000007 1093.85 100.20 468.32 648.21 1176.22 353.58 1370.82 337.44 1250.33 478.65 1226.20 584.48 1398.48 570.34
00001288 00000008 1089.66 103.72 471.63 654.55 1170.52 352.70 1368.64 333.80 1246.67 479.49 1223.87 592.97 1397.40 576.57
00001289 00000009 1092.63 99.84 468.63 669.42 1172.87 355.09 1366.47 332.92 1245.63 481.93 1229.46 600.51 1399.69 581.69
00001290 00000010 1094.59 116.07 463.18 655.51 1177.13 365.48 1375.46 340.23 1254.07 478.07 1230.07 600.97 1403.74 577.50
00001291 00000011 1090.26 102.99 469.62 660.91 1172.79 357.93 1370.60 339.42 1249.50 481.46 1220.72 594.29 1397.36 578.42
00001292 00000012 1094.83 107.47 466.33 653.15 1173.54 360.12 1365.88 343.07 1245.86 483.19 1223.68 589.23 1387.87 574.00
00001293 00000013 1090.53 105.40 470.75 660.56 1172.63 355.86 1369.99 339.86 1247.59 480.78 1219.66 593.13 1393.74 579.45
00001294 00000014 1091.23 104.13 469.71 655.23 1171.69 356.11 1370.28 339.67 1246.74 480.10 1223.71 598.84 1391.10 584.66
00001295 00000015 1093.49 102.35 467.08 650.01 1172.80 360.59 1369.55 340.81 1247.08 480.31 1224.45 591.73 1397.62 574.73
00001296 00000016 1093.20 99.95 467.04 653.09 1174.67 360.27 1371.76 343.60 1249.05 479.58 1221.12 588.61 1395.71 574.17
00001297 00000017 1093.67 98.40 468.22 666.89 1174.82 360.62 1372.25 340.42 1250.12 482.05 1225.91 596.14 1403.46 578.72
00001298 00000018 1092.31 110.72 463.86 664.52 1180.37 367.20 1377.94 344.99 1258.54 479.24 1230.90 602.99 1399.45 582.63
00001299 00000019 1092.33 97.77 470.01 673.07 1177.80 356.17 1375.01 336.67 1255.30 480.31 1231.70 599.66 1403.74 582.96
00001300 00000020 1093.16 94.50 470.33 666.40 1178.12 349.58 1375.33 333.43 1254.20 476.16 1230.83 591.97 1400.52 578.08
00001301 00000021 1095.37 88.76 468.53 657.86 1176.42 347.45 1376.27 334.59 1252.13 476.26 1226.19 585.50 1398.00 573.92
00001302 00000022 1094.36 94.03 471.07 654.11 1178.53 348.44 1378.03 335.39 1255.03 475.17 1225.08 579.99 1401.35 568.02
00001303 00000023 1093.84 92.31 470.04 653.81 1179.07 350.27 1378.46 336.28 1257.70 477.50 1231.09 581.36 1406.85 568.80
00001304 00000024 1095.22 98.18 472.32 659.27 1181.23 357.23 1382.79 338.96 1262.58 482.74 1237.13 593.16 1411.88 577.02
00001305 00000025 1099.26 115.49 472.57 657.82 1189.77 367.88 1387.21 345.40 1269.59 481.42 1246.73 603.04 1413.26 581.98
00001306 00000026 1100.00 111.45 476.68 659.57 1191.22 368.17 1394.04 347.77 1273.05 486.12 1248.19 601.29 1417.64 581.99
00001307 00000027 1102.17 109.28 478.79 660.03 1193.85 371.01 1397.25 351.44 1275.11 488.38 1249.22 601.28 1418.17 582.82
00001308 00000028 1107.53 113.33 475.27 650.51 1196.31 376.08 1400.32 354.80 1277.77 488.57 1249.49 600.64 1419.76 580.84
00001309 00000029 1107.21 115.60 471.99 648.24 1196.98 374.67 1398.11 357.88 1278.92 489.30 1243.32 597.14 1415.58 581.01
00001310 00000030 1107.41 114.38 471.78 651.01 1194.74 375.35 1398.02 358.57 1275.42 491.10 1242.24 601.03 1413.20 584.99
00001311 00000031 1118.01 92.13 468.47 675.16 1201.73 373.45 1398.52 358.30 1275.57 496.31 1244.76 603.09 1408.61 590.23
00001312 00000032 1115.36 111.29 470.63 654.33 1198.39 377.37 1404.18 360.31 1279.08 494.43 1246.76 607.18 1415.50 591.06
00001313 00000033 1114.88 110.76 469.58 651.88 1197.63 376.75 1404.20 358.86 1279.50 493.44 1247.59 607.35 1417.56 590.55
00001314 00000034 1115.89 110.51 470.31 652.82 1199.93 377.43 1407.93 360.66 1282.74 494.08 1249.27 606.30 1420.78 590.41
00001315 00000035 1119.08 105.61 467.30 659.40 1201.47 378.13 1411.46 362.13 1283.47 495.90 1250.06 608.11 1423.93 592.87
00001316 00000036 1122.13 101.99 467.06 666.80 1204.33 376.77 1414.84 364.08 1283.88 499.32 1251.43 611.84 1421.88 599.47
00001317 00000037 1125.52 121.11 465.04 648.79 1208.06 381.57 1414.81 370.43 1284.88 503.12 1252.38 613.62 1418.33 602.73
00001318 00000038 1125.84 116.21 465.68 655.25 1210.11 383.92 1418.32 370.81 1289.99 503.70 1255.36 612.97 1427.50 599.83
00001319 00000039 1126.16 109.67 466.25 655.45 1210.05 378.60 1421.85 366.32 1292.11 499.29 1257.15 608.33 1434.03 595.78
00001320 00000040 1126.21 96.54 470.02 666.67 1212.73 373.68 1418.25 359.08 1291.40 493.71 1259.48 603.07 1430.75 590.11
00001321 00000041 1131.36 97.81 467.56 663.60 1224.48 363.24 1425.40 351.31 1301.57 488.26 1266.67 598.07 1434.53 587.71
00001322 00000042 1128.56 93.73 471.16 651.83 1222.19 359.66 1426.87 347.97 1303.16 485.62 1268.76 586.74 1438.47 576.15
00001323 00000043 1125.40 86.87 475.41 662.03 1221.22 351.67 1419.96 341.85 1299.03 481.61 1267.15 579.43 1434.02 569.93
00001324 00000044 1126.46 86.81 474.14 666.36 1221.92 353.24 1417.89 340.86 1300.37 482.42 1272.81 588.35 1433.89 577.16
00001325 00000045 1125.10 90.07 476.50 676.87 1224.61 355.75 1420.89 342.15 1303.58 482.92 1273.37 595.36 1434.98 583.31
00001326 00000046 1124.99 91.94 474.81 670.42 1222.70 356.85 1420.53 341.65 1302.94 483.48 1272.26 593.51 1436.91 579.93
00001327 00000047 1125.31 85.80 474.07 673.27 1223.60 355.00 1420.62 341.73 1302.80 482.65 1270.23 588.85 1436.47 576.86
00001328 00000048 1124.35 89.77 476.14 669.37 1221.10 357.34 1420.62 343.56 1300.63 484.44 1269.91 592.10 1435.44 579.59
00001329 00000049 1124.67 91.69 474.40 657.83 1219.10 357.59 1423.53 343.76 1301.43 486.35 1269.45 584.76 1441.54 572.28
00001330 00000050 1124.82 95.74 474.49 652.23 1219.38 359.55 1422.15 346.83 1299.62 486.93 1266.92 585.11 1436.31 573.64
00001331 00000051 1126.94 98.64 473.64 657.81 1221.95 359.83 1422.12 347.92 1299.19 486.87 1267.55 589.62 1434.67 579.15
00001332 00000052 1127.56 96.78 471.48 667.30 1223.71 360.93 1422.32 348.39 1301.95 488.59 1270.24 598.93 1432.87 588.08
00001333 00000053 1129.30 96.59 471.54 676.62 1224.65 361.00 1421.65 345.70 1301.89 488.78 1274.35 602.16 1438.89 588.78
00001334 00000054 1130.64 98.33 468.74 682.26 1225.01 363.90 1422.15 347.11 1301.32 489.58 1272.06 603.54 1444.08 588.70
00001335 00000055 1128.60 103.49 472.08 668.85 1218.36 369.46 1417.51 351.55 1291.11 488.04 1265.59 599.56 1440.39 583.33
00001336 00000056 1130.28 97.13 468.33 658.65 1222.49 359.90 1420.79 346.94 1297.91 486.45 1267.41 586.93 1439.18 575.30
00001337 00000057 1127.26 102.20 473.28 651.66 1221.29 359.26 1419.54 346.11 1298.47 486.80 1269.14 586.10 1436.84 574.33
00001338 00000058 1127.02 101.79 472.76 654.02 1219.96 359.15 1421.57 345.26 1299.08 486.86 1266.88 590.25 1438.49 578.04
00001339 00000059 1128.17 107.36 471.18 662.67 1222.89 363.28 1424.76 347.64 1302.86 488.15 1269.06 601.56 1438.67 587.92
00001340 00000060 1127.29 112.76 472.29 661.82 1217.19 369.75 1417.50 351.86 1293.60 489.70 1266.39 604.83 1434.10 589.09
00001341 00000061 1128.53 110.22 470.93 663.72 1217.97 370.24 1417.17 352.36 1294.00 489.91 1267.31 603.70 1433.56 588.05
00001342 00000062 1128.60 106.05 468.92 666.92 1217.94 369.20 1417.21 352.87 1294.16 489.76 1268.64 602.95 1433.31 588.56
00001343 00000063 1126.63 104.63 470.49 668.68 1217.38 368.30 1417.23 351.98 1294.74 489.59 1267.77 603.50 1432.22 589.23
00001344 00000064 1125.78 100.16 470.80 671.31 1216.44 367.86 1416.69 351.61 1293.59 489.85 1266.24 602.47 1432.23 588.19
00001345 00000065 1126.31 90.69 466.27 678.85 1223.06 363.18 1419.02 346.54 1303.36 487.13 1271.78 603.63 1433.99 589.37
00001346 00000066 1124.82 107.70 463.40 655.68 1213.16 372.30 1417.81 357.00 1292.96 489.88 1265.10 605.04 1431.49 589.99
00001347 00000067 1123.64 110.82 463.37 649.51 1211.26 376.30 1414.36 361.10 1290.26 490.14 1260.96 604.23 1427.74 589.25
00001348 00000068 1122.04 114.38 465.26 647.02 1208.14 378.16 1413.12 361.08 1287.84 493.00 1258.15 605.83 1425.66 589.37
00001349 00000069 1120.66 114.01 469.12 646.65 1210.45 379.14 1417.25 364.79 1292.22 495.87 1260.98 602.96 1430.15 588.94
00001350 00000070 1118.70 117.71 471.81 647.04 1209.31 380.37 1415.85 363.24 1293.11 495.94 1261.57 603.14 1436.66 586.15
00001351 00000071 1115.55 113.97 471.55 658.68 1208.41 382.23 1413.70 365.86 1292.88 498.27 1258.16 604.78 1434.69 588.66
00001352 00000072 1115.97 120.97 470.17 650.56 1206.63 382.92 1409.63 364.88 1289.62 500.75 1259.65 606.59 1432.37 589.07
00001353 00000073 1116.70 120.00 469.80 651.58 1205.87 383.47 1409.86 364.21 1289.01 500.99 1258.58 607.52 1433.41 588.95
00001354 00000074 1118.10 116.50 469.85 652.20 1206.65 382.00 1411.73 364.31 1289.35 502.37 1259.65 605.86 1437.10 588.17
00001355 00000075 1118.76 125.37 470.74 643.04 1206.34 382.90 1412.27 364.64 1291.50 504.38 1260.80 606.39 1437.75 588.36
00001356 00000076 1121.10 124.45 469.83 656.05 1208.57 385.34 1410.36 365.25 1290.61 506.40 1264.88 613.38 1437.43 593.71
00001357 00000077 1122.60 132.03 467.22 648.23 1210.66 390.54 1411.71 368.64 1294.78 509.10 1267.25 615.41 1439.91 594.23
00001358 00000078 1126.82 128.53 466.02 650.58 1215.20 391.73 1415.92 371.12 1298.04 510.98 1268.75 614.58 1441.90 594.30
00001359 00000079 1125.67 125.64 466.54 644.44 1214.88 389.46 1416.30 373.86 1295.70 507.38 1262.58 608.78 1437.42 592.90
00001360 00000080 1124.31 128.53 466.19 638.35 1211.10 387.15 1413.40 369.12 1290.01 501.20 1257.50 605.80 1434.49 588.26
00001361 00000081 1128.42 108.39 465.93 646.11 1212.30 376.44 1418.71 364.33 1291.86 499.81 1260.36 590.48 1438.16 578.70
00001362 00000082 1130.52 104.30 463.38 657.13 1218.98 372.73 1416.22 355.44 1295.03 494.54 1265.63 597.34 1436.24 582.13
00001363 00000083 1130.71 101.63 467.06 667.70 1216.74 374.57 1415.25 355.56 1289.75 491.48 1267.39 603.79 1434.69 587.10
00001364 00000084 1130.06 94.71 469.09 681.93 1218.98 372.10 1411.16 354.86 1287.99 492.60 1274.91 604.38 1436.22 588.94
00001365 00000085 1134.57 93.16 462.07 690.32 1225.81 365.12 1416.94 346.89 1300.65 491.93 1278.74 606.73 1443.57 590.66
00001366 00000086 1134.18 111.30 462.27 668.17 1221.98 374.32 1421.82 355.55 1296.98 490.67 1274.33 606.40 1447.57 587.36
00001367 00000087 1132.45 105.05 468.52 661.22 1220.63 369.80 1418.41 352.06 1292.84 487.55 1269.40 595.91 1441.15 580.42
00001368 00000088 1131.29 110.12 465.72 639.80 1215.53 371.24 1417.43 352.46 1294.96 487.09 1262.50 591.21 1436.44 574.72
00001369 00000089 1123.35 100.54 472.90 658.76 1219.01 364.13 1419.91 351.44 1301.22 488.42 1263.68 594.70 1432.70 583.59
00001370 00000090 1124.12 111.18 462.71 649.87 1213.93 372.83 1417.27 359.68 1294.61 489.52 1262.18 602.20 1426.81 589.26
00001371 00000091 1119.03 116.68 466.85 655.40 1209.40 376.96 1415.66 359.08 1292.06 489.84 1259.10 609.75 1423.72 593.06
00001372 00000092 1115.02 118.69 466.71 655.64 1207.09 377.70 1408.20 358.81 1288.84 490.24 1257.76 608.10 1420.97 590.29
00001373 00000093 1112.11 116.80 467.34 661.65 1204.55 377.45 1402.17 356.25 1285.83 489.22 1256.53 610.41 1415.31 590.95
00001374 00000094 1106.79 118.79 467.15 658.03 1201.03 374.41 1398.14 355.57 1283.18 491.42 1252.81 610.56 1408.55 593.54
00001375 00000095 1104.03 123.82 472.07 652.16 1197.64 376.89 1398.87 358.80 1282.81 493.78 1249.03 609.18 1410.64 592.65
00001376 00000096 1104.41 126.48 470.32 645.60 1195.43 377.73 1397.57 360.58 1280.10 496.84 1245.22 607.52 1412.22 591.56
00001377 00000097 1103.25 123.46 469.23 646.08 1193.18 381.38 1394.94 362.84 1277.82 501.09 1246.77 609.24 1413.87 591.98
00001378 00000098 1102.08 127.59 474.29 660.00 1191.78 385.97 1393.25 364.23 1274.19 505.63 1245.81 618.28 1417.18 598.23
00001379 00000099 1103.94 126.73 473.61 667.55 1193.00 386.71 1393.87 365.34 1274.84 506.54 1247.99 620.68 1420.23 600.83
00001380 00000100 1103.96 128.12 473.81 655.50 1190.63 389.17 1393.91 366.28 1272.04 505.15 1245.73 617.53 1420.72 596.30
00001381 00000101 1104.56 130.12 470.51 644.49 1192.85 387.87 1393.01 366.84 1275.56 503.47 1244.16 609.57 1417.34 589.56
00001382 00000102 1105.47 130.22 467.93 641.67 1194.73 383.11 1395.05 366.00 1277.92 502.16 1241.38 605.11 1414.16 588.78
00001383 00000103 1103.51 123.00 468.12 653.36 1190.25 379.56 1393.35 361.66 1270.44 496.61 1236.90 608.35 1409.75 591.58
00001384 00000104 1104.64 121.03 466.75 657.87 1191.23 377.87 1394.86 361.27 1273.01 497.28 1239.53 612.81 1406.78 597.75
00001385 00000105 1104.63 120.17 467.25 657.99 1192.75 377.36 1395.87 361.07 1274.99 497.55 1240.11 611.56 1407.88 596.46
00001386 00000106 1103.52 123.45 465.44 652.22 1191.27 378.45 1396.56 359.06 1275.07 494.53 1239.38 611.15 1410.63 593.22
00001387 00000107 1103.38 127.63 466.64 650.22 1192.25 375.32 1395.47 356.08 1274.63 493.26 1241.95 612.43 1408.88 594.80
00001388 00000108 1103.67 120.52 464.42 659.32 1191.86 374.62 1394.71 354.19 1273.97 491.79 1241.83 613.25 1408.47 594.65
00001389 00000109 1102.48 125.83 462.98 654.80 1190.72 373.80 1394.37 353.38 1273.24 491.80 1240.83 613.93 1408.09 595.40
00001390 00000110 1101.91 122.34 463.47 656.82 1189.44 375.94 1393.56 357.68 1271.11 495.41 1237.65 614.03 1404.97 597.50
00001391 00000111 1101.73 126.19 457.84 652.19 1187.66 378.31 1389.73 359.73 1268.81 498.37 1237.16 616.03 1402.27 599.21
00001392 00000112 1101.75 128.32 457.88 647.25 1186.38 381.54 1387.58 361.51 1265.50 496.08 1234.61 613.62 1403.02 595.53
00001393 00000113 1101.22 139.31 458.58 630.53 1187.36 381.63 1386.04 364.21 1265.53 495.36 1234.23 606.60 1401.70 590.37
00001394 00000114 1100.87 139.35 457.01 632.59 1186.45 383.93 1384.98 366.85 1264.22 500.17 1234.34 607.84 1402.78 591.78
CROP_BBOX: 849 0 1841 935
