Video ID: 	2mNVmm-ryiw
H: 	1080
W: 	1920
FPS: 	29.97002997002997

FRAME INDEX X0 Y0 W H [Landmarks (5 Points)]

00001678 00000000 607.32 158.58 360.10 522.15 729.79 394.27 901.93 384.37 852.30 484.25 753.14 567.70 898.92 561.13
00001679 00000001 606.32 159.48 359.86 522.56 728.71 394.21 901.75 386.04 850.89 485.53 751.63 568.85 897.09 563.70
00001680 00000002 606.11 161.25 359.15 522.14 728.54 395.31 900.66 387.63 849.57 487.46 751.50 569.89 895.73 565.18
00001681 00000003 606.32 162.42 359.21 521.53 729.04 397.37 900.77 389.56 849.77 488.76 751.82 570.90 895.94 566.11
00001682 00000004 605.59 164.34 362.47 523.59 729.77 398.15 902.44 390.89 851.61 490.06 751.31 572.08 897.67 567.52
00001683 00000005 604.80 163.86 365.15 528.24 730.81 398.16 902.45 391.04 853.26 489.83 750.19 570.77 898.75 566.25
00001684 00000006 605.20 164.68 366.04 527.91 731.77 397.30 903.77 391.00 854.68 489.36 749.22 568.73 900.45 565.05
00001685 00000007 605.42 164.23 366.55 527.98 732.60 397.36 904.65 390.65 856.08 489.04 750.17 568.00 901.70 563.99
00001686 00000008 606.43 163.19 366.38 527.72 733.57 394.66 906.25 388.67 858.13 486.45 750.56 565.75 903.70 562.34
00001687 00000009 607.64 161.24 365.05 527.93 733.63 392.62 906.16 385.21 859.12 483.56 751.84 565.16 904.51 560.53
00001688 00000010 608.36 158.88 364.26 529.07 733.27 391.31 905.78 383.44 858.98 481.18 752.84 565.27 904.61 560.13
00001689 00000011 609.39 155.68 362.21 526.94 732.79 390.76 906.36 380.33 858.58 479.55 753.74 564.84 904.89 557.78
00001690 00000012 609.74 153.61 360.87 524.14 732.47 390.02 904.10 378.66 855.94 476.84 755.78 564.10 902.22 556.20
00001691 00000013 609.31 153.74 360.91 522.73 731.38 391.06 903.98 379.31 854.60 478.12 754.86 564.54 901.57 556.38
00001692 00000014 609.04 155.81 360.16 522.39 731.56 393.22 903.87 382.28 854.86 480.29 754.43 565.93 900.96 558.52
00001693 00000015 607.74 159.26 361.31 522.35 732.18 395.45 903.65 385.34 855.51 482.68 754.44 567.51 900.25 560.72
00001694 00000016 606.64 161.09 362.69 525.25 732.27 398.58 902.41 388.40 856.24 485.01 756.09 570.72 900.23 563.62
00001695 00000017 606.77 162.42 362.32 526.84 734.34 398.79 902.98 388.79 858.19 486.19 758.69 573.08 898.94 566.08
00001696 00000018 606.50 161.86 362.01 526.55 735.52 396.37 902.51 387.94 857.79 483.82 759.93 572.65 895.86 566.91
00001697 00000019 605.36 157.69 361.65 532.84 736.61 391.87 899.38 383.11 859.22 478.69 761.41 572.34 892.50 566.29
00001698 00000020 606.71 150.73 362.08 535.85 735.35 386.03 901.40 375.79 859.39 470.72 761.27 569.08 895.65 561.65
00001699 00000021 607.57 150.37 361.02 533.27 736.37 383.28 902.21 368.21 862.94 465.32 765.04 567.49 898.76 556.06
00001700 00000022 608.25 149.22 359.80 530.26 736.40 384.47 904.07 367.02 864.93 466.36 765.88 566.62 902.62 553.46
00001701 00000023 607.94 150.54 360.53 529.99 737.40 388.04 905.67 370.01 866.96 470.24 762.91 565.61 905.03 552.46
00001702 00000024 607.10 151.72 361.78 530.91 737.29 391.86 905.58 377.74 864.99 475.39 760.28 566.30 904.07 556.40
00001703 00000025 605.70 155.47 362.73 532.99 738.14 395.18 905.17 381.82 866.28 479.71 759.70 567.98 904.32 558.69
00001704 00000026 605.59 160.35 364.32 533.22 739.62 397.44 906.72 384.63 868.04 482.44 762.01 571.77 905.64 562.59
00001705 00000027 606.98 162.42 364.95 532.49 741.72 398.33 907.91 385.64 869.81 482.11 763.78 572.36 906.86 563.32
00001706 00000028 608.11 160.05 363.89 531.77 742.49 396.40 908.89 381.51 871.70 480.16 765.47 571.01 908.45 560.34
00001707 00000029 610.68 158.88 361.68 527.63 743.33 393.00 909.83 377.42 872.87 475.46 766.22 567.68 909.31 556.67
00001708 00000030 612.08 154.18 359.42 526.27 744.19 390.51 909.10 373.82 873.47 471.95 769.09 566.59 908.32 554.86
00001709 00000031 610.72 151.83 360.51 526.12 743.20 389.13 908.59 371.36 872.68 470.10 769.21 565.63 907.76 553.02
00001710 00000032 610.80 151.73 360.31 524.44 744.32 388.52 909.57 369.87 874.33 470.30 770.34 564.81 908.47 551.60
00001711 00000033 607.93 151.32 364.31 522.81 758.11 380.20 911.99 368.13 876.17 467.81 780.92 554.70 910.65 547.00
00001712 00000034 609.59 148.75 363.71 523.07 760.10 377.93 912.65 364.75 878.77 460.70 783.96 551.55 912.92 542.55
00001713 00000035 610.22 146.70 363.47 524.81 761.26 375.39 913.76 361.13 880.31 455.56 785.25 550.38 914.23 540.21
00001714 00000036 608.24 144.61 367.52 530.75 756.48 373.60 916.99 361.87 881.14 454.82 787.09 549.86 917.22 541.00
00001715 00000037 609.38 143.05 367.12 532.55 757.95 372.49 917.36 362.64 880.89 454.41 788.50 551.34 915.12 544.09
00001716 00000038 608.98 145.49 368.87 534.85 759.65 376.10 919.19 366.85 883.08 459.01 787.96 553.54 916.67 546.76
00001717 00000039 611.91 143.76 368.50 536.19 763.41 377.66 921.00 367.95 886.05 460.44 791.02 553.71 919.20 546.47
00001718 00000040 613.80 144.11 369.54 535.27 766.83 377.82 924.79 369.15 889.53 461.80 793.55 552.83 922.40 546.26
00001719 00000041 616.13 144.87 369.93 532.45 768.58 376.61 929.57 369.03 891.93 460.51 794.29 551.93 924.52 546.21
00001720 00000042 618.47 142.15 368.33 533.99 771.31 374.36 931.54 368.50 892.80 459.87 796.58 551.88 923.34 547.74
00001721 00000043 620.56 142.07 367.18 535.07 774.44 374.59 931.93 370.25 893.76 460.77 801.09 554.13 922.46 551.33
00001722 00000044 621.38 143.20 369.38 535.36 778.22 377.36 935.50 373.95 897.15 464.37 801.61 552.33 925.92 550.01
00001723 00000045 620.67 144.99 372.45 535.35 780.02 381.33 937.97 375.81 900.40 469.33 803.77 554.92 928.71 550.84
00001724 00000046 621.14 147.52 373.23 534.72 780.14 383.18 938.60 376.14 900.79 471.77 805.63 556.93 931.25 551.49
00001725 00000047 629.52 149.93 367.68 531.69 779.92 375.36 929.42 364.61 899.80 461.35 811.55 557.24 926.29 549.27
00001726 00000048 632.45 149.44 365.29 529.28 780.34 373.60 929.70 364.37 900.94 455.26 811.29 553.62 928.33 547.04
00001727 00000049 625.99 145.80 370.61 529.49 782.02 377.76 939.12 373.76 902.39 459.63 806.53 546.77 934.59 543.25
00001728 00000050 625.48 143.33 371.62 530.06 779.99 375.39 939.67 371.40 901.08 456.52 805.37 545.01 936.01 541.35
00001729 00000051 626.06 143.24 371.79 527.15 778.97 373.58 940.84 369.89 900.95 454.70 805.80 544.21 937.38 540.81
00001730 00000052 626.27 140.64 372.19 526.08 778.81 371.73 943.34 368.02 902.52 452.75 805.91 541.93 939.90 538.49
00001731 00000053 626.24 140.79 372.51 525.63 779.67 371.26 944.12 368.65 902.86 452.82 804.86 540.95 939.11 538.46
00001732 00000054 625.17 141.10 373.85 525.18 779.92 372.34 943.79 369.90 902.45 454.24 804.80 541.60 938.20 539.18
00001733 00000055 624.86 141.33 373.86 523.95 779.71 373.61 942.99 370.46 901.93 454.81 805.06 541.72 937.64 538.68
00001734 00000056 622.92 140.09 373.95 523.06 779.99 378.35 944.18 375.27 901.61 454.54 802.85 541.33 936.57 538.42
00001735 00000057 622.56 139.62 375.97 522.63 781.77 380.83 946.82 379.25 899.97 452.22 800.37 538.86 934.44 537.17
00001736 00000058 621.18 136.66 374.60 523.93 776.48 373.18 942.25 369.73 895.34 445.38 798.11 535.69 934.02 532.66
00001737 00000059 621.31 131.60 371.29 527.82 771.01 366.49 936.91 361.63 892.63 438.08 795.42 531.65 933.44 528.21
00001738 00000060 618.37 127.33 369.75 531.91 761.96 361.52 927.48 351.25 886.19 432.64 793.65 532.01 931.08 524.61
00001739 00000061 616.44 127.64 366.74 528.69 757.85 355.45 920.63 346.46 881.22 429.04 791.28 531.60 924.49 525.09
00001740 00000062 612.89 129.48 365.99 527.85 753.79 351.92 916.50 341.89 877.83 426.17 786.86 530.96 920.33 523.58
00001741 00000063 611.44 131.39 364.69 527.84 749.84 354.02 914.17 343.45 878.38 426.57 777.93 531.73 916.36 524.04
00001742 00000064 609.42 132.07 365.20 529.14 746.27 355.62 911.35 345.29 873.49 428.91 774.21 533.00 913.29 525.50
00001743 00000065 609.21 130.42 363.51 531.92 744.99 356.45 911.18 349.13 871.14 430.88 770.79 533.03 912.09 528.01
00001744 00000066 608.85 131.48 364.07 533.14 743.70 357.38 909.71 349.10 869.42 432.40 769.35 534.86 910.53 529.05
00001745 00000067 608.65 132.48 364.06 532.23 743.22 358.46 909.18 350.07 869.08 433.25 769.21 535.81 909.79 529.91
00001746 00000068 608.01 132.50 364.92 531.44 742.53 358.91 908.19 349.71 867.65 434.34 770.52 537.48 908.69 530.86
00001747 00000069 607.68 133.21 365.04 531.06 742.22 359.98 907.89 349.51 867.68 436.32 771.46 539.26 908.33 531.49
00001748 00000070 607.76 132.86 366.21 531.29 743.98 362.06 909.86 350.49 870.37 440.23 774.25 541.26 909.76 532.53
00001749 00000071 608.62 134.80 366.30 532.61 745.16 365.40 910.61 351.45 872.28 443.34 776.63 544.76 911.42 533.98
00001750 00000072 606.13 137.32 368.42 530.37 749.89 365.47 914.22 353.05 872.09 447.55 784.18 545.26 913.44 535.92
00001751 00000073 607.14 138.88 367.95 527.63 751.20 366.58 915.15 354.91 873.55 449.25 785.58 546.25 913.59 537.56
00001752 00000074 608.50 139.78 366.33 530.62 752.39 366.06 913.78 355.57 874.49 447.83 786.80 547.52 912.56 539.72
00001753 00000075 608.77 139.85 367.46 531.25 752.44 365.55 914.41 356.37 874.66 447.72 785.76 546.88 913.28 540.18
00001754 00000076 609.38 141.11 367.75 526.60 752.07 366.01 915.31 355.69 875.02 448.08 785.62 545.45 915.68 537.65
00001755 00000077 609.04 143.49 367.03 521.72 751.57 367.95 916.02 356.09 875.20 448.11 785.12 544.63 916.94 535.58
00001756 00000078 612.94 145.79 360.84 520.50 755.33 371.09 910.01 356.10 871.59 450.12 779.59 544.72 910.32 533.75
00001757 00000079 611.23 147.60 362.88 522.73 753.66 371.11 909.23 357.80 868.46 450.14 777.20 544.99 909.09 535.26
00001758 00000080 613.18 144.70 362.92 526.52 739.35 371.04 909.59 356.18 871.37 450.81 763.67 550.71 910.90 540.25
00001759 00000081 612.34 145.59 362.99 524.34 733.33 371.77 906.51 356.37 863.10 451.31 760.01 551.72 909.07 540.49
00001760 00000082 606.51 145.61 365.27 528.65 734.77 377.20 903.87 362.93 856.83 455.28 762.05 549.82 906.14 538.68
00001761 00000083 604.87 146.70 364.40 527.70 732.65 377.35 901.63 363.68 853.86 456.69 759.10 549.92 903.36 539.29
00001762 00000084 609.50 146.96 360.57 522.79 728.92 373.87 902.83 358.93 856.75 454.85 755.02 552.37 904.61 541.66
00001763 00000085 611.15 148.28 359.97 524.42 731.32 375.14 903.64 360.71 859.55 457.00 756.68 553.99 905.05 543.80
00001764 00000086 611.59 147.92 358.99 528.72 732.72 376.87 903.12 361.57 861.35 457.70 758.83 557.33 904.35 546.23
00001765 00000087 610.26 147.96 358.79 531.02 731.49 377.75 902.11 362.52 859.97 459.94 757.16 559.59 903.02 548.56
00001766 00000088 606.00 145.58 356.93 533.56 727.24 379.68 897.49 364.06 854.87 463.30 752.88 560.77 897.61 549.56
00001767 00000089 600.09 147.06 358.44 533.43 721.06 382.58 889.31 363.26 848.26 465.02 749.76 562.75 891.43 548.25
00001768 00000090 592.06 149.46 361.33 535.50 713.74 383.61 879.70 363.35 838.89 466.23 744.75 566.91 882.08 550.96
00001769 00000091 586.30 151.31 364.01 541.73 706.48 386.29 872.58 367.47 829.39 468.97 741.61 572.50 877.43 557.11
00001770 00000092 583.74 155.75 365.40 536.77 705.61 389.51 871.13 371.36 828.22 473.51 740.32 573.63 875.60 558.96
00001771 00000093 584.82 160.42 366.20 532.24 708.30 394.79 873.96 374.60 831.85 481.24 741.34 574.52 879.11 558.53
00001772 00000094 588.53 166.78 365.64 530.61 712.45 403.04 876.58 384.90 833.35 486.54 745.26 578.81 881.91 564.17
00001773 00000095 587.86 173.04 367.97 533.79 711.75 413.04 876.34 392.49 830.06 499.31 743.25 588.38 880.63 572.15
00001774 00000096 580.33 182.54 371.43 538.57 703.32 423.83 867.93 397.45 820.50 515.67 739.25 604.29 874.75 583.06
00001775 00000097 575.50 190.95 372.48 533.37 697.45 430.96 863.25 405.10 814.09 524.05 733.27 608.54 871.56 587.64
00001776 00000098 575.17 193.87 372.66 532.25 697.68 435.20 863.81 410.26 813.00 527.42 730.93 609.86 871.62 589.82
00001777 00000099 576.55 198.25 372.63 530.31 701.07 437.12 867.64 412.61 816.77 529.59 732.63 611.73 873.57 592.13
00001778 00000100 578.49 200.51 372.11 530.68 702.32 440.10 870.61 413.09 820.63 534.01 732.80 614.11 876.78 592.80
00001779 00000101 578.64 204.52 372.77 529.37 705.65 443.38 873.24 415.61 824.15 539.40 735.19 616.60 876.90 594.86
00001780 00000102 580.34 205.82 371.85 530.31 707.26 445.44 875.00 419.76 824.58 541.78 738.78 621.89 874.97 601.58
00001781 00000103 582.12 208.77 370.02 531.35 708.04 446.77 873.12 422.55 823.73 543.86 740.39 624.82 871.86 605.77
00001782 00000104 583.11 209.34 369.47 532.33 707.82 447.12 872.06 422.76 822.42 547.18 742.27 627.62 871.12 608.26
00001783 00000105 583.67 210.45 369.22 530.36 707.90 448.46 872.02 423.91 821.83 547.78 741.66 626.84 871.26 607.33
00001784 00000106 583.68 210.56 370.03 531.56 708.46 449.39 872.38 424.17 822.96 547.53 741.57 626.93 872.73 606.85
00001785 00000107 584.32 211.80 369.84 530.93 709.59 450.05 874.38 425.07 824.88 547.18 742.07 626.89 874.97 606.94
00001786 00000108 585.90 212.04 368.35 531.54 711.71 449.95 877.10 425.26 828.60 547.00 742.97 626.97 876.86 607.30
00001787 00000109 589.08 213.40 367.05 530.63 713.57 448.56 879.20 424.40 830.88 544.55 743.00 625.58 878.96 606.57
00001788 00000110 590.36 212.84 367.15 529.99 715.57 447.40 881.78 424.57 832.91 544.05 742.69 623.23 880.48 605.52
00001789 00000111 590.97 213.60 366.94 527.74 716.41 445.74 883.16 423.74 834.26 543.15 742.87 621.80 881.08 604.95
00001790 00000112 592.46 212.82 366.42 526.89 717.37 444.44 884.13 423.18 834.67 541.02 743.61 620.40 881.78 604.21
00001791 00000113 594.90 212.54 365.73 524.53 719.58 442.85 885.56 422.71 835.28 539.55 745.25 618.65 882.11 603.49
00001792 00000114 600.15 209.85 363.68 523.69 723.99 439.51 892.84 420.29 840.57 538.61 747.92 617.28 887.11 603.19
00001793 00000115 602.56 206.71 366.27 524.11 727.61 437.56 898.68 418.30 846.20 535.35 751.64 615.16 893.46 601.03
00001794 00000116 603.94 203.75 369.01 522.84 729.35 435.62 901.98 417.32 848.09 534.12 751.99 610.67 897.20 597.38
00001795 00000117 604.94 202.73 370.39 522.95 730.30 434.15 903.12 417.01 848.01 533.49 750.94 607.06 897.93 594.92
00001796 00000118 605.61 201.71 371.47 522.77 731.87 431.39 905.15 416.40 849.51 531.77 751.04 604.51 899.01 594.21
00001797 00000119 607.02 200.30 371.58 522.57 733.51 430.41 906.84 415.68 851.44 530.34 751.78 603.05 900.39 593.07
00001798 00000120 607.10 196.53 373.23 524.21 734.23 428.14 908.04 414.02 852.18 528.15 753.38 601.58 902.02 591.87
CROP_BBOX: 355 0 1218 867
