Video ID: 	jJ62WENxR78
H: 	1080
W: 	1920
FPS: 	23.976023976023978

FRAME INDEX X0 Y0 W H [Landmarks (5 Points)]

00001410 00000000 487.23 121.43 458.29 714.37 690.95 427.42 875.01 410.38 845.60 539.66 733.16 676.05 879.96 661.65
00001411 00000001 487.54 122.76 459.85 711.89 690.85 427.43 877.15 412.89 844.54 542.35 731.91 676.13 879.83 663.68
00001412 00000002 488.39 121.93 460.55 713.79 691.22 426.19 878.42 414.17 844.21 542.54 730.26 674.21 879.99 663.71
00001413 00000003 487.95 121.38 461.36 712.80 691.49 425.01 879.67 414.19 843.81 542.40 730.98 673.42 880.14 663.76
00001414 00000004 488.62 120.85 461.44 712.28 692.99 423.93 881.40 413.76 845.05 542.66 731.06 671.32 881.80 662.03
00001415 00000005 490.19 120.26 460.07 710.91 697.39 423.67 884.92 414.12 851.63 542.88 732.35 670.49 882.74 661.80
00001416 00000006 490.94 118.98 462.07 715.69 701.18 421.80 887.24 412.61 856.82 541.08 735.22 670.79 885.72 662.22
00001417 00000007 492.59 117.90 462.97 713.38 706.01 419.56 890.55 412.57 862.75 539.74 740.11 666.84 890.94 659.60
00001418 00000008 495.83 116.08 462.07 712.22 710.89 415.59 896.09 410.14 868.81 536.65 743.13 663.09 895.32 657.01
00001419 00000009 502.73 114.20 460.89 711.64 718.34 410.94 906.22 409.00 876.50 533.59 746.68 657.80 903.62 654.66
00001420 00000010 510.05 107.99 458.74 718.61 725.45 407.48 913.68 406.18 882.96 532.68 754.47 658.58 910.20 655.78
00001421 00000011 524.09 104.78 451.38 717.64 737.18 404.39 923.81 402.00 895.38 528.11 772.35 661.57 919.99 658.37
00001422 00000012 534.86 102.19 446.74 719.08 745.19 401.30 932.13 399.17 902.68 524.00 780.37 660.08 926.37 657.30
00001423 00000013 537.81 96.29 448.93 724.28 746.79 398.01 935.64 399.88 900.87 526.18 775.83 650.92 931.98 650.63
00001424 00000014 536.42 102.23 452.45 721.09 754.16 396.02 941.67 399.31 910.42 528.23 779.17 652.93 933.42 654.20
00001425 00000015 535.51 106.81 449.18 718.03 757.34 398.78 941.54 398.88 917.14 529.85 785.02 654.64 938.78 652.97
00001426 00000016 536.64 101.57 453.05 721.21 759.65 392.36 949.73 397.61 917.94 528.73 786.00 652.79 940.03 655.16
00001427 00000017 543.78 99.96 449.80 716.33 763.78 387.91 955.53 387.46 928.92 509.54 797.11 642.29 948.68 641.40
00001428 00000018 546.03 96.77 449.55 715.54 768.02 383.49 956.60 387.52 929.38 505.82 800.84 636.60 949.15 639.05
00001429 00000019 552.94 105.90 442.54 697.61 775.75 381.55 958.77 387.29 937.75 503.08 806.15 641.37 949.60 645.29
00001430 00000020 553.08 94.13 445.77 709.92 775.61 376.68 955.77 383.16 935.23 493.94 812.13 627.62 953.71 631.84
00001431 00000021 552.61 103.67 441.38 698.94 777.32 379.37 959.31 384.88 941.27 500.51 805.32 638.44 950.21 642.44
00001432 00000022 551.98 104.43 441.75 699.80 776.62 378.73 959.48 386.65 939.70 501.29 804.44 639.64 948.77 645.57
00001433 00000023 550.99 103.59 440.90 700.16 773.85 377.85 957.12 386.45 934.22 501.40 802.48 638.99 944.69 645.08
00001434 00000024 550.15 103.04 439.02 700.88 772.06 377.01 955.04 384.44 931.87 502.01 801.23 638.57 943.56 643.60
00001435 00000025 547.61 103.51 440.88 704.28 769.65 377.16 952.74 382.71 930.24 504.45 796.49 639.04 942.20 642.74
00001436 00000026 545.97 106.36 439.59 705.50 767.67 379.25 951.06 384.04 928.87 505.50 792.89 641.55 940.17 644.68
00001437 00000027 541.96 105.65 441.11 707.13 766.21 380.71 947.43 383.16 928.09 506.74 791.75 641.82 938.34 642.75
00001438 00000028 541.19 104.66 440.55 707.76 765.81 380.62 946.48 383.02 927.87 506.46 790.30 641.26 936.95 642.20
00001439 00000029 539.54 104.73 439.76 709.44 764.05 380.45 943.49 381.70 926.07 505.68 788.51 641.10 935.34 641.00
00001440 00000030 537.60 102.68 440.63 711.40 764.03 381.21 941.80 381.93 925.60 506.06 788.10 640.97 933.82 640.38
00001441 00000031 537.97 102.90 440.02 711.57 764.38 381.35 941.72 381.85 925.74 506.35 786.93 640.65 933.06 639.96
00001442 00000032 538.38 103.29 440.02 710.98 765.28 381.13 942.90 381.54 927.14 507.33 787.35 641.29 932.71 640.61
00001443 00000033 538.25 103.92 440.01 711.66 765.91 383.16 944.27 383.88 927.91 509.79 786.79 642.70 932.94 642.27
00001444 00000034 538.00 104.13 440.11 712.38 765.90 384.93 944.50 384.46 927.81 511.54 786.60 644.08 933.37 642.67
00001445 00000035 538.17 105.32 440.29 712.49 766.32 385.59 945.32 384.65 929.00 512.67 787.78 645.06 934.54 643.29
00001446 00000036 539.56 106.44 440.80 712.22 767.62 386.41 946.51 385.84 929.93 513.40 789.30 646.53 935.45 645.31
00001447 00000037 540.78 107.02 440.17 711.50 769.10 385.91 947.75 385.73 931.39 513.48 790.67 646.50 936.48 645.64
00001448 00000038 542.41 106.74 438.91 710.71 769.44 385.66 947.32 387.06 930.64 513.04 793.15 647.67 935.87 648.24
00001449 00000039 544.63 105.68 435.40 708.51 768.52 384.59 946.25 386.03 928.58 510.58 795.34 645.94 936.56 646.47
00001450 00000040 544.81 106.61 434.21 705.02 768.49 382.27 946.28 386.06 928.02 509.22 796.97 644.28 936.62 646.48
00001451 00000041 542.74 105.07 435.33 705.22 769.89 382.00 945.15 384.79 930.69 507.21 796.85 641.97 936.14 643.59
00001452 00000042 541.74 102.51 436.51 709.89 772.25 382.62 945.15 387.98 933.12 505.84 795.46 640.31 934.69 644.12
00001453 00000043 546.72 103.61 431.17 713.39 777.24 381.90 951.03 389.95 939.85 503.65 794.24 638.89 938.12 645.21
00001454 00000044 543.03 103.67 435.98 722.68 782.94 381.81 953.87 394.64 946.04 506.95 792.31 641.78 934.05 652.45
00001455 00000045 542.80 103.91 438.91 730.27 784.54 382.21 955.66 394.06 947.06 515.47 789.05 650.57 928.49 661.31
00001456 00000046 543.42 108.67 439.42 716.42 783.88 383.03 956.93 396.04 944.30 515.45 791.71 648.42 927.55 659.68
00001457 00000047 545.11 108.91 439.46 712.41 788.42 379.58 962.53 397.25 949.20 514.99 797.92 647.44 931.12 662.18
00001458 00000048 545.93 109.58 439.50 709.98 790.62 379.56 964.11 398.03 950.77 514.26 800.69 645.50 934.59 660.69
00001459 00000049 543.36 111.79 444.49 720.99 793.69 382.60 961.03 393.75 960.32 518.73 799.22 649.72 933.84 661.37
00001460 00000050 543.16 113.05 446.02 724.37 793.86 385.44 963.30 395.39 961.09 524.94 794.97 652.99 932.34 664.05
00001461 00000051 542.55 111.01 445.71 722.13 791.23 387.19 962.78 396.28 957.65 524.89 789.72 648.22 933.64 658.46
00001462 00000052 540.61 103.31 446.32 732.98 787.71 384.16 953.55 402.53 947.68 531.78 782.48 644.98 926.46 659.39
00001463 00000053 547.50 113.53 442.48 709.73 792.86 384.54 964.17 393.23 954.22 521.35 787.20 641.83 932.38 650.66
00001464 00000054 548.89 113.14 440.59 707.63 792.55 383.59 964.38 392.62 951.89 519.65 786.96 637.94 935.16 646.83
00001465 00000055 542.36 103.82 447.35 720.13 788.93 380.61 954.81 396.94 947.38 524.76 785.06 634.37 930.87 646.98
00001466 00000056 544.12 105.41 446.71 717.23 789.43 379.45 955.91 397.30 948.03 524.21 784.47 633.18 930.81 647.15
00001467 00000057 544.14 108.17 449.42 711.47 793.73 379.12 959.40 396.62 952.20 524.89 787.07 632.71 932.23 646.71
00001468 00000058 547.25 108.72 450.43 711.47 798.08 375.83 962.78 398.50 955.10 523.48 789.15 631.55 932.77 649.86
00001469 00000059 553.40 110.26 448.48 721.26 804.16 372.97 966.40 399.29 964.01 525.03 788.03 634.73 931.78 656.37
00001470 00000060 557.46 108.73 449.59 728.42 809.22 375.62 970.88 403.68 967.81 528.58 787.72 636.39 933.49 659.47
00001471 00000061 561.56 107.82 448.63 730.83 814.36 379.17 977.15 409.29 969.17 534.64 800.28 643.10 941.00 667.26
00001472 00000062 562.26 105.73 449.61 729.66 813.35 381.48 978.81 409.04 964.79 536.97 810.73 649.63 946.21 671.38
00001473 00000063 561.88 104.25 447.52 729.09 808.46 380.81 972.97 404.67 959.05 530.36 820.47 652.46 948.41 670.68
00001474 00000064 560.08 102.75 448.13 731.04 804.04 379.11 968.84 401.25 955.71 525.93 819.05 650.51 947.74 667.32
00001475 00000065 557.74 100.91 448.24 731.24 798.44 375.39 966.33 397.79 950.13 523.76 815.43 648.22 945.95 664.98
00001476 00000066 557.46 100.06 447.91 730.41 795.36 373.85 965.44 397.40 947.11 523.63 810.69 646.17 943.98 663.87
00001477 00000067 560.54 102.53 452.69 713.55 791.84 375.24 968.78 394.63 947.66 516.68 809.87 638.81 945.95 655.13
00001478 00000068 557.80 103.79 456.55 715.61 792.31 376.82 971.24 399.76 945.55 521.37 805.33 641.13 942.56 660.54
00001479 00000069 554.38 102.67 454.59 733.96 794.68 379.63 968.29 407.46 941.39 541.07 792.26 653.51 930.67 675.93
00001480 00000070 554.09 106.28 453.75 731.53 794.48 383.22 967.57 409.18 940.47 545.09 794.22 657.23 931.01 678.11
00001481 00000071 553.54 105.11 451.55 732.41 793.93 382.67 966.66 405.65 942.28 540.71 800.48 657.50 936.43 675.48
00001482 00000072 554.11 104.48 449.33 731.95 795.95 381.77 966.90 404.45 945.45 537.36 804.46 655.33 939.20 672.90
00001483 00000073 555.96 106.09 450.35 729.92 800.77 382.58 969.06 404.48 951.97 537.12 804.56 653.46 940.04 670.76
00001484 00000074 557.41 106.70 450.58 730.19 804.29 384.67 969.88 404.99 954.72 538.92 807.46 653.76 941.56 669.76
00001485 00000075 559.75 107.02 451.21 729.41 805.08 386.36 972.39 407.15 955.49 540.44 808.78 654.79 943.75 671.05
00001486 00000076 558.89 106.99 450.81 729.97 804.38 386.28 971.40 406.73 955.27 540.34 806.35 653.93 942.43 670.00
00001487 00000077 556.67 108.63 450.75 726.92 801.64 386.19 969.63 404.96 953.25 539.38 804.91 653.99 941.66 668.80
00001488 00000078 555.52 107.44 450.89 727.14 799.81 385.42 968.41 405.34 950.26 540.77 801.09 652.72 938.30 668.53
00001489 00000079 553.02 107.72 451.51 728.66 797.07 387.22 965.91 407.04 947.59 542.73 797.14 653.95 935.02 669.65
00001490 00000080 552.60 106.81 450.89 729.86 794.77 387.17 964.78 406.68 944.61 543.24 794.52 653.72 933.52 669.25
00001491 00000081 549.90 104.44 450.02 731.75 789.61 385.88 962.64 406.52 938.04 543.58 789.79 653.02 931.00 669.36
00001492 00000082 546.54 99.02 449.73 736.80 783.58 382.60 960.93 403.13 932.02 541.17 784.66 651.65 929.65 667.71
00001493 00000083 542.31 105.35 448.55 714.52 773.49 386.47 951.49 397.02 921.15 527.96 784.82 650.98 926.40 659.36
00001494 00000084 534.99 102.92 449.30 716.74 768.69 384.18 946.31 391.23 919.90 526.96 780.67 650.95 921.07 656.64
00001495 00000085 534.87 102.51 447.50 718.85 767.58 384.30 944.28 390.06 919.78 525.87 781.41 652.09 921.84 656.69
00001496 00000086 539.88 103.08 446.42 714.42 770.73 386.25 948.12 393.88 919.28 526.89 782.13 649.21 922.98 655.17
00001497 00000087 547.45 105.49 445.28 704.82 778.62 385.87 958.80 398.14 928.90 521.87 789.11 643.32 932.17 652.66
00001498 00000088 543.77 93.14 454.50 721.61 778.18 378.13 961.70 394.22 932.65 511.38 790.51 628.18 938.01 641.51
00001499 00000089 548.20 91.11 450.88 721.83 783.47 373.71 960.53 390.19 935.47 506.60 796.14 624.31 939.33 637.98
00001500 00000090 546.95 92.77 452.14 718.27 783.19 371.64 959.38 389.33 936.17 506.67 792.97 621.07 936.83 635.87
00001501 00000091 547.48 91.19 449.95 714.04 784.27 365.95 957.37 384.89 934.68 501.05 795.80 616.13 934.50 631.96
00001502 00000092 548.29 91.85 448.89 709.65 783.96 364.40 956.88 384.76 934.00 498.77 797.15 614.31 934.49 631.27
00001503 00000093 549.45 88.47 447.62 710.31 786.65 360.92 957.08 382.58 937.73 498.51 794.65 610.34 932.64 628.44
00001504 00000094 550.69 88.18 447.79 705.59 789.82 358.27 957.51 377.91 942.60 495.36 801.46 609.18 936.40 625.60
00001505 00000095 552.06 90.42 452.95 697.60 793.12 350.54 961.43 377.26 941.75 492.85 800.94 601.96 936.24 624.15
00001506 00000096 551.86 86.29 456.44 697.78 794.69 347.62 964.62 378.63 941.49 490.91 797.61 598.59 933.63 624.37
00001507 00000097 555.66 81.87 457.59 696.93 798.15 345.41 967.98 376.46 941.45 487.84 797.30 592.20 935.60 618.07
00001508 00000098 554.96 87.63 462.39 691.85 797.81 339.80 978.39 379.45 939.90 486.09 797.78 587.05 940.87 616.65
00001509 00000099 559.17 86.91 463.41 687.68 803.36 338.72 985.62 378.66 946.70 481.83 806.19 584.97 948.79 614.96
00001510 00000100 564.18 82.42 460.38 687.87 808.85 342.30 980.32 372.77 952.79 483.79 808.58 587.56 949.14 613.25
00001511 00000101 568.54 86.05 457.56 687.49 810.19 336.27 994.73 376.05 958.08 477.44 813.87 583.88 958.81 613.79
00001512 00000102 572.09 86.38 457.65 689.93 814.90 335.96 998.12 377.32 964.16 475.41 815.59 583.52 962.19 614.99
00001513 00000103 583.96 88.19 458.04 688.17 823.88 335.84 1009.14 376.92 973.42 474.63 820.82 584.65 973.17 616.51
00001514 00000104 593.46 91.14 455.57 690.28 832.92 339.89 1015.08 372.80 982.74 477.22 826.35 586.17 982.37 612.52
00001515 00000105 606.41 101.90 456.00 691.23 845.78 346.40 1027.85 375.37 993.70 490.73 831.12 594.50 995.39 619.24
00001516 00000106 613.53 104.11 453.03 696.05 852.79 352.53 1032.10 379.26 999.04 498.88 830.47 600.54 995.30 624.41
00001517 00000107 616.28 98.01 454.44 720.68 862.25 350.99 1029.25 386.62 1014.06 511.23 827.85 611.67 982.02 641.57
00001518 00000108 617.32 95.65 455.30 724.85 865.03 348.70 1034.85 387.30 1018.02 510.32 827.56 611.04 984.98 643.23
00001519 00000109 622.65 94.86 453.09 717.39 868.68 343.58 1040.31 385.06 1019.42 501.35 832.79 601.98 991.59 636.23
00001520 00000110 620.74 90.93 454.28 713.57 868.13 340.44 1042.27 380.82 1021.81 496.02 837.01 597.81 994.93 630.78
00001521 00000111 619.54 84.89 457.00 712.97 861.66 337.39 1037.16 370.77 1019.65 482.93 846.30 594.77 1004.60 622.94
00001522 00000112 620.22 93.50 450.04 702.92 856.94 338.61 1042.67 368.02 1012.73 481.65 843.90 598.41 1007.91 624.62
00001523 00000113 605.46 90.22 452.07 708.24 845.67 344.69 1027.50 368.12 1000.14 484.88 838.39 601.42 997.58 621.44
00001524 00000114 597.13 88.54 450.63 706.10 833.56 344.63 1015.39 364.62 989.17 483.09 840.72 605.87 991.55 621.15
00001525 00000115 585.23 79.60 445.58 703.37 820.53 340.21 999.30 362.65 974.59 473.67 841.34 598.11 980.82 613.68
00001526 00000116 576.25 71.57 450.58 710.22 818.60 345.47 996.52 367.22 974.25 476.05 840.99 598.26 978.15 612.63
00001527 00000117 565.50 73.55 448.10 721.31 809.03 355.74 983.42 374.91 965.62 488.38 831.32 607.07 966.72 619.04
00001528 00000118 566.36 78.67 446.30 721.66 811.53 367.37 974.70 372.58 967.63 496.82 826.42 618.71 964.72 622.61
00001529 00000119 562.15 80.70 449.49 718.33 802.34 373.00 971.07 369.57 966.02 500.20 820.19 622.93 962.85 620.05
00001530 00000120 560.11 78.37 450.36 714.78 801.62 370.96 967.82 365.45 967.82 495.92 823.99 621.76 962.52 617.56
00001531 00000121 551.74 76.88 452.11 718.17 795.61 362.04 961.15 361.13 964.65 486.70 822.33 619.37 959.08 618.41
00001532 00000122 547.76 74.68 451.03 720.33 792.49 359.91 959.28 360.43 963.96 487.13 812.65 617.43 953.82 617.78
00001533 00000123 540.80 75.87 451.04 728.41 790.67 360.86 955.78 362.34 960.58 490.61 815.01 623.48 949.48 624.59
00001534 00000124 539.63 73.55 450.65 736.85 788.61 363.56 953.97 363.59 957.01 493.77 813.29 626.38 949.08 626.04
00001535 00000125 540.11 81.08 446.19 726.55 785.88 367.31 958.45 365.95 956.30 500.16 809.36 637.25 943.94 636.05
00001536 00000126 538.73 83.93 446.99 729.58 782.19 371.67 957.87 372.71 951.79 505.07 805.08 642.03 941.90 642.63
00001537 00000127 534.99 90.25 447.81 731.31 783.57 379.61 955.27 380.99 950.09 518.15 800.38 651.49 933.72 653.14
00001538 00000128 534.08 90.01 448.01 735.26 782.99 381.32 955.78 381.76 950.37 521.32 800.15 655.20 935.37 656.23
00001539 00000129 527.91 90.57 448.70 728.49 777.83 376.79 949.96 380.71 943.61 513.17 798.37 646.51 933.62 649.64
00001540 00000130 520.88 88.42 453.09 728.42 774.81 371.33 945.59 376.10 940.35 507.51 793.18 641.32 928.28 644.97
00001541 00000131 510.18 88.10 458.96 727.25 768.53 369.58 935.61 371.19 935.02 504.54 785.90 637.30 921.37 637.94
00001542 00000132 502.37 88.91 461.30 727.40 763.43 368.11 928.17 370.60 930.00 505.28 779.56 636.14 913.87 637.30
00001543 00000133 494.56 88.94 462.57 729.93 752.37 366.63 919.42 369.41 920.61 506.32 769.10 636.31 906.72 637.28
00001544 00000134 492.75 88.58 461.03 730.60 748.09 368.48 916.37 371.64 916.45 508.01 764.63 636.46 902.54 637.53
00001545 00000135 492.70 86.63 458.43 733.01 746.39 369.06 916.81 374.11 913.20 508.99 765.06 638.21 902.49 640.51
00001546 00000136 495.05 85.88 458.06 730.93 746.68 368.87 919.15 373.10 913.48 506.16 768.64 637.39 907.15 639.02
00001547 00000137 497.39 85.51 460.19 728.96 750.19 365.26 921.26 368.17 916.72 500.29 775.90 633.88 913.72 634.21
00001548 00000138 498.12 83.90 461.29 730.03 751.92 364.47 922.53 366.55 918.58 498.43 777.92 632.66 916.96 632.25
00001549 00000139 498.70 85.96 462.10 728.47 751.61 365.61 923.14 367.55 918.61 500.10 776.96 634.21 916.91 633.76
00001550 00000140 499.92 89.15 460.51 733.17 752.83 369.01 923.66 374.24 918.21 506.95 773.81 640.85 911.31 643.77
00001551 00000141 506.64 89.24 456.01 737.41 755.45 377.96 928.07 376.83 920.41 515.82 778.91 650.82 916.56 649.18
00001552 00000142 510.65 94.55 455.45 730.96 754.73 380.71 930.42 375.94 921.41 518.22 780.06 653.65 920.08 649.16
00001553 00000143 516.45 95.33 453.80 730.73 757.82 384.32 932.46 374.44 926.12 518.78 784.85 656.10 924.18 647.55
00001554 00000144 517.08 95.13 452.20 730.96 759.36 384.56 932.35 374.89 927.65 518.74 785.37 655.61 924.72 647.28
00001555 00000145 517.05 96.17 453.11 731.18 759.25 384.10 933.35 376.04 927.31 519.01 784.07 656.08 925.03 649.06
00001556 00000146 517.47 96.49 453.72 729.64 763.88 382.15 935.91 376.23 932.14 515.05 785.95 652.34 926.15 647.18
00001557 00000147 522.71 92.08 452.40 724.21 769.81 375.89 940.62 375.75 935.00 501.87 792.41 638.10 934.40 637.17
00001558 00000148 530.51 89.10 452.14 721.70 774.26 374.45 949.79 375.59 940.97 497.62 796.21 633.71 941.99 634.11
00001559 00000149 532.46 81.24 458.39 729.57 778.34 369.31 952.93 377.62 951.49 496.88 796.11 623.92 944.97 630.08
00001560 00000150 535.35 83.21 459.90 729.76 782.37 369.67 956.95 378.34 955.78 499.50 795.64 624.15 946.17 631.01
00001561 00000151 531.27 87.78 458.01 729.76 785.87 371.12 953.74 382.27 950.09 512.86 790.50 629.03 938.83 636.34
00001562 00000152 530.87 87.40 457.69 731.02 785.60 370.82 954.60 383.05 950.35 513.00 787.97 628.73 938.12 637.02
00001563 00000153 530.32 89.09 458.05 730.64 785.03 371.57 954.22 384.62 949.05 514.53 785.84 629.62 935.98 638.80
00001564 00000154 531.01 89.30 457.84 730.70 785.04 371.26 954.66 384.46 949.18 514.08 785.35 629.29 936.28 638.60
00001565 00000155 531.81 90.90 458.91 727.83 789.12 369.40 957.80 383.66 954.64 512.56 786.82 628.60 937.23 639.00
00001566 00000156 534.02 88.29 457.97 731.60 790.16 375.45 958.94 388.37 955.26 513.78 787.04 629.73 937.73 639.19
00001567 00000157 534.54 92.89 457.58 729.35 793.72 379.24 959.96 393.60 956.16 517.70 786.90 631.95 935.62 642.89
00001568 00000158 535.93 94.00 458.45 727.64 793.13 379.17 958.65 389.40 957.37 515.14 787.43 631.47 937.05 639.16
00001569 00000159 540.44 94.76 458.64 722.21 794.37 370.45 962.69 381.46 960.77 508.97 791.48 626.64 944.21 634.62
00001570 00000160 543.60 95.38 458.19 720.62 795.60 366.80 964.53 380.25 961.49 505.86 792.12 624.18 945.33 634.21
00001571 00000161 546.04 98.50 454.72 722.00 796.38 368.55 963.49 382.34 963.01 507.26 793.59 626.74 945.12 637.05
00001572 00000162 546.12 98.82 452.94 723.33 795.48 370.13 962.52 382.96 963.33 508.44 792.75 628.53 944.68 638.01
00001573 00000163 545.46 98.33 452.23 722.67 794.81 375.12 959.33 383.71 959.93 511.67 797.60 631.18 945.58 636.89
00001574 00000164 542.74 93.74 449.58 729.87 789.10 385.67 955.69 390.32 948.26 521.05 806.45 643.46 944.83 645.24
00001575 00000165 538.02 99.43 450.47 729.53 761.66 401.66 942.36 395.66 920.04 533.72 792.39 659.75 939.83 653.20
00001576 00000166 532.75 92.33 447.56 731.15 744.22 402.27 931.57 397.24 902.13 530.36 784.16 658.77 936.54 652.76
00001577 00000167 516.02 100.72 456.77 716.66 721.84 401.13 912.64 391.51 882.06 519.99 768.70 657.87 918.19 648.26
00001578 00000168 504.16 104.79 466.12 714.06 707.90 401.17 904.00 393.07 865.82 522.66 749.99 656.96 906.00 648.51
00001579 00000169 498.14 108.41 468.64 716.63 698.38 406.31 899.37 397.52 857.11 533.63 731.73 660.98 895.40 652.34
00001580 00000170 500.75 110.59 468.77 715.82 700.57 411.10 900.51 401.36 858.64 538.13 733.25 664.33 895.42 655.27
00001581 00000171 507.35 113.27 466.91 712.93 707.89 413.44 905.94 406.79 862.02 543.62 742.11 667.75 898.70 661.32
00001582 00000172 509.23 115.07 465.11 709.83 709.45 414.45 907.18 409.16 862.83 543.85 743.76 667.72 899.73 662.32
00001583 00000173 509.86 115.60 465.93 713.98 713.66 409.97 910.63 405.67 870.26 537.76 743.74 664.55 905.40 659.90
00001584 00000174 514.36 111.37 467.21 724.20 723.40 404.97 922.33 402.16 880.98 532.41 743.14 661.00 912.76 657.85
00001585 00000175 523.35 98.61 462.08 737.31 738.42 392.18 932.46 392.58 894.93 524.40 755.39 652.12 921.85 651.07
00001586 00000176 528.04 94.72 462.67 737.51 745.56 388.81 937.79 382.73 906.91 517.87 765.43 652.61 929.11 646.87
00001587 00000177 533.01 92.09 460.01 738.36 748.25 390.65 937.18 389.22 907.42 523.00 761.99 643.10 932.30 640.68
00001588 00000178 530.90 95.53 463.27 739.45 753.47 392.35 941.71 391.43 913.02 529.17 765.24 647.99 934.29 646.24
00001589 00000179 535.19 98.11 466.91 734.09 766.26 390.55 951.08 392.38 924.10 529.20 776.12 646.22 940.02 646.16
00001590 00000180 545.23 94.17 463.20 720.59 771.71 385.69 962.67 389.23 933.82 507.72 793.63 634.36 952.28 636.35
00001591 00000181 552.55 87.98 459.24 722.50 781.04 378.01 966.30 387.54 938.12 502.03 806.06 630.43 955.20 637.20
00001592 00000182 554.98 88.92 457.06 720.62 784.68 376.12 966.10 384.20 941.82 498.38 813.91 628.55 960.58 634.09
00001593 00000183 561.98 89.43 454.60 718.53 793.18 373.01 967.05 375.85 954.25 495.48 830.08 628.90 970.77 630.52
00001594 00000184 558.05 86.88 453.83 726.87 797.65 371.69 969.36 381.63 956.10 501.62 826.32 630.51 965.14 635.73
00001595 00000185 559.91 91.44 447.13 728.60 799.80 376.70 968.32 387.13 959.20 509.14 827.16 637.69 961.98 643.61
00001596 00000186 561.92 96.87 445.23 724.15 802.85 381.14 969.38 387.57 962.06 516.40 828.91 644.64 961.87 647.79
00001597 00000187 564.81 99.58 446.59 727.36 808.40 383.61 975.38 390.96 968.09 526.38 827.99 651.83 960.26 656.28
00001598 00000188 567.46 98.94 445.16 726.48 811.39 381.57 978.52 388.56 972.78 524.45 832.99 650.82 964.36 654.96
00001599 00000189 573.15 95.08 441.99 724.40 813.38 379.10 983.94 385.01 975.21 517.31 838.88 644.31 973.25 646.99
00001600 00000190 571.08 92.50 442.10 725.81 810.30 374.29 981.21 384.68 972.16 509.32 837.08 637.59 971.92 643.54
00001601 00000191 564.46 91.80 445.26 726.45 806.26 373.68 973.88 385.01 967.86 505.13 829.92 630.83 965.55 637.35
00001602 00000192 563.62 90.49 447.68 725.24 806.44 371.72 975.61 385.27 968.56 503.05 831.58 629.32 967.35 637.59
00001603 00000193 568.43 93.88 446.62 708.40 805.36 374.34 973.09 379.87 970.31 500.23 836.34 626.14 973.57 630.19
00001604 00000194 568.69 92.81 445.66 709.24 805.86 373.98 973.08 379.47 971.55 499.82 835.61 625.35 973.27 629.52
00001605 00000195 567.25 89.99 446.45 711.34 806.38 373.39 972.26 379.08 972.09 498.54 833.65 623.12 971.82 627.44
00001606 00000196 565.00 93.68 446.59 706.52 802.93 373.99 970.58 380.79 969.09 497.67 830.98 623.79 969.62 628.97
00001607 00000197 562.57 93.38 449.03 707.01 801.98 374.48 968.11 381.32 969.95 499.12 831.63 628.33 965.84 633.54
00001608 00000198 559.61 91.67 450.73 707.74 800.56 373.68 967.54 380.97 969.76 497.87 823.48 624.46 962.17 630.34
00001609 00000199 556.65 93.90 454.56 706.19 795.59 372.98 967.18 379.70 965.99 496.40 817.19 622.24 962.10 627.80
00001610 00000200 553.96 92.93 455.94 708.03 793.81 373.41 965.90 379.08 965.23 495.76 813.53 621.61 960.47 626.48
00001611 00000201 552.69 90.82 457.59 711.67 792.84 372.16 965.07 377.34 965.30 492.97 813.14 620.59 961.50 624.95
00001612 00000202 553.11 88.84 452.84 713.85 792.70 374.44 963.73 376.75 964.21 492.16 811.47 620.17 961.18 622.20
00001613 00000203 547.68 87.65 458.00 717.51 788.76 371.36 964.91 382.33 961.29 487.78 804.46 614.46 960.33 623.04
00001614 00000204 545.64 89.46 460.57 718.76 782.89 375.22 962.86 385.35 954.30 488.53 801.12 615.51 960.79 623.01
00001615 00000205 538.11 88.09 458.49 725.38 757.92 382.61 953.12 385.11 929.63 493.10 783.08 624.30 954.85 625.32
00001616 00000206 529.93 89.97 461.41 728.69 758.21 386.28 940.03 379.01 919.76 501.11 776.81 636.88 937.16 630.52
00001617 00000207 518.52 97.60 463.84 727.74 735.67 392.06 925.75 383.35 897.69 514.81 759.96 644.98 925.00 636.52
00001618 00000208 511.88 101.25 464.96 727.35 724.44 398.53 916.47 393.49 882.40 524.89 751.39 651.59 915.43 645.91
00001619 00000209 507.80 110.27 466.02 723.88 715.06 403.42 909.99 401.31 871.80 533.59 745.94 662.68 906.11 659.60
00001620 00000210 506.53 113.38 465.67 719.52 713.20 410.27 906.99 409.08 866.32 540.35 740.96 664.30 900.16 661.94
00001621 00000211 504.44 116.89 467.78 714.77 710.65 416.28 907.32 414.53 863.22 549.26 736.65 669.03 895.53 666.68
00001622 00000212 507.72 118.28 464.89 713.11 711.19 420.23 907.66 416.64 862.37 552.18 737.87 671.42 895.97 667.69
00001623 00000213 507.74 120.98 465.52 708.18 710.59 424.78 907.12 420.35 860.11 555.73 737.30 672.27 893.91 668.13
00001624 00000214 509.27 121.17 464.37 708.61 708.10 429.18 906.23 422.64 857.57 560.10 736.36 676.13 892.89 670.27
00001625 00000215 511.75 125.79 463.08 709.02 709.92 434.02 906.06 426.55 857.69 566.38 737.75 680.68 892.57 674.23
00001626 00000216 510.18 128.87 466.99 714.10 711.04 438.17 906.50 431.09 858.93 571.29 738.61 685.71 894.71 679.49
00001627 00000217 508.60 132.08 469.35 721.44 710.68 441.99 907.51 434.13 858.74 575.80 742.38 696.02 895.07 689.14
00001628 00000218 508.50 136.09 470.07 724.85 711.28 442.70 908.16 435.38 858.61 577.68 744.53 703.28 893.69 697.28
00001629 00000219 513.36 139.04 467.92 728.63 713.84 445.28 911.36 438.21 860.67 579.51 748.74 708.54 896.78 702.90
00001630 00000220 513.56 139.40 469.65 726.48 717.40 445.45 913.97 438.05 864.55 579.03 752.32 707.39 900.20 701.45
00001631 00000221 519.99 118.14 466.00 736.55 716.12 437.96 921.79 433.52 871.05 563.11 753.74 691.82 910.16 687.64
00001632 00000222 525.55 119.16 461.33 728.43 729.13 425.99 928.78 429.32 880.65 558.86 757.81 680.80 910.40 683.41
00001633 00000223 529.78 114.56 458.03 725.49 737.92 422.01 933.96 421.83 893.13 551.80 762.96 675.30 919.08 675.34
00001634 00000224 535.13 108.73 457.02 729.42 746.45 414.52 943.11 416.47 901.47 550.53 774.46 673.95 930.27 675.06
00001635 00000225 542.65 107.84 456.90 732.80 769.84 401.74 952.04 403.73 925.10 543.64 794.20 668.42 940.70 669.36
00001636 00000226 540.95 111.39 460.43 729.94 780.30 398.00 954.59 399.88 938.30 540.73 800.69 666.39 944.34 667.23
00001637 00000227 544.13 105.46 461.57 732.53 784.81 393.62 962.57 397.84 949.97 530.76 799.43 659.74 949.64 662.04
00001638 00000228 546.67 104.44 461.47 730.44 787.30 390.76 962.05 393.94 950.54 526.03 800.92 652.53 952.28 653.89
00001639 00000229 546.94 105.86 459.45 725.53 789.89 388.16 961.21 394.52 952.10 524.49 797.63 646.99 947.30 651.20
00001640 00000230 547.68 108.56 458.33 721.64 791.42 389.60 961.47 396.37 953.83 525.61 797.01 646.52 946.53 651.25
00001641 00000231 549.75 107.94 454.99 719.64 792.20 388.43 961.21 395.09 955.75 523.18 798.53 644.94 946.10 649.55
00001642 00000232 549.86 106.50 456.08 718.37 793.34 385.67 963.09 390.86 958.87 519.04 800.86 641.58 949.67 644.88
00001643 00000233 551.20 105.87 453.05 725.51 792.70 383.21 961.20 387.58 962.28 516.03 800.89 642.15 951.26 644.68
00001644 00000234 551.30 104.51 453.11 734.56 794.00 381.34 960.49 387.89 963.84 514.74 799.48 642.66 950.45 646.93
00001645 00000235 553.48 103.27 452.31 736.12 796.33 377.87 962.31 386.18 967.24 510.61 802.52 640.20 953.27 645.67
00001646 00000236 553.84 103.19 452.01 734.48 796.71 377.73 961.97 385.91 967.47 509.36 803.97 639.25 953.65 644.55
00001647 00000237 555.74 104.90 450.05 730.35 796.55 379.18 962.42 387.42 966.31 509.92 805.84 639.57 953.43 645.00
00001648 00000238 557.22 105.02 449.31 723.00 796.58 378.56 964.42 387.79 963.97 509.06 807.77 637.13 955.25 643.25
00001649 00000239 561.73 101.01 446.08 719.69 800.93 375.44 965.70 386.15 963.80 500.88 825.90 633.51 962.52 640.18
00001650 00000240 565.23 99.20 444.95 714.95 802.67 372.04 969.08 385.89 964.15 496.89 830.41 629.07 966.16 638.19
00001651 00000241 564.89 96.60 444.19 712.65 803.96 369.24 969.26 383.07 964.48 493.83 833.99 625.31 967.36 634.23
00001652 00000242 565.66 97.32 444.56 710.56 806.14 369.35 971.24 383.91 966.31 493.89 835.11 624.16 967.76 633.58
00001653 00000243 564.89 99.52 446.48 711.16 807.69 368.52 972.66 383.68 969.62 496.63 831.18 625.70 965.52 635.84
00001654 00000244 562.52 99.86 448.97 709.23 806.53 368.91 972.58 384.08 968.00 496.44 828.47 624.18 964.28 634.28
00001655 00000245 561.21 99.27 448.90 707.82 804.86 368.19 972.23 383.10 966.58 497.13 823.03 621.58 961.62 631.46
00001656 00000246 559.39 100.46 450.09 705.47 803.40 368.19 971.00 383.21 964.67 497.45 818.44 618.95 959.62 628.92
00001657 00000247 558.40 100.33 449.34 706.35 802.07 368.77 968.87 383.08 963.67 498.50 815.97 619.68 957.99 629.25
00001658 00000248 558.44 102.21 449.24 705.86 802.34 370.59 968.27 384.90 963.50 500.77 815.09 622.31 956.17 632.17
00001659 00000249 562.03 104.07 448.42 705.71 808.26 376.92 971.25 389.57 968.60 505.09 819.07 625.18 957.87 633.88
00001660 00000250 567.64 102.36 448.77 706.86 818.22 381.63 980.21 398.19 977.37 504.67 828.36 623.96 964.56 635.98
00001661 00000251 583.27 102.45 442.72 707.81 826.10 381.66 993.09 392.76 986.22 500.60 844.89 629.17 984.07 636.68
00001662 00000252 587.68 104.92 441.98 704.42 830.75 379.09 995.58 385.29 992.81 498.42 852.34 631.15 989.59 635.18
00001663 00000253 589.96 106.41 445.19 702.80 832.40 375.44 999.24 382.33 994.80 496.73 856.16 632.01 993.33 636.76
00001664 00000254 591.53 109.69 441.19 701.47 833.99 376.09 1001.02 384.91 995.26 499.84 854.22 632.66 991.47 639.16
00001665 00000255 591.02 111.36 440.53 701.99 833.62 376.54 999.21 386.80 993.71 501.90 852.32 634.33 988.56 642.21
00001666 00000256 590.39 111.60 440.54 703.87 833.82 377.16 997.72 387.24 994.35 504.01 848.71 635.31 984.37 643.30
00001667 00000257 586.85 112.24 442.49 703.86 831.76 378.15 993.81 385.18 994.40 505.50 844.94 635.69 980.70 641.43
00001668 00000258 585.40 112.44 442.19 704.25 829.81 378.60 992.00 384.92 992.75 506.44 842.08 635.89 978.61 641.16
00001669 00000259 583.03 111.45 443.21 708.56 828.76 380.89 989.92 386.79 992.27 509.13 839.76 637.77 976.50 642.73
00001670 00000260 581.91 110.78 443.76 709.70 827.41 381.44 989.33 387.15 990.75 510.24 836.97 637.59 975.09 642.35
00001671 00000261 583.86 111.09 442.91 708.90 827.79 381.52 990.86 386.76 990.91 509.36 839.60 637.91 978.09 642.09
00001672 00000262 584.32 108.75 444.19 711.66 826.92 380.87 992.85 385.25 990.53 508.52 840.23 637.98 980.62 641.30
00001673 00000263 584.82 105.12 441.63 713.27 824.30 379.33 993.50 386.20 985.67 506.56 845.83 638.63 984.49 643.24
00001674 00000264 583.61 104.17 440.39 714.94 824.57 378.64 991.52 386.03 985.33 507.28 847.86 639.94 983.52 644.91
00001675 00000265 583.61 105.89 439.98 717.50 824.56 380.95 990.83 390.09 985.27 512.70 845.35 645.25 978.71 651.96
00001676 00000266 582.89 107.01 442.91 721.55 826.45 381.42 991.20 388.18 989.58 514.60 842.64 647.87 978.28 653.20
00001677 00000267 585.49 105.92 445.22 721.96 828.53 378.46 996.08 384.38 994.32 509.69 842.41 643.66 983.26 648.38
00001678 00000268 587.31 106.01 445.81 714.86 830.28 377.64 998.14 383.87 994.34 506.57 848.12 640.38 987.20 645.04
00001679 00000269 588.05 103.89 445.77 709.87 829.66 377.83 1000.06 382.02 993.12 504.44 852.60 637.27 990.54 639.71
00001680 00000270 586.33 103.66 447.96 711.87 830.04 378.41 999.26 380.71 993.73 506.19 850.24 637.76 988.54 638.85
00001681 00000271 585.76 104.60 449.49 718.76 833.57 377.30 998.74 380.68 997.45 507.90 849.81 641.44 987.05 643.85
00001682 00000272 587.06 105.38 449.66 720.38 834.34 376.94 998.56 381.78 997.63 505.70 847.82 639.62 987.39 643.18
00001683 00000273 590.93 103.66 449.28 713.31 837.07 375.41 1002.37 380.62 999.76 499.93 852.99 633.59 993.79 637.11
00001684 00000274 593.12 100.02 448.46 711.46 837.37 373.76 1005.25 380.82 999.95 497.70 854.22 630.46 996.15 635.64
00001685 00000275 593.37 100.08 447.47 714.61 838.97 374.63 1005.08 382.13 1001.00 498.89 853.45 630.79 995.47 636.39
00001686 00000276 592.36 100.73 446.25 721.98 839.11 376.91 1002.37 381.17 1001.52 504.17 851.91 637.36 990.88 640.41
00001687 00000277 588.15 101.05 448.45 731.51 837.58 381.63 1003.55 380.48 1005.09 516.48 848.92 648.44 988.92 647.46
00001688 00000278 582.39 107.13 451.84 730.44 835.27 388.08 1001.83 384.93 1002.66 529.30 839.21 656.66 981.02 654.82
00001689 00000279 579.79 112.98 446.47 724.25 835.87 400.62 994.46 409.47 993.06 539.42 833.65 657.04 968.82 664.83
00001690 00000280 577.84 112.45 446.12 719.16 834.28 398.31 993.79 410.37 992.31 533.42 838.02 652.43 971.85 662.49
00001691 00000281 583.52 100.40 442.53 726.86 827.89 387.37 998.51 389.68 991.77 523.79 851.11 656.01 984.75 657.11
00001692 00000282 587.46 99.78 441.04 725.49 827.04 383.45 1000.05 382.90 991.64 519.55 855.51 655.42 991.28 653.97
00001693 00000283 595.22 103.76 443.27 723.73 830.63 387.60 1004.28 383.77 996.41 520.93 857.48 659.27 993.72 655.71
00001694 00000284 605.46 108.20 441.57 717.47 838.54 390.76 1011.19 386.84 999.90 522.25 861.59 658.46 999.45 655.33
00001695 00000285 612.42 107.97 441.40 717.21 848.41 390.57 1021.24 391.14 1011.60 524.56 871.57 658.91 1007.33 659.39
00001696 00000286 614.51 106.34 445.36 728.14 851.76 388.55 1028.17 390.67 1017.97 527.98 871.82 664.98 1009.44 667.21
00001697 00000287 605.33 110.30 449.04 736.55 848.85 389.94 1023.61 395.01 1014.17 524.33 865.71 667.27 1001.60 672.84
00001698 00000288 601.76 109.25 449.75 740.53 846.73 391.78 1020.70 393.33 1012.44 525.12 859.63 663.77 999.60 666.20
00001699 00000289 596.44 112.67 450.91 730.47 840.75 393.28 1015.17 391.12 1008.26 525.99 853.21 660.32 996.25 659.33
00001700 00000290 597.27 110.49 445.60 726.99 840.02 392.21 1008.30 387.39 1008.02 525.64 849.90 657.92 991.18 654.61
00001701 00000291 595.23 105.87 446.87 721.75 837.90 387.64 1008.10 384.56 1003.01 518.66 853.57 651.13 994.16 648.35
00001702 00000292 590.79 104.64 448.21 717.86 836.55 384.51 1004.81 381.85 1001.73 515.30 853.39 647.01 991.46 644.39
00001703 00000293 587.10 101.76 447.66 719.35 831.60 384.14 1000.09 380.56 998.37 514.65 851.28 646.59 989.28 643.03
00001704 00000294 584.55 103.17 449.51 722.90 829.58 386.51 999.51 381.29 998.95 519.29 846.84 650.16 987.08 645.61
00001705 00000295 584.02 103.67 446.89 728.79 827.60 387.25 997.12 383.03 998.12 522.02 842.37 653.40 983.68 649.94
00001706 00000296 582.63 105.00 446.54 728.35 825.28 387.43 995.15 383.80 995.75 521.77 841.15 653.27 983.11 650.09
00001707 00000297 580.78 105.67 445.20 727.04 820.75 387.63 990.12 383.14 989.38 523.41 838.08 653.52 979.97 649.40
00001708 00000298 576.99 107.03 445.56 726.83 819.45 390.34 985.91 389.28 985.60 525.51 839.20 656.57 974.69 655.22
00001709 00000299 573.30 110.26 443.73 725.51 817.50 396.28 980.49 398.93 978.38 532.61 840.50 662.85 969.81 664.46
00001710 00000300 574.99 111.51 440.90 723.08 815.94 398.75 979.62 401.77 974.61 534.24 842.45 663.91 972.25 665.50
00001711 00000301 576.29 113.80 441.44 720.06 814.08 401.14 980.53 403.28 972.91 534.26 843.22 664.36 975.42 665.20
00001712 00000302 576.90 115.17 443.31 719.81 816.74 400.05 984.28 402.39 977.12 534.83 845.68 665.31 979.91 666.27
00001713 00000303 576.88 115.67 443.69 722.96 819.92 399.86 982.70 403.66 978.82 536.06 845.11 666.93 974.61 669.49
00001714 00000304 573.68 117.92 445.59 725.16 818.42 400.54 979.93 404.97 978.73 537.72 837.70 667.23 967.73 670.50
00001715 00000305 567.07 115.92 446.87 726.38 805.78 410.83 971.96 414.37 961.41 543.21 824.45 667.18 959.50 669.27
00001716 00000306 557.61 126.11 457.13 713.92 795.66 422.33 969.85 423.67 950.62 553.30 808.95 668.19 953.76 668.76
00001717 00000307 548.65 131.44 455.47 711.65 762.93 437.43 958.46 435.80 915.77 565.27 778.58 678.64 937.80 677.47
00001718 00000308 538.75 135.08 460.27 724.04 742.75 455.25 945.14 443.19 899.95 582.88 758.64 691.60 927.95 682.20
00001719 00000309 536.29 142.15 455.80 719.67 718.00 468.91 927.17 453.89 868.34 594.63 751.19 706.50 915.41 694.46
00001720 00000310 535.42 147.12 455.87 715.90 711.87 471.32 923.94 458.39 861.20 598.29 743.46 707.31 911.31 696.69
00001721 00000311 534.28 142.67 455.05 720.52 712.11 467.56 922.97 455.79 861.58 594.23 744.57 705.67 913.44 695.67
00001722 00000312 528.65 140.54 462.76 719.87 711.06 463.38 925.36 450.39 866.86 590.01 744.77 702.89 917.81 691.99
00001723 00000313 530.21 135.05 462.27 722.05 718.51 456.44 928.47 442.63 876.83 580.38 754.45 697.50 924.81 685.79
00001724 00000314 533.87 135.62 460.10 717.20 728.22 453.96 933.90 441.04 885.26 575.25 762.26 694.67 924.87 684.40
00001725 00000315 537.20 134.01 460.04 715.87 752.19 436.29 943.06 434.65 907.07 564.89 777.77 684.51 930.93 683.09
00001726 00000316 544.26 126.64 455.41 713.89 758.14 428.10 950.54 422.47 912.86 558.48 787.58 682.26 936.60 677.52
00001727 00000317 552.88 124.15 455.75 714.38 775.42 418.74 959.45 413.74 933.03 550.18 802.63 677.02 949.59 672.56
00001728 00000318 551.41 122.56 456.70 715.81 783.44 414.89 961.47 411.88 943.64 549.05 805.70 672.14 950.21 669.22
00001729 00000319 551.89 120.90 458.23 718.80 791.77 412.22 962.47 409.74 954.04 546.97 810.75 669.76 951.77 667.28
00001730 00000320 555.83 119.06 455.21 721.09 794.71 409.45 963.14 408.68 958.66 542.48 814.30 667.89 955.09 666.61
00001731 00000321 559.90 117.98 452.11 725.89 796.86 406.96 965.15 407.24 960.34 541.14 818.81 669.02 957.89 668.38
00001732 00000322 561.84 117.91 449.32 725.71 798.23 405.40 965.05 406.64 960.33 538.21 823.54 668.13 959.64 668.04
00001733 00000323 566.62 113.77 446.72 723.81 801.31 399.02 969.30 400.47 963.44 530.27 832.37 663.92 965.42 663.64
00001734 00000324 567.68 113.18 445.87 721.74 803.91 394.68 971.32 396.95 966.40 528.17 832.68 661.21 965.03 661.70
00001735 00000325 566.46 113.80 447.00 730.10 804.87 401.23 967.94 402.68 966.40 536.55 825.78 666.43 957.94 667.00
00001736 00000326 565.94 115.17 448.47 736.58 806.71 404.16 969.05 408.19 968.57 542.39 818.17 667.78 954.94 670.84
00001737 00000327 568.15 117.25 449.17 732.49 812.16 401.65 973.47 405.62 974.83 542.18 815.04 662.81 955.82 666.29
00001738 00000328 566.74 114.53 450.75 728.50 813.92 393.17 975.74 398.79 979.88 534.57 814.17 655.94 955.03 660.91
00001739 00000329 566.70 106.75 450.76 719.35 816.01 382.49 979.55 390.82 982.57 521.33 815.09 640.84 956.09 647.49
00001740 00000330 568.39 104.68 450.16 715.46 816.94 379.40 980.92 390.43 980.69 517.80 815.89 634.97 957.82 643.52
00001741 00000331 571.34 104.77 451.56 713.24 821.42 377.77 984.75 388.06 983.08 516.51 819.80 632.97 961.99 640.94
00001742 00000332 574.31 106.78 450.67 712.39 823.15 378.83 986.59 389.15 983.96 516.86 821.25 633.97 963.62 642.13
00001743 00000333 576.22 107.51 451.03 711.47 825.47 380.46 988.97 388.31 986.67 517.50 823.96 634.93 966.62 641.23
00001744 00000334 574.67 106.98 453.17 711.67 825.41 378.14 988.14 385.28 987.75 515.57 824.49 633.57 966.41 639.38
00001745 00000335 573.34 107.54 452.95 710.92 830.26 381.28 990.16 395.80 988.81 517.00 823.75 632.04 963.81 644.00
00001746 00000336 572.01 106.86 451.08 713.02 829.34 383.01 987.79 402.01 987.60 516.38 820.12 629.37 960.95 644.80
00001747 00000337 570.28 107.30 450.36 717.00 824.46 378.87 982.44 395.05 982.87 515.75 817.13 632.63 956.88 645.58
00001748 00000338 570.99 106.88 448.76 721.23 820.90 378.40 980.78 394.30 982.37 513.92 816.66 633.99 958.05 646.51
00001749 00000339 571.93 103.42 448.46 725.19 816.60 378.53 978.88 392.52 977.97 510.88 823.90 636.85 962.03 647.20
00001750 00000340 574.65 102.25 445.21 727.48 816.19 377.42 979.29 391.37 976.78 509.56 831.15 640.04 965.85 650.05
00001751 00000341 575.75 101.85 442.78 729.09 814.67 377.24 978.85 392.66 974.24 508.06 834.17 640.88 967.45 651.82
00001752 00000342 572.77 102.17 442.92 728.40 812.10 376.61 976.15 394.11 971.54 508.08 832.91 640.03 964.51 652.45
00001753 00000343 568.20 104.67 443.60 725.05 808.79 375.90 970.73 395.23 965.97 507.77 830.11 639.00 959.18 652.88
00001754 00000344 567.18 104.81 443.57 721.10 807.42 375.75 968.86 395.16 962.49 506.86 829.44 636.75 958.57 650.62
00001755 00000345 567.79 105.27 443.00 713.01 806.82 375.86 968.16 393.40 961.16 505.96 827.35 631.83 958.81 644.15
00001756 00000346 568.55 104.19 442.45 709.45 806.42 376.17 969.97 393.94 960.16 506.12 826.98 629.93 959.37 642.24
00001757 00000347 571.46 100.43 443.38 712.32 809.14 375.17 976.28 393.41 964.43 504.34 830.74 630.26 964.12 642.78
00001758 00000348 573.99 99.85 444.31 713.03 813.36 375.59 982.11 393.54 969.63 504.86 833.76 630.79 968.29 643.19
00001759 00000349 579.02 102.08 442.08 710.57 821.77 376.04 987.90 393.04 978.97 506.26 839.73 633.00 971.74 645.27
00001760 00000350 584.51 105.40 442.11 707.23 834.20 374.23 996.30 385.33 994.38 503.53 850.92 633.26 982.64 641.37
00001761 00000351 602.09 96.90 432.48 709.09 852.98 369.69 1012.27 387.24 1012.87 494.92 873.34 627.60 1000.47 640.90
00001762 00000352 608.57 94.15 431.17 703.58 860.81 365.79 1018.37 381.30 1024.31 491.07 884.90 624.34 1008.14 635.94
00001763 00000353 612.17 94.53 434.27 700.85 872.53 367.89 1020.57 375.94 1037.13 496.20 897.36 629.01 1009.72 635.37
00001764 00000354 619.19 99.82 432.62 700.10 880.52 376.16 1025.56 386.08 1044.79 504.12 904.91 637.01 1012.34 645.25
00001765 00000355 624.99 101.63 435.69 703.91 888.52 375.84 1031.36 385.15 1057.05 505.90 914.58 642.21 1018.83 650.05
00001766 00000356 625.94 92.83 434.23 721.63 893.08 372.21 1015.25 389.09 1048.48 509.44 911.85 632.28 1004.83 644.69
00001767 00000357 624.33 98.10 438.07 705.26 885.90 371.84 1031.28 380.12 1057.06 500.40 915.23 640.44 1021.61 647.42
00001768 00000358 617.48 97.50 437.77 708.16 880.42 375.25 1028.23 382.34 1047.92 504.85 902.12 640.32 1012.62 646.52
00001769 00000359 608.23 100.41 434.99 711.14 867.60 379.83 1020.93 392.46 1028.08 509.42 878.70 639.77 997.29 650.14
00001770 00000360 602.07 99.69 434.95 712.50 851.59 382.56 1011.44 393.11 1011.37 505.10 865.94 634.63 997.08 642.59
00001771 00000361 585.28 97.25 446.51 711.10 831.44 377.79 993.00 376.58 998.28 497.94 851.97 631.42 986.86 629.74
00001772 00000362 579.82 91.81 448.59 716.97 818.92 374.26 986.31 370.02 986.43 492.50 848.57 627.85 987.37 622.57
00001773 00000363 575.58 85.01 451.54 721.14 809.23 366.53 982.88 363.67 977.67 485.21 847.44 625.40 988.57 620.36
00001774 00000364 574.11 85.81 456.75 717.70 812.17 364.66 985.82 360.64 981.49 486.99 849.28 626.45 989.74 620.69
00001775 00000365 580.25 91.60 458.07 711.53 820.26 368.09 992.10 363.69 988.34 492.42 850.58 628.42 991.62 623.20
00001776 00000366 584.75 95.64 459.95 711.42 827.26 370.16 998.13 365.61 995.22 495.68 851.00 630.05 993.77 625.33
00001777 00000367 589.21 95.39 458.11 713.10 833.41 371.55 1004.27 368.18 999.91 497.04 852.93 631.61 996.66 628.42
00001778 00000368 592.07 94.46 455.59 712.41 833.59 370.96 1006.42 369.11 999.10 497.04 857.15 632.90 999.50 630.68
00001779 00000369 595.68 91.43 451.26 715.76 833.46 370.40 1011.61 370.78 999.42 496.69 862.76 634.27 1007.20 633.22
00001780 00000370 594.61 91.45 451.19 716.92 834.86 369.03 1012.12 372.45 999.87 496.50 862.30 633.04 1006.50 634.35
00001781 00000371 597.00 92.78 450.81 716.58 837.45 368.84 1015.24 377.64 999.43 499.13 859.97 632.67 1002.53 638.70
00001782 00000372 602.08 93.57 446.04 716.12 842.23 369.99 1018.50 380.37 1003.24 499.27 861.31 632.15 1002.66 639.77
00001783 00000373 608.03 96.84 444.57 716.27 849.67 369.78 1024.58 383.73 1009.30 497.78 860.59 630.27 1004.99 641.29
00001784 00000374 611.35 97.73 443.67 715.51 854.22 369.15 1027.52 384.88 1011.68 499.52 862.55 631.89 1004.14 644.71
00001785 00000375 616.07 100.82 442.50 710.21 856.12 369.89 1033.40 387.29 1012.87 503.09 865.23 633.29 1006.12 647.29
00001786 00000376 618.56 102.08 439.68 706.44 856.43 370.95 1034.32 386.23 1014.30 503.64 869.09 634.14 1008.53 646.17
00001787 00000377 617.11 100.36 442.12 706.13 857.54 370.11 1033.37 383.37 1017.15 503.75 871.54 633.74 1010.31 644.27
CROP_BBOX: 224 0 1339 1026
