Video ID: 	piTpiBgtaGA
H: 	1080
W: 	1920
FPS: 	23.976023976023978

FRAME INDEX X0 Y0 W H [Landmarks (5 Points)]

00075860 00000000 448.20 128.13 478.59 680.79 686.64 406.21 816.34 368.14 861.14 452.86 789.98 628.86 902.19 597.14
00075861 00000001 427.83 108.67 486.68 680.73 686.42 392.80 800.18 354.87 864.06 440.20 786.12 619.36 880.12 588.31
00075862 00000002 423.66 102.92 488.77 668.03 666.95 385.18 799.95 335.86 852.92 419.24 781.09 601.81 894.14 559.96
00075863 00000003 423.39 90.60 492.33 661.31 668.28 382.56 788.49 322.81 850.07 412.80 789.56 589.75 890.14 539.23
00075864 00000004 422.70 86.98 503.30 657.39 670.82 370.65 776.11 309.98 855.25 398.41 801.80 581.81 892.33 531.81
00075865 00000005 431.71 68.13 512.67 679.40 669.85 364.09 793.73 305.93 853.67 385.89 800.67 575.99 909.95 528.10
00075866 DELETE   435.00 80.66 518.30 654.07 675.86 354.29 776.52 292.87 859.34 370.18 826.17 564.16 913.78 514.39
00075867 DELETE   438.20 83.73 516.56 637.03 686.86 351.30 777.55 291.53 869.58 362.54 844.92 553.65 921.15 505.46
00075868 DELETE   443.67 91.59 516.66 624.52 700.72 339.04 778.75 291.29 877.87 355.75 852.82 544.49 916.86 506.96
00075869 00000009 453.66 83.61 518.68 627.53 725.60 343.47 782.98 288.60 892.36 360.13 870.38 539.69 918.95 497.03
00075870 00000010 451.90 78.67 530.32 628.69 731.08 344.24 788.58 284.18 903.45 352.59 871.60 530.98 930.16 483.48
00075871 00000011 460.95 83.93 524.01 627.30 733.49 339.83 786.55 283.35 906.04 349.11 877.10 531.95 929.55 487.53
00075872 00000012 464.45 84.70 526.15 629.17 738.19 338.79 787.44 280.48 909.34 349.02 881.72 535.30 930.53 489.44
00075873 00000013 471.66 85.09 517.78 629.76 741.95 337.07 787.42 281.45 912.11 351.26 882.74 536.60 927.24 493.80
00075874 00000014 478.10 80.70 510.52 645.50 728.81 335.21 795.42 285.28 918.25 352.83 879.45 546.61 936.96 508.92
00075875 00000015 477.47 79.27 516.68 641.67 731.49 337.24 795.77 284.36 924.25 348.91 891.93 546.30 947.11 505.82
00075876 00000016 483.50 84.09 513.53 641.47 736.91 336.52 803.06 282.94 928.79 349.53 892.14 548.98 949.26 507.70
00075877 00000017 495.22 90.20 506.43 632.42 741.84 337.69 811.03 281.23 931.64 352.16 895.36 551.15 956.02 507.60
00075878 00000018 489.13 88.62 518.02 640.68 746.74 339.32 818.20 290.54 937.08 354.74 901.19 551.62 963.18 514.55
00075879 00000019 498.02 101.77 517.15 627.38 758.78 337.22 831.00 298.62 941.96 360.82 907.29 551.56 971.73 522.58
00075880 00000020 515.50 113.21 494.77 620.70 770.54 337.09 837.44 300.99 948.83 369.06 907.58 554.69 971.01 528.53
00075881 DELETE   518.11 128.57 497.06 607.23 785.99 333.05 836.80 309.76 959.28 369.75 920.96 550.50 971.08 535.66
00075882 DELETE   531.56 124.57 488.73 604.36 802.52 333.33 841.99 311.82 969.74 371.47 931.75 547.24 974.66 534.61
00075883 DELETE   546.84 126.59 484.64 607.47 807.64 333.11 845.81 309.41 976.35 371.60 942.40 552.49 980.98 537.76
00075884 00000024 563.39 123.25 464.57 609.66 819.97 339.06 854.80 313.96 980.97 384.99 939.46 552.78 977.64 537.80
00075885 00000025 566.73 121.48 462.75 605.72 825.47 341.57 861.61 314.65 983.84 388.40 940.56 555.56 977.50 538.77
00075886 00000026 567.62 123.55 465.15 605.02 831.68 340.89 868.78 316.66 992.95 392.12 944.86 558.32 983.12 543.66
00075887 00000027 568.54 124.21 469.08 609.52 832.15 340.23 875.63 317.62 995.33 396.58 947.12 564.45 988.06 551.03
00075888 00000028 580.19 104.17 456.36 632.35 833.86 351.25 900.50 326.94 992.30 408.60 941.87 582.98 990.61 564.74
00075889 00000029 583.07 106.31 455.26 634.26 837.01 350.70 899.69 331.03 995.48 410.65 946.76 584.02 992.75 569.72
00075890 00000030 581.79 103.29 459.51 636.20 841.09 350.13 904.90 331.71 999.76 413.58 950.38 583.63 998.08 570.75
00075891 00000031 582.00 109.09 459.76 629.79 842.04 351.71 904.68 332.43 1000.14 417.50 951.89 584.93 998.18 571.78
00075892 00000032 580.10 123.17 458.69 602.97 844.09 351.05 896.83 323.99 1011.92 407.63 955.63 570.89 1003.91 553.35
00075893 00000033 580.41 120.02 457.35 613.69 843.74 350.11 898.11 326.05 1009.75 409.70 952.90 572.96 1002.03 557.95
00075894 00000034 586.14 114.52 457.41 627.32 842.62 356.47 906.51 335.93 1000.77 420.10 952.87 586.67 1002.21 572.27
00075895 00000035 586.63 110.49 456.84 631.16 842.20 358.26 907.15 337.07 999.07 422.11 951.84 587.06 1001.49 571.93
00075896 00000036 579.41 119.91 462.60 629.02 840.21 356.39 903.48 327.62 1011.48 411.84 948.35 579.90 1008.75 560.56
00075897 00000037 577.42 123.40 458.79 615.17 838.24 356.14 898.35 329.17 1006.67 410.71 947.64 574.44 1004.77 556.34
00075898 00000038 578.35 119.28 455.50 626.32 835.54 351.17 896.25 323.95 1005.68 409.72 945.31 577.04 1002.72 559.29
00075899 00000039 575.13 120.72 459.13 641.11 831.72 350.89 892.92 324.68 1004.78 407.13 942.61 581.86 1001.72 564.92
00075900 00000040 575.59 119.77 460.25 646.43 831.16 351.18 893.27 324.62 1003.95 406.83 941.53 583.68 1002.59 565.99
00075901 00000041 577.59 117.38 456.81 645.75 834.68 349.95 896.34 325.51 1007.25 406.63 941.12 581.23 1000.79 565.69
00075902 00000042 578.06 115.32 456.93 645.98 835.62 350.97 897.68 327.36 1009.94 405.51 943.42 581.68 1002.47 566.78
00075903 00000043 575.74 119.92 459.28 634.25 838.54 349.07 898.46 327.08 1011.18 407.52 944.33 579.57 1002.19 566.05
00075904 00000044 577.28 123.58 456.96 608.99 843.25 347.83 899.20 328.66 1010.83 405.66 948.81 571.40 1000.66 560.38
00075905 00000045 575.21 123.36 463.86 622.47 843.33 348.76 904.00 329.36 1017.01 402.55 947.99 573.19 1005.60 561.82
00075906 00000046 576.20 126.89 466.42 616.22 844.87 347.58 903.87 327.85 1017.28 399.96 950.32 571.00 1007.94 559.13
00075907 00000047 575.03 123.37 464.98 606.82 846.34 348.77 897.56 328.90 1015.50 398.66 951.80 565.46 1004.43 553.87
00075908 00000048 576.42 118.42 464.44 607.54 849.94 349.27 897.98 327.26 1016.98 397.73 954.54 563.40 1004.78 550.07
00075909 00000049 577.55 116.85 464.87 613.36 848.41 349.76 897.03 327.07 1017.46 397.70 954.43 564.06 1006.60 549.97
00075910 00000050 578.38 108.83 458.65 626.76 845.72 347.71 889.90 323.44 1010.18 399.55 949.15 564.38 997.00 549.64
00075911 00000051 579.05 106.83 462.15 633.60 844.34 348.58 896.61 318.08 1013.06 402.40 946.01 567.76 1001.37 547.43
00075912 00000052 578.92 101.55 457.50 640.24 845.62 347.74 891.35 320.82 1014.10 402.37 954.42 567.73 1000.40 551.53
00075913 00000053 578.38 102.42 463.20 640.44 846.16 344.78 895.09 316.49 1016.73 400.32 953.33 566.68 1004.00 549.18
00075914 00000054 580.65 103.83 462.08 640.21 843.58 344.67 896.26 316.71 1015.20 398.68 954.22 567.96 1006.51 550.25
00075915 00000055 577.95 100.27 469.61 636.60 842.43 346.78 895.28 317.43 1017.67 394.85 959.90 566.61 1012.19 547.93
00075916 00000056 577.04 101.47 461.21 636.12 838.68 345.69 884.85 321.01 1010.63 398.59 954.89 563.17 1003.79 549.22
00075917 DELETE   570.72 110.63 464.87 629.48 831.68 350.04 877.39 323.89 998.67 402.13 949.83 564.09 1001.34 548.37
00075918 00000058 559.70 116.55 466.77 629.19 821.18 349.10 878.84 327.86 985.96 410.19 939.79 572.64 994.58 560.62
00075919 00000059 555.57 112.97 464.00 640.76 803.75 345.70 882.75 321.44 977.16 409.28 926.13 578.40 997.74 562.74
00075920 00000060 545.59 113.47 473.75 640.45 793.84 347.86 877.38 322.22 968.68 403.94 916.97 575.45 996.35 558.59
00075921 00000061 537.85 110.87 480.64 640.04 787.04 349.35 874.60 321.46 962.46 402.44 912.25 574.17 994.17 554.67
00075922 00000062 537.44 108.84 481.70 644.76 786.72 348.25 871.31 320.75 962.27 400.27 912.67 574.51 992.54 555.43
00075923 00000063 540.07 109.61 482.04 650.16 791.15 348.02 868.42 321.28 965.34 398.75 916.26 576.12 991.94 558.22
00075924 00000064 543.02 110.94 484.50 646.92 796.41 350.34 867.60 318.39 969.01 400.58 923.16 577.70 994.05 555.94
00075925 00000065 549.94 114.34 479.15 635.95 803.31 348.64 871.55 316.08 976.38 399.19 928.35 571.98 997.35 549.55
00075926 00000066 558.69 115.35 477.55 615.09 816.55 347.19 878.17 314.03 991.27 387.69 940.56 562.07 1003.72 538.99
00075927 00000067 559.85 122.65 486.28 597.14 819.82 345.93 881.34 311.38 994.14 382.81 947.00 553.73 1009.32 529.36
00075928 00000068 565.79 119.08 482.34 603.89 822.29 343.01 885.37 313.96 1002.91 380.60 954.13 554.30 1019.41 534.39
00075929 00000069 569.53 107.88 487.63 617.81 828.53 343.00 900.26 308.99 1010.28 382.48 950.69 556.63 1023.24 532.01
00075930 00000070 586.92 108.20 480.78 645.00 825.51 339.19 917.26 315.51 1007.82 388.56 956.75 572.50 1036.59 555.62
00075931 00000071 590.78 107.58 481.06 655.59 827.01 339.11 923.03 316.08 1010.76 393.36 951.34 575.32 1040.92 558.88
00075932 00000072 596.06 96.04 472.19 661.84 829.13 347.68 935.15 321.39 1010.76 402.70 953.52 582.83 1048.46 563.51
00075933 00000073 591.93 106.34 465.01 618.22 853.06 356.87 956.82 330.26 1034.50 410.57 960.72 578.75 1047.65 557.42
00075934 00000074 605.92 104.48 463.68 641.10 863.02 355.99 950.46 336.18 1029.49 419.26 978.45 581.99 1049.24 568.45
00075935 00000075 619.90 114.36 463.21 636.65 870.13 356.07 956.15 337.01 1036.17 423.72 988.61 583.85 1059.37 571.89
00075936 00000076 629.42 119.96 456.25 624.04 887.49 365.59 953.86 345.78 1050.11 430.49 1001.72 585.69 1060.02 573.34
00075937 DELETE   634.16 122.06 453.79 618.06 902.91 367.23 951.72 348.93 1058.31 429.33 1008.45 582.64 1054.93 572.21
00075938 DELETE   645.34 118.27 446.64 627.23 907.90 370.04 952.63 348.80 1065.48 431.74 1010.75 587.17 1055.20 575.00
00075939 00000079 650.19 125.96 442.73 616.86 911.83 374.39 956.33 355.35 1072.44 430.99 1015.86 586.67 1060.12 576.56
00075940 00000080 659.59 127.70 435.06 612.99 916.02 376.68 958.60 357.58 1073.79 434.25 1016.87 587.29 1060.99 577.07
00075941 00000081 655.88 119.64 439.36 629.79 916.54 377.27 957.05 360.39 1076.73 434.09 1017.50 590.48 1059.52 582.68
00075942 00000082 655.37 121.54 438.76 624.55 917.18 376.33 955.72 360.52 1078.75 433.79 1020.37 590.71 1061.77 583.51
00075943 00000083 655.37 113.36 440.80 647.51 916.86 374.70 955.28 360.38 1079.90 432.18 1018.67 595.98 1059.80 590.35
00075944 00000084 659.56 118.75 436.99 644.11 918.81 377.76 958.72 362.66 1081.37 435.15 1017.70 596.09 1062.08 589.12
00075945 00000085 656.45 113.86 440.07 654.76 918.88 380.08 955.47 364.28 1082.64 434.71 1022.62 601.38 1063.93 593.99
00075946 00000086 657.84 112.88 440.18 657.72 919.71 380.12 955.69 364.18 1083.83 434.93 1023.62 602.91 1064.48 595.08
00075947 00000087 658.35 114.48 437.29 656.60 919.96 382.93 955.27 366.68 1083.68 435.92 1023.74 602.62 1064.32 594.90
00075948 00000088 658.73 111.58 436.05 661.59 920.51 385.32 953.10 368.41 1082.05 437.88 1022.65 603.60 1061.61 595.29
00075949 00000089 661.59 116.94 436.65 657.79 920.76 387.55 953.69 370.08 1083.21 438.94 1025.08 603.99 1064.58 594.77
00075950 00000090 672.30 128.44 432.26 648.96 929.72 389.13 981.12 372.44 1085.71 449.83 1038.02 624.74 1077.80 613.52
00075951 00000091 675.61 140.51 428.29 630.22 927.28 392.74 980.50 377.83 1084.31 454.12 1036.16 624.13 1078.12 614.54
00075952 00000092 663.27 142.75 444.64 637.87 931.87 395.62 964.33 373.72 1090.96 457.95 1032.56 615.65 1067.34 602.36
00075953 00000093 664.26 142.22 443.32 644.62 931.43 396.76 966.40 377.73 1093.90 461.74 1030.95 620.80 1067.61 610.38
00075954 00000094 664.52 143.42 444.25 654.75 933.73 394.72 965.30 378.75 1093.41 465.96 1028.43 623.65 1063.39 615.85
00075955 00000095 666.42 145.13 441.02 660.37 929.87 393.55 963.45 379.14 1093.62 467.48 1026.19 626.59 1063.59 620.17
00075956 00000096 666.14 148.36 437.07 648.69 928.82 394.89 961.71 380.35 1087.47 465.69 1020.65 622.40 1057.92 616.00
00075957 00000097 664.45 152.13 435.40 630.85 926.41 398.87 958.94 379.93 1082.14 467.14 1023.95 620.08 1059.86 609.96
00075958 00000098 656.74 145.93 440.14 627.66 927.27 397.12 953.11 380.12 1078.95 463.40 1024.64 614.15 1053.08 605.30
00075959 00000099 655.03 145.71 441.84 628.04 924.87 396.30 951.69 377.10 1076.39 461.50 1023.78 612.66 1052.24 602.04
00075960 00000100 652.14 144.32 443.72 638.33 923.29 394.71 945.36 377.36 1074.25 460.30 1024.56 613.20 1051.89 604.68
00075961 00000101 652.90 148.08 443.21 632.78 920.41 395.63 943.46 378.13 1073.39 460.32 1024.81 615.02 1052.52 606.81
00075962 00000102 652.27 145.80 447.20 634.89 917.62 399.85 944.70 379.27 1076.96 460.60 1025.47 617.36 1057.66 606.67
00075963 00000103 649.22 146.89 447.33 640.52 916.81 401.17 944.39 379.49 1075.18 462.11 1021.87 618.88 1055.51 607.67
00075964 00000104 648.11 148.65 448.98 643.60 913.72 402.13 942.38 380.43 1073.71 462.58 1019.89 620.70 1055.03 609.51
00075965 00000105 646.28 147.11 449.16 642.72 913.41 399.39 942.68 380.62 1072.33 460.49 1021.87 619.65 1055.65 610.72
00075966 00000106 643.72 148.26 450.75 636.76 912.92 396.18 940.27 379.19 1072.19 459.19 1021.92 616.54 1053.70 609.10
00075967 00000107 641.61 149.25 451.05 633.33 913.72 393.63 938.62 377.59 1069.74 457.48 1021.55 615.84 1049.86 609.22
00075968 00000108 642.23 150.27 452.67 639.37 911.47 395.51 937.74 374.76 1068.80 458.58 1020.65 619.65 1051.99 608.81
00075969 00000109 641.19 149.30 453.18 636.78 912.60 396.15 939.12 372.24 1069.29 460.38 1019.78 619.25 1052.44 605.50
00075970 00000110 641.25 146.43 449.50 638.36 912.23 394.40 937.00 371.38 1067.87 459.16 1018.86 618.42 1048.95 605.18
00075971 00000111 641.77 142.36 447.48 645.78 910.83 390.68 935.37 368.19 1068.53 455.53 1018.83 618.86 1049.28 605.92
00075972 00000112 637.56 145.69 447.90 644.02 909.34 389.57 931.71 369.74 1067.68 453.99 1016.58 618.33 1045.82 607.42
00075973 00000113 637.26 145.40 447.00 649.42 905.77 388.71 929.30 369.23 1066.34 452.28 1012.57 621.19 1043.15 610.33
00075974 00000114 637.05 142.73 443.66 652.34 902.86 389.40 929.17 371.91 1061.25 454.42 1008.45 622.61 1039.22 613.60
00075975 00000115 632.28 138.04 445.90 657.82 902.47 389.42 931.58 369.64 1058.62 453.42 1002.14 621.81 1034.25 610.69
00075976 00000116 626.54 132.96 434.91 653.89 883.25 384.63 921.02 369.93 1040.08 449.84 988.09 616.11 1023.11 608.38
00075977 00000117 623.90 141.96 433.24 646.44 874.04 385.44 921.00 372.04 1031.08 452.40 977.40 617.60 1020.14 610.62
00075978 00000118 615.07 143.03 434.75 643.04 866.54 387.92 917.54 375.94 1026.13 455.83 975.25 619.19 1020.18 613.03
00075979 00000119 608.83 146.39 443.59 646.37 861.92 386.02 926.16 373.46 1022.20 458.46 971.49 628.66 1019.38 621.70
00075980 DELETE   577.81 144.83 470.76 650.87 853.55 393.85 906.80 365.59 1018.35 458.66 956.34 622.47 1004.95 604.43
00075981 00000121 573.85 150.74 463.95 646.83 841.79 387.65 905.15 364.26 1008.66 460.21 943.47 622.08 1001.98 607.05
00075982 DELETE   567.88 153.43 462.64 659.81 826.98 389.40 889.46 365.80 996.32 459.88 932.20 626.16 994.90 610.65
00075983 00000123 559.71 154.74 466.06 659.44 819.78 387.88 887.65 364.96 990.24 458.75 928.97 626.41 993.81 610.95
00075984 00000124 555.56 153.32 468.02 660.43 813.08 388.42 871.80 361.96 985.32 450.98 925.53 626.40 986.22 609.08
00075985 00000125 548.49 161.00 463.15 644.06 805.93 383.41 859.82 362.81 976.80 445.09 918.91 623.50 970.03 610.97
00075986 00000126 540.53 156.19 464.00 640.69 795.55 382.30 856.98 364.24 967.52 435.32 911.89 619.54 967.64 607.83
00075987 DELETE   528.59 149.76 472.48 651.36 780.91 381.02 851.66 359.35 960.53 429.95 904.86 618.47 970.03 603.55
00075988 00000128 520.61 149.06 475.13 644.08 766.00 384.34 850.64 355.90 951.41 427.38 893.60 615.61 968.90 594.94
00075989 00000129 507.23 150.45 488.91 642.27 749.21 388.67 836.47 359.28 937.68 422.02 889.26 613.92 964.97 592.06
00075990 00000130 496.15 148.67 496.51 644.13 735.45 394.37 820.54 356.22 927.17 419.55 883.31 613.67 957.40 584.42
00075991 00000131 481.70 177.09 510.59 616.68 736.42 403.31 794.45 353.58 911.10 425.85 876.75 609.01 940.03 570.98
00075992 00000132 460.85 172.26 528.60 628.37 726.18 409.47 785.63 361.76 905.24 420.21 875.27 612.37 936.88 576.00
00075993 00000133 444.49 180.97 540.58 621.28 714.54 411.07 779.58 364.79 896.78 422.16 866.64 613.26 932.40 577.76
00075994 00000134 442.86 175.73 543.48 630.08 714.22 409.86 775.51 367.94 897.67 421.98 870.46 615.78 932.14 584.11
00075995 00000135 443.76 174.39 539.27 632.54 719.69 413.71 776.84 372.39 901.72 432.75 876.89 622.95 931.27 592.46
00075996 00000136 453.84 181.89 519.90 635.48 725.41 414.76 780.56 375.61 901.44 447.52 870.79 633.64 922.20 605.44
00075997 00000137 455.89 167.92 514.06 661.62 732.23 415.11 785.54 375.64 907.69 452.67 873.96 641.55 922.96 613.65
00075998 00000138 460.68 170.39 512.41 661.09 736.34 414.17 786.51 374.23 910.67 452.33 877.82 641.76 925.19 613.70
00075999 00000139 461.25 167.13 512.45 654.41 738.71 412.06 788.76 372.98 911.62 449.05 879.64 636.30 926.08 608.65
00076000 00000140 466.67 171.95 505.74 647.49 737.68 407.10 787.27 371.51 909.89 447.03 877.50 634.70 922.54 609.86
00076001 00000141 466.34 172.48 509.06 642.10 738.61 407.34 786.41 368.43 909.20 446.38 879.13 631.95 923.93 604.30
00076002 00000142 468.61 175.34 511.10 633.66 740.69 408.06 788.02 366.43 911.49 444.34 881.72 628.92 928.31 598.87
00076003 00000143 476.11 175.94 501.55 628.65 743.75 408.18 790.71 364.92 911.66 443.04 881.95 627.99 927.36 596.49
00076004 00000144 481.21 180.71 500.92 622.47 743.86 409.98 791.09 364.49 912.57 441.26 882.13 625.62 929.82 591.86
00076005 00000145 484.10 179.27 497.01 623.50 744.00 410.17 792.38 364.65 913.91 441.07 881.92 626.31 932.12 592.46
00076006 00000146 483.74 175.83 496.94 625.58 745.23 410.71 795.88 365.92 916.96 439.48 880.24 624.88 933.96 591.28
00076007 00000147 485.42 175.22 497.86 626.75 747.84 408.57 797.47 364.79 919.94 438.75 882.13 622.97 935.64 590.42
00076008 00000148 487.99 176.12 495.18 625.29 748.81 406.11 798.13 365.38 919.66 437.98 881.23 621.98 934.40 592.01
00076009 00000149 488.48 173.38 493.68 629.35 749.60 406.26 797.40 365.63 921.28 439.12 882.14 622.05 934.04 592.59
00076010 00000150 490.54 163.40 492.60 650.98 738.14 404.38 815.49 371.52 923.94 440.03 875.53 636.83 941.53 612.03
00076011 00000151 488.94 175.68 497.01 627.26 749.69 410.04 801.07 367.31 925.48 441.79 881.42 623.59 937.72 592.30
00076012 00000152 492.46 175.17 496.20 627.15 749.90 412.77 804.36 365.73 923.50 445.99 880.26 625.32 938.91 590.29
00076013 00000153 492.55 175.46 493.41 623.80 750.00 416.46 809.02 367.84 924.86 446.48 879.93 625.95 941.55 589.40
00076014 00000154 493.55 170.85 490.15 625.76 751.43 420.70 809.84 370.55 924.99 449.97 877.48 626.43 938.20 589.01
00076015 00000155 493.54 171.85 490.64 629.63 750.17 418.31 810.21 371.39 924.63 450.53 875.84 627.97 939.23 593.12
00076016 00000156 493.05 172.69 488.55 635.36 749.39 415.94 810.05 375.66 923.75 453.24 876.44 630.94 938.16 601.74
00076017 00000157 487.93 163.20 489.17 645.96 749.00 419.47 811.78 371.79 921.88 458.25 880.59 636.18 938.62 600.36
00076018 00000158 481.11 171.40 487.97 655.66 740.50 420.10 816.70 378.15 914.95 465.30 866.70 645.42 932.79 613.52
00076019 00000159 484.55 171.44 476.30 664.71 729.08 426.02 826.07 387.29 904.52 479.19 847.77 654.84 935.84 624.73
00076020 00000160 484.37 162.02 481.59 700.82 737.43 438.64 849.13 400.67 912.88 488.74 826.76 664.92 929.19 633.72
00076021 00000161 486.00 171.09 476.55 700.32 739.02 443.09 859.58 409.01 907.94 506.36 818.00 673.86 927.40 645.60
00076022 00000162 487.88 169.56 472.21 706.20 746.25 443.96 859.33 416.54 911.22 518.57 824.30 679.93 924.12 657.61
00076023 00000163 497.92 170.17 469.12 713.94 757.17 445.88 864.83 422.02 923.21 519.72 836.63 683.89 931.97 664.61
00076024 DELETE   505.21 181.42 464.03 692.40 767.18 449.51 871.50 429.22 934.98 522.14 849.77 687.41 941.23 671.36
00076025 00000165 507.56 201.92 471.74 675.35 772.06 449.82 880.95 430.94 943.06 527.69 857.71 692.15 950.06 676.84
00076026 00000166 509.14 202.71 479.24 676.56 773.59 452.13 892.29 432.79 950.60 528.79 859.76 696.51 961.01 679.72
00076027 00000167 510.65 204.62 476.87 669.67 775.71 458.38 890.48 437.08 954.59 532.34 867.93 700.13 964.01 681.92
00076028 00000168 510.13 208.77 469.06 652.37 777.81 462.46 891.72 444.06 957.21 533.78 870.56 698.11 963.09 682.86
00076029 00000169 506.46 210.45 475.03 661.76 772.41 463.01 886.06 445.40 955.54 529.06 869.23 698.60 965.18 683.82
00076030 00000170 505.81 208.25 475.09 678.78 766.61 456.74 885.43 441.65 945.27 528.77 853.93 699.11 957.70 686.23
00076031 00000171 502.87 203.80 477.05 683.74 762.63 452.59 878.52 438.63 940.00 522.88 850.58 695.93 952.02 684.53
00076032 00000172 503.10 202.61 470.69 670.39 762.13 447.97 872.74 432.32 936.78 516.36 853.63 690.10 947.20 677.79
00076033 00000173 503.28 193.69 471.24 678.05 761.47 445.35 871.61 427.00 933.10 512.88 852.49 685.88 945.79 670.81
00076034 00000174 500.96 191.41 474.49 677.50 761.62 443.14 867.29 425.63 931.80 510.90 853.69 682.97 942.33 669.35
00076035 00000175 501.24 179.94 472.69 683.68 760.87 438.95 864.75 418.78 930.67 504.04 852.96 674.99 940.66 658.78
00076036 00000176 504.09 174.14 463.73 666.46 754.27 427.39 866.21 410.56 929.95 491.44 851.73 659.71 953.27 647.06
00076037 00000177 505.07 179.05 468.40 648.14 756.62 419.40 855.70 399.40 935.54 476.88 860.85 648.27 952.89 633.79
00076038 DELETE   507.67 176.76 471.57 630.92 765.44 415.91 851.35 388.71 943.21 464.49 869.79 634.32 952.26 614.33
00076039 DELETE   531.83 168.99 470.60 642.05 777.31 409.99 858.96 382.66 949.33 457.60 896.12 629.38 975.21 610.29
00076040 00000180 542.06 169.84 458.87 624.57 791.54 406.54 861.56 383.85 953.14 454.50 907.08 620.52 972.42 604.87
00076041 DELETE   546.97 174.46 462.43 632.85 797.17 407.10 862.83 383.90 963.88 455.49 911.72 625.27 979.26 610.21
00076042 00000182 553.50 178.96 454.27 626.22 805.96 407.45 872.07 389.98 966.79 467.39 912.54 631.56 974.32 621.33
00076043 00000183 557.92 174.61 452.27 643.50 810.45 410.87 873.33 394.07 972.82 477.13 918.99 643.34 979.52 634.13
00076044 00000184 558.99 168.21 449.83 650.22 818.51 408.44 876.39 394.76 978.79 483.31 923.67 645.96 977.71 639.61
00076045 00000185 563.75 177.72 447.25 638.74 821.11 405.30 876.76 392.81 983.38 483.65 925.89 644.80 979.67 639.61
00076046 00000186 564.01 168.78 448.19 645.11 828.67 406.23 875.24 396.94 988.93 487.59 933.91 643.79 978.08 641.85
00076047 00000187 569.76 172.26 446.41 642.99 830.84 410.69 878.14 401.76 987.17 491.56 932.23 645.34 979.22 643.67
00076048 DELETE   576.28 165.10 442.33 652.28 839.57 416.82 887.66 406.17 996.14 494.88 932.06 646.30 983.21 642.82
CROP_BBOX: 134 0 1420 1080
