Video ID: 	mEt_nHA3laM
H: 	1080
W: 	1920
FPS: 	25.0

FRAME INDEX X0 Y0 W H [Landmarks (5 Points)]

00013835 00000000 539.75 174.78 493.16 715.46 715.85 427.39 935.08 407.71 865.21 577.47 738.51 683.50 932.79 665.40
00013836 00000001 533.97 174.44 493.93 716.80 710.38 428.68 929.07 410.22 857.56 579.83 733.05 684.66 926.61 667.73
00013837 00000002 523.19 159.09 498.63 729.07 700.59 427.88 923.36 412.55 853.76 581.06 727.61 682.58 928.38 670.53
00013838 00000003 510.83 164.51 508.01 729.96 693.24 427.39 923.44 411.35 850.09 582.69 722.20 691.45 921.81 676.61
00013839 00000004 506.60 166.15 504.93 728.62 685.59 427.39 918.87 409.98 845.34 583.18 721.15 698.59 918.18 682.60
00013840 00000005 502.60 163.11 500.83 730.06 681.36 425.17 913.32 408.29 841.17 581.75 715.85 695.18 914.26 679.68
00013841 00000006 496.11 160.95 499.50 726.23 674.77 418.31 904.91 403.76 833.54 577.38 708.53 688.76 905.39 674.89
00013842 00000007 492.49 160.46 496.36 722.53 668.31 414.62 894.45 401.86 821.64 570.34 704.71 686.37 894.84 673.21
00013843 00000008 488.16 155.91 497.68 727.53 660.56 413.60 887.01 400.83 812.44 570.55 700.04 686.02 888.70 672.31
00013844 00000009 482.19 156.63 499.92 734.34 656.38 413.26 881.82 400.58 808.77 571.99 693.71 685.89 885.71 672.03
00013845 00000010 488.08 162.21 498.19 737.10 656.68 421.65 880.97 404.32 805.40 569.18 690.35 687.03 880.40 670.21
00013846 00000011 485.86 162.12 499.78 736.56 654.63 422.39 878.08 403.58 803.11 569.12 687.63 686.55 878.10 668.44
00013847 00000012 485.08 161.21 500.75 738.29 653.77 422.66 877.03 403.57 801.64 568.70 684.71 686.12 876.71 667.96
00013848 00000013 484.44 161.55 501.20 737.97 653.11 423.30 876.36 404.18 800.76 569.41 684.15 686.17 876.11 667.98
00013849 00000014 484.12 162.73 502.00 736.10 652.63 423.64 876.58 404.13 800.79 569.92 683.41 686.32 876.17 667.86
00013850 00000015 484.38 162.63 501.76 735.68 652.47 423.69 877.33 404.51 800.97 570.00 683.13 686.30 876.92 668.09
00013851 00000016 484.62 161.87 502.27 735.32 653.00 424.29 878.00 405.04 801.78 570.00 684.77 686.25 878.02 667.88
00013852 00000017 486.25 163.08 501.42 732.67 654.76 424.67 879.46 404.67 804.28 570.11 686.27 685.12 880.29 666.13
00013853 00000018 488.26 161.46 499.34 737.08 658.42 424.18 881.12 406.18 807.02 570.95 689.64 684.00 883.80 666.71
00013854 00000019 482.52 158.23 500.91 733.74 660.25 417.35 884.12 402.73 814.39 571.75 690.96 682.96 891.36 667.60
00013855 00000020 485.02 158.12 501.16 734.93 664.86 418.20 888.47 402.61 820.02 574.13 694.68 683.33 896.52 667.53
00013856 00000021 487.37 157.49 502.08 736.60 669.02 419.75 892.36 404.33 824.04 574.34 695.82 681.84 900.69 666.58
00013857 00000022 490.24 158.58 503.24 735.91 673.37 419.73 897.47 404.21 828.97 573.05 698.87 681.97 905.13 666.79
00013858 00000023 493.22 161.45 503.75 731.14 676.48 420.09 902.31 404.30 833.02 574.54 700.97 681.54 907.94 666.33
00013859 00000024 496.82 157.29 503.50 735.97 680.99 420.81 907.22 404.58 837.59 575.34 703.00 681.12 909.81 665.75
00013860 00000025 499.58 156.51 505.03 735.98 683.53 420.23 911.51 405.49 839.69 573.67 705.70 680.87 912.42 666.80
00013861 00000026 503.35 156.47 504.04 734.62 686.94 418.53 915.31 405.37 841.88 572.10 707.67 680.18 914.31 667.58
00013862 00000027 506.52 157.73 504.40 729.81 689.73 416.05 918.17 402.97 844.28 569.86 710.50 677.14 915.64 664.60
00013863 00000028 508.17 158.58 506.16 726.79 688.36 411.87 921.65 397.79 845.28 566.26 714.83 676.18 918.89 662.47
00013864 00000029 511.32 154.35 504.59 730.42 689.67 409.74 923.67 393.29 848.17 563.50 718.10 676.02 921.81 660.50
00013865 00000030 522.95 158.33 496.00 727.68 698.45 414.76 922.50 395.83 850.18 567.35 723.55 682.67 917.50 665.32
00013866 00000031 526.66 160.79 493.96 734.06 704.85 417.26 923.38 400.39 852.45 570.18 728.40 686.81 917.74 671.42
00013867 00000032 530.25 164.28 496.52 734.42 713.69 418.58 931.38 403.68 861.40 569.25 733.78 687.32 924.61 673.62
00013868 00000033 537.36 158.41 492.97 735.99 719.14 419.88 937.90 404.74 869.19 569.23 739.61 685.48 930.26 671.52
00013869 00000034 539.32 152.01 490.64 729.27 718.11 422.69 943.75 411.10 878.46 564.70 748.03 681.55 948.66 671.70
00013870 00000035 543.53 149.82 489.03 730.43 725.41 421.09 950.32 408.43 887.18 565.62 757.17 685.47 954.82 674.65
00013871 00000036 541.75 150.34 490.94 728.49 729.81 419.04 952.18 406.51 891.97 563.98 765.61 686.51 956.72 675.54
00013872 00000037 538.48 142.76 492.76 734.59 731.82 411.96 950.56 399.39 894.42 557.66 765.45 681.75 957.38 670.50
00013873 00000038 536.85 137.55 493.55 731.93 731.72 403.78 947.49 390.56 892.05 549.67 764.72 672.09 956.77 660.21
00013874 00000039 531.83 130.14 494.61 731.11 728.48 395.54 944.07 382.40 887.71 540.46 762.73 663.87 953.78 651.82
00013875 00000040 524.13 122.02 499.74 728.47 724.71 385.81 939.91 374.49 884.10 529.82 759.33 654.09 951.20 643.08
00013876 00000041 521.77 112.79 497.87 725.11 718.97 378.31 934.46 367.85 875.69 521.68 753.39 643.25 945.50 632.58
00013877 00000042 513.59 118.33 498.17 704.12 708.08 378.00 929.76 362.66 872.92 505.62 749.50 635.21 939.16 621.36
00013878 00000043 509.60 108.59 497.72 706.20 706.06 368.33 925.90 356.37 868.92 496.92 746.52 626.69 932.21 615.24
00013879 00000044 506.78 105.47 498.17 707.10 701.76 362.35 922.80 350.31 864.55 492.32 742.68 623.54 927.91 611.82
00013880 00000045 504.29 104.24 498.44 706.61 699.74 359.56 921.27 348.04 862.35 491.49 739.90 621.54 925.99 610.11
00013881 00000046 505.59 105.03 497.49 707.23 699.51 360.10 921.82 348.62 862.04 493.07 739.45 622.91 926.10 611.62
00013882 00000047 510.23 104.21 495.13 710.33 701.62 362.43 924.34 350.98 863.30 494.66 741.13 624.94 927.63 613.86
00013883 00000048 510.64 107.71 496.61 710.88 701.25 366.67 923.77 354.39 862.85 498.67 741.51 628.45 927.76 616.69
00013884 00000049 513.95 112.17 495.77 707.99 703.40 371.11 924.69 358.29 864.07 503.58 744.98 632.67 929.92 620.45
00013885 00000050 524.12 108.93 489.36 713.89 706.82 376.29 926.16 363.62 864.59 503.45 749.41 628.47 934.87 617.25
00013886 00000051 525.93 110.23 490.50 712.80 706.50 377.16 927.47 364.35 863.68 506.12 748.41 629.90 934.75 618.73
00013887 00000052 526.26 112.07 491.17 714.61 706.32 377.97 926.95 365.85 862.00 507.37 745.67 631.12 933.00 620.51
00013888 00000053 527.63 110.53 490.13 718.99 703.14 381.17 926.45 368.22 857.49 511.99 740.64 634.70 931.34 623.44
00013889 00000054 526.35 110.32 489.82 728.06 700.84 392.24 922.29 378.96 851.50 515.20 734.78 640.62 926.74 628.89
00013890 00000055 522.26 119.71 492.54 713.36 697.95 394.69 914.95 377.70 847.66 522.35 732.31 649.94 919.90 635.01
00013891 00000056 512.69 127.26 503.36 718.10 689.95 395.08 916.19 375.20 841.53 529.38 731.75 653.70 916.01 634.29
00013892 00000057 510.07 132.26 504.74 716.87 686.11 394.89 915.17 375.39 838.94 535.12 727.18 656.05 914.79 636.81
00013893 00000058 509.54 134.72 505.70 718.11 684.85 394.48 915.41 375.16 837.82 538.14 726.26 658.20 914.14 638.88
00013894 00000059 511.77 136.75 505.23 717.06 685.34 394.02 915.89 375.04 837.86 539.33 727.81 660.32 913.38 641.21
00013895 00000060 511.92 136.43 506.30 717.61 685.61 393.68 917.01 374.14 838.37 540.56 729.34 661.90 913.96 642.33
00013896 00000061 512.96 137.92 505.60 716.56 685.47 393.61 917.59 373.56 838.75 541.87 729.90 662.33 915.19 642.37
00013897 00000062 516.09 137.50 504.47 716.08 687.05 394.66 918.58 374.02 839.11 542.00 731.06 662.84 915.60 642.53
00013898 00000063 524.73 126.80 498.21 721.43 687.08 393.69 916.07 382.10 835.67 544.72 725.08 656.53 921.69 646.69
00013899 00000064 524.71 126.21 499.05 722.74 686.66 393.77 916.60 382.15 835.44 545.78 724.14 656.37 922.23 646.53
00013900 00000065 524.83 127.31 498.94 720.68 685.57 394.67 916.71 382.73 834.76 546.79 723.44 656.90 922.52 646.85
00013901 00000066 516.05 139.47 506.23 713.24 686.21 395.90 920.29 376.02 840.29 545.69 730.14 663.23 917.09 643.54
00013902 00000067 514.19 143.11 504.94 713.98 685.93 394.28 919.52 377.71 838.47 548.54 726.52 664.39 913.01 647.66
00013903 00000068 512.73 145.69 503.25 715.80 685.71 395.12 917.73 379.54 837.77 547.97 722.87 665.25 911.49 649.45
00013904 00000069 509.20 145.36 505.67 719.25 685.21 395.77 916.30 379.95 837.47 547.25 718.21 663.65 911.18 647.85
00013905 00000070 507.31 143.73 507.23 721.45 684.00 395.05 914.82 379.17 836.19 545.58 714.93 661.59 910.60 645.91
00013906 00000071 507.64 142.35 505.59 721.58 682.88 393.71 912.70 377.71 833.76 541.74 713.68 659.90 909.54 644.08
00013907 00000072 506.93 140.06 505.84 722.86 682.24 392.44 911.18 376.65 832.17 538.47 712.21 658.30 907.76 642.74
00013908 00000073 505.17 139.72 506.52 723.29 682.07 391.05 909.80 375.39 831.56 536.54 711.30 657.28 906.62 641.93
00013909 00000074 505.66 139.01 505.08 724.94 681.95 391.26 909.27 375.54 830.97 537.02 710.25 657.12 905.82 641.76
00013910 00000075 504.45 139.53 506.52 724.46 682.11 391.21 908.84 375.92 830.78 537.19 710.52 656.48 905.74 641.48
00013911 00000076 504.63 138.85 506.76 725.14 682.51 391.54 909.58 376.46 831.09 538.11 710.73 656.18 906.22 641.32
00013912 00000077 504.66 137.99 507.92 725.31 682.05 391.79 910.49 376.35 831.69 538.76 712.11 656.59 907.19 641.24
00013913 00000078 504.65 138.36 508.48 724.52 681.62 392.11 911.17 376.04 832.09 538.97 713.12 657.59 908.41 641.61
00013914 00000079 505.52 138.71 508.03 724.47 682.16 391.95 911.93 375.84 832.96 539.35 713.97 658.22 908.59 642.23
00013915 00000080 506.73 138.07 507.41 725.71 683.94 392.35 912.81 376.87 833.58 539.04 714.35 657.36 908.90 641.95
00013916 00000081 507.47 137.92 508.31 724.10 683.93 392.46 914.83 376.50 835.71 540.55 716.96 658.47 910.69 642.46
00013917 00000082 508.26 136.71 507.81 723.53 683.49 392.61 917.10 375.40 837.81 539.67 720.04 658.75 913.86 641.50
00013918 00000083 511.22 137.49 505.65 718.92 682.99 392.18 919.89 374.17 839.07 542.28 724.21 659.60 916.70 641.51
00013919 00000084 514.57 139.28 504.55 714.44 683.78 392.95 920.79 374.27 839.68 542.36 728.44 660.93 916.91 642.23
00013920 00000085 517.14 138.46 505.30 715.65 686.38 395.15 922.64 376.16 841.43 543.43 731.53 663.08 919.16 644.20
00013921 00000086 524.91 130.78 499.04 722.41 688.96 396.52 920.03 385.37 839.85 546.73 726.77 661.10 924.35 651.55
00013922 00000087 528.16 133.45 496.99 719.64 692.83 399.36 921.75 387.36 843.17 549.65 731.93 662.81 925.90 652.56
00013923 00000088 530.15 135.52 493.88 718.14 697.39 403.15 923.58 389.97 847.77 553.77 735.02 665.73 928.54 654.67
00013924 00000089 532.00 138.24 492.31 714.34 698.60 405.48 924.28 391.57 849.13 555.03 736.20 666.21 929.95 654.63
00013925 00000090 533.60 141.27 490.82 712.15 701.10 406.65 926.66 394.31 851.41 555.29 736.37 665.58 930.67 655.39
00013926 00000091 533.63 143.58 491.05 711.88 703.22 405.49 928.38 394.32 853.62 555.75 737.75 668.12 929.08 658.89
00013927 00000092 534.31 144.12 490.60 711.98 704.75 405.15 928.35 394.85 854.70 555.26 737.07 668.61 929.18 660.17
00013928 00000093 533.13 144.48 491.92 713.14 704.65 405.62 927.55 394.52 855.31 555.70 735.92 668.56 929.36 659.52
00013929 00000094 532.51 145.19 490.88 711.72 703.43 406.55 926.26 394.42 854.89 556.29 734.60 667.54 929.23 657.77
00013930 00000095 531.41 144.53 491.45 711.95 702.14 409.40 925.62 397.52 852.86 557.61 732.78 668.25 928.04 658.81
00013931 00000096 530.96 141.23 491.03 719.75 704.05 419.91 923.77 404.06 855.17 557.43 730.51 671.28 928.96 658.84
00013932 00000097 531.20 144.07 490.65 721.18 706.27 425.09 922.47 407.72 857.92 557.56 732.00 671.99 929.63 658.48
00013933 00000098 530.67 142.49 491.85 724.16 704.23 420.25 923.46 404.08 856.19 558.07 730.50 672.52 930.47 659.84
00013934 00000099 530.06 143.51 491.99 723.54 704.65 415.55 924.40 401.41 856.18 558.44 731.22 671.84 930.50 660.65
00013935 00000100 530.10 144.90 491.92 722.62 704.65 414.03 923.97 401.53 855.33 558.46 731.56 671.23 930.02 661.24
00013936 00000101 530.44 145.37 492.32 722.53 704.49 412.34 924.00 399.73 855.49 558.60 732.19 671.01 930.43 660.87
00013937 00000102 530.32 144.91 492.46 722.95 704.25 412.04 923.88 399.42 855.25 558.78 732.38 670.70 931.03 660.52
00013938 00000103 530.19 145.45 492.91 722.16 703.56 411.71 924.04 399.02 854.66 559.16 732.29 670.32 931.24 660.06
00013939 00000104 530.05 144.02 493.34 722.97 701.60 411.01 924.27 397.09 853.91 558.89 731.67 669.92 931.86 658.64
00013940 00000105 527.35 142.06 494.86 722.49 699.90 409.38 922.27 394.87 852.12 557.59 730.12 668.80 930.40 656.98
00013941 00000106 525.79 141.13 495.55 721.59 698.18 407.95 920.50 393.15 850.29 557.20 728.38 667.58 929.68 655.51
00013942 00000107 523.14 139.47 497.59 723.04 696.47 406.12 918.48 391.86 848.83 555.35 725.49 665.61 928.37 653.95
00013943 00000108 512.52 145.92 505.73 719.43 692.75 402.15 923.62 382.71 849.64 550.85 727.60 668.61 921.32 650.40
00013944 00000109 509.36 148.71 505.46 715.41 688.38 401.65 919.64 381.05 845.66 550.04 725.01 669.21 918.54 649.98
00013945 00000110 507.72 147.81 504.05 716.91 686.50 401.85 917.56 381.11 844.82 550.25 723.43 669.53 917.90 650.09
00013946 00000111 504.77 146.60 502.91 717.53 684.10 402.63 914.58 378.82 843.77 550.72 720.88 669.03 917.10 647.19
00013947 00000112 502.45 146.89 503.85 717.06 681.27 403.05 912.32 379.99 840.73 551.68 719.67 669.77 915.06 648.33
00013948 00000113 502.34 148.60 500.42 716.28 680.51 402.55 910.14 380.07 838.66 553.03 718.09 669.75 912.58 648.69
00013949 00000114 501.57 150.22 499.39 715.64 679.11 402.86 909.13 380.36 837.49 553.81 716.47 670.74 911.93 649.66
00013950 00000115 501.11 151.24 498.62 715.24 677.55 403.26 908.45 381.20 836.56 554.89 715.15 671.28 911.18 650.48
00013951 00000116 500.41 151.81 499.06 714.86 676.86 403.33 908.03 381.99 835.04 556.33 712.60 670.60 909.84 650.45
00013952 00000117 500.07 153.21 498.13 712.25 676.70 403.89 906.72 383.50 834.12 556.15 713.22 670.22 908.07 650.61
00013953 00000118 499.06 153.47 498.49 711.52 675.37 403.47 905.59 383.01 832.85 556.74 712.24 670.05 907.07 650.28
00013954 00000119 498.44 153.72 498.56 711.19 674.42 403.24 904.43 383.20 831.59 556.82 711.72 669.85 905.76 650.40
00013955 00000120 498.29 152.50 498.93 712.34 674.60 401.97 904.18 382.63 830.39 556.08 711.46 668.93 905.29 650.02
00013956 00000121 498.15 152.65 498.87 712.27 674.63 401.50 904.25 382.34 830.26 555.22 711.33 668.77 905.07 649.99
00013957 00000122 498.78 152.33 499.04 712.29 674.43 401.01 904.69 381.57 830.26 555.28 711.49 668.94 905.10 649.93
00013958 00000123 499.40 152.20 498.71 712.53 675.85 401.12 906.61 382.21 832.12 555.45 712.11 669.55 905.89 651.06
00013959 00000124 500.55 154.08 498.17 712.42 677.58 401.51 908.55 383.62 833.77 556.54 712.87 670.43 907.36 652.85
00013960 00000125 501.73 153.93 497.43 713.50 679.33 403.08 910.75 384.77 836.49 557.28 714.10 671.20 910.09 653.42
00013961 00000126 502.01 155.36 498.57 712.43 681.06 404.96 913.38 386.79 839.45 559.98 715.32 671.72 912.33 654.23
00013962 00000127 503.36 154.07 498.53 715.46 683.16 406.29 915.95 388.23 843.28 561.08 716.83 673.47 915.36 656.27
00013963 00000128 503.73 155.67 500.04 713.27 685.10 408.21 918.70 389.96 846.14 563.67 717.45 674.03 917.53 656.96
00013964 00000129 506.53 156.84 500.01 709.00 688.01 411.06 920.97 392.15 848.62 564.47 720.54 673.78 919.61 656.26
00013965 00000130 509.64 153.16 500.98 713.32 693.28 412.61 923.59 393.44 853.13 564.07 724.54 674.09 921.83 656.42
00013966 00000131 512.48 154.94 499.95 713.83 697.90 412.28 925.52 393.32 856.35 563.73 729.00 674.75 923.29 657.46
00013967 00000132 513.78 155.41 499.32 714.68 700.52 410.92 926.55 392.99 858.27 561.97 730.86 673.45 924.01 656.87
00013968 00000133 515.21 154.44 498.94 716.96 702.56 411.08 927.63 393.53 860.15 561.24 731.82 672.52 925.55 656.31
00013969 00000134 515.56 154.01 498.16 716.24 702.47 410.13 927.12 392.77 860.15 559.69 733.36 671.40 925.69 655.29
00013970 00000135 516.20 153.53 497.87 715.20 701.54 408.05 927.97 389.35 859.99 557.31 735.58 671.85 926.28 654.63
00013971 00000136 516.68 153.76 498.82 712.21 700.95 406.06 929.66 387.78 860.39 554.81 737.44 671.89 926.69 655.08
00013972 00000137 518.10 154.42 499.26 711.91 702.11 403.94 931.14 386.93 860.65 552.54 738.71 671.85 925.82 656.20
00013973 00000138 523.74 146.98 495.67 715.79 704.70 406.20 927.32 394.31 860.81 554.07 737.56 670.42 931.48 660.50
00013974 00000139 525.19 143.79 495.04 718.52 704.71 404.73 928.73 393.61 860.52 551.83 739.17 670.98 932.67 661.57
00013975 00000140 524.77 138.26 498.01 725.51 705.02 399.84 929.64 390.17 860.06 548.75 739.04 669.08 932.37 660.64
00013976 00000141 525.76 135.92 498.91 731.64 706.67 394.63 929.00 386.52 859.62 543.03 740.68 668.15 931.23 660.73
00013977 00000142 525.99 134.14 499.13 735.72 708.68 391.91 928.76 383.94 861.94 538.66 742.56 667.33 934.02 659.83
00013978 00000143 525.27 133.09 499.75 738.28 707.23 392.17 927.90 382.77 861.49 539.52 742.65 669.45 933.87 660.85
00013979 00000144 522.50 134.75 500.61 737.08 704.19 394.21 925.61 385.19 858.63 541.76 741.77 671.41 931.79 663.13
00013980 00000145 512.87 144.91 504.06 728.24 697.21 397.74 926.79 380.99 856.58 541.05 743.27 677.41 923.15 661.42
00013981 00000146 510.16 145.53 501.37 728.95 697.09 397.40 926.35 382.88 856.67 544.48 740.97 678.08 921.46 663.93
00013982 00000147 507.93 147.37 500.89 729.01 694.35 398.05 924.57 383.53 854.81 547.65 737.46 679.05 920.84 664.87
00013983 00000148 507.42 149.84 499.88 726.03 690.54 399.76 923.15 383.48 852.79 549.59 733.76 678.53 921.83 662.86
00013984 00000149 505.20 149.61 500.18 721.30 689.73 400.72 923.77 383.57 854.38 552.33 731.01 676.93 921.61 660.49
00013985 00000150 504.78 149.17 499.19 721.65 690.75 401.07 923.97 385.20 855.07 552.79 730.84 676.93 920.43 661.57
00013986 00000151 504.99 149.38 498.61 723.23 691.57 402.11 924.57 386.75 855.85 553.36 732.04 678.63 921.70 663.69
00013987 00000152 506.07 151.36 497.04 725.97 694.22 403.51 924.60 388.25 857.19 552.58 734.26 681.53 922.25 666.83
00013988 00000153 507.19 154.48 496.14 723.62 698.18 406.67 925.78 393.80 859.11 555.10 737.29 683.64 921.47 671.08
00013989 00000154 508.31 155.90 497.00 720.41 699.88 407.41 927.87 394.33 862.37 554.53 741.02 684.01 923.97 671.55
00013990 00000155 511.26 155.22 497.20 719.10 700.72 406.62 930.47 392.66 863.74 553.37 744.26 683.97 927.13 670.98
00013991 00000156 512.64 156.25 498.01 718.15 703.92 406.49 933.22 392.98 866.94 553.66 746.55 683.34 929.36 670.83
00013992 00000157 518.05 147.18 493.42 724.15 707.97 413.25 928.84 400.59 870.22 555.98 745.82 679.98 935.99 669.06
00013993 00000158 520.29 145.00 493.30 727.40 710.49 412.64 932.83 401.01 873.62 554.80 747.75 680.03 939.72 669.82
00013994 00000159 523.29 144.42 492.25 728.10 713.28 411.76 934.79 399.92 876.45 553.44 751.34 680.50 942.54 669.91
00013995 00000160 524.69 143.68 493.48 729.54 716.82 410.36 938.23 399.02 880.51 552.57 754.57 681.17 945.04 670.87
00013996 00000161 525.76 142.45 494.17 731.88 719.21 408.56 941.49 398.27 882.98 551.75 755.85 681.55 946.37 672.09
00013997 00000162 527.44 141.80 494.00 733.39 722.22 405.43 942.55 396.09 885.04 549.53 758.73 680.39 947.29 671.58
00013998 00000163 527.98 140.69 495.02 734.45 724.73 404.50 944.07 395.69 887.17 549.10 759.23 679.28 948.13 670.90
00013999 00000164 530.47 141.38 492.85 734.38 727.68 404.10 943.73 395.70 887.82 548.09 761.79 679.14 947.92 671.01
00014000 00000165 531.33 139.39 492.13 734.83 727.67 403.11 944.75 394.19 888.24 547.70 761.23 678.24 948.97 669.61
00014001 00000166 532.11 139.23 491.76 734.31 728.28 402.67 944.52 393.83 888.15 547.32 761.36 677.31 948.76 668.79
00014002 00000167 533.99 139.84 490.44 727.77 727.50 400.56 945.31 391.36 888.19 547.09 760.82 674.08 949.68 665.31
00014003 00000168 532.26 138.18 493.55 727.05 728.26 397.25 945.47 388.58 887.32 546.60 761.02 670.20 948.89 661.85
00014004 00000169 532.13 135.57 494.26 727.56 729.47 396.17 945.81 387.07 887.40 545.16 761.95 668.59 948.24 659.98
00014005 00000170 531.67 136.31 494.47 725.64 729.02 395.86 945.68 387.23 886.08 545.34 761.05 667.84 946.77 659.67
00014006 00000171 531.98 136.31 494.18 727.65 727.74 395.12 945.67 386.58 885.60 544.21 760.39 669.19 947.41 660.98
00014007 00000172 532.51 136.58 493.78 732.18 727.28 395.37 943.37 387.23 884.21 542.93 760.76 670.93 947.39 662.92
00014008 00000173 532.91 139.90 492.41 731.54 723.91 398.24 941.66 388.36 882.59 544.28 760.33 674.54 947.56 665.26
00014009 00000174 531.38 139.96 492.65 731.87 720.25 400.10 940.08 390.57 878.90 545.77 756.72 675.21 945.62 666.27
00014010 00000175 527.06 138.65 494.24 731.93 715.69 400.64 936.39 392.33 874.50 546.51 749.94 673.75 941.15 666.04
00014011 00000176 524.61 138.18 491.29 727.99 711.21 412.07 928.25 402.35 867.04 546.92 741.29 672.51 934.33 664.19
CROP_BBOX: 190 0 1437 1080
