Video ID: 	ZNUo_oJEz00
H: 	1920
W: 	1440
FPS: 	59.445

FRAME INDEX X0 Y0 W H [Landmarks (5 Points)]

00097804 00000000 232.69 603.18 374.83 425.56
00097805 00000001 233.85 597.79 374.50 425.89
00097806 00000002 235.02 592.39 374.16 426.22
00097807 00000003 479.39 1074.13 558.20 700.01 636.78 1402.33 911.30 1371.41 811.20 1521.82 707.55 1667.85 903.21 1642.77
00097808 00000004 479.46 1073.70 558.70 700.36 636.84 1402.60 911.23 1371.62 810.82 1521.58 707.54 1667.73 902.99 1642.58
00097809 00000005 238.51 576.21 373.15 427.23
00097810 00000006 239.68 570.82 372.81 427.56
00097811 00000007 240.84 565.42 372.48 427.90
00097812 00000008 242.01 560.03 372.14 428.23
00097813 00000009 243.17 554.64 371.80 428.57
00097814 DELETE   244.34 549.24 371.47 428.90
00097815 00000011 245.36 543.98 371.17 429.27
00097816 00000012 245.21 539.77 371.19 429.94
00097817 00000013 245.07 535.55 371.21 430.60
00097818 00000014 244.92 531.34 371.23 431.27
00097819 00000015 244.78 527.13 371.25 431.93
00097820 00000016 244.63 522.91 371.27 432.59
00097821 00000017 244.49 518.70 371.29 433.26
00097822 00000018 244.34 514.49 371.31 433.92
00097823 00000019 244.20 510.28 371.33 434.59
00097824 00000020 244.05 506.06 371.35 435.25
00097825 00000021 243.91 501.85 371.37 435.91
00097826 00000022 243.76 497.64 371.39 436.58
00097827 00000023 243.38 493.91 371.44 437.11
00097828 00000024 242.15 491.87 371.58 437.20
00097829 00000025 240.92 489.83 371.71 437.29
00097830 00000026 239.70 487.80 371.85 437.38
00097831 00000027 238.47 485.76 371.99 437.47
00097832 00000028 237.24 483.72 372.13 437.56
00097833 00000029 236.01 481.69 372.26 437.65
00097834 00000030 234.79 479.65 372.40 437.74
00097835 00000031 233.56 477.61 372.54 437.83
00097836 00000032 232.33 475.58 372.67 437.92
00097837 00000033 231.10 473.54 372.81 438.01
00097838 00000034 229.88 471.50 372.95 438.10
00097839 00000035 228.47 470.26 373.15 438.22
00097840 00000036 226.70 470.60 373.47 438.40
00097841 00000037 224.94 470.94 373.80 438.58
00097842 00000038 223.17 471.29 374.12 438.75
00097843 00000039 221.41 471.63 374.45 438.93
00097844 00000040 219.64 471.97 374.78 439.11
00097845 00000041 217.87 472.32 375.10 439.29
00097846 00000042 216.11 472.66 375.43 439.46
00097847 00000043 214.34 473.00 375.75 439.64
00097848 00000044 212.58 473.35 376.08 439.82
00097849 00000045 210.81 473.69 376.40 439.99
00097850 00000046 209.05 474.03 376.73 440.17
00097851 00000047 207.37 475.60 376.94 440.50
00097852 00000048 205.81 478.70 377.02 441.03
00097853 00000049 204.25 481.81 377.10 441.56
00097854 00000050 202.69 484.91 377.18 442.08
00097855 00000051 201.13 488.02 377.26 442.61
00097856 00000052 199.57 491.12 377.34 443.14
00097857 00000053 198.01 494.23 377.43 443.66
00097858 00000054 196.45 497.33 377.51 444.19
00097859 00000055 194.89 500.43 377.59 444.71
00097860 00000056 193.33 503.54 377.67 445.24
00097861 00000057 191.77 506.64 377.75 445.77
00097862 00000058 190.20 509.75 377.83 446.29
00097863 00000059 187.96 512.74 378.23 446.77
00097864 00000060 185.16 515.65 378.89 447.21
00097865 00000061 182.36 518.56 379.54 447.66
00097866 00000062 179.56 521.46 380.20 448.10
00097867 00000063 176.76 524.37 380.86 448.54
00097868 00000064 173.96 527.28 381.52 448.98
00097869 00000065 171.16 530.19 382.18 449.42
00097870 00000066 168.36 533.09 382.84 449.87
00097871 00000067 165.56 536.00 383.49 450.31
00097872 00000068 162.76 538.91 384.15 450.75
00097873 00000069 159.96 541.82 384.81 451.19
00097874 00000070 157.16 544.72 385.47 451.63
00097875 00000071 155.33 546.62 385.95 451.73
00097876 00000072 153.99 548.01 386.34 451.65
00097877 00000073 152.65 549.41 386.73 451.57
00097878 00000074 151.31 550.80 387.12 451.50
00097879 00000075 149.98 552.19 387.51 451.42
00097880 00000076 148.64 553.58 387.90 451.34
00097881 00000077 147.30 554.97 388.29 451.26
00097882 00000078 145.96 556.36 388.67 451.19
00097883 00000079 144.62 557.76 389.06 451.11
00097884 00000080 143.28 559.15 389.45 451.03
00097885 00000081 141.94 560.54 389.84 450.96
00097886 00000082 140.60 561.93 390.23 450.88
00097887 00000083 140.27 561.98 391.06 451.43
00097888 00000084 140.22 561.65 392.01 452.16
00097889 00000085 140.17 561.31 392.97 452.90
00097890 00000086 140.13 560.98 393.92 453.63
00097891 00000087 140.08 560.65 394.87 454.36
00097892 00000088 140.03 560.31 395.83 455.09
00097893 00000089 139.98 559.98 396.78 455.83
00097894 00000090 139.94 559.64 397.73 456.56
00097895 00000091 139.89 559.31 398.69 457.29
00097896 00000092 139.84 558.98 399.64 458.02
00097897 00000093 139.79 558.64 400.59 458.76
00097898 00000094 139.75 558.31 401.55 459.49
00097899 00000095 140.36 556.25 402.21 460.59
00097900 00000096 141.05 553.98 402.84 461.74
00097901 00000097 141.75 551.71 403.47 462.89
00097902 00000098 142.45 549.44 404.10 464.04
00097903 00000099 143.14 547.17 404.73 465.19
00097904 00000100 143.84 544.89 405.37 466.34
00097905 00000101 144.53 542.62 406.00 467.49
00097906 00000102 145.23 540.35 406.63 468.63
00097907 00000103 145.92 538.08 407.26 469.78
00097908 00000104 146.62 535.81 407.89 470.93
00097909 00000105 147.32 533.54 408.52 472.08
00097910 00000106 148.01 531.27 409.15 473.23
00097911 00000107 148.42 530.12 409.54 474.06
00097912 00000108 148.83 528.97 409.93 474.88
00097913 00000109 149.24 527.82 410.32 475.70
00097914 00000110 149.66 526.67 410.71 476.53
00097915 00000111 150.07 525.52 411.10 477.35
00097916 00000112 150.48 524.38 411.49 478.18
00097917 00000113 150.89 523.23 411.88 479.00
00097918 00000114 151.30 522.08 412.28 479.83
00097919 00000115 151.71 520.93 412.67 480.65
00097920 00000116 152.12 519.79 413.06 481.48
00097921 00000117 152.53 518.64 413.45 482.30
00097922 00000118 152.96 517.62 413.80 483.05
00097923 00000119 153.53 517.61 413.82 483.22
00097924 00000120 154.09 517.61 413.83 483.39
00097925 00000121 154.66 517.61 413.85 483.55
00097926 00000122 155.23 517.60 413.87 483.72
00097927 00000123 155.79 517.60 413.89 483.89
00097928 00000124 156.36 517.60 413.90 484.06
00097929 00000125 156.93 517.59 413.92 484.22
00097930 00000126 157.50 517.59 413.94 484.39
00097931 00000127 158.06 517.59 413.95 484.56
00097932 00000128 158.63 517.58 413.97 484.73
00097933 00000129 159.20 517.58 413.99 484.89
00097934 00000130 159.51 517.52 414.04 485.15
00097935 00000131 158.92 517.27 414.23 485.70
00097936 00000132 158.33 517.02 414.42 486.25
00097937 00000133 157.75 516.77 414.61 486.80
00097938 00000134 157.16 516.52 414.80 487.35
00097939 00000135 156.57 516.27 414.99 487.91
00097940 00000136 155.98 516.02 415.17 488.46
00097941 00000137 155.40 515.77 415.36 489.01
00097942 00000138 154.81 515.52 415.55 489.56
00097943 00000139 154.22 515.27 415.74 490.11
00097944 00000140 153.63 515.02 415.93 490.67
00097945 00000141 153.05 514.77 416.11 491.22
00097946 00000142 152.46 514.55 416.27 491.72
00097947 00000143 151.89 514.41 416.37 492.11
00097948 00000144 151.32 514.27 416.47 492.50
00097949 00000145 150.74 514.13 416.57 492.89
00097950 00000146 150.17 513.98 416.67 493.28
00097951 00000147 149.59 513.84 416.77 493.68
00097952 00000148 149.02 513.70 416.87 494.07
00097953 00000149 148.45 513.56 416.97 494.46
00097954 00000150 147.87 513.42 417.07 494.85
00097955 00000151 147.30 513.28 417.17 495.24
00097956 00000152 146.73 513.14 417.27 495.64
00097957 00000153 146.15 512.99 417.36 496.03
00097958 00000154 145.69 513.23 417.43 496.01
00097959 00000155 145.36 513.94 417.46 495.48
00097960 00000156 145.04 514.65 417.49 494.96
00097961 00000157 144.72 515.36 417.51 494.43
00097962 00000158 144.39 516.07 417.54 493.90
00097963 00000159 144.07 516.79 417.57 493.37
00097964 00000160 143.75 517.50 417.59 492.84
00097965 00000161 143.42 518.21 417.62 492.31
00097966 00000162 143.10 518.92 417.65 491.79
00097967 00000163 142.78 519.63 417.68 491.26
00097968 00000164 142.45 520.34 417.70 490.73
00097969 00000165 142.13 521.05 417.73 490.20
00097970 00000166 142.09 522.29 417.79 489.54
00097971 00000167 142.29 523.94 417.89 488.77
00097972 00000168 142.48 525.59 417.98 488.00
00097973 00000169 142.67 527.24 418.07 487.23
00097974 00000170 142.87 528.90 418.16 486.45
00097975 00000171 143.06 530.55 418.26 485.68
00097976 00000172 143.26 532.20 418.35 484.91
00097977 00000173 143.45 533.86 418.44 484.14
00097978 00000174 143.64 535.51 418.53 483.37
00097979 00000175 143.84 537.16 418.63 482.60
00097980 00000176 144.03 538.81 418.72 481.83
00097981 00000177 144.22 540.47 418.81 481.06
00097982 00000178 144.48 541.43 418.94 480.52
00097983 00000179 144.77 542.05 419.08 480.09
00097984 00000180 145.05 542.68 419.22 479.66
00097985 00000181 145.34 543.30 419.37 479.24
00097986 00000182 145.63 543.92 419.51 478.81
00097987 00000183 145.91 544.54 419.65 478.38
00097988 00000184 146.20 545.16 419.80 477.95
00097989 00000185 146.49 545.78 419.94 477.52
00097990 00000186 146.77 546.40 420.08 477.10
00097991 00000187 147.06 547.02 420.22 476.67
00097992 00000188 147.35 547.64 420.37 476.24
00097993 00000189 147.63 548.26 420.51 475.81
00097994 00000190 147.94 548.68 420.58 475.42
00097995 00000191 148.24 549.03 420.63 475.04
00097996 00000192 148.55 549.39 420.68 474.67
00097997 00000193 148.86 549.74 420.73 474.29
00097998 00000194 149.17 550.10 420.78 473.91
00097999 00000195 149.48 550.45 420.83 473.53
00098000 00000196 149.79 550.81 420.88 473.15
00098001 00000197 150.09 551.16 420.93 472.77
00098002 00000198 150.40 551.52 420.98 472.39
00098003 00000199 150.71 551.87 421.03 472.01
00098004 00000200 151.02 552.23 421.08 471.63
00098005 00000201 151.33 552.58 421.13 471.25
00098006 00000202 151.35 552.72 421.14 470.96
00098007 00000203 151.34 552.83 421.15 470.68
00098008 00000204 151.34 552.94 421.16 470.40
00098009 00000205 151.33 553.05 421.17 470.11
00098010 00000206 151.32 553.15 421.18 469.83
00098011 00000207 151.31 553.26 421.19 469.55
00098012 00000208 151.30 553.37 421.20 469.27
00098013 00000209 151.29 553.48 421.21 468.99
00098014 00000210 151.28 553.59 421.22 468.71
00098015 00000211 151.27 553.70 421.23 468.42
00098016 00000212 151.27 553.81 421.24 468.14
00098017 00000213 151.26 553.92 421.25 467.86
00098018 00000214 151.61 553.87 421.14 467.68
00098019 00000215 151.97 553.82 421.02 467.49
00098020 00000216 152.33 553.77 420.90 467.31
00098021 00000217 152.69 553.72 420.79 467.13
00098022 00000218 153.05 553.67 420.67 466.95
00098023 00000219 153.41 553.63 420.55 466.77
00098024 00000220 153.77 553.58 420.44 466.58
00098025 00000221 154.13 553.53 420.32 466.40
00098026 00000222 154.49 553.48 420.20 466.22
00098027 00000223 154.84 553.43 420.09 466.04
00098028 00000224 155.20 553.39 419.97 465.85
00098029 00000225 155.61 553.41 419.82 465.65
00098030 00000226 156.41 554.05 419.37 465.30
00098031 00000227 157.21 554.69 418.93 464.95
00098032 00000228 158.01 555.33 418.48 464.60
00098033 00000229 158.81 555.97 418.04 464.24
00098034 00000230 159.61 556.60 417.59 463.89
00098035 00000231 160.41 557.24 417.15 463.54
00098036 00000232 161.21 557.88 416.70 463.19
00098037 00000233 162.01 558.52 416.26 462.83
00098038 00000234 162.81 559.16 415.81 462.48
00098039 00000235 163.61 559.80 415.37 462.13
00098040 00000236 164.42 560.44 414.92 461.78
00098041 00000237 165.25 561.04 414.47 461.48
00098042 00000238 166.20 561.51 414.01 461.36
00098043 00000239 167.15 561.97 413.55 461.25
00098044 00000240 168.10 562.44 413.09 461.14
00098045 00000241 169.05 562.91 412.63 461.02
00098046 00000242 170.00 563.38 412.17 460.91
00098047 00000243 170.95 563.85 411.71 460.80
00098048 00000244 171.90 564.32 411.25 460.69
00098049 00000245 172.85 564.78 410.78 460.57
00098050 00000246 173.80 565.25 410.32 460.46
00098051 00000247 174.75 565.72 409.86 460.35
00098052 00000248 175.70 566.19 409.40 460.24
00098053 00000249 176.53 566.60 409.03 460.25
00098054 00000250 177.11 566.89 408.85 460.53
00098055 00000251 177.69 567.19 408.67 460.81
00098056 00000252 178.28 567.48 408.49 461.08
00098057 00000253 178.86 567.78 408.31 461.36
00098058 00000254 179.45 568.07 408.13 461.64
00098059 00000255 180.03 568.37 407.95 461.91
00098060 00000256 180.61 568.66 407.76 462.19
00098061 00000257 181.20 568.96 407.58 462.47
00098062 00000258 181.78 569.25 407.40 462.74
00098063 00000259 182.37 569.55 407.22 463.02
00098064 00000260 182.95 569.84 407.04 463.30
00098065 00000261 183.63 570.03 406.85 463.57
00098066 00000262 184.42 570.10 406.66 463.84
00098067 00000263 185.21 570.18 406.47 464.10
00098068 00000264 186.00 570.25 406.28 464.37
00098069 00000265 186.79 570.32 406.10 464.64
00098070 00000266 187.58 570.39 405.91 464.91
00098071 00000267 188.37 570.46 405.72 465.18
00098072 00000268 189.17 570.53 405.53 465.44
00098073 00000269 189.96 570.60 405.34 465.71
00098074 00000270 190.75 570.67 405.15 465.98
00098075 00000271 191.54 570.74 404.96 466.25
00098076 00000272 192.33 570.81 404.77 466.52
00098077 00000273 193.28 571.53 404.55 466.60
00098078 00000274 194.36 572.78 404.30 466.55
00098079 00000275 195.45 574.03 404.05 466.49
00098080 00000276 196.53 575.28 403.81 466.44
00098081 00000277 197.61 576.52 403.56 466.38
00098082 00000278 198.69 577.77 403.32 466.32
00098083 00000279 199.77 579.02 403.07 466.27
00098084 00000280 200.85 580.27 402.82 466.21
00098085 00000281 201.93 581.52 402.58 466.16
00098086 00000282 203.01 582.77 402.33 466.10
00098087 00000283 204.09 584.02 402.09 466.04
00098088 00000284 205.17 585.27 401.84 465.99
00098089 00000285 205.13 586.81 401.62 465.65
00098090 00000286 204.53 588.49 401.40 465.18
00098091 00000287 203.92 590.18 401.19 464.70
00098092 00000288 203.32 591.87 400.98 464.23
00098093 00000289 202.71 593.56 400.77 463.76
00098094 00000290 202.11 595.24 400.55 463.28
00098095 00000291 201.50 596.93 400.34 462.81
00098096 00000292 200.90 598.62 400.13 462.33
00098097 00000293 200.29 600.30 399.92 461.86
00098098 00000294 199.69 601.99 399.71 461.38
00098099 00000295 199.08 603.68 399.49 460.91
00098100 00000296 198.48 605.37 399.28 460.43
00098101 00000297 197.45 606.42 399.29 459.83
00098102 00000298 196.30 607.30 399.36 459.18
00098103 00000299 195.16 608.17 399.43 458.54
00098104 00000300 194.01 609.05 399.51 457.90
00098105 00000301 192.86 609.92 399.58 457.25
00098106 00000302 191.72 610.80 399.65 456.61
00098107 00000303 190.57 611.67 399.72 455.97
00098108 00000304 189.42 612.54 399.80 455.32
00098109 00000305 188.28 613.42 399.87 454.68
00098110 00000306 187.13 614.29 399.94 454.04
00098111 00000307 185.98 615.17 400.01 453.39
00098112 00000308 184.83 616.04 400.09 452.75
00098113 00000309 184.24 616.59 400.25 452.29
00098114 00000310 183.71 617.09 400.42 451.84
00098115 00000311 183.18 617.60 400.59 451.40
00098116 00000312 182.65 618.10 400.76 450.96
00098117 00000313 182.12 618.60 400.93 450.51
00098118 00000314 181.59 619.11 401.10 450.07
00098119 00000315 181.07 619.61 401.27 449.63
00098120 00000316 180.54 620.11 401.44 449.19
00098121 00000317 180.01 620.62 401.61 448.74
00098122 00000318 179.48 621.12 401.78 448.30
00098123 00000319 178.95 621.63 401.95 447.86
00098124 00000320 178.43 622.13 402.12 447.42
00098125 00000321 178.12 622.17 402.39 447.10
00098126 00000322 177.81 622.21 402.65 446.78
00098127 00000323 177.51 622.25 402.92 446.46
00098128 00000324 177.20 622.29 403.18 446.14
00098129 00000325 176.89 622.32 403.45 445.82
00098130 00000326 176.59 622.36 403.71 445.50
00098131 00000327 176.28 622.40 403.98 445.19
00098132 00000328 175.98 622.44 404.24 444.87
00098133 00000329 175.67 622.48 404.51 444.55
00098134 00000330 175.36 622.52 404.77 444.23
00098135 00000331 175.06 622.56 405.04 443.91
00098136 00000332 174.78 622.59 405.30 443.61
00098137 00000333 174.77 622.60 405.55 443.49
00098138 00000334 174.77 622.60 405.79 443.36
00098139 00000335 174.76 622.61 406.03 443.23
00098140 00000336 174.75 622.62 406.28 443.10
00098141 00000337 174.74 622.63 406.52 442.97
00098142 00000338 174.73 622.63 406.76 442.84
00098143 00000339 174.72 622.64 407.00 442.72
00098144 00000340 174.71 622.65 407.25 442.59
00098145 00000341 174.70 622.65 407.49 442.46
00098146 00000342 174.69 622.66 407.73 442.33
00098147 00000343 174.68 622.67 407.98 442.20
00098148 00000344 174.85 622.79 408.17 441.99
00098149 00000345 175.66 623.31 408.20 441.50
00098150 00000346 176.46 623.83 408.22 441.01
00098151 00000347 177.27 624.35 408.25 440.52
00098152 00000348 178.08 624.88 408.28 440.02
00098153 00000349 178.88 625.40 408.30 439.53
00098154 00000350 179.69 625.92 408.33 439.04
00098155 00000351 180.50 626.44 408.35 438.55
00098156 00000352 181.30 626.97 408.38 438.05
00098157 00000353 182.11 627.49 408.41 437.56
00098158 00000354 182.92 628.01 408.43 437.07
00098159 00000355 183.72 628.53 408.46 436.58
00098160 00000356 184.38 629.01 408.51 436.12
00098161 00000357 184.74 629.39 408.61 435.76
00098162 00000358 185.10 629.76 408.71 435.39
00098163 00000359 185.46 630.14 408.81 435.02
00098164 00000360 185.82 630.52 408.90 434.65
00098165 00000361 186.18 630.89 409.00 434.28
00098166 00000362 186.54 631.27 409.10 433.91
00098167 00000363 186.91 631.65 409.20 433.54
00098168 00000364 187.27 632.02 409.30 433.17
00098169 00000365 187.63 632.40 409.40 432.80
00098170 00000366 187.99 632.78 409.50 432.43
00098171 00000367 188.35 633.15 409.60 432.06
00098172 00000368 188.30 633.19 409.83 431.84
00098173 00000369 187.73 632.78 410.25 431.80
00098174 00000370 187.17 632.38 410.66 431.76
00098175 00000371 186.60 631.98 411.08 431.71
00098176 00000372 186.03 631.58 411.49 431.67
00098177 00000373 185.47 631.18 411.91 431.63
00098178 00000374 184.90 630.77 412.32 431.59
00098179 00000375 184.33 630.37 412.74 431.54
00098180 00000376 183.77 629.97 413.15 431.50
00098181 00000377 183.20 629.57 413.57 431.46
00098182 00000378 182.63 629.17 413.98 431.42
00098183 00000379 182.07 628.77 414.40 431.38
00098184 00000380 181.66 628.28 414.63 431.43
00098185 00000381 181.37 627.73 414.72 431.55
00098186 00000382 181.09 627.19 414.81 431.68
00098187 00000383 180.80 626.64 414.90 431.81
00098188 00000384 180.52 626.09 414.99 431.93
00098189 00000385 180.23 625.54 415.08 432.06
00098190 00000386 179.95 624.99 415.17 432.19
00098191 00000387 179.66 624.44 415.26 432.31
00098192 00000388 179.38 623.90 415.35 432.44
00098193 00000389 179.09 623.35 415.44 432.57
00098194 00000390 178.81 622.80 415.53 432.69
00098195 00000391 178.53 622.25 415.62 432.82
00098196 00000392 178.48 621.82 415.65 432.97
00098197 00000393 178.57 621.46 415.66 433.12
00098198 00000394 178.65 621.10 415.68 433.27
00098199 00000395 178.73 620.74 415.69 433.43
00098200 00000396 178.82 620.37 415.70 433.58
00098201 00000397 178.90 620.01 415.71 433.74
00098202 00000398 178.98 619.65 415.72 433.89
00098203 00000399 179.06 619.28 415.73 434.05
00098204 00000400 179.15 618.92 415.74 434.20
00098205 00000401 179.23 618.56 415.76 434.35
00098206 00000402 179.31 618.20 415.77 434.51
00098207 00000403 179.39 617.83 415.78 434.66
00098208 00000404 179.48 617.31 415.76 434.98
00098209 00000405 179.56 616.74 415.74 435.36
00098210 00000406 179.65 616.17 415.71 435.73
00098211 00000407 179.73 615.60 415.69 436.10
00098212 00000408 179.82 615.03 415.67 436.47
00098213 00000409 179.90 614.46 415.64 436.84
00098214 00000410 179.99 613.89 415.62 437.21
00098215 00000411 180.08 613.32 415.59 437.58
00098216 00000412 180.16 612.75 415.57 437.95
00098217 00000413 180.25 612.18 415.54 438.32
00098218 00000414 180.33 611.62 415.52 438.69
00098219 00000415 180.42 611.05 415.50 439.06
00098220 00000416 180.24 610.75 415.50 439.36
00098221 00000417 180.03 610.49 415.51 439.65
00098222 00000418 179.82 610.22 415.51 439.94
00098223 00000419 179.61 609.96 415.52 440.22
00098224 00000420 179.40 609.70 415.53 440.51
00098225 00000421 179.20 609.44 415.54 440.80
00098226 00000422 178.99 609.18 415.54 441.09
00098227 00000423 178.78 608.92 415.55 441.38
00098228 00000424 178.57 608.65 415.56 441.67
00098229 00000425 178.36 608.39 415.57 441.96
00098230 00000426 178.15 608.13 415.57 442.25
00098231 00000427 177.94 607.87 415.58 442.54
00098232 00000428 177.76 607.63 415.52 442.72
00098233 00000429 177.59 607.39 415.46 442.90
00098234 00000430 177.41 607.15 415.41 443.07
00098235 00000431 177.24 606.91 415.35 443.25
00098236 00000432 177.06 606.67 415.29 443.43
00098237 00000433 176.89 606.43 415.23 443.61
00098238 00000434 176.71 606.19 415.17 443.79
00098239 00000435 176.53 605.96 415.11 443.97
00098240 00000436 176.36 605.72 415.05 444.15
00098241 00000437 176.18 605.48 414.99 444.33
00098242 00000438 176.01 605.24 414.93 444.51
00098243 00000439 175.85 605.01 414.87 444.68
00098244 00000440 175.92 604.89 414.79 444.87
00098245 00000441 175.98 604.78 414.70 445.06
00098246 00000442 176.05 604.66 414.61 445.24
00098247 00000443 176.11 604.54 414.53 445.43
00098248 00000444 176.17 604.42 414.44 445.62
00098249 00000445 176.24 604.31 414.35 445.80
00098250 00000446 176.30 604.19 414.27 445.99
00098251 00000447 176.36 604.07 414.18 446.17
00098252 00000448 176.43 603.95 414.09 446.36
00098253 00000449 176.49 603.83 414.00 446.55
00098254 00000450 176.55 603.72 413.92 446.73
00098255 00000451 176.60 603.60 413.84 446.91
00098256 00000452 176.61 603.50 413.81 447.07
00098257 00000453 176.61 603.41 413.77 447.23
00098258 00000454 176.61 603.31 413.74 447.39
00098259 00000455 176.62 603.21 413.70 447.54
00098260 00000456 176.62 603.11 413.67 447.70
00098261 00000457 176.63 603.01 413.63 447.86
00098262 00000458 176.63 602.92 413.60 448.02
00098263 00000459 176.63 602.82 413.56 448.18
00098264 00000460 176.64 602.72 413.53 448.33
00098265 00000461 176.64 602.62 413.49 448.49
00098266 00000462 176.64 602.52 413.46 448.65
00098267 00000463 176.68 602.41 413.41 448.80
00098268 00000464 176.77 602.28 413.35 448.95
00098269 00000465 176.86 602.15 413.28 449.09
00098270 00000466 176.96 602.02 413.22 449.24
00098271 00000467 177.05 601.89 413.16 449.38
00098272 00000468 177.15 601.75 413.09 449.53
00098273 00000469 177.24 601.62 413.03 449.67
00098274 00000470 177.33 601.49 412.97 449.82
00098275 00000471 177.43 601.36 412.90 449.96
00098276 00000472 177.52 601.23 412.84 450.11
00098277 00000473 177.62 601.09 412.77 450.25
00098278 00000474 177.71 600.96 412.71 450.40
00098279 00000475 177.76 600.86 412.65 450.51
00098280 00000476 177.77 600.78 412.59 450.58
00098281 00000477 177.77 600.71 412.54 450.66
00098282 00000478 177.77 600.64 412.48 450.73
00098283 00000479 177.77 600.57 412.43 450.80
00098284 00000480 177.77 600.49 412.37 450.87
00098285 00000481 177.77 600.42 412.31 450.94
00098286 00000482 177.78 600.35 412.26 451.01
00098287 00000483 177.78 600.28 412.20 451.09
00098288 00000484 177.78 600.20 412.15 451.16
00098289 00000485 177.78 600.13 412.09 451.23
00098290 00000486 177.78 600.06 412.04 451.30
00098291 00000487 177.76 600.07 411.98 451.38
00098292 00000488 177.71 600.15 411.91 451.47
00098293 00000489 177.66 600.23 411.85 451.55
00098294 00000490 177.62 600.31 411.79 451.64
00098295 00000491 177.57 600.39 411.72 451.73
00098296 00000492 177.52 600.47 411.66 451.81
00098297 00000493 177.47 600.55 411.60 451.90
00098298 00000494 177.43 600.63 411.54 451.99
00098299 00000495 177.38 600.70 411.47 452.07
00098300 00000496 177.33 600.78 411.41 452.16
00098301 00000497 177.28 600.86 411.35 452.25
00098302 00000498 177.24 600.94 411.29 452.33
00098303 00000499 177.10 600.89 411.15 452.32
00098304 00000500 176.91 600.78 410.99 452.27
00098305 00000501 176.73 600.67 410.82 452.21
00098306 00000502 176.54 600.55 410.65 452.15
00098307 00000503 176.35 600.44 410.49 452.09
00098308 00000504 176.17 600.33 410.32 452.03
00098309 00000505 175.98 600.21 410.15 451.98
00098310 00000506 175.80 600.10 409.99 451.92
00098311 00000507 175.61 599.98 409.82 451.86
00098312 00000508 175.43 599.87 409.65 451.80
00098313 00000509 175.24 599.76 409.48 451.75
00098314 00000510 175.05 599.64 409.32 451.69
00098315 00000511 174.96 599.67 409.12 451.59
00098316 00000512 174.90 599.73 408.91 451.47
00098317 00000513 174.83 599.80 408.70 451.36
00098318 00000514 174.77 599.86 408.50 451.25
00098319 00000515 174.70 599.93 408.29 451.13
00098320 00000516 174.64 599.99 408.08 451.02
00098321 00000517 174.57 600.06 407.87 450.91
00098322 00000518 174.51 600.13 407.66 450.79
00098323 00000519 174.45 600.19 407.45 450.68
00098324 00000520 174.38 600.26 407.25 450.57
00098325 00000521 174.32 600.32 407.04 450.45
00098326 00000522 174.25 600.39 406.83 450.34
00098327 00000523 174.32 600.44 406.69 450.27
00098328 00000524 174.41 600.49 406.55 450.21
00098329 00000525 174.50 600.54 406.42 450.15
00098330 00000526 174.59 600.58 406.29 450.09
00098331 00000527 174.68 600.63 406.15 450.03
00098332 00000528 174.77 600.68 406.02 449.97
00098333 00000529 174.86 600.73 405.89 449.91
00098334 00000530 174.95 600.78 405.75 449.85
00098335 00000531 175.04 600.83 405.62 449.79
00098336 00000532 175.13 600.88 405.48 449.73
00098337 00000533 175.22 600.93 405.35 449.67
00098338 00000534 175.31 600.98 405.22 449.61
00098339 00000535 175.40 601.03 405.09 449.54
00098340 00000536 175.49 601.09 404.97 449.48
00098341 00000537 175.57 601.15 404.85 449.42
00098342 00000538 175.66 601.20 404.72 449.36
00098343 00000539 175.75 601.26 404.60 449.30
00098344 00000540 175.83 601.32 404.48 449.23
00098345 00000541 175.92 601.37 404.35 449.17
00098346 00000542 176.01 601.43 404.23 449.11
00098347 00000543 176.10 601.49 404.10 449.05
00098348 00000544 176.18 601.54 403.98 448.98
00098349 00000545 176.27 601.60 403.86 448.92
00098350 00000546 176.36 601.66 403.74 448.87
00098351 00000547 176.43 601.68 403.63 448.90
00098352 00000548 176.50 601.71 403.52 448.93
00098353 00000549 176.57 601.74 403.42 448.95
00098354 00000550 176.64 601.76 403.31 448.98
00098355 00000551 176.71 601.79 403.21 449.01
00098356 00000552 176.78 601.82 403.10 449.04
00098357 00000553 176.85 601.84 403.00 449.07
00098358 00000554 176.92 601.87 402.89 449.09
00098359 00000555 176.99 601.90 402.79 449.12
00098360 00000556 177.06 601.92 402.68 449.15
00098361 00000557 177.13 601.95 402.57 449.18
00098362 00000558 177.16 602.00 402.49 449.20
00098363 00000559 177.02 602.17 402.51 449.22
00098364 00000560 176.88 602.33 402.52 449.23
00098365 00000561 176.75 602.49 402.54 449.24
00098366 00000562 176.61 602.66 402.55 449.26
00098367 00000563 176.48 602.82 402.57 449.27
00098368 00000564 176.34 602.98 402.58 449.29
00098369 00000565 176.20 603.15 402.60 449.30
00098370 00000566 176.07 603.31 402.61 449.31
00098371 00000567 175.93 603.47 402.63 449.33
00098372 00000568 175.80 603.64 402.64 449.34
00098373 00000569 175.66 603.80 402.66 449.35
00098374 00000570 175.49 603.88 402.71 449.38
00098375 00000571 175.24 603.78 402.83 449.45
00098376 00000572 174.99 603.68 402.95 449.51
00098377 00000573 174.74 603.58 403.07 449.57
00098378 00000574 174.49 603.48 403.19 449.63
00098379 00000575 174.25 603.38 403.31 449.70
00098380 00000576 174.00 603.28 403.43 449.76
00098381 00000577 173.75 603.18 403.55 449.82
00098382 00000578 173.50 603.08 403.67 449.89
00098383 00000579 173.25 602.98 403.79 449.95
00098384 00000580 173.00 602.88 403.91 450.01
00098385 00000581 172.76 602.78 404.03 450.08
00098386 00000582 172.57 602.63 404.10 450.11
00098387 00000583 172.48 602.42 404.12 450.10
00098388 00000584 172.38 602.21 404.13 450.08
00098389 00000585 172.28 602.00 404.14 450.07
00098390 00000586 172.19 601.80 404.15 450.06
00098391 00000587 172.09 601.59 404.16 450.05
00098392 00000588 172.00 601.38 404.17 450.04
00098393 00000589 171.90 601.17 404.18 450.03
00098394 00000590 171.80 600.96 404.19 450.02
00098395 00000591 171.71 600.75 404.21 450.01
00098396 00000592 171.61 600.54 404.22 449.99
00098397 00000593 171.51 600.33 404.23 449.98
00098398 00000594 171.43 600.23 404.23 450.01
00098399 00000595 171.35 600.20 404.23 450.07
00098400 00000596 171.27 600.18 404.22 450.13
00098401 00000597 171.20 600.16 404.22 450.19
00098402 00000598 171.12 600.13 404.21 450.25
00098403 00000599 171.05 600.11 404.21 450.31
00098404 00000600 170.97 600.08 404.21 450.37
00098405 00000601 170.89 600.06 404.20 450.43
00098406 00000602 170.82 600.04 404.20 450.49
00098407 00000603 170.74 600.01 404.19 450.55
00098408 00000604 170.66 599.99 404.19 450.61
00098409 00000605 170.59 599.97 404.19 450.67
00098410 00000606 170.49 599.98 404.17 450.71
00098411 00000607 170.39 600.01 404.15 450.72
00098412 00000608 170.29 600.03 404.13 450.74
00098413 00000609 170.19 600.06 404.10 450.76
00098414 00000610 170.09 600.09 404.08 450.78
00098415 00000611 169.99 600.12 404.06 450.80
00098416 00000612 169.89 600.15 404.04 450.82
00098417 00000613 169.79 600.18 404.02 450.84
00098418 00000614 169.69 600.21 404.00 450.86
00098419 00000615 169.59 600.24 403.97 450.88
00098420 00000616 169.49 600.26 403.95 450.90
00098421 00000617 169.39 600.29 403.93 450.92
00098422 00000618 169.25 600.31 403.90 450.93
00098423 00000619 169.10 600.32 403.87 450.94
00098424 00000620 168.95 600.34 403.84 450.95
00098425 00000621 168.80 600.35 403.81 450.96
00098426 00000622 168.65 600.37 403.77 450.97
00098427 00000623 168.50 600.38 403.74 450.98
00098428 00000624 168.36 600.40 403.71 451.00
00098429 00000625 168.21 600.41 403.68 451.01
00098430 00000626 168.06 600.43 403.65 451.02
00098431 00000627 167.91 600.44 403.62 451.03
00098432 00000628 167.76 600.46 403.59 451.04
00098433 00000629 167.61 600.47 403.55 451.05
00098434 00000630 167.60 600.50 403.49 451.06
00098435 00000631 167.60 600.53 403.43 451.08
00098436 00000632 167.60 600.57 403.36 451.09
00098437 00000633 167.60 600.60 403.30 451.10
00098438 00000634 167.60 600.63 403.23 451.11
00098439 00000635 167.60 600.67 403.16 451.13
00098440 00000636 167.60 600.70 403.10 451.14
00098441 00000637 167.60 600.73 403.03 451.15
00098442 00000638 167.60 600.76 402.97 451.17
00098443 00000639 167.60 600.80 402.90 451.18
00098444 00000640 167.60 600.83 402.83 451.19
00098445 00000641 167.60 600.86 402.77 451.21
00098446 00000642 167.38 600.82 402.79 451.21
00098447 00000643 167.16 600.78 402.81 451.21
00098448 00000644 166.94 600.74 402.84 451.21
00098449 00000645 166.71 600.70 402.86 451.21
00098450 00000646 166.49 600.66 402.88 451.21
00098451 00000647 166.27 600.63 402.91 451.21
00098452 00000648 166.05 600.59 402.93 451.21
00098453 00000649 165.83 600.55 402.95 451.22
00098454 00000650 165.61 600.51 402.97 451.22
00098455 00000651 165.39 600.47 403.00 451.22
00098456 00000652 165.17 600.43 403.02 451.22
00098457 00000653 164.97 600.39 403.04 451.21
00098458 00000654 164.97 600.37 403.04 451.16
00098459 00000655 164.97 600.35 403.03 451.12
00098460 00000656 164.97 600.33 403.03 451.07
00098461 00000657 164.97 600.30 403.03 451.02
00098462 00000658 164.97 600.28 403.02 450.97
00098463 00000659 164.96 600.26 403.02 450.92
00098464 00000660 164.96 600.24 403.02 450.87
00098465 00000661 164.96 600.22 403.02 450.82
00098466 00000662 164.96 600.19 403.01 450.77
00098467 00000663 164.96 600.17 403.01 450.72
00098468 00000664 164.96 600.15 403.01 450.67
00098469 00000665 164.99 600.13 403.00 450.63
00098470 00000666 165.12 600.12 403.00 450.63
00098471 00000667 165.25 600.11 403.00 450.64
00098472 00000668 165.38 600.10 402.99 450.64
00098473 00000669 165.51 600.09 402.99 450.64
00098474 00000670 165.64 600.08 402.99 450.65
00098475 00000671 165.77 600.08 402.98 450.65
00098476 00000672 165.90 600.07 402.98 450.66
00098477 00000673 166.03 600.06 402.98 450.66
00098478 00000674 166.16 600.05 402.97 450.66
00098479 00000675 166.29 600.04 402.97 450.67
00098480 00000676 166.42 600.03 402.97 450.67
00098481 00000677 166.56 600.02 402.95 450.67
00098482 00000678 166.70 600.01 402.92 450.67
00098483 00000679 166.85 600.01 402.90 450.67
00098484 00000680 167.00 600.00 402.87 450.67
00098485 00000681 167.14 599.99 402.84 450.67
00098486 00000682 167.29 599.99 402.81 450.67
00098487 00000683 167.43 599.98 402.78 450.67
00098488 00000684 167.58 599.97 402.75 450.67
00098489 00000685 167.73 599.97 402.72 450.67
00098490 00000686 167.87 599.96 402.69 450.67
00098491 00000687 168.02 599.95 402.67 450.67
00098492 00000688 168.17 599.95 402.64 450.67
00098493 00000689 168.23 599.94 402.61 450.68
00098494 00000690 168.20 599.94 402.60 450.70
00098495 00000691 168.17 599.93 402.58 450.73
00098496 00000692 168.14 599.93 402.56 450.75
00098497 00000693 168.10 599.93 402.55 450.78
00098498 00000694 168.07 599.92 402.53 450.80
00098499 00000695 168.04 599.92 402.52 450.82
00098500 00000696 168.01 599.91 402.50 450.85
00098501 00000697 167.97 599.91 402.48 450.87
00098502 00000698 167.94 599.91 402.47 450.90
00098503 00000699 167.91 599.90 402.45 450.92
00098504 00000700 167.88 599.90 402.44 450.94
00098505 00000701 167.85 599.91 402.44 451.02
00098506 00000702 167.82 599.93 402.46 451.14
00098507 00000703 167.79 599.96 402.48 451.25
00098508 00000704 167.76 599.98 402.50 451.37
00098509 00000705 167.73 600.00 402.52 451.49
00098510 00000706 167.71 600.03 402.54 451.61
00098511 00000707 167.68 600.05 402.56 451.72
00098512 00000708 167.65 600.07 402.58 451.84
00098513 00000709 167.62 600.10 402.60 451.96
00098514 00000710 167.59 600.12 402.62 452.08
00098515 00000711 167.57 600.14 402.64 452.19
00098516 00000712 167.54 600.17 402.66 452.31
00098517 00000713 167.59 600.16 402.53 452.54
00098518 00000714 167.68 600.14 402.33 452.84
00098519 00000715 167.77 600.13 402.14 453.13
00098520 00000716 167.86 600.11 401.94 453.43
00098521 00000717 167.95 600.09 401.74 453.72
00098522 00000718 168.04 600.07 401.54 454.01
00098523 00000719 168.14 600.05 401.34 454.31
00098524 00000720 168.23 600.03 401.14 454.60
00098525 00000721 168.32 600.01 400.95 454.89
00098526 00000722 168.41 599.99 400.75 455.19
00098527 00000723 168.50 599.97 400.55 455.48
00098528 00000724 168.59 599.95 400.35 455.77
00098529 00000725 169.12 599.41 399.84 455.75
00098530 00000726 169.77 598.70 399.25 455.64
00098531 00000727 170.43 598.00 398.65 455.52
00098532 00000728 171.08 597.30 398.05 455.41
00098533 00000729 171.74 596.59 397.45 455.29
00098534 00000730 172.39 595.89 396.86 455.18
00098535 00000731 173.05 595.18 396.26 455.06
00098536 00000732 173.70 594.48 395.66 454.95
00098537 00000733 174.36 593.78 395.06 454.83
00098538 00000734 175.01 593.07 394.46 454.72
00098539 00000735 175.67 592.37 393.87 454.60
00098540 00000736 176.32 591.66 393.27 454.49
00098541 00000737 176.96 590.90 392.54 454.02
CROP_BBOX: 268 835 1249 1914
