Video ID: 	v3nLhd-gCs4
H: 	1080
W: 	1920
FPS: 	25.0

FRAME INDEX X0 Y0 W H [Landmarks (5 Points)]

00008196 00000000 536.47 126.29 494.14 663.00 774.92 371.91 962.69 346.21 951.46 491.53 815.89 620.26 976.67 598.23
00008197 00000001 537.73 129.47 494.64 657.89 776.48 369.94 965.17 344.50 953.39 491.77 818.41 618.88 978.65 597.03
00008198 00000002 539.34 130.69 493.57 657.14 777.30 368.44 966.17 342.98 955.01 491.61 820.45 619.87 979.94 597.98
00008199 00000003 538.58 130.66 493.93 659.61 778.99 366.16 965.71 341.44 956.59 491.86 823.79 621.56 980.16 600.30
00008200 00000004 539.57 130.35 493.66 660.42 779.98 367.73 966.16 343.97 956.85 492.32 824.49 621.89 980.33 601.35
00008201 00000005 539.70 131.72 494.26 658.70 781.42 368.61 967.57 344.37 959.54 492.28 826.46 622.99 981.66 602.19
00008202 00000006 541.56 129.01 493.95 660.66 783.17 369.99 970.06 345.71 961.64 493.69 828.63 624.40 982.99 603.52
00008203 00000007 542.32 129.36 494.18 659.29 784.87 371.57 973.31 347.56 964.15 493.66 830.06 624.19 985.58 603.67
00008204 00000008 542.32 129.87 494.04 658.48 785.00 372.04 974.44 347.17 966.33 493.28 830.24 623.93 987.50 602.70
00008205 00000009 544.03 131.48 494.25 655.82 786.39 371.64 976.74 346.27 967.79 493.01 831.33 622.98 989.13 601.27
00008206 00000010 546.00 138.16 493.80 648.82 787.80 371.63 978.04 347.01 970.77 492.23 833.37 622.90 991.09 601.93
00008207 00000011 548.97 138.16 492.72 647.59 789.27 371.25 980.58 346.27 972.47 492.46 835.42 622.30 993.54 600.81
00008208 00000012 551.36 136.92 491.59 647.76 793.20 371.05 985.26 347.86 977.18 491.26 839.65 622.05 997.49 601.81
00008209 00000013 554.38 141.36 489.47 641.57 796.17 370.96 988.29 349.95 979.64 490.07 842.57 621.53 1000.02 603.06
00008210 00000014 558.05 143.24 487.92 639.36 799.00 370.56 991.51 351.03 981.47 490.10 844.50 620.69 1001.88 603.52
00008211 00000015 562.99 144.82 485.95 643.75 813.30 368.14 992.79 346.92 986.99 490.44 851.28 618.77 998.61 599.97
00008212 00000016 564.01 141.27 488.40 640.65 807.30 365.95 1001.19 349.77 988.16 487.40 853.08 619.29 1009.23 604.51
00008213 00000017 572.43 142.72 483.24 642.72 819.92 362.23 999.49 343.47 991.82 485.98 855.80 615.01 1003.68 598.35
00008214 00000018 577.24 141.20 482.31 647.54 824.02 360.77 1001.27 342.21 995.26 484.73 857.83 614.16 1006.27 597.87
00008215 00000019 578.67 138.64 482.17 652.46 828.36 359.66 1002.04 342.65 1000.10 482.96 860.24 613.14 1006.66 598.30
00008216 00000020 580.15 142.43 483.82 654.42 830.80 362.53 1006.55 347.05 1005.20 486.73 862.21 618.18 1010.74 604.69
00008217 00000021 582.15 151.40 479.63 645.12 831.26 367.14 1006.84 352.20 1006.87 492.37 865.63 625.37 1011.20 612.41
00008218 00000022 585.00 155.84 479.25 644.24 833.72 368.00 1009.76 354.64 1010.55 493.72 871.36 628.21 1015.74 616.06
00008219 00000023 586.67 160.26 476.75 645.54 836.17 372.51 1011.18 356.57 1016.29 499.19 872.76 634.62 1016.74 620.92
00008220 00000024 587.56 155.98 478.44 657.50 840.42 374.36 1013.06 360.13 1020.40 499.89 874.95 636.70 1018.47 624.52
00008221 00000025 590.09 156.41 478.36 660.66 841.20 377.00 1014.86 362.03 1023.74 500.09 879.10 640.33 1022.92 627.31
00008222 00000026 591.24 155.26 478.21 661.66 842.15 377.48 1015.24 362.42 1023.44 500.27 880.11 638.91 1023.69 625.69
00008223 00000027 591.87 155.03 477.23 658.22 843.77 377.61 1016.42 361.59 1025.52 500.48 882.74 637.76 1024.58 623.60
00008224 00000028 592.97 154.38 477.03 658.56 844.99 378.53 1019.53 364.47 1026.03 503.99 881.74 638.08 1024.03 625.68
00008225 00000029 594.17 159.63 474.76 650.27 848.55 381.17 1017.78 366.23 1030.36 502.58 886.87 637.27 1025.50 624.24
00008226 00000030 594.94 155.75 473.39 645.08 848.77 383.25 1021.11 366.33 1033.40 503.39 888.69 635.67 1028.83 621.10
00008227 00000031 597.38 154.37 471.52 642.09 853.94 383.70 1024.87 368.22 1037.75 504.82 893.07 635.67 1029.49 622.29
00008228 00000032 602.64 161.40 467.66 637.75 857.44 384.93 1026.54 369.86 1039.65 505.60 897.25 637.26 1032.57 624.34
00008229 00000033 604.41 170.60 465.64 631.83 859.54 385.74 1025.95 367.66 1042.96 505.83 900.00 639.22 1033.44 624.15
00008230 00000034 606.92 179.93 467.58 621.73 865.43 385.49 1028.26 368.04 1050.34 505.21 905.94 639.34 1036.41 625.18
00008231 00000035 609.80 176.11 477.93 620.48 878.80 389.03 1042.45 369.67 1057.35 507.60 913.83 637.52 1041.44 621.69
00008232 00000036 609.02 175.66 481.36 616.22 884.95 387.60 1045.25 365.02 1064.76 505.31 919.87 633.20 1045.36 614.99
00008233 00000037 613.51 178.89 478.37 612.33 889.42 385.89 1047.50 364.24 1068.79 503.65 922.42 630.25 1047.27 612.82
00008234 00000038 616.54 178.10 476.60 616.37 893.66 384.07 1048.73 365.49 1071.50 504.24 925.64 629.05 1047.74 614.25
00008235 00000039 619.47 184.67 474.68 608.02 895.00 384.32 1052.37 369.51 1070.83 504.94 926.49 629.04 1049.35 616.83
00008236 DELETE   627.18 182.73 467.70 610.47 899.06 383.23 1056.36 371.96 1072.84 505.30 932.88 630.10 1054.15 620.30
00008237 00000041 634.05 188.73 465.09 608.80 906.70 384.18 1062.58 377.57 1080.75 510.79 941.20 635.40 1059.56 629.65
00008238 00000042 643.27 207.49 465.88 596.54 916.49 384.96 1076.40 383.55 1093.87 520.79 950.55 643.24 1071.10 641.85
00008239 00000043 650.83 227.05 468.52 582.07 927.44 388.52 1081.51 387.95 1104.62 527.92 955.19 646.97 1070.97 647.51
00008240 00000044 664.37 242.32 463.99 574.08 943.42 392.26 1085.10 393.50 1114.62 532.36 963.73 650.49 1071.48 653.42
00008241 00000045 672.64 243.71 465.61 577.66 960.15 392.18 1091.53 400.70 1122.94 532.88 971.26 650.10 1071.83 659.30
00008242 00000046 676.04 243.71 471.65 575.38 972.25 397.77 1094.21 410.74 1124.49 541.94 972.65 642.39 1062.19 654.47
00008243 00000047 681.17 250.49 468.01 567.62 978.84 401.81 1089.29 411.87 1127.03 542.74 976.74 642.36 1058.07 652.69
00008244 00000048 686.86 248.74 463.23 566.80 984.46 402.59 1089.36 411.39 1129.29 543.16 980.21 644.61 1056.15 653.70
00008245 00000049 691.87 242.45 460.80 569.06 991.31 400.75 1091.53 406.85 1133.00 540.74 985.15 643.39 1058.43 650.11
00008246 00000050 688.53 245.66 468.13 564.48 996.94 395.80 1090.89 402.16 1141.29 535.28 993.62 640.08 1061.99 647.50
00008247 00000051 694.90 247.11 462.24 559.96 1005.55 398.05 1090.80 404.33 1145.46 537.49 998.57 638.94 1060.75 647.05
00008248 00000052 703.32 254.01 454.59 550.53 1010.91 403.36 1092.20 408.81 1145.98 540.83 1003.51 639.37 1063.61 647.39
00008249 00000053 711.15 257.18 448.67 547.74 1016.09 407.80 1095.06 413.86 1147.04 544.13 1005.85 641.81 1063.83 650.57
00008250 00000054 717.65 255.08 442.82 556.21 1020.64 408.63 1096.34 415.65 1148.26 543.41 1008.97 641.78 1065.15 651.10
00008251 00000055 721.05 250.29 441.95 556.98 1024.30 405.15 1098.32 411.19 1152.04 540.56 1011.75 640.57 1067.76 649.29
00008252 00000056 713.62 250.43 450.68 551.04 1020.57 399.14 1098.66 402.59 1158.37 535.22 1013.44 636.26 1072.37 643.38
00008253 00000057 699.47 240.34 460.99 560.36 1011.35 393.26 1095.19 393.54 1156.04 527.23 1012.54 635.10 1073.14 638.50
00008254 00000058 693.33 237.99 465.91 562.90 1001.53 390.91 1091.85 383.37 1152.80 520.54 1010.35 634.11 1075.99 630.91
00008255 00000059 688.40 234.80 466.56 561.19 994.85 386.00 1089.13 376.17 1149.97 515.57 1008.76 631.75 1075.52 626.45
00008256 00000060 694.44 236.49 454.06 555.80 983.41 380.80 1090.47 380.73 1143.53 505.69 1003.06 629.88 1081.31 631.31
00008257 00000061 684.77 236.95 459.02 556.12 974.69 383.12 1082.75 378.11 1136.82 509.95 993.66 632.33 1073.00 630.64
00008258 00000062 674.85 239.93 459.17 553.61 965.56 387.09 1075.52 380.17 1132.87 512.64 989.29 635.37 1069.83 632.69
00008259 00000063 668.52 237.51 461.79 554.70 961.14 386.23 1071.68 377.84 1131.46 511.55 986.19 635.26 1066.26 631.52
00008260 00000064 667.20 237.65 461.73 551.83 960.07 383.59 1070.66 375.53 1130.23 508.16 987.38 631.57 1068.05 628.06
00008261 00000065 665.76 232.66 462.22 554.26 961.32 381.67 1070.39 375.75 1130.77 504.78 988.31 628.32 1068.24 626.51
00008262 00000066 669.59 237.14 460.63 550.80 963.89 383.09 1071.11 377.01 1130.69 507.96 987.95 628.93 1066.58 627.29
00008263 00000067 669.33 236.94 465.11 556.66 968.18 384.55 1070.75 377.97 1131.54 512.10 985.58 631.42 1059.99 629.86
00008264 00000068 674.41 228.32 465.94 568.23 976.03 385.88 1076.97 380.03 1136.33 515.26 985.23 633.10 1059.10 632.23
00008265 00000069 681.46 221.68 459.13 575.29 980.71 385.83 1078.73 380.37 1135.98 517.56 987.13 634.82 1057.46 634.21
00008266 00000070 682.36 224.67 458.30 572.48 983.09 386.09 1076.22 380.20 1136.76 517.98 987.30 633.65 1053.64 632.95
00008267 00000071 682.20 226.10 458.53 570.11 982.94 385.19 1075.69 379.22 1137.28 514.92 987.43 631.17 1053.92 630.33
00008268 00000072 681.33 234.36 459.85 559.09 981.35 382.71 1074.66 379.46 1136.35 509.78 990.41 626.94 1056.84 628.28
00008269 00000073 683.94 232.55 456.82 557.46 980.11 379.66 1075.75 375.64 1137.32 505.37 994.07 623.36 1063.42 623.06
00008270 00000074 684.64 222.94 454.37 566.12 979.97 376.53 1081.41 374.36 1138.78 501.50 995.27 620.42 1070.22 620.94
00008271 00000075 690.07 218.06 452.75 569.10 983.73 374.37 1086.78 373.27 1140.70 499.98 996.31 619.32 1073.60 620.75
00008272 00000076 694.01 221.67 455.30 571.89 989.45 372.42 1087.47 372.75 1145.02 501.10 1000.45 623.39 1072.80 625.58
00008273 00000077 693.48 235.10 463.17 567.15 1004.52 380.23 1084.30 370.76 1152.82 513.69 1008.07 628.74 1064.85 624.77
00008274 00000078 696.75 247.14 462.70 557.55 1010.95 382.24 1082.34 376.48 1153.23 519.42 1005.30 629.49 1056.84 628.82
00008275 00000079 699.22 247.50 459.64 558.09 1012.38 385.15 1080.39 380.28 1152.38 522.41 1000.70 629.43 1051.83 629.78
00008276 00000080 701.88 240.14 454.19 565.57 1015.90 385.03 1078.10 382.09 1150.39 523.12 998.45 627.83 1046.36 629.79
00008277 00000081 703.03 230.72 451.84 570.64 1015.54 385.31 1079.00 381.55 1149.24 527.07 997.43 632.83 1046.01 633.97
00008278 00000082 704.47 223.20 445.30 574.95 1015.13 384.20 1076.38 382.55 1146.30 524.04 999.23 627.49 1045.88 630.33
00008279 00000083 703.99 222.00 441.14 572.15 1012.31 382.39 1075.08 384.10 1140.99 520.00 997.11 620.71 1045.02 625.96
00008280 00000084 704.06 209.73 441.27 582.02 1006.53 371.89 1078.90 379.03 1137.69 506.42 997.98 619.79 1048.33 629.14
00008281 00000085 694.51 214.53 448.66 575.62 997.97 370.82 1075.41 375.24 1136.88 502.43 995.42 616.56 1050.84 623.96
00008282 00000086 669.72 205.57 459.81 578.41 982.29 366.83 1059.52 367.59 1130.50 496.36 989.88 612.35 1044.75 617.34
00008283 00000087 654.48 206.23 467.59 581.04 957.44 365.81 1062.48 371.22 1116.60 496.29 973.25 615.20 1049.58 621.82
00008284 00000088 631.12 208.80 482.80 582.77 931.53 362.16 1064.87 365.17 1101.13 500.80 947.89 621.11 1047.19 624.55
00008285 DELETE   618.93 211.36 483.50 579.29 908.67 374.54 1060.08 370.53 1079.20 512.08 928.86 630.98 1042.13 628.17
00008286 00000090 601.66 231.91 499.36 566.02 884.71 388.97 1058.00 375.63 1065.69 531.71 914.69 642.81 1040.09 632.39
00008287 DELETE   604.82 243.35 487.49 568.24 866.12 392.88 1042.43 376.92 1052.15 535.06 898.79 655.96 1037.83 643.47
00008288 00000092 594.40 257.21 492.27 561.03 857.26 399.52 1035.72 380.82 1046.01 541.63 892.55 658.67 1033.84 643.99
00008289 00000093 584.06 257.58 502.45 564.01 851.23 401.07 1028.92 372.64 1034.93 541.32 882.05 662.14 1020.48 638.35
00008290 00000094 574.67 262.38 500.73 559.41 840.47 401.79 1020.62 383.80 1031.51 547.85 875.22 658.37 1017.20 645.27
00008291 00000095 564.42 250.74 499.73 568.83 831.00 398.17 1008.78 378.47 1023.33 544.21 865.59 656.31 1004.70 642.02
00008292 00000096 560.57 228.21 496.08 585.80 822.20 387.40 1006.66 371.93 1009.40 532.65 862.14 652.27 1003.01 639.44
00008293 00000097 557.77 208.38 496.06 600.98 820.05 379.99 1007.79 364.63 1002.51 526.02 859.88 650.01 1001.88 636.48
00008294 00000098 554.19 182.98 499.83 623.10 819.55 376.26 1005.46 357.92 999.14 515.75 855.51 641.39 997.93 625.78
00008295 00000099 553.00 176.38 497.86 627.24 817.64 372.09 1000.06 354.31 995.88 506.97 850.13 634.06 992.62 619.34
00008296 00000100 551.74 171.92 496.37 630.15 814.94 368.35 996.16 352.76 990.93 502.16 846.21 630.27 988.46 617.33
00008297 00000101 554.07 166.25 495.13 635.57 814.71 361.99 994.37 344.89 989.78 495.97 843.03 624.29 987.50 610.29
00008298 00000102 557.50 152.98 491.64 643.34 814.84 356.43 996.42 340.48 987.55 490.51 842.96 617.68 989.43 604.35
00008299 00000103 560.61 142.02 489.56 652.51 817.72 353.39 998.95 337.44 988.95 485.27 843.56 613.58 992.70 600.48
00008300 00000104 555.83 130.14 494.98 654.66 809.42 351.56 998.53 341.30 984.89 483.61 842.11 611.16 996.05 601.21
00008301 00000105 555.83 128.78 496.62 651.33 810.54 349.53 1000.44 337.50 988.48 480.62 842.34 606.88 998.49 595.64
00008302 00000106 557.68 127.07 495.99 649.15 810.74 346.12 1000.90 334.17 989.25 476.73 841.60 601.63 999.30 590.56
00008303 00000107 557.17 128.17 498.94 647.68 810.88 346.07 1001.69 333.95 988.95 475.39 840.91 600.51 999.63 589.56
00008304 00000108 558.57 129.01 496.99 647.48 810.80 346.80 1001.12 335.83 987.29 476.52 839.51 600.18 998.19 590.21
00008305 00000109 560.17 129.86 494.94 645.58 811.31 348.67 1000.87 336.35 987.31 478.40 841.06 600.88 998.91 589.58
00008306 00000110 561.83 138.52 493.60 637.16 813.26 351.41 1001.26 337.64 989.86 479.31 842.93 601.25 1000.44 588.92
00008307 00000111 566.90 139.89 489.65 632.59 817.44 348.93 1002.10 336.36 992.94 476.38 850.17 600.74 1002.48 589.24
00008308 00000112 567.56 140.96 488.96 630.87 820.97 342.88 1003.05 334.44 996.54 470.86 853.93 597.63 1003.95 589.41
00008309 00000113 570.70 136.28 485.94 632.36 823.89 340.39 1004.64 331.65 998.98 467.68 856.78 594.04 1006.90 585.55
00008310 00000114 566.08 133.02 485.25 635.63 821.04 341.71 999.12 330.28 996.69 467.42 854.97 594.38 1002.40 583.54
00008311 00000115 559.33 133.59 487.12 633.53 813.99 342.57 995.15 330.36 990.88 467.75 851.14 594.39 999.58 582.51
00008312 00000116 549.11 134.40 488.93 629.86 805.07 343.07 984.27 331.48 983.49 465.65 844.00 593.26 989.29 581.99
00008313 00000117 539.85 118.08 491.06 648.53 795.14 337.98 975.84 329.48 971.34 461.01 833.09 591.62 979.59 582.78
00008314 00000118 529.09 107.06 491.44 665.26 785.16 337.44 966.62 329.53 961.15 459.66 819.49 589.69 968.89 581.47
00008315 00000119 517.45 99.41 492.50 672.51 775.88 336.28 957.65 329.80 951.63 459.65 805.12 589.42 957.17 582.68
00008316 00000120 513.29 92.82 490.88 678.99 768.95 333.52 948.04 328.87 940.48 456.64 800.31 588.34 950.08 582.93
00008317 00000121 509.20 98.44 491.98 674.86 755.89 334.09 941.96 319.87 936.03 458.67 802.94 600.99 950.79 587.61
00008318 DELETE   509.60 98.55 491.24 672.40 755.23 338.46 943.19 325.77 934.39 459.00 803.07 600.60 952.25 588.03
00008319 00000123 509.95 96.87 492.67 672.68 756.75 338.02 944.70 323.68 937.35 458.55 803.95 599.97 953.16 586.37
00008320 DELETE   511.18 98.87 491.39 673.38 759.14 334.03 945.45 319.75 942.32 455.34 805.73 598.31 955.33 584.96
00008321 00000125 517.09 99.23 485.67 668.90 765.84 332.82 951.78 322.54 948.52 455.69 808.62 595.12 956.98 585.25
00008322 DELETE   520.83 96.88 488.75 669.70 778.98 332.96 964.27 332.57 952.36 459.74 809.30 584.97 958.74 582.80
00008323 00000127 530.40 110.16 485.85 656.29 783.21 335.09 969.73 333.37 955.21 464.85 815.31 586.36 964.44 582.91
00008324 00000128 526.52 112.35 490.85 656.22 786.10 341.03 971.06 339.21 958.93 469.75 813.48 589.55 962.25 586.42
00008325 DELETE   525.68 116.69 492.91 655.76 784.92 344.58 972.40 344.16 956.89 476.21 809.62 593.89 960.43 592.01
00008326 00000130 523.55 122.55 490.25 650.13 780.56 347.78 969.50 349.58 950.96 483.57 807.14 599.34 956.66 599.54
00008327 00000131 519.89 144.22 482.50 632.94 763.72 349.74 957.08 343.13 939.80 482.13 801.98 610.27 953.64 603.20
00008328 00000132 512.42 148.65 485.45 630.67 754.56 351.35 948.43 342.65 929.71 483.92 794.07 610.59 948.29 601.79
00008329 00000133 505.40 142.90 490.01 633.39 748.67 357.64 942.20 344.16 923.62 484.94 788.66 612.50 941.89 599.98
00008330 00000134 498.10 139.03 495.26 636.78 745.96 359.79 936.11 342.15 923.93 483.90 784.24 612.09 935.40 596.72
00008331 00000135 492.55 126.97 498.75 650.72 741.93 350.64 933.78 335.12 921.05 476.29 783.49 608.40 936.81 594.13
00008332 00000136 491.89 117.60 500.11 658.57 739.90 344.24 933.48 331.05 918.23 470.25 784.01 605.24 937.04 592.47
00008333 00000137 493.81 106.06 499.79 671.10 739.32 338.83 935.65 327.89 917.53 467.75 783.68 604.59 938.58 593.73
00008334 00000138 493.87 108.02 500.53 667.97 739.55 338.77 936.72 326.86 918.43 468.30 784.91 604.87 940.13 593.07
00008335 00000139 493.77 111.70 502.48 663.29 740.73 339.62 937.39 326.14 919.73 470.14 785.12 605.00 939.86 592.03
00008336 00000140 498.93 112.04 498.29 664.11 745.14 341.07 941.78 328.96 923.67 473.27 789.87 608.04 943.26 595.98
00008337 DELETE   503.41 123.83 495.18 653.70 747.61 341.60 945.57 331.06 926.43 474.44 793.06 608.16 948.32 597.24
00008338 00000142 505.98 133.85 493.72 641.97 752.90 341.80 950.72 333.34 933.11 477.10 798.51 608.89 952.56 599.77
00008339 00000143 511.53 133.39 488.73 642.63 760.36 341.52 952.98 332.70 940.89 477.60 804.09 610.65 952.88 601.51
00008340 00000144 513.38 132.73 485.80 642.98 765.71 340.47 953.38 332.12 946.62 477.03 807.63 609.91 953.06 601.41
00008341 00000145 513.53 135.32 481.12 638.36 766.82 336.87 949.33 329.38 947.23 471.98 807.59 606.51 948.88 598.87
00008342 00000146 511.73 124.44 481.79 647.20 765.92 330.82 945.85 323.16 944.73 464.00 805.87 600.96 946.79 593.23
00008343 00000147 503.36 114.27 487.21 654.94 761.30 326.59 941.79 317.73 943.39 457.63 801.86 594.46 945.52 585.49
00008344 00000148 502.66 101.10 487.93 661.32 758.98 319.80 942.43 311.34 940.20 451.05 799.82 586.53 945.87 577.87
00008345 00000149 500.29 95.75 488.80 664.04 755.04 314.68 938.89 308.53 933.14 444.28 797.43 580.78 944.29 573.70
00008346 00000150 500.03 89.36 486.73 669.48 754.44 312.28 934.38 303.55 930.80 439.79 798.28 578.61 942.99 569.14
00008347 00000151 501.40 82.83 486.23 673.25 757.22 310.59 935.77 302.35 933.54 436.70 800.83 575.49 943.74 566.56
00008348 00000152 503.08 79.48 487.79 673.55 760.21 309.15 936.64 301.68 936.59 432.66 804.07 571.81 945.87 563.53
00008349 00000153 509.75 77.50 483.49 669.58 764.97 310.26 940.46 302.57 941.31 432.38 808.94 571.33 949.34 562.91
00008350 00000154 513.22 78.62 481.97 668.42 768.77 311.41 943.64 303.94 947.23 432.58 814.06 572.34 953.72 564.07
00008351 00000155 517.03 74.25 480.28 674.15 773.42 312.42 947.66 304.21 952.92 434.67 817.79 573.15 958.14 564.70
00008352 00000156 519.41 79.34 478.30 667.88 777.35 314.21 951.70 307.91 958.70 436.80 819.23 572.52 960.94 565.65
00008353 00000157 522.32 82.39 476.62 664.91 781.35 314.85 955.37 308.75 964.14 437.81 823.58 573.85 963.88 567.21
00008354 00000158 522.87 82.76 477.46 664.82 783.63 315.40 957.88 309.72 965.86 440.21 823.77 573.80 964.44 567.77
00008355 00000159 523.27 89.33 475.32 659.20 783.13 314.40 956.80 309.79 965.64 439.92 823.48 574.02 963.89 568.78
00008356 00000160 521.35 92.61 473.82 658.94 783.41 314.21 953.93 310.63 965.03 439.75 822.88 575.99 959.91 571.52
00008357 00000161 520.77 95.87 475.50 658.68 780.79 313.43 952.30 309.58 961.27 441.33 820.31 576.44 958.18 571.80
00008358 00000162 514.11 88.45 477.50 666.47 775.50 312.31 948.21 309.95 954.14 443.23 815.64 579.40 951.64 575.96
00008359 00000163 503.71 96.41 483.96 660.33 764.33 311.26 942.29 309.87 942.02 444.76 805.55 579.28 944.35 576.25
00008360 00000164 497.97 100.25 481.99 653.36 755.99 313.32 936.95 312.17 931.63 445.95 797.05 577.35 939.16 574.03
00008361 00000165 494.19 93.94 481.45 661.04 753.34 313.64 932.81 309.65 928.10 444.26 793.61 577.72 935.64 572.19
00008362 00000166 493.68 87.55 481.32 669.47 753.09 312.70 930.50 308.99 926.48 442.67 793.14 577.97 933.61 572.74
00008363 00000167 490.93 86.35 483.59 672.31 751.53 312.94 929.67 308.22 926.05 442.93 792.02 579.25 932.60 573.13
00008364 00000168 490.94 86.81 482.59 668.25 749.58 313.14 931.93 308.57 923.87 444.02 788.60 577.08 933.07 571.07
00008365 00000169 490.60 86.94 482.21 667.63 747.64 313.04 930.27 307.42 921.19 444.52 785.17 576.35 930.40 569.47
00008366 00000170 487.75 92.84 484.36 662.21 745.03 315.82 930.31 309.87 919.12 448.71 782.03 579.43 927.62 572.41
00008367 00000171 481.93 94.97 488.51 661.30 741.70 319.04 928.52 312.46 918.06 452.64 776.95 582.20 921.44 574.82
00008368 00000172 480.22 97.02 486.20 657.79 737.22 320.04 923.27 313.94 912.34 451.31 773.96 580.97 919.58 573.63
00008369 00000173 473.96 85.40 491.49 669.17 732.10 318.26 918.59 311.23 906.80 447.27 768.50 579.41 915.87 571.29
00008370 00000174 471.03 76.62 491.59 676.00 729.18 316.34 910.31 308.40 902.43 440.33 764.73 574.99 911.51 566.27
00008371 00000175 463.71 59.21 493.00 689.31 718.01 314.45 898.59 308.29 898.19 426.49 757.07 570.41 912.14 565.12
00008372 00000176 459.38 53.39 497.18 694.91 714.16 311.25 895.00 304.17 892.87 422.93 752.53 568.10 908.13 562.07
00008373 00000177 460.23 48.12 498.47 699.31 715.16 309.19 894.84 303.46 891.09 421.58 749.43 564.49 905.95 559.49
00008374 00000178 463.63 54.86 497.09 690.28 716.07 312.62 900.22 306.51 894.34 423.39 754.27 567.06 911.14 561.75
00008375 DELETE   471.49 61.22 491.85 683.97 731.45 316.85 912.71 309.19 905.29 430.80 772.42 572.72 916.99 564.23
00008376 DELETE   485.58 80.48 487.44 666.80 740.96 319.27 929.19 315.96 915.50 443.98 783.05 578.54 930.09 573.40
00008377 DELETE   494.01 99.22 490.33 658.41 748.11 321.85 937.31 316.83 925.67 451.79 792.19 587.50 937.10 580.96
00008378 00000182 505.42 113.25 485.53 644.56 756.64 325.88 943.11 318.51 936.90 456.59 804.21 593.95 947.06 585.47
00008379 00000183 513.38 117.24 481.40 643.27 762.17 326.65 949.20 318.43 943.98 459.05 807.74 598.12 951.34 589.51
00008380 00000184 516.31 120.86 480.58 643.13 766.48 327.23 954.06 322.17 947.44 462.15 809.93 600.56 952.87 594.60
00008381 00000185 516.63 122.07 480.88 644.63 769.12 328.19 953.42 323.15 948.89 462.98 810.95 600.88 951.60 595.09
00008382 00000186 515.55 122.88 480.64 645.76 770.24 327.37 951.66 321.28 951.14 461.60 810.51 599.13 951.26 592.74
00008383 00000187 513.10 121.94 483.08 645.22 769.23 324.25 950.97 319.17 950.96 458.18 808.40 595.01 950.27 589.57
00008384 00000188 513.22 116.09 482.92 649.00 769.77 322.46 950.87 315.90 952.60 454.59 808.91 591.95 951.36 585.30
00008385 00000189 514.89 108.13 481.43 653.41 770.62 321.04 952.43 316.31 952.28 451.05 811.49 588.84 953.97 583.46
00008386 00000190 515.01 103.26 481.11 655.23 772.04 324.47 949.89 315.38 954.96 449.66 813.44 587.32 953.86 578.38
00008387 DELETE   516.64 100.13 479.87 657.05 773.13 325.50 952.03 316.06 957.58 449.54 815.93 587.18 956.74 577.84
00008388 00000192 517.10 100.56 483.32 659.07 772.88 326.33 953.32 314.73 958.21 451.19 815.90 588.43 958.60 577.50
00008389 00000193 519.97 108.59 481.28 652.04 774.94 327.75 956.45 315.82 960.74 453.90 818.76 591.70 960.71 580.36
00008390 00000194 524.12 115.21 478.54 645.59 781.45 332.38 958.32 316.95 967.54 458.23 826.00 597.25 963.52 583.23
00008391 00000195 525.97 117.90 485.25 642.62 790.08 338.12 968.81 328.76 969.73 463.91 829.70 588.18 969.38 579.04
00008392 00000196 533.84 141.58 484.38 616.29 800.24 341.56 973.39 333.58 981.22 467.39 838.52 589.75 971.49 582.61
00008393 DELETE   543.12 155.50 481.04 602.70 816.99 347.16 978.70 341.42 992.71 472.13 852.07 592.11 974.64 587.56
00008394 00000198 550.40 183.95 481.17 578.96 832.32 348.94 980.69 345.35 1006.94 474.77 866.80 593.49 980.37 592.03
00008395 00000199 575.55 194.58 466.42 569.84 857.93 346.57 990.55 338.55 1022.86 481.00 882.14 604.45 979.54 599.00
00008396 00000200 591.91 193.34 463.80 576.58 874.26 349.99 1002.71 342.75 1038.75 481.24 898.85 608.15 991.82 603.17
00008397 00000201 604.58 207.87 464.63 563.62 887.80 355.25 1009.08 351.51 1051.01 483.85 911.67 608.41 999.79 606.32
00008398 00000202 614.00 203.11 464.04 572.59 901.83 357.85 1016.37 354.71 1062.01 488.76 919.04 611.95 1003.42 611.37
00008399 00000203 613.64 205.27 467.42 576.28 902.65 359.84 1018.72 355.63 1063.72 493.49 918.01 616.77 1003.71 615.22
00008400 00000204 613.68 214.78 469.81 574.55 904.15 363.14 1024.56 362.64 1064.19 501.33 912.83 621.48 1002.27 623.29
00008401 00000205 615.25 212.23 471.09 581.71 908.26 368.81 1028.23 368.36 1067.02 507.65 914.00 627.66 1002.69 629.95
00008402 00000206 615.56 221.85 475.93 572.16 922.71 379.32 1042.06 374.31 1081.38 520.63 926.08 635.29 1013.18 632.98
00008403 00000207 618.75 229.91 481.10 567.10 931.26 382.95 1043.24 376.82 1088.82 524.33 933.21 637.48 1013.22 635.09
00008404 00000208 624.23 229.62 480.54 570.76 938.70 384.40 1046.70 378.59 1095.80 526.69 939.44 639.56 1016.96 637.86
00008405 00000209 626.42 230.10 481.10 572.06 945.37 384.17 1043.90 376.96 1101.16 525.73 945.28 639.19 1014.84 636.88
00008406 00000210 626.20 227.90 475.64 573.20 941.86 382.20 1041.76 377.04 1095.84 524.07 942.21 637.25 1013.36 636.20
00008407 00000211 615.04 224.61 475.31 573.73 929.18 382.17 1036.62 376.78 1085.26 524.74 931.74 640.20 1007.35 637.99
00008408 00000212 595.07 211.44 483.32 595.33 894.11 370.20 1020.98 371.53 1057.65 515.22 904.65 637.18 996.78 640.38
00008409 00000213 569.93 208.38 486.75 600.15 866.99 370.90 1009.31 371.85 1038.00 518.80 886.01 643.51 988.99 645.25
00008410 00000214 556.53 208.66 491.79 598.36 853.13 371.02 1001.87 363.58 1028.94 515.64 876.50 641.05 987.63 635.73
00008411 00000215 544.38 192.72 492.90 606.36 838.52 370.08 995.24 355.14 1020.22 510.33 864.97 633.66 986.51 621.83
00008412 00000216 537.93 189.41 494.27 597.77 825.56 372.53 992.52 357.67 1007.04 507.87 856.79 628.39 984.70 615.75
00008413 00000217 534.39 180.65 497.08 607.16 817.15 370.78 986.02 346.06 999.70 504.38 850.55 627.72 980.25 607.04
00008414 00000218 524.90 175.97 506.72 611.55 810.24 363.78 981.37 349.64 1003.28 498.31 849.39 617.38 981.68 607.37
00008415 00000219 523.62 164.60 504.17 625.45 806.66 360.35 976.52 344.85 998.84 493.48 846.07 615.95 978.57 604.37
00008416 00000220 524.43 164.25 501.16 620.55 802.25 359.02 973.79 343.21 993.94 491.48 844.80 614.96 978.21 602.99
00008417 00000221 518.11 161.59 504.89 626.17 796.59 359.83 967.11 339.20 990.75 491.23 840.77 617.04 974.67 601.43
00008418 00000222 515.78 155.45 503.12 631.66 790.20 361.98 962.98 340.17 982.85 492.14 835.08 617.63 971.50 601.00
00008419 00000223 521.13 164.70 495.33 626.87 781.84 355.67 962.46 333.09 974.64 485.86 832.46 624.27 976.88 603.98
00008420 00000224 516.92 135.58 501.55 648.78 779.53 354.60 967.99 336.28 967.68 490.24 822.56 615.53 973.22 599.99
00008421 00000225 520.11 128.31 501.78 652.00 780.91 349.83 971.33 333.19 966.60 485.26 823.55 611.25 976.93 596.46
00008422 00000226 527.98 129.99 499.44 646.24 787.72 344.12 978.55 332.29 971.64 478.74 832.23 607.73 983.47 596.17
00008423 00000227 538.04 125.31 495.01 645.98 794.02 340.89 982.06 330.30 975.69 472.02 840.99 604.16 988.89 593.33
00008424 00000228 545.49 130.03 490.68 636.11 799.38 340.77 985.60 329.09 982.56 468.54 849.02 601.47 995.06 589.66
00008425 00000229 549.40 133.13 493.29 633.54 804.93 345.79 992.91 332.51 987.59 472.33 851.24 603.00 1001.02 589.94
00008426 00000230 553.55 138.10 491.53 630.56 806.84 349.31 995.71 336.00 988.43 475.90 853.45 605.66 1003.98 592.61
00008427 00000231 557.75 141.40 490.31 630.03 807.92 353.76 998.88 339.18 989.22 478.95 853.72 608.95 1006.29 594.88
00008428 00000232 564.15 141.66 484.44 632.70 811.41 352.23 1001.12 339.58 991.28 478.57 856.85 610.93 1007.93 598.43
00008429 00000233 569.16 138.98 485.37 640.28 816.46 351.00 1006.21 339.51 995.74 478.22 861.07 612.29 1012.26 600.50
00008430 00000234 574.70 142.41 484.05 634.24 822.24 349.65 1008.66 338.45 1000.92 477.41 868.35 611.59 1016.42 600.25
00008431 00000235 577.64 139.54 485.01 639.49 826.42 346.38 1011.17 333.98 1006.43 476.71 873.01 612.43 1018.83 600.08
00008432 00000236 581.16 137.16 482.60 641.67 829.47 343.51 1012.17 332.38 1011.45 472.36 877.36 610.91 1022.18 599.73
00008433 00000237 583.06 126.56 483.98 654.77 831.49 340.04 1013.41 328.43 1014.33 468.42 882.05 611.68 1025.30 600.12
00008434 00000238 584.74 114.77 484.65 670.87 835.69 337.54 1016.86 323.48 1021.23 464.17 885.36 611.08 1029.78 597.78
00008435 00000239 592.16 118.34 479.76 663.27 846.91 338.05 1024.37 324.03 1037.15 461.82 898.54 609.99 1039.73 596.56
00008436 00000240 597.17 125.24 476.85 652.76 854.65 341.73 1029.86 330.42 1046.10 461.96 909.53 610.27 1048.22 598.76
00008437 00000241 596.09 123.14 480.99 656.16 858.45 340.42 1026.75 331.46 1042.92 466.03 904.08 602.78 1041.64 594.50
00008438 00000242 593.12 118.78 482.50 664.94 853.20 342.11 1025.26 335.41 1034.58 466.90 896.97 602.94 1038.90 596.24
00008439 00000243 587.29 109.89 487.98 676.29 843.88 342.47 1024.27 336.78 1022.71 467.10 882.21 601.65 1034.23 595.44
00008440 00000244 584.29 107.85 490.22 680.27 832.99 344.54 1019.60 330.86 1015.45 468.01 878.80 613.96 1029.66 601.15
00008441 00000245 581.74 106.67 492.06 679.68 830.82 344.50 1018.76 330.63 1013.68 468.07 876.39 613.09 1027.47 600.21
00008442 00000246 584.01 108.91 490.79 676.67 834.41 344.05 1020.96 330.61 1017.54 467.49 878.39 611.41 1029.71 598.78
00008443 00000247 589.32 117.02 487.92 664.85 841.50 343.71 1025.44 328.14 1027.92 465.26 887.61 610.82 1035.62 596.35
00008444 00000248 589.86 115.75 488.70 663.17 849.92 344.66 1029.45 336.41 1028.61 471.32 884.76 600.45 1034.86 592.47
00008445 00000249 592.82 122.53 487.63 658.95 851.54 349.20 1030.42 337.92 1030.52 476.81 885.32 603.69 1034.44 593.59
00008446 00000250 594.97 123.01 488.20 660.24 853.45 351.50 1033.77 339.31 1031.41 480.97 886.53 607.02 1036.45 596.20
00008447 00000251 599.61 126.15 487.04 656.93 856.10 351.47 1036.27 339.53 1033.33 482.49 889.08 608.04 1036.87 597.62
00008448 00000252 604.58 129.92 485.49 651.35 859.55 349.74 1042.46 339.77 1038.90 482.44 894.01 607.36 1042.96 598.34
00008449 00000253 607.51 129.35 486.70 650.94 864.55 348.96 1046.29 342.72 1043.25 478.14 899.05 605.32 1047.19 599.04
00008450 00000254 612.62 122.99 485.74 650.22 867.55 342.56 1048.79 338.18 1044.92 469.15 906.02 599.41 1051.09 594.01
00008451 00000255 614.72 119.10 485.11 649.91 870.45 339.62 1050.99 337.05 1045.87 465.92 906.12 595.92 1051.00 591.88
00008452 00000256 616.36 120.73 486.19 649.92 872.33 342.07 1052.70 339.22 1046.68 467.86 905.85 597.44 1050.95 593.30
00008453 00000257 618.98 132.61 487.11 643.37 874.13 350.52 1055.15 346.78 1048.62 472.85 904.65 600.20 1054.37 595.81
00008454 00000258 623.23 134.02 484.24 641.08 877.38 353.80 1057.26 348.72 1051.24 474.80 909.12 601.72 1058.00 596.20
00008455 00000259 627.67 139.02 481.23 639.10 881.91 355.92 1061.04 349.75 1057.79 477.90 913.50 604.42 1061.72 598.28
00008456 00000260 637.25 143.78 476.74 644.75 897.25 359.08 1060.09 342.63 1065.56 480.70 919.53 605.08 1057.65 591.78
00008457 00000261 641.90 147.01 473.97 644.34 898.39 358.22 1064.30 344.25 1067.04 481.47 920.84 606.78 1061.45 595.03
00008458 00000262 644.71 147.14 471.95 644.53 900.19 358.33 1064.86 345.77 1068.37 481.93 923.13 608.05 1062.10 597.49
00008459 00000263 647.54 149.47 471.05 642.07 902.49 357.04 1065.39 345.78 1069.49 481.99 924.35 607.49 1062.39 598.03
00008460 00000264 649.56 151.04 470.10 641.85 904.59 356.78 1067.45 346.09 1073.32 481.20 929.70 610.02 1066.14 600.74
00008461 00000265 650.39 156.71 470.32 636.90 905.93 355.66 1067.12 346.47 1074.40 481.33 933.26 611.69 1066.59 603.40
00008462 00000266 649.97 155.18 472.06 639.78 907.35 355.38 1066.98 347.01 1076.58 481.24 934.84 611.74 1067.49 604.26
00008463 00000267 649.10 152.35 471.36 640.31 907.20 355.67 1065.96 346.53 1076.32 480.76 935.43 611.47 1066.33 603.35
00008464 00000268 647.39 151.16 471.32 641.61 906.21 355.90 1064.78 346.30 1075.27 480.69 935.62 612.50 1064.84 603.94
00008465 00000269 646.79 156.53 470.66 637.37 904.22 355.76 1064.37 347.54 1073.51 481.25 933.97 613.01 1064.25 605.37
00008466 00000270 646.69 161.34 469.24 633.34 901.25 357.53 1063.37 349.02 1071.11 481.77 931.86 613.99 1064.31 605.99
00008467 00000271 645.20 162.23 468.53 632.10 901.31 358.62 1062.02 351.58 1070.48 482.77 930.29 613.80 1061.48 607.18
00008468 00000272 645.09 158.34 466.57 634.63 900.08 358.21 1061.71 351.84 1067.00 482.81 928.54 612.38 1060.19 606.26
00008469 00000273 644.70 145.31 465.55 645.06 903.02 357.47 1060.82 349.33 1069.33 481.18 928.09 607.15 1058.98 600.50
00008470 00000274 634.51 136.39 471.15 643.94 887.95 353.37 1062.27 353.20 1060.68 474.74 919.33 602.10 1063.61 600.39
00008471 00000275 632.55 130.05 471.07 647.72 888.34 350.09 1061.99 355.23 1059.70 470.27 918.38 597.37 1062.20 599.72
00008472 00000276 630.74 128.47 471.90 646.40 888.81 348.57 1060.74 353.10 1060.33 468.45 919.63 595.40 1061.17 597.21
00008473 00000277 629.64 129.58 472.90 643.95 889.18 349.29 1060.54 353.33 1061.20 467.80 919.76 593.56 1060.94 594.97
00008474 00000278 633.08 130.92 471.15 641.83 891.13 349.32 1064.00 353.33 1064.30 468.77 923.27 594.93 1065.27 596.12
00008475 00000279 634.60 130.78 469.34 641.81 892.14 349.35 1065.09 355.55 1065.05 467.55 926.19 594.71 1067.49 597.62
00008476 00000280 635.27 131.39 469.57 643.33 892.02 350.05 1063.50 354.61 1064.54 467.91 926.80 597.21 1068.44 598.79
00008477 00000281 636.72 133.19 469.14 645.74 891.98 350.49 1064.15 356.40 1064.49 469.10 927.05 600.66 1068.81 603.47
00008478 00000282 637.39 135.36 469.51 642.96 893.61 353.18 1066.59 357.31 1067.21 471.71 929.28 602.29 1070.87 603.79
00008479 00000283 642.26 144.35 467.56 640.49 907.08 356.14 1061.48 350.78 1077.65 473.84 937.49 606.56 1061.46 601.96
00008480 00000284 643.04 152.57 468.69 635.66 904.50 356.51 1063.00 349.27 1077.23 477.16 936.64 610.84 1063.79 604.17
00008481 00000285 642.30 149.92 470.47 638.86 901.01 354.99 1065.46 347.77 1071.78 478.70 930.22 610.63 1062.65 603.94
00008482 00000286 631.80 132.67 476.24 649.26 879.96 358.58 1067.92 359.43 1054.57 481.88 912.45 609.22 1063.09 608.09
00008483 DELETE   619.53 121.93 484.09 664.89 865.74 359.09 1054.14 364.64 1034.71 484.48 894.16 609.37 1046.79 612.18
00008484 00000288 614.48 116.96 484.73 671.09 862.12 360.61 1046.01 369.45 1024.75 491.62 885.11 611.83 1034.72 617.74
00008485 DELETE   614.07 126.49 481.24 658.15 860.75 365.57 1042.87 370.50 1023.50 494.92 884.99 614.48 1032.75 617.75
00008486 00000290 610.99 134.44 483.49 649.09 860.59 370.28 1040.20 371.30 1025.68 495.30 886.82 614.66 1033.46 615.13
00008487 DELETE   610.64 138.86 486.26 643.77 862.84 370.30 1041.91 366.99 1030.40 492.68 890.79 613.68 1036.34 610.70
00008488 00000292 611.20 139.82 485.99 639.15 862.39 368.33 1045.91 363.69 1033.85 490.13 891.68 610.91 1040.04 606.75
00008489 00000293 612.92 136.59 483.95 639.26 862.02 366.63 1044.24 360.32 1033.12 487.60 893.05 607.85 1041.19 601.97
00008490 00000294 611.43 138.05 480.93 638.55 860.79 366.39 1041.21 359.29 1031.96 490.07 889.51 608.01 1036.97 601.76
00008491 00000295 610.70 139.06 477.74 638.93 860.17 366.51 1037.69 360.45 1029.71 491.46 889.05 609.16 1033.49 603.87
00008492 00000296 610.41 142.12 473.67 635.03 860.68 365.29 1035.77 361.67 1029.04 492.16 889.76 609.42 1030.72 606.44
00008493 00000297 608.62 145.08 474.26 632.25 859.70 364.02 1034.34 361.36 1028.57 491.04 889.28 608.61 1029.86 606.56
00008494 00000298 608.46 147.11 472.96 630.31 860.00 361.27 1032.93 360.52 1028.00 489.34 889.01 607.05 1028.04 606.69
00008495 00000299 605.28 150.68 471.51 624.77 860.55 359.72 1029.18 360.81 1028.02 487.94 890.55 605.04 1023.99 606.50
00008496 00000300 614.00 161.92 458.81 621.04 857.25 357.54 1026.04 352.63 1027.17 483.97 890.59 612.21 1025.25 606.57
00008497 00000301 613.00 163.05 457.31 616.73 855.44 358.29 1022.93 353.61 1024.08 484.41 889.07 612.00 1022.36 606.26
00008498 00000302 608.87 161.04 456.88 618.54 851.94 359.13 1019.89 354.71 1020.45 485.67 884.29 611.95 1017.77 606.49
00008499 00000303 603.58 161.12 459.20 622.39 847.05 358.93 1014.18 354.50 1014.19 486.89 876.69 613.79 1010.66 608.73
00008500 00000304 598.92 162.55 461.45 622.67 843.80 359.08 1009.49 355.82 1009.39 486.64 872.25 614.19 1005.39 610.33
00008501 00000305 597.72 163.95 461.33 621.83 843.68 358.74 1008.63 355.58 1008.84 485.97 873.00 614.93 1004.89 610.99
00008502 00000306 597.23 164.98 461.74 618.00 843.65 358.78 1008.41 353.29 1010.26 485.77 874.32 614.22 1006.49 608.27
00008503 00000307 597.29 166.17 462.96 612.09 845.16 358.12 1010.60 349.99 1013.82 485.64 876.50 611.36 1009.26 603.21
00008504 00000308 597.97 159.77 462.44 615.64 846.56 357.96 1009.69 348.23 1014.79 484.11 877.02 608.15 1008.29 598.89
00008505 00000309 596.31 158.23 464.21 616.99 845.42 357.01 1007.76 347.76 1012.61 482.74 874.28 606.90 1005.01 598.11
00008506 00000310 593.35 159.76 464.92 612.38 837.66 358.49 1012.60 352.61 1008.60 477.84 872.00 605.23 1011.71 598.85
00008507 00000311 591.60 150.96 464.40 618.24 835.13 354.54 1011.29 351.14 1004.49 474.65 871.90 604.38 1010.83 599.59
00008508 00000312 588.84 146.33 466.35 622.83 833.73 352.42 1009.98 351.05 1002.03 472.29 869.93 603.16 1009.06 599.83
00008509 00000313 587.69 143.23 467.14 626.48 833.80 350.62 1009.17 350.35 1002.73 470.55 870.19 602.89 1008.29 600.63
00008510 00000314 590.71 140.50 465.22 628.80 835.43 350.29 1010.14 348.31 1005.27 470.09 871.50 602.82 1009.07 599.20
00008511 00000315 592.36 141.38 466.19 627.67 839.01 350.45 1014.25 347.58 1010.24 470.83 874.75 603.50 1011.93 599.27
00008512 00000316 595.16 138.01 465.60 630.39 841.86 349.07 1018.47 345.78 1015.57 469.34 877.67 603.21 1015.87 598.67
00008513 00000317 598.78 131.41 465.16 634.68 847.08 346.48 1023.33 346.67 1019.15 467.16 881.31 601.21 1019.22 599.37
00008514 00000318 600.60 126.84 465.93 637.62 848.64 343.50 1026.27 345.02 1020.79 465.52 883.11 600.36 1021.64 599.59
00008515 00000319 603.22 127.75 463.83 635.30 851.41 343.25 1027.21 343.10 1023.97 464.48 883.30 597.37 1023.57 595.64
00008516 00000320 605.67 124.86 462.77 638.34 854.30 340.68 1029.83 339.93 1028.45 463.31 886.32 597.03 1026.07 594.95
00008517 00000321 601.84 116.82 473.41 652.07 861.04 337.23 1034.10 341.44 1030.49 466.94 887.68 587.72 1026.49 589.97
00008518 00000322 606.19 134.51 472.40 633.60 865.33 338.32 1037.95 344.91 1034.79 468.79 892.99 587.85 1029.55 592.42
00008519 00000323 611.43 140.68 468.80 623.86 872.04 339.62 1038.68 347.73 1040.23 468.03 901.23 587.15 1032.79 593.27
00008520 00000324 614.46 145.16 469.23 618.85 875.50 342.63 1041.13 349.26 1046.80 467.56 906.50 588.32 1038.08 593.34
00008521 00000325 616.94 144.22 471.19 621.23 877.54 345.01 1044.73 349.32 1049.16 468.40 909.19 590.61 1041.94 593.53
00008522 00000326 620.24 143.16 469.85 622.85 878.25 346.40 1047.33 352.31 1048.75 468.94 910.00 592.05 1044.53 596.04
00008523 00000327 624.98 144.08 469.05 622.38 882.20 350.08 1053.92 354.96 1053.29 471.92 915.67 595.80 1051.05 598.44
00008524 DELETE   632.75 148.05 469.28 621.43 893.56 351.57 1063.36 354.80 1064.50 472.62 928.50 598.52 1061.38 599.52
00008525 00000329 644.20 163.92 464.11 605.45 906.05 356.40 1068.66 354.73 1077.76 472.88 943.98 599.33 1072.57 596.62
00008526 00000330 654.74 170.08 452.45 601.06 918.92 352.63 1065.95 343.64 1088.63 479.97 952.20 610.65 1064.51 603.04
CROP_BBOX: 270 0 1353 976
