Video ID: 	gOAITZLditc
H: 	1080
W: 	1920
FPS: 	23.976023976023978

FRAME INDEX X0 Y0 W H [Landmarks (5 Points)]

00029898 00000000 444.06 211.40 391.71 557.94 576.58 400.65 736.16 375.40 706.27 452.44 637.87 605.54 772.11 582.08
00029899 DELETE   427.74 207.04 400.34 559.32 562.82 395.75 717.70 364.68 688.55 444.97 626.49 595.91 759.04 567.48
00029900 00000002 417.31 204.63 408.86 561.00 552.40 396.44 711.72 358.61 676.98 443.44 614.32 592.48 756.38 557.41
00029901 00000003 411.62 198.74 407.80 558.54 550.46 391.50 708.19 356.12 673.91 439.26 610.09 586.46 750.11 553.77
00029902 00000004 413.91 191.70 404.09 553.91 538.86 390.89 708.61 350.99 664.41 437.11 602.65 588.68 751.68 553.59
00029903 00000005 412.44 203.44 410.44 555.68 549.36 389.20 708.82 353.99 672.45 438.59 607.06 585.88 748.60 553.24
00029904 00000006 409.07 200.63 414.48 572.03 546.82 391.45 712.00 354.27 672.95 445.35 602.12 592.98 750.72 558.62
00029905 00000007 412.11 197.29 413.20 582.68 549.10 397.97 714.18 361.03 674.69 450.01 602.93 597.55 753.14 563.40
00029906 00000008 422.29 201.16 406.43 578.18 556.83 403.65 724.17 370.25 684.44 457.84 607.49 601.69 760.13 571.02
00029907 DELETE   431.97 206.28 399.83 577.52 567.70 409.08 738.89 380.67 701.27 471.60 613.81 608.88 769.93 582.72
00029908 00000010 435.40 199.60 400.01 590.26 571.76 414.57 746.22 387.49 711.02 474.07 618.25 615.44 778.26 590.16
00029909 00000011 434.48 199.38 400.61 592.43 570.88 419.29 745.66 390.75 710.51 479.12 618.02 620.64 777.60 594.37
00029910 00000012 434.35 206.38 402.72 584.81 572.11 419.19 747.08 391.45 711.22 482.90 620.70 623.78 776.34 598.11
00029911 00000013 444.20 220.44 403.34 577.38 580.13 421.01 755.45 394.77 721.28 487.16 626.98 626.90 785.30 602.39
00029912 00000014 454.86 230.04 396.07 562.95 593.70 423.15 767.28 403.97 732.40 489.52 639.05 628.56 792.12 610.05
00029913 00000015 464.67 222.17 388.72 567.30 606.57 416.24 781.17 405.32 737.87 498.60 657.67 624.08 805.06 613.10
00029914 00000016 471.33 222.47 388.16 564.01 610.42 424.83 785.11 408.12 739.75 506.69 665.27 631.34 808.70 615.34
00029915 00000017 475.01 226.70 388.49 563.43 612.79 427.40 787.94 411.34 741.46 509.46 666.45 634.61 808.95 619.30
00029916 00000018 476.59 216.38 390.16 581.00 615.97 426.79 790.85 413.14 744.53 509.31 667.21 637.37 807.24 624.25
00029917 00000019 477.40 217.97 389.90 577.88 619.13 426.35 793.89 413.36 748.30 511.33 669.43 637.99 807.52 625.55
00029918 00000020 476.08 219.49 390.15 577.04 616.91 426.56 791.27 412.35 746.76 510.28 668.42 637.10 808.04 623.46
00029919 00000021 470.22 220.47 388.44 574.21 608.57 425.80 783.97 411.84 738.71 508.73 660.84 632.64 808.02 618.96
00029920 00000022 459.76 240.90 390.44 555.70 595.35 433.67 770.86 415.40 731.89 500.71 637.66 634.98 793.63 617.04
00029921 00000023 451.88 238.05 393.04 561.71 584.35 432.10 760.51 412.74 718.87 500.62 624.74 634.69 781.99 616.02
00029922 00000024 440.84 228.49 395.50 573.27 573.03 432.07 751.34 411.83 708.33 501.85 610.75 635.22 771.60 616.08
00029923 00000025 432.28 219.81 395.68 585.16 562.53 433.02 739.24 408.52 695.17 499.08 602.70 634.36 763.96 611.46
00029924 00000026 419.05 221.15 404.56 588.96 553.46 431.58 728.51 407.26 684.14 501.53 597.37 633.82 757.47 610.86
00029925 00000027 416.15 229.25 403.97 577.57 548.54 432.21 722.63 408.03 675.52 503.59 594.05 635.05 750.74 612.49
00029926 00000028 414.05 226.24 404.04 582.62 547.42 429.64 723.15 406.61 676.62 504.95 592.94 634.36 751.92 612.52
00029927 00000029 414.84 230.79 406.37 582.98 549.25 428.56 723.78 404.40 681.22 504.04 594.18 634.55 755.65 612.18
00029928 00000030 419.60 222.21 404.87 591.52 559.21 427.10 732.83 404.79 695.13 499.69 599.78 633.52 759.65 612.76
00029929 00000031 426.00 220.53 402.71 590.09 566.63 431.26 741.91 410.88 703.93 501.51 603.53 634.86 766.07 615.84
00029930 00000032 432.89 224.82 402.72 578.26 574.91 435.03 750.93 415.11 712.11 501.63 615.65 637.81 774.05 619.12
00029931 00000033 441.50 234.18 400.11 561.64 585.42 434.75 758.73 417.16 721.21 508.72 627.01 635.65 779.53 618.26
00029932 00000034 450.83 236.57 396.77 565.80 595.49 437.09 769.29 418.62 732.07 513.19 636.09 641.31 788.13 623.48
00029933 00000035 456.02 234.22 395.85 574.08 599.69 442.05 775.49 418.99 739.02 518.01 642.81 648.13 796.68 626.80
00029934 00000036 461.98 235.19 388.75 569.12 598.47 435.89 776.57 420.00 732.17 519.75 652.31 646.64 802.08 631.86
00029935 00000037 463.73 237.23 390.92 565.28 598.88 435.33 776.24 418.70 731.15 516.49 654.60 644.82 803.13 629.17
00029936 00000038 469.21 222.84 391.26 578.05 606.67 433.83 782.77 417.04 736.89 515.06 661.63 642.61 806.46 626.62
00029937 00000039 473.81 218.55 392.72 584.01 615.87 431.30 787.00 415.74 743.34 515.80 671.44 642.44 807.12 627.46
00029938 00000040 476.73 214.84 391.80 586.74 623.02 432.57 788.38 416.20 750.52 513.86 681.45 643.88 808.79 628.16
00029939 00000041 477.20 214.31 391.12 583.88 624.37 433.19 788.90 416.30 752.29 513.18 685.03 644.26 809.17 628.15
00029940 00000042 475.30 212.00 391.58 586.21 621.87 430.61 784.81 413.36 749.56 511.67 683.14 642.34 806.65 626.05
00029941 00000043 473.52 211.29 388.55 581.11 617.37 427.45 782.48 413.02 743.24 506.99 676.08 636.14 802.11 622.42
00029942 00000044 470.72 219.09 383.52 568.84 614.82 421.68 779.74 410.36 738.82 499.55 672.62 629.16 800.30 618.08
00029943 00000045 458.02 233.94 392.84 555.60 609.50 425.25 769.37 408.14 743.83 491.11 660.50 631.48 795.38 614.37
00029944 00000046 450.29 227.75 393.97 565.46 591.63 427.62 757.65 404.72 732.27 484.48 650.32 632.19 792.30 610.51
00029945 00000047 437.49 220.28 400.32 569.73 576.67 427.81 741.36 395.86 716.72 483.17 639.09 630.84 780.67 601.73
00029946 00000048 426.20 212.16 406.82 578.55 570.21 422.85 729.91 389.81 709.61 478.10 632.64 624.33 772.09 594.48
00029947 00000049 420.98 204.45 408.27 577.47 567.39 420.19 727.36 389.28 703.39 474.61 628.98 618.24 767.34 589.76
00029948 00000050 417.73 200.53 410.82 578.39 565.29 420.20 726.09 387.30 699.47 473.27 626.42 615.57 767.10 584.92
00029949 00000051 416.38 205.29 412.12 570.23 562.61 420.76 722.93 386.80 695.27 472.28 624.79 615.34 765.50 583.76
00029950 00000052 417.06 207.61 410.04 569.28 558.64 421.36 720.72 383.58 691.86 472.93 623.79 617.50 766.61 582.72
00029951 00000053 415.88 205.22 410.50 575.86 556.14 420.12 721.66 382.94 687.35 474.28 618.50 620.52 762.52 586.19
00029952 00000054 417.96 197.61 406.71 574.94 559.61 418.81 727.34 385.88 691.52 474.94 620.91 620.55 761.75 589.78
00029953 00000055 417.65 195.48 409.50 582.71 564.30 421.68 734.74 391.91 699.82 478.88 620.88 621.00 767.03 592.70
00029954 00000056 429.92 215.07 401.57 565.90 571.56 417.92 743.32 393.31 710.53 482.62 622.82 621.30 771.66 598.03
00029955 00000057 435.74 220.06 401.04 558.54 577.33 420.40 747.07 393.78 719.38 483.79 630.95 622.15 779.00 597.24
00029956 00000058 442.01 223.87 401.74 553.71 590.14 421.86 755.87 395.82 732.67 483.76 645.40 622.87 788.12 598.09
00029957 00000059 448.37 226.96 402.39 556.02 599.23 421.11 762.71 396.01 741.92 483.06 652.52 623.65 795.57 600.02
00029958 00000060 452.35 219.95 402.64 568.33 607.48 418.41 771.57 396.91 748.27 484.27 652.49 621.18 801.46 601.19
00029959 00000061 463.55 212.56 400.01 571.76 617.86 410.07 785.93 393.04 751.74 488.20 669.51 614.80 812.75 598.31
00029960 00000062 469.33 216.30 400.68 567.00 628.79 411.46 797.06 399.12 761.44 489.03 675.65 616.70 817.08 603.79
00029961 00000063 475.24 213.59 399.75 565.49 636.20 412.00 806.03 401.99 768.97 492.57 681.35 618.52 820.66 607.24
00029962 00000064 480.38 215.29 395.80 562.27 640.01 414.27 807.47 403.83 772.72 493.08 684.93 619.63 821.52 608.25
00029963 00000065 481.11 225.17 395.32 564.74 634.26 414.47 800.88 400.81 768.33 493.61 680.76 623.30 820.58 609.68
00029964 00000066 473.65 228.96 398.07 564.82 624.20 416.73 792.17 398.79 759.67 494.27 676.77 626.80 818.14 609.70
00029965 00000067 470.01 215.75 399.68 575.71 618.03 414.81 784.67 396.11 752.38 490.08 670.68 621.71 814.19 603.87
00029966 00000068 467.58 221.62 400.21 564.36 615.85 408.08 782.97 388.85 749.27 485.38 671.92 618.48 811.57 600.00
00029967 00000069 466.60 218.17 402.36 564.10 618.55 404.16 784.36 387.48 750.36 480.43 672.92 613.81 810.44 597.55
00029968 00000070 471.19 216.68 401.36 560.59 625.10 401.93 788.56 388.27 753.54 476.43 677.90 610.28 811.04 596.44
00029969 00000071 468.80 210.17 404.93 567.16 627.55 403.49 789.82 390.22 758.03 475.94 682.60 611.20 814.25 597.43
00029970 00000072 468.98 217.32 402.01 560.05 626.20 404.41 787.04 390.64 755.84 478.46 681.71 611.63 811.64 597.82
00029971 00000073 462.94 215.09 400.60 555.01 621.43 407.16 782.66 391.40 752.46 482.29 681.79 614.33 807.57 598.93
00029972 00000074 460.14 216.90 394.40 554.86 614.67 407.26 776.01 392.04 747.23 480.02 679.23 616.61 804.85 601.96
00029973 00000075 456.84 222.29 394.94 555.81 608.97 418.19 767.54 398.00 747.60 477.01 661.28 621.13 798.26 602.39
00029974 00000076 456.17 215.63 394.77 561.28 608.91 414.68 766.12 395.87 744.47 474.27 662.04 618.09 797.18 600.21
00029975 00000077 454.08 214.72 398.02 568.67 608.50 411.00 765.82 394.34 747.89 467.68 662.86 617.55 799.31 601.37
00029976 00000078 459.63 213.99 392.64 570.19 609.46 398.48 771.74 384.68 745.51 474.49 669.52 612.51 804.77 598.88
00029977 00000079 458.33 205.22 395.47 577.99 610.78 401.01 775.06 386.45 747.00 474.44 667.86 610.02 807.16 595.63
00029978 00000080 457.17 210.69 396.80 567.94 612.92 400.48 776.64 386.38 747.00 475.29 669.64 607.02 806.89 593.09
00029979 00000081 451.81 211.14 399.11 568.93 604.13 413.11 770.13 395.10 748.11 470.69 651.39 613.62 801.14 596.00
00029980 00000082 449.84 224.73 397.57 553.06 591.87 417.52 762.38 393.99 732.99 476.86 644.29 616.41 796.55 593.26
00029981 00000083 443.98 220.65 398.90 558.76 581.28 417.31 754.95 393.20 725.65 473.41 635.44 617.71 789.44 593.99
00029982 00000084 446.55 221.69 399.69 559.94 585.60 411.23 758.12 387.47 727.61 468.84 637.98 613.82 793.29 590.43
00029983 DELETE   451.90 219.62 399.86 554.74 596.79 397.83 763.46 379.03 735.84 453.55 645.85 599.87 799.07 580.69
00029984 DELETE   461.05 197.83 397.61 550.26 605.70 386.10 780.50 368.04 743.84 451.62 663.85 590.15 810.87 573.89
00029985 00000087 464.13 188.06 399.14 552.50 607.77 380.71 781.21 361.92 743.41 441.04 668.02 584.41 812.35 567.43
00029986 DELETE   460.84 200.84 398.81 532.56 604.43 378.11 778.87 358.62 742.57 437.93 666.14 576.70 811.42 559.59
00029987 DELETE   455.75 201.22 390.67 531.25 589.34 377.62 765.84 357.09 724.47 439.06 650.37 578.61 798.74 561.37
00029988 00000090 443.13 203.09 394.83 553.49 574.15 389.31 743.17 362.51 704.83 442.10 629.42 590.56 779.14 564.82
00029989 DELETE   433.77 203.18 401.77 576.44 565.58 401.60 732.62 365.67 701.70 457.82 628.15 609.49 775.59 576.56
00029990 DELETE   422.11 207.38 414.93 582.84 558.42 415.50 722.53 366.77 694.25 471.24 627.25 622.16 773.44 578.84
00029991 DELETE   412.96 212.42 418.65 589.07 545.86 430.61 712.60 374.15 684.76 484.13 620.83 640.63 769.25 591.00
00029992 00000094 405.38 223.60 420.84 583.72 535.98 442.68 702.40 384.41 674.52 500.47 619.21 651.51 766.01 599.85
00029993 00000095 400.19 229.44 421.30 581.77 532.60 448.56 698.37 399.54 665.50 513.36 613.31 656.54 757.78 612.56
00029994 00000096 400.44 230.91 416.77 587.32 529.52 449.31 699.97 407.42 661.38 520.45 601.36 659.05 753.05 621.20
00029995 00000097 398.74 229.34 413.70 595.36 529.52 446.18 701.13 412.81 660.43 530.92 593.74 661.05 746.43 630.61
00029996 00000098 392.51 233.99 413.47 593.12 528.55 447.83 704.50 420.70 661.45 535.65 586.75 661.86 742.12 637.21
00029997 00000099 392.78 243.05 408.52 588.25 523.23 451.14 698.24 423.31 654.88 536.91 583.75 665.93 739.04 640.68
00029998 00000100 393.67 244.98 403.85 588.89 513.54 454.75 691.96 419.32 650.29 541.82 581.15 673.60 739.81 642.18
00029999 00000101 382.81 252.92 413.17 597.64 511.07 458.78 694.17 423.31 643.45 550.98 572.84 676.64 732.05 642.66
00030000 00000102 385.02 243.17 404.68 601.02 508.17 459.34 686.76 424.10 645.96 545.39 575.07 680.45 735.25 649.50
00030001 00000103 385.37 242.25 404.51 598.83 507.71 459.48 686.64 421.59 646.08 542.79 576.60 678.51 736.62 645.40
00030002 00000104 386.26 234.35 404.35 602.89 507.79 457.44 684.36 418.97 645.46 540.23 576.29 673.54 738.04 639.71
00030003 00000105 387.44 238.38 402.54 592.09 506.81 452.15 683.69 416.30 643.24 533.31 575.00 667.35 737.39 635.77
00030004 00000106 386.72 239.38 402.13 586.91 509.66 447.36 687.72 416.09 645.37 531.24 572.77 660.95 737.03 633.30
00030005 00000107 388.60 235.07 402.56 584.86 511.54 443.54 689.76 411.18 646.96 524.87 575.71 656.33 739.28 627.43
00030006 00000108 388.62 233.01 401.77 579.85 511.64 441.79 688.70 406.85 647.34 517.66 579.84 653.16 740.54 621.94
00030007 00000109 387.68 222.85 400.00 590.79 512.55 441.02 684.04 402.94 648.96 511.45 584.78 652.34 740.80 618.31
00030008 00000110 386.95 225.48 399.05 582.54 514.03 437.64 682.70 398.07 650.66 504.97 590.72 648.96 740.37 613.55
00030009 00000111 374.91 219.65 407.22 589.27 505.58 448.76 677.21 399.41 655.07 499.77 576.69 650.06 731.67 606.17
00030010 DELETE   365.23 217.88 412.73 584.53 494.08 446.42 667.68 391.17 642.78 496.56 562.48 645.84 722.93 597.05
00030011 00000113 360.47 213.89 414.76 578.44 489.76 439.05 662.33 388.31 632.74 494.99 549.71 633.96 709.47 588.64
00030012 00000114 358.03 211.33 415.14 576.99 487.15 429.98 659.62 383.45 624.36 488.63 544.58 624.92 705.04 582.97
00030013 DELETE   361.38 215.39 412.26 570.14 488.94 422.96 661.89 377.43 625.98 479.46 546.42 620.36 706.45 579.22
00030014 00000116 368.22 213.42 411.37 571.07 497.25 417.81 668.34 371.54 635.04 472.90 554.37 613.83 715.44 572.44
00030015 DELETE   371.38 212.14 415.00 563.29 503.01 412.58 676.20 364.89 649.00 462.58 564.10 606.49 728.69 563.75
00030016 DELETE   380.34 202.28 413.03 560.56 521.83 396.84 687.14 351.32 655.86 454.02 590.95 599.23 739.72 557.74
CROP_BBOX: 154 0 1218 1002
